# 2C
# Wave    1cT2cR2xT
7.000	0.0002
7.001	0.0002
7.002	0.0002
7.003	0.0002
7.004	0.0002
7.005	0.0002
7.006	0.0002
7.007	0.0002
7.008	0.0002
7.009	0.0002
7.010	0.0002
7.011	0.0002
7.012	0.0002
7.013	0.0002
7.014	0.0002
7.015	0.0002
7.016	0.0002
7.017	0.0001
7.018	0.0001
7.019	0.0001
7.020	0.0001
7.021	0.0001
7.022	0.0001
7.023	0.0001
7.024	0.0001
7.025	0.0001
7.026	0.0001
7.027	0.0001
7.028	0.0001
7.029	0.0001
7.030	0.0001
7.031	0.0001
7.032	0.0002
7.033	0.0002
7.034	0.0002
7.035	0.0002
7.036	0.0002
7.037	0.0002
7.038	0.0002
7.039	0.0002
7.040	0.0002
7.041	0.0003
7.042	0.0003
7.043	0.0003
7.044	0.0003
7.045	0.0003
7.046	0.0003
7.047	0.0003
7.048	0.0003
7.049	0.0003
7.050	0.0003
7.051	0.0003
7.052	0.0004
7.053	0.0004
7.054	0.0003
7.055	0.0003
7.056	0.0003
7.057	0.0003
7.058	0.0003
7.059	0.0003
7.060	0.0003
7.061	0.0003
7.062	0.0003
7.063	0.0003
7.064	0.0003
7.065	0.0003
7.066	0.0002
7.067	0.0002
7.068	0.0002
7.069	0.0002
7.070	0.0002
7.071	0.0002
7.072	0.0002
7.073	0.0002
7.074	0.0002
7.075	0.0002
7.076	0.0002
7.077	0.0002
7.078	0.0002
7.079	0.0002
7.080	0.0002
7.081	0.0002
7.082	0.0002
7.083	0.0002
7.084	0.0002
7.085	0.0002
7.086	0.0002
7.087	0.0002
7.088	0.0002
7.089	0.0002
7.090	0.0002
7.091	0.0002
7.092	0.0002
7.093	0.0002
7.094	0.0002
7.095	0.0002
7.096	0.0002
7.097	0.0002
7.098	0.0002
7.099	0.0001
7.100	0.0001
7.101	0.0001
7.102	0.0001
7.103	0.0001
7.104	0.0001
7.105	0.0001
7.106	0.0001
7.107	0.0001
7.108	0.0001
7.109	0.0001
7.110	0.0001
7.111	0.0001
7.112	0.0001
7.113	0.0001
7.114	0.0001
7.115	0.0001
7.116	0.0001
7.117	0.0001
7.118	0.0001
7.119	0.0001
7.120	0.0001
7.121	0.0001
7.122	0.0001
7.123	0.0002
7.124	0.0002
7.125	0.0002
7.126	0.0002
7.127	0.0002
7.128	0.0002
7.129	0.0002
7.130	0.0002
7.131	0.0002
7.132	0.0002
7.133	0.0002
7.134	0.0002
7.135	0.0002
7.136	0.0002
7.137	0.0002
7.138	0.0002
7.139	0.0002
7.140	0.0002
7.141	0.0002
7.142	0.0002
7.143	0.0002
7.144	0.0002
7.145	0.0002
7.146	0.0002
7.147	0.0002
7.148	0.0002
7.149	0.0002
7.150	0.0003
7.151	0.0003
7.152	0.0003
7.153	0.0003
7.154	0.0003
7.155	0.0003
7.156	0.0003
7.157	0.0003
7.158	0.0003
7.159	0.0003
7.160	0.0003
7.161	0.0003
7.162	0.0003
7.163	0.0003
7.164	0.0003
7.165	0.0003
7.166	0.0003
7.167	0.0003
7.168	0.0003
7.169	0.0003
7.170	0.0003
7.171	0.0003
7.172	0.0003
7.173	0.0003
7.174	0.0003
7.175	0.0003
7.176	0.0003
7.177	0.0003
7.178	0.0003
7.179	0.0003
7.180	0.0003
7.181	0.0003
7.182	0.0003
7.183	0.0003
7.184	0.0002
7.185	0.0002
7.186	0.0002
7.187	0.0002
7.188	0.0002
7.189	0.0002
7.190	0.0002
7.191	0.0002
7.192	0.0002
7.193	0.0002
7.194	0.0002
7.195	0.0002
7.196	0.0002
7.197	0.0002
7.198	0.0002
7.199	0.0002
7.200	0.0001
7.201	0.0001
7.202	0.0001
7.203	0.0001
7.204	0.0001
7.205	0.0001
7.206	0.0001
7.207	0.0001
7.208	0.0001
7.209	0.0001
7.210	0.0001
7.211	0.0001
7.212	0.0002
7.213	0.0002
7.214	0.0002
7.215	0.0002
7.216	0.0002
7.217	0.0002
7.218	0.0002
7.219	0.0002
7.220	0.0002
7.221	0.0002
7.222	0.0002
7.223	0.0002
7.224	0.0002
7.225	0.0002
7.226	0.0002
7.227	0.0002
7.228	0.0002
7.229	0.0002
7.230	0.0002
7.231	0.0002
7.232	0.0002
7.233	0.0002
7.234	0.0002
7.235	0.0002
7.236	0.0002
7.237	0.0002
7.238	0.0002
7.239	0.0002
7.240	0.0002
7.241	0.0002
7.242	0.0002
7.243	0.0002
7.244	0.0002
7.245	0.0002
7.246	0.0002
7.247	0.0002
7.248	0.0002
7.249	0.0002
7.250	0.0002
7.251	0.0002
7.252	0.0002
7.253	0.0002
7.254	0.0002
7.255	0.0002
7.256	0.0002
7.257	0.0002
7.258	0.0002
7.259	0.0003
7.260	0.0003
7.261	0.0003
7.262	0.0003
7.263	0.0003
7.264	0.0003
7.265	0.0003
7.266	0.0003
7.267	0.0003
7.268	0.0003
7.269	0.0003
7.270	0.0003
7.271	0.0003
7.272	0.0003
7.273	0.0003
7.274	0.0003
7.275	0.0003
7.276	0.0003
7.277	0.0003
7.278	0.0003
7.279	0.0003
7.280	0.0003
7.281	0.0003
7.282	0.0003
7.283	0.0003
7.284	0.0003
7.285	0.0003
7.286	0.0003
7.287	0.0003
7.288	0.0003
7.289	0.0003
7.290	0.0003
7.291	0.0003
7.292	0.0003
7.293	0.0003
7.294	0.0003
7.295	0.0003
7.296	0.0003
7.297	0.0003
7.298	0.0003
7.299	0.0003
7.300	0.0003
7.301	0.0003
7.302	0.0003
7.303	0.0003
7.304	0.0002
7.305	0.0002
7.306	0.0002
7.307	0.0002
7.308	0.0002
7.309	0.0002
7.310	0.0002
7.311	0.0002
7.312	0.0002
7.313	0.0002
7.314	0.0002
7.315	0.0002
7.316	0.0002
7.317	0.0002
7.318	0.0002
7.319	0.0002
7.320	0.0002
7.321	0.0002
7.322	0.0002
7.323	0.0002
7.324	0.0003
7.325	0.0003
7.326	0.0003
7.327	0.0003
7.328	0.0003
7.329	0.0003
7.330	0.0004
7.331	0.0004
7.332	0.0004
7.333	0.0004
7.334	0.0004
7.335	0.0004
7.336	0.0004
7.337	0.0004
7.338	0.0004
7.339	0.0004
7.340	0.0004
7.341	0.0004
7.342	0.0004
7.343	0.0004
7.344	0.0004
7.345	0.0004
7.346	0.0004
7.347	0.0003
7.348	0.0003
7.349	0.0003
7.350	0.0003
7.351	0.0003
7.352	0.0003
7.353	0.0003
7.354	0.0002
7.355	0.0002
7.356	0.0002
7.357	0.0002
7.358	0.0002
7.359	0.0002
7.360	0.0002
7.361	0.0002
7.362	0.0002
7.363	0.0002
7.364	0.0002
7.365	0.0002
7.366	0.0002
7.367	0.0002
7.368	0.0002
7.369	0.0002
7.370	0.0002
7.371	0.0002
7.372	0.0002
7.373	0.0002
7.374	0.0002
7.375	0.0002
7.376	0.0002
7.377	0.0002
7.378	0.0002
7.379	0.0002
7.380	0.0002
7.381	0.0002
7.382	0.0002
7.383	0.0002
7.384	0.0002
7.385	0.0002
7.386	0.0002
7.387	0.0003
7.388	0.0003
7.389	0.0003
7.390	0.0003
7.391	0.0003
7.392	0.0003
7.393	0.0003
7.394	0.0003
7.395	0.0003
7.396	0.0003
7.397	0.0004
7.398	0.0004
7.399	0.0004
7.400	0.0004
7.401	0.0004
7.402	0.0004
7.403	0.0004
7.404	0.0004
7.405	0.0004
7.406	0.0004
7.407	0.0004
7.408	0.0004
7.409	0.0004
7.410	0.0004
7.411	0.0004
7.412	0.0004
7.413	0.0004
7.414	0.0004
7.415	0.0004
7.416	0.0004
7.417	0.0004
7.418	0.0004
7.419	0.0004
7.420	0.0004
7.421	0.0004
7.422	0.0004
7.423	0.0004
7.424	0.0004
7.425	0.0004
7.426	0.0004
7.427	0.0004
7.428	0.0004
7.429	0.0004
7.430	0.0004
7.431	0.0004
7.432	0.0004
7.433	0.0004
7.434	0.0004
7.435	0.0004
7.436	0.0004
7.437	0.0004
7.438	0.0004
7.439	0.0004
7.440	0.0004
7.441	0.0004
7.442	0.0004
7.443	0.0004
7.444	0.0004
7.445	0.0004
7.446	0.0004
7.447	0.0003
7.448	0.0003
7.449	0.0003
7.450	0.0003
7.451	0.0003
7.452	0.0003
7.453	0.0003
7.454	0.0003
7.455	0.0003
7.456	0.0003
7.457	0.0003
7.458	0.0003
7.459	0.0003
7.460	0.0003
7.461	0.0003
7.462	0.0003
7.463	0.0003
7.464	0.0003
7.465	0.0003
7.466	0.0003
7.467	0.0003
7.468	0.0003
7.469	0.0003
7.470	0.0003
7.471	0.0003
7.472	0.0003
7.473	0.0003
7.474	0.0003
7.475	0.0003
7.476	0.0002
7.477	0.0002
7.478	0.0002
7.479	0.0002
7.480	0.0002
7.481	0.0002
7.482	0.0002
7.483	0.0002
7.484	0.0002
7.485	0.0002
7.486	0.0002
7.487	0.0002
7.488	0.0002
7.489	0.0003
7.490	0.0003
7.491	0.0003
7.492	0.0003
7.493	0.0003
7.494	0.0003
7.495	0.0003
7.496	0.0003
7.497	0.0003
7.498	0.0003
7.499	0.0003
7.500	0.0003
7.501	0.0003
7.502	0.0003
7.503	0.0003
7.504	0.0003
7.505	0.0003
7.506	0.0003
7.507	0.0003
7.508	0.0003
7.509	0.0003
7.510	0.0003
7.511	0.0003
7.512	0.0003
7.513	0.0003
7.514	0.0003
7.515	0.0003
7.516	0.0003
7.517	0.0003
7.518	0.0003
7.519	0.0003
7.520	0.0003
7.521	0.0003
7.522	0.0003
7.523	0.0003
7.524	0.0003
7.525	0.0003
7.526	0.0003
7.527	0.0003
7.528	0.0003
7.529	0.0003
7.530	0.0003
7.531	0.0002
7.532	0.0002
7.533	0.0002
7.534	0.0002
7.535	0.0002
7.536	0.0002
7.537	0.0002
7.538	0.0002
7.539	0.0002
7.540	0.0002
7.541	0.0002
7.542	0.0002
7.543	0.0002
7.544	0.0002
7.545	0.0002
7.546	0.0001
7.547	0.0001
7.548	0.0001
7.549	0.0001
7.550	0.0001
7.551	0.0001
7.552	0.0001
7.553	0.0001
7.554	0.0001
7.555	0.0001
7.556	0.0001
7.557	0.0001
7.558	0.0001
7.559	0.0001
7.560	0.0001
7.561	0.0001
7.562	0.0001
7.563	0.0001
7.564	0.0001
7.565	0.0001
7.566	0.0001
7.567	0.0001
7.568	0.0001
7.569	0.0001
7.570	0.0001
7.571	0.0001
7.572	0.0001
7.573	0.0001
7.574	0.0001
7.575	0.0001
7.576	0.0001
7.577	0.0001
7.578	0.0002
7.579	0.0002
7.580	0.0002
7.581	0.0002
7.582	0.0002
7.583	0.0002
7.584	0.0002
7.585	0.0002
7.586	0.0002
7.587	0.0002
7.588	0.0002
7.589	0.0002
7.590	0.0003
7.591	0.0003
7.592	0.0003
7.593	0.0003
7.594	0.0003
7.595	0.0003
7.596	0.0003
7.597	0.0003
7.598	0.0003
7.599	0.0003
7.600	0.0003
7.601	0.0003
7.602	0.0003
7.603	0.0003
7.604	0.0003
7.605	0.0003
7.606	0.0003
7.607	0.0003
7.608	0.0003
7.609	0.0003
7.610	0.0003
7.611	0.0003
7.612	0.0003
7.613	0.0003
7.614	0.0003
7.615	0.0003
7.616	0.0003
7.617	0.0003
7.618	0.0003
7.619	0.0003
7.620	0.0003
7.621	0.0003
7.622	0.0003
7.623	0.0003
7.624	0.0003
7.625	0.0003
7.626	0.0003
7.627	0.0003
7.628	0.0003
7.629	0.0003
7.630	0.0003
7.631	0.0003
7.632	0.0003
7.633	0.0003
7.634	0.0003
7.635	0.0003
7.636	0.0003
7.637	0.0003
7.638	0.0003
7.639	0.0003
7.640	0.0003
7.641	0.0003
7.642	0.0003
7.643	0.0003
7.644	0.0003
7.645	0.0003
7.646	0.0003
7.647	0.0003
7.648	0.0003
7.649	0.0003
7.650	0.0003
7.651	0.0003
7.652	0.0003
7.653	0.0003
7.654	0.0003
7.655	0.0003
7.656	0.0003
7.657	0.0003
7.658	0.0003
7.659	0.0003
7.660	0.0003
7.661	0.0003
7.662	0.0003
7.663	0.0003
7.664	0.0003
7.665	0.0003
7.666	0.0003
7.667	0.0003
7.668	0.0003
7.669	0.0003
7.670	0.0003
7.671	0.0003
7.672	0.0003
7.673	0.0002
7.674	0.0002
7.675	0.0002
7.676	0.0002
7.677	0.0002
7.678	0.0002
7.679	0.0002
7.680	0.0002
7.681	0.0002
7.682	0.0002
7.683	0.0002
7.684	0.0002
7.685	0.0002
7.686	0.0002
7.687	0.0002
7.688	0.0002
7.689	0.0002
7.690	0.0002
7.691	0.0002
7.692	0.0002
7.693	0.0002
7.694	0.0002
7.695	0.0002
7.696	0.0002
7.697	0.0002
7.698	0.0002
7.699	0.0002
7.700	0.0003
7.701	0.0003
7.702	0.0003
7.703	0.0003
7.704	0.0003
7.705	0.0003
7.706	0.0003
7.707	0.0003
7.708	0.0003
7.709	0.0002
7.710	0.0002
7.711	0.0002
7.712	0.0002
7.713	0.0002
7.714	0.0002
7.715	0.0002
7.716	0.0002
7.717	0.0002
7.718	0.0002
7.719	0.0002
7.720	0.0002
7.721	0.0002
7.722	0.0002
7.723	0.0002
7.724	0.0002
7.725	0.0002
7.726	0.0002
7.727	0.0002
7.728	0.0002
7.729	0.0002
7.730	0.0002
7.731	0.0002
7.732	0.0002
7.733	0.0002
7.734	0.0002
7.735	0.0002
7.736	0.0002
7.737	0.0002
7.738	0.0002
7.739	0.0002
7.740	0.0002
7.741	0.0002
7.742	0.0002
7.743	0.0002
7.744	0.0002
7.745	0.0002
7.746	0.0002
7.747	0.0002
7.748	0.0002
7.749	0.0002
7.750	0.0002
7.751	0.0002
7.752	0.0002
7.753	0.0002
7.754	0.0002
7.755	0.0003
7.756	0.0003
7.757	0.0003
7.758	0.0003
7.759	0.0003
7.760	0.0003
7.761	0.0003
7.762	0.0003
7.763	0.0003
7.764	0.0003
7.765	0.0003
7.766	0.0003
7.767	0.0003
7.768	0.0003
7.769	0.0003
7.770	0.0003
7.771	0.0003
7.772	0.0003
7.773	0.0003
7.774	0.0003
7.775	0.0003
7.776	0.0003
7.777	0.0002
7.778	0.0002
7.779	0.0002
7.780	0.0002
7.781	0.0002
7.782	0.0002
7.783	0.0002
7.784	0.0002
7.785	0.0002
7.786	0.0002
7.787	0.0002
7.788	0.0002
7.789	0.0002
7.790	0.0002
7.791	0.0002
7.792	0.0002
7.793	0.0002
7.794	0.0002
7.795	0.0002
7.796	0.0002
7.797	0.0002
7.798	0.0002
7.799	0.0002
7.800	0.0002
7.801	0.0002
7.802	0.0002
7.803	0.0002
7.804	0.0002
7.805	0.0002
7.806	0.0003
7.807	0.0003
7.808	0.0003
7.809	0.0003
7.810	0.0003
7.811	0.0003
7.812	0.0003
7.813	0.0003
7.814	0.0003
7.815	0.0003
7.816	0.0003
7.817	0.0003
7.818	0.0003
7.819	0.0003
7.820	0.0003
7.821	0.0003
7.822	0.0003
7.823	0.0003
7.824	0.0003
7.825	0.0003
7.826	0.0003
7.827	0.0003
7.828	0.0003
7.829	0.0003
7.830	0.0003
7.831	0.0003
7.832	0.0003
7.833	0.0003
7.834	0.0003
7.835	0.0003
7.836	0.0003
7.837	0.0003
7.838	0.0003
7.839	0.0003
7.840	0.0003
7.841	0.0003
7.842	0.0003
7.843	0.0003
7.844	0.0003
7.845	0.0003
7.846	0.0003
7.847	0.0003
7.848	0.0003
7.849	0.0003
7.850	0.0003
7.851	0.0003
7.852	0.0003
7.853	0.0003
7.854	0.0003
7.855	0.0003
7.856	0.0003
7.857	0.0004
7.858	0.0004
7.859	0.0004
7.860	0.0004
7.861	0.0004
7.862	0.0004
7.863	0.0004
7.864	0.0004
7.865	0.0004
7.866	0.0004
7.867	0.0004
7.868	0.0004
7.869	0.0004
7.870	0.0004
7.871	0.0004
7.872	0.0004
7.873	0.0004
7.874	0.0004
7.875	0.0004
7.876	0.0004
7.877	0.0004
7.878	0.0004
7.879	0.0004
7.880	0.0003
7.881	0.0003
7.882	0.0003
7.883	0.0003
7.884	0.0003
7.885	0.0003
7.886	0.0003
7.887	0.0003
7.888	0.0003
7.889	0.0003
7.890	0.0003
7.891	0.0003
7.892	0.0003
7.893	0.0003
7.894	0.0003
7.895	0.0002
7.896	0.0002
7.897	0.0002
7.898	0.0003
7.899	0.0003
7.900	0.0003
7.901	0.0003
7.902	0.0003
7.903	0.0003
7.904	0.0003
7.905	0.0003
7.906	0.0003
7.907	0.0003
7.908	0.0003
7.909	0.0003
7.910	0.0003
7.911	0.0003
7.912	0.0004
7.913	0.0004
7.914	0.0004
7.915	0.0004
7.916	0.0004
7.917	0.0004
7.918	0.0004
7.919	0.0004
7.920	0.0004
7.921	0.0004
7.922	0.0005
7.923	0.0005
7.924	0.0005
7.925	0.0005
7.926	0.0005
7.927	0.0005
7.928	0.0005
7.929	0.0005
7.930	0.0005
7.931	0.0005
7.932	0.0005
7.933	0.0005
7.934	0.0005
7.935	0.0005
7.936	0.0005
7.937	0.0005
7.938	0.0005
7.939	0.0005
7.940	0.0005
7.941	0.0005
7.942	0.0005
7.943	0.0005
7.944	0.0004
7.945	0.0004
7.946	0.0004
7.947	0.0004
7.948	0.0004
7.949	0.0004
7.950	0.0004
7.951	0.0004
7.952	0.0004
7.953	0.0004
7.954	0.0004
7.955	0.0004
7.956	0.0004
7.957	0.0004
7.958	0.0004
7.959	0.0004
7.960	0.0004
7.961	0.0004
7.962	0.0004
7.963	0.0005
7.964	0.0005
7.965	0.0005
7.966	0.0005
7.967	0.0005
7.968	0.0005
7.969	0.0005
7.970	0.0005
7.971	0.0005
7.972	0.0005
7.973	0.0005
7.974	0.0005
7.975	0.0005
7.976	0.0005
7.977	0.0006
7.978	0.0006
7.979	0.0006
7.980	0.0006
7.981	0.0006
7.982	0.0006
7.983	0.0006
7.984	0.0006
7.985	0.0006
7.986	0.0006
7.987	0.0006
7.988	0.0006
7.989	0.0006
7.990	0.0006
7.991	0.0006
7.992	0.0006
7.993	0.0006
7.994	0.0006
7.995	0.0006
7.996	0.0006
7.997	0.0006
7.998	0.0006
7.999	0.0006
8.000	0.0006
8.001	0.0006
8.002	0.0006
8.003	0.0006
8.004	0.0006
8.005	0.0006
8.006	0.0006
8.007	0.0006
8.008	0.0006
8.009	0.0006
8.010	0.0006
8.011	0.0006
8.012	0.0006
8.013	0.0006
8.014	0.0006
8.015	0.0006
8.016	0.0006
8.017	0.0006
8.018	0.0006
8.019	0.0006
8.020	0.0006
8.021	0.0006
8.022	0.0006
8.023	0.0006
8.024	0.0006
8.025	0.0006
8.026	0.0006
8.027	0.0006
8.028	0.0006
8.029	0.0006
8.030	0.0006
8.031	0.0006
8.032	0.0006
8.033	0.0007
8.034	0.0007
8.035	0.0007
8.036	0.0007
8.037	0.0007
8.038	0.0007
8.039	0.0007
8.040	0.0007
8.041	0.0008
8.042	0.0008
8.043	0.0008
8.044	0.0008
8.045	0.0008
8.046	0.0008
8.047	0.0009
8.048	0.0009
8.049	0.0009
8.050	0.0009
8.051	0.0009
8.052	0.0009
8.053	0.0009
8.054	0.0009
8.055	0.0010
8.056	0.0010
8.057	0.0010
8.058	0.0010
8.059	0.0010
8.060	0.0010
8.061	0.0010
8.062	0.0010
8.063	0.0010
8.064	0.0010
8.065	0.0010
8.066	0.0011
8.067	0.0011
8.068	0.0011
8.069	0.0011
8.070	0.0011
8.071	0.0011
8.072	0.0011
8.073	0.0011
8.074	0.0011
8.075	0.0011
8.076	0.0011
8.077	0.0011
8.078	0.0011
8.079	0.0011
8.080	0.0011
8.081	0.0011
8.082	0.0011
8.083	0.0011
8.084	0.0011
8.085	0.0012
8.086	0.0012
8.087	0.0012
8.088	0.0012
8.089	0.0012
8.090	0.0012
8.091	0.0012
8.092	0.0012
8.093	0.0012
8.094	0.0012
8.095	0.0012
8.096	0.0013
8.097	0.0013
8.098	0.0013
8.099	0.0013
8.100	0.0013
8.101	0.0013
8.102	0.0014
8.103	0.0014
8.104	0.0014
8.105	0.0014
8.106	0.0014
8.107	0.0014
8.108	0.0015
8.109	0.0015
8.110	0.0015
8.111	0.0015
8.112	0.0015
8.113	0.0016
8.114	0.0016
8.115	0.0016
8.116	0.0016
8.117	0.0016
8.118	0.0016
8.119	0.0017
8.120	0.0017
8.121	0.0017
8.122	0.0017
8.123	0.0017
8.124	0.0017
8.125	0.0017
8.126	0.0018
8.127	0.0018
8.128	0.0018
8.129	0.0018
8.130	0.0018
8.131	0.0018
8.132	0.0018
8.133	0.0019
8.134	0.0019
8.135	0.0019
8.136	0.0019
8.137	0.0019
8.138	0.0019
8.139	0.0019
8.140	0.0020
8.141	0.0020
8.142	0.0020
8.143	0.0020
8.144	0.0020
8.145	0.0021
8.146	0.0021
8.147	0.0021
8.148	0.0021
8.149	0.0021
8.150	0.0021
8.151	0.0022
8.152	0.0022
8.153	0.0022
8.154	0.0022
8.155	0.0023
8.156	0.0023
8.157	0.0023
8.158	0.0023
8.159	0.0023
8.160	0.0024
8.161	0.0024
8.162	0.0024
8.163	0.0024
8.164	0.0025
8.165	0.0025
8.166	0.0025
8.167	0.0025
8.168	0.0025
8.169	0.0026
8.170	0.0026
8.171	0.0026
8.172	0.0026
8.173	0.0027
8.174	0.0027
8.175	0.0027
8.176	0.0027
8.177	0.0028
8.178	0.0028
8.179	0.0028
8.180	0.0028
8.181	0.0029
8.182	0.0029
8.183	0.0029
8.184	0.0030
8.185	0.0030
8.186	0.0030
8.187	0.0030
8.188	0.0031
8.189	0.0031
8.190	0.0031
8.191	0.0032
8.192	0.0032
8.193	0.0032
8.194	0.0033
8.195	0.0033
8.196	0.0033
8.197	0.0033
8.198	0.0034
8.199	0.0034
8.200	0.0034
8.201	0.0035
8.202	0.0035
8.203	0.0035
8.204	0.0036
8.205	0.0036
8.206	0.0036
8.207	0.0036
8.208	0.0037
8.209	0.0037
8.210	0.0037
8.211	0.0038
8.212	0.0038
8.213	0.0038
8.214	0.0039
8.215	0.0039
8.216	0.0039
8.217	0.0040
8.218	0.0040
8.219	0.0040
8.220	0.0041
8.221	0.0041
8.222	0.0041
8.223	0.0042
8.224	0.0042
8.225	0.0043
8.226	0.0043
8.227	0.0044
8.228	0.0044
8.229	0.0045
8.230	0.0045
8.231	0.0046
8.232	0.0046
8.233	0.0047
8.234	0.0047
8.235	0.0048
8.236	0.0048
8.237	0.0049
8.238	0.0049
8.239	0.0050
8.240	0.0050
8.241	0.0051
8.242	0.0052
8.243	0.0052
8.244	0.0053
8.245	0.0053
8.246	0.0054
8.247	0.0055
8.248	0.0055
8.249	0.0056
8.250	0.0057
8.251	0.0057
8.252	0.0058
8.253	0.0059
8.254	0.0059
8.255	0.0060
8.256	0.0061
8.257	0.0061
8.258	0.0062
8.259	0.0063
8.260	0.0063
8.261	0.0064
8.262	0.0065
8.263	0.0065
8.264	0.0066
8.265	0.0067
8.266	0.0067
8.267	0.0068
8.268	0.0069
8.269	0.0070
8.270	0.0070
8.271	0.0071
8.272	0.0072
8.273	0.0073
8.274	0.0073
8.275	0.0074
8.276	0.0075
8.277	0.0076
8.278	0.0077
8.279	0.0077
8.280	0.0078
8.281	0.0079
8.282	0.0080
8.283	0.0081
8.284	0.0081
8.285	0.0082
8.286	0.0083
8.287	0.0084
8.288	0.0085
8.289	0.0086
8.290	0.0087
8.291	0.0088
8.292	0.0089
8.293	0.0090
8.294	0.0091
8.295	0.0092
8.296	0.0093
8.297	0.0094
8.298	0.0095
8.299	0.0096
8.300	0.0097
8.301	0.0098
8.302	0.0099
8.303	0.0100
8.304	0.0101
8.305	0.0102
8.306	0.0104
8.307	0.0105
8.308	0.0106
8.309	0.0107
8.310	0.0108
8.311	0.0110
8.312	0.0111
8.313	0.0112
8.314	0.0114
8.315	0.0115
8.316	0.0116
8.317	0.0118
8.318	0.0119
8.319	0.0120
8.320	0.0122
8.321	0.0123
8.322	0.0125
8.323	0.0126
8.324	0.0127
8.325	0.0129
8.326	0.0130
8.327	0.0132
8.328	0.0133
8.329	0.0135
8.330	0.0137
8.331	0.0138
8.332	0.0140
8.333	0.0141
8.334	0.0143
8.335	0.0145
8.336	0.0146
8.337	0.0148
8.338	0.0150
8.339	0.0151
8.340	0.0153
8.341	0.0155
8.342	0.0157
8.343	0.0159
8.344	0.0161
8.345	0.0163
8.346	0.0165
8.347	0.0167
8.348	0.0169
8.349	0.0171
8.350	0.0173
8.351	0.0175
8.352	0.0177
8.353	0.0179
8.354	0.0181
8.355	0.0183
8.356	0.0185
8.357	0.0188
8.358	0.0190
8.359	0.0192
8.360	0.0195
8.361	0.0197
8.362	0.0199
8.363	0.0202
8.364	0.0204
8.365	0.0207
8.366	0.0209
8.367	0.0212
8.368	0.0214
8.369	0.0217
8.370	0.0220
8.371	0.0222
8.372	0.0225
8.373	0.0228
8.374	0.0231
8.375	0.0234
8.376	0.0236
8.377	0.0239
8.378	0.0242
8.379	0.0245
8.380	0.0248
8.381	0.0252
8.382	0.0255
8.383	0.0258
8.384	0.0261
8.385	0.0265
8.386	0.0268
8.387	0.0271
8.388	0.0275
8.389	0.0278
8.390	0.0282
8.391	0.0285
8.392	0.0289
8.393	0.0293
8.394	0.0296
8.395	0.0300
8.396	0.0304
8.397	0.0308
8.398	0.0312
8.399	0.0316
8.400	0.0320
8.401	0.0324
8.402	0.0328
8.403	0.0332
8.404	0.0337
8.405	0.0341
8.406	0.0346
8.407	0.0350
8.408	0.0355
8.409	0.0359
8.410	0.0364
8.411	0.0369
8.412	0.0373
8.413	0.0378
8.414	0.0383
8.415	0.0389
8.416	0.0394
8.417	0.0399
8.418	0.0404
8.419	0.0410
8.420	0.0415
8.421	0.0421
8.422	0.0426
8.423	0.0432
8.424	0.0438
8.425	0.0444
8.426	0.0450
8.427	0.0456
8.428	0.0462
8.429	0.0468
8.430	0.0474
8.431	0.0481
8.432	0.0487
8.433	0.0494
8.434	0.0500
8.435	0.0507
8.436	0.0514
8.437	0.0521
8.438	0.0528
8.439	0.0535
8.440	0.0542
8.441	0.0550
8.442	0.0557
8.443	0.0564
8.444	0.0572
8.445	0.0580
8.446	0.0588
8.447	0.0596
8.448	0.0604
8.449	0.0612
8.450	0.0620
8.451	0.0629
8.452	0.0637
8.453	0.0646
8.454	0.0655
8.455	0.0664
8.456	0.0673
8.457	0.0682
8.458	0.0692
8.459	0.0701
8.460	0.0711
8.461	0.0721
8.462	0.0731
8.463	0.0741
8.464	0.0751
8.465	0.0761
8.466	0.0772
8.467	0.0783
8.468	0.0794
8.469	0.0805
8.470	0.0816
8.471	0.0827
8.472	0.0839
8.473	0.0851
8.474	0.0863
8.475	0.0875
8.476	0.0887
8.477	0.0899
8.478	0.0912
8.479	0.0925
8.480	0.0938
8.481	0.0951
8.482	0.0964
8.483	0.0978
8.484	0.0992
8.485	0.1006
8.486	0.1020
8.487	0.1034
8.488	0.1049
8.489	0.1063
8.490	0.1078
8.491	0.1094
8.492	0.1109
8.493	0.1125
8.494	0.1141
8.495	0.1157
8.496	0.1173
8.497	0.1190
8.498	0.1206
8.499	0.1224
8.500	0.1241
8.501	0.1258
8.502	0.1276
8.503	0.1294
8.504	0.1313
8.505	0.1332
8.506	0.1350
8.507	0.1370
8.508	0.1389
8.509	0.1409
8.510	0.1429
8.511	0.1450
8.512	0.1470
8.513	0.1491
8.514	0.1513
8.515	0.1534
8.516	0.1556
8.517	0.1578
8.518	0.1601
8.519	0.1624
8.520	0.1647
8.521	0.1670
8.522	0.1694
8.523	0.1718
8.524	0.1743
8.525	0.1767
8.526	0.1792
8.527	0.1818
8.528	0.1843
8.529	0.1869
8.530	0.1895
8.531	0.1922
8.532	0.1949
8.533	0.1976
8.534	0.2004
8.535	0.2032
8.536	0.2061
8.537	0.2089
8.538	0.2119
8.539	0.2148
8.540	0.2178
8.541	0.2208
8.542	0.2239
8.543	0.2270
8.544	0.2301
8.545	0.2333
8.546	0.2365
8.547	0.2398
8.548	0.2430
8.549	0.2464
8.550	0.2497
8.551	0.2532
8.552	0.2566
8.553	0.2601
8.554	0.2636
8.555	0.2672
8.556	0.2708
8.557	0.2744
8.558	0.2781
8.559	0.2818
8.560	0.2856
8.561	0.2893
8.562	0.2932
8.563	0.2970
8.564	0.3009
8.565	0.3048
8.566	0.3088
8.567	0.3128
8.568	0.3168
8.569	0.3209
8.570	0.3250
8.571	0.3291
8.572	0.3333
8.573	0.3375
8.574	0.3418
8.575	0.3460
8.576	0.3504
8.577	0.3547
8.578	0.3591
8.579	0.3635
8.580	0.3680
8.581	0.3724
8.582	0.3770
8.583	0.3815
8.584	0.3861
8.585	0.3907
8.586	0.3953
8.587	0.3999
8.588	0.4046
8.589	0.4093
8.590	0.4141
8.591	0.4188
8.592	0.4236
8.593	0.4284
8.594	0.4333
8.595	0.4382
8.596	0.4431
8.597	0.4480
8.598	0.4529
8.599	0.4578
8.600	0.4628
8.601	0.4678
8.602	0.4728
8.603	0.4778
8.604	0.4828
8.605	0.4878
8.606	0.4929
8.607	0.4979
8.608	0.5030
8.609	0.5080
8.610	0.5131
8.611	0.5182
8.612	0.5233
8.613	0.5283
8.614	0.5334
8.615	0.5385
8.616	0.5435
8.617	0.5486
8.618	0.5537
8.619	0.5588
8.620	0.5638
8.621	0.5688
8.622	0.5738
8.623	0.5789
8.624	0.5839
8.625	0.5888
8.626	0.5938
8.627	0.5988
8.628	0.6037
8.629	0.6086
8.630	0.6134
8.631	0.6183
8.632	0.6231
8.633	0.6279
8.634	0.6327
8.635	0.6374
8.636	0.6421
8.637	0.6468
8.638	0.6514
8.639	0.6560
8.640	0.6606
8.641	0.6651
8.642	0.6696
8.643	0.6740
8.644	0.6784
8.645	0.6828
8.646	0.6871
8.647	0.6914
8.648	0.6956
8.649	0.6997
8.650	0.7039
8.651	0.7079
8.652	0.7119
8.653	0.7158
8.654	0.7197
8.655	0.7236
8.656	0.7273
8.657	0.7311
8.658	0.7347
8.659	0.7384
8.660	0.7419
8.661	0.7454
8.662	0.7489
8.663	0.7523
8.664	0.7556
8.665	0.7589
8.666	0.7621
8.667	0.7653
8.668	0.7684
8.669	0.7714
8.670	0.7744
8.671	0.7773
8.672	0.7802
8.673	0.7830
8.674	0.7857
8.675	0.7884
8.676	0.7910
8.677	0.7936
8.678	0.7961
8.679	0.7985
8.680	0.8009
8.681	0.8032
8.682	0.8054
8.683	0.8076
8.684	0.8098
8.685	0.8119
8.686	0.8139
8.687	0.8158
8.688	0.8177
8.689	0.8196
8.690	0.8214
8.691	0.8231
8.692	0.8248
8.693	0.8264
8.694	0.8280
8.695	0.8295
8.696	0.8310
8.697	0.8324
8.698	0.8338
8.699	0.8351
8.700	0.8364
8.701	0.8376
8.702	0.8387
8.703	0.8399
8.704	0.8409
8.705	0.8420
8.706	0.8429
8.707	0.8438
8.708	0.8447
8.709	0.8456
8.710	0.8464
8.711	0.8471
8.712	0.8478
8.713	0.8485
8.714	0.8491
8.715	0.8497
8.716	0.8503
8.717	0.8508
8.718	0.8512
8.719	0.8517
8.720	0.8521
8.721	0.8524
8.722	0.8528
8.723	0.8530
8.724	0.8533
8.725	0.8535
8.726	0.8537
8.727	0.8539
8.728	0.8540
8.729	0.8541
8.730	0.8542
8.731	0.8542
8.732	0.8542
8.733	0.8542
8.734	0.8542
8.735	0.8541
8.736	0.8540
8.737	0.8539
8.738	0.8537
8.739	0.8536
8.740	0.8534
8.741	0.8532
8.742	0.8530
8.743	0.8527
8.744	0.8524
8.745	0.8521
8.746	0.8518
8.747	0.8515
8.748	0.8511
8.749	0.8508
8.750	0.8504
8.751	0.8500
8.752	0.8496
8.753	0.8492
8.754	0.8488
8.755	0.8483
8.756	0.8479
8.757	0.8474
8.758	0.8469
8.759	0.8464
8.760	0.8459
8.761	0.8454
8.762	0.8449
8.763	0.8444
8.764	0.8439
8.765	0.8433
8.766	0.8428
8.767	0.8422
8.768	0.8417
8.769	0.8411
8.770	0.8405
8.771	0.8399
8.772	0.8393
8.773	0.8388
8.774	0.8382
8.775	0.8376
8.776	0.8369
8.777	0.8363
8.778	0.8357
8.779	0.8351
8.780	0.8345
8.781	0.8339
8.782	0.8333
8.783	0.8326
8.784	0.8320
8.785	0.8314
8.786	0.8307
8.787	0.8301
8.788	0.8295
8.789	0.8289
8.790	0.8282
8.791	0.8276
8.792	0.8270
8.793	0.8264
8.794	0.8258
8.795	0.8252
8.796	0.8246
8.797	0.8240
8.798	0.8233
8.799	0.8227
8.800	0.8221
8.801	0.8215
8.802	0.8209
8.803	0.8204
8.804	0.8198
8.805	0.8192
8.806	0.8186
8.807	0.8180
8.808	0.8175
8.809	0.8169
8.810	0.8163
8.811	0.8158
8.812	0.8152
8.813	0.8147
8.814	0.8141
8.815	0.8136
8.816	0.8130
8.817	0.8125
8.818	0.8119
8.819	0.8114
8.820	0.8109
8.821	0.8104
8.822	0.8099
8.823	0.8094
8.824	0.8089
8.825	0.8084
8.826	0.8079
8.827	0.8074
8.828	0.8069
8.829	0.8064
8.830	0.8060
8.831	0.8055
8.832	0.8050
8.833	0.8046
8.834	0.8042
8.835	0.8037
8.836	0.8032
8.837	0.8028
8.838	0.8024
8.839	0.8019
8.840	0.8015
8.841	0.8011
8.842	0.8007
8.843	0.8003
8.844	0.7999
8.845	0.7995
8.846	0.7991
8.847	0.7987
8.848	0.7983
8.849	0.7980
8.850	0.7976
8.851	0.7973
8.852	0.7969
8.853	0.7966
8.854	0.7963
8.855	0.7959
8.856	0.7956
8.857	0.7953
8.858	0.7950
8.859	0.7947
8.860	0.7944
8.861	0.7942
8.862	0.7939
8.863	0.7936
8.864	0.7934
8.865	0.7931
8.866	0.7929
8.867	0.7926
8.868	0.7924
8.869	0.7922
8.870	0.7919
8.871	0.7917
8.872	0.7915
8.873	0.7913
8.874	0.7911
8.875	0.7909
8.876	0.7908
8.877	0.7906
8.878	0.7904
8.879	0.7903
8.880	0.7901
8.881	0.7899
8.882	0.7898
8.883	0.7897
8.884	0.7895
8.885	0.7894
8.886	0.7893
8.887	0.7892
8.888	0.7891
8.889	0.7890
8.890	0.7889
8.891	0.7888
8.892	0.7888
8.893	0.7887
8.894	0.7886
8.895	0.7886
8.896	0.7885
8.897	0.7884
8.898	0.7883
8.899	0.7882
8.900	0.7882
8.901	0.7881
8.902	0.7880
8.903	0.7879
8.904	0.7878
8.905	0.7878
8.906	0.7877
8.907	0.7877
8.908	0.7876
8.909	0.7876
8.910	0.7875
8.911	0.7875
8.912	0.7875
8.913	0.7874
8.914	0.7874
8.915	0.7874
8.916	0.7874
8.917	0.7874
8.918	0.7874
8.919	0.7874
8.920	0.7874
8.921	0.7875
8.922	0.7875
8.923	0.7875
8.924	0.7875
8.925	0.7876
8.926	0.7876
8.927	0.7877
8.928	0.7877
8.929	0.7878
8.930	0.7879
8.931	0.7880
8.932	0.7881
8.933	0.7882
8.934	0.7883
8.935	0.7884
8.936	0.7885
8.937	0.7887
8.938	0.7888
8.939	0.7889
8.940	0.7891
8.941	0.7892
8.942	0.7894
8.943	0.7895
8.944	0.7897
8.945	0.7898
8.946	0.7900
8.947	0.7902
8.948	0.7903
8.949	0.7905
8.950	0.7907
8.951	0.7909
8.952	0.7911
8.953	0.7913
8.954	0.7915
8.955	0.7917
8.956	0.7919
8.957	0.7921
8.958	0.7923
8.959	0.7925
8.960	0.7927
8.961	0.7929
8.962	0.7931
8.963	0.7933
8.964	0.7935
8.965	0.7937
8.966	0.7939
8.967	0.7941
8.968	0.7943
8.969	0.7945
8.970	0.7947
8.971	0.7949
8.972	0.7951
8.973	0.7954
8.974	0.7956
8.975	0.7958
8.976	0.7961
8.977	0.7963
8.978	0.7965
8.979	0.7968
8.980	0.7970
8.981	0.7973
8.982	0.7975
8.983	0.7977
8.984	0.7980
8.985	0.7982
8.986	0.7985
8.987	0.7987
8.988	0.7990
8.989	0.7993
8.990	0.7995
8.991	0.7998
8.992	0.8000
8.993	0.8003
8.994	0.8006
8.995	0.8008
8.996	0.8011
8.997	0.8014
8.998	0.8016
8.999	0.8019
9.000	0.8022
9.001	0.8025
9.002	0.8027
9.003	0.8030
9.004	0.8033
9.005	0.8035
9.006	0.8038
9.007	0.8041
9.008	0.8044
9.009	0.8046
9.010	0.8049
9.011	0.8052
9.012	0.8055
9.013	0.8057
9.014	0.8060
9.015	0.8063
9.016	0.8066
9.017	0.8069
9.018	0.8071
9.019	0.8074
9.020	0.8077
9.021	0.8080
9.022	0.8083
9.023	0.8086
9.024	0.8089
9.025	0.8091
9.026	0.8094
9.027	0.8097
9.028	0.8101
9.029	0.8103
9.030	0.8106
9.031	0.8109
9.032	0.8112
9.033	0.8115
9.034	0.8118
9.035	0.8121
9.036	0.8124
9.037	0.8127
9.038	0.8130
9.039	0.8132
9.040	0.8135
9.041	0.8138
9.042	0.8141
9.043	0.8144
9.044	0.8147
9.045	0.8150
9.046	0.8152
9.047	0.8155
9.048	0.8158
9.049	0.8161
9.050	0.8164
9.051	0.8167
9.052	0.8170
9.053	0.8172
9.054	0.8175
9.055	0.8178
9.056	0.8181
9.057	0.8184
9.058	0.8186
9.059	0.8189
9.060	0.8191
9.061	0.8194
9.062	0.8196
9.063	0.8199
9.064	0.8201
9.065	0.8204
9.066	0.8206
9.067	0.8208
9.068	0.8211
9.069	0.8213
9.070	0.8215
9.071	0.8218
9.072	0.8220
9.073	0.8222
9.074	0.8225
9.075	0.8227
9.076	0.8229
9.077	0.8232
9.078	0.8234
9.079	0.8236
9.080	0.8238
9.081	0.8241
9.082	0.8243
9.083	0.8245
9.084	0.8248
9.085	0.8250
9.086	0.8252
9.087	0.8254
9.088	0.8256
9.089	0.8259
9.090	0.8261
9.091	0.8263
9.092	0.8266
9.093	0.8268
9.094	0.8271
9.095	0.8274
9.096	0.8276
9.097	0.8279
9.098	0.8282
9.099	0.8284
9.100	0.8287
9.101	0.8289
9.102	0.8292
9.103	0.8295
9.104	0.8297
9.105	0.8300
9.106	0.8302
9.107	0.8305
9.108	0.8307
9.109	0.8310
9.110	0.8312
9.111	0.8315
9.112	0.8317
9.113	0.8320
9.114	0.8322
9.115	0.8325
9.116	0.8327
9.117	0.8330
9.118	0.8332
9.119	0.8335
9.120	0.8337
9.121	0.8339
9.122	0.8342
9.123	0.8344
9.124	0.8346
9.125	0.8349
9.126	0.8351
9.127	0.8353
9.128	0.8356
9.129	0.8358
9.130	0.8360
9.131	0.8362
9.132	0.8364
9.133	0.8367
9.134	0.8369
9.135	0.8371
9.136	0.8373
9.137	0.8375
9.138	0.8377
9.139	0.8379
9.140	0.8381
9.141	0.8383
9.142	0.8385
9.143	0.8387
9.144	0.8389
9.145	0.8391
9.146	0.8393
9.147	0.8395
9.148	0.8397
9.149	0.8399
9.150	0.8401
9.151	0.8403
9.152	0.8405
9.153	0.8407
9.154	0.8409
9.155	0.8410
9.156	0.8412
9.157	0.8414
9.158	0.8416
9.159	0.8418
9.160	0.8419
9.161	0.8421
9.162	0.8423
9.163	0.8425
9.164	0.8427
9.165	0.8428
9.166	0.8430
9.167	0.8432
9.168	0.8433
9.169	0.8435
9.170	0.8437
9.171	0.8438
9.172	0.8440
9.173	0.8442
9.174	0.8443
9.175	0.8445
9.176	0.8447
9.177	0.8448
9.178	0.8450
9.179	0.8451
9.180	0.8453
9.181	0.8454
9.182	0.8456
9.183	0.8457
9.184	0.8459
9.185	0.8460
9.186	0.8462
9.187	0.8463
9.188	0.8465
9.189	0.8466
9.190	0.8467
9.191	0.8469
9.192	0.8470
9.193	0.8472
9.194	0.8473
9.195	0.8475
9.196	0.8477
9.197	0.8478
9.198	0.8480
9.199	0.8481
9.200	0.8483
9.201	0.8484
9.202	0.8486
9.203	0.8487
9.204	0.8489
9.205	0.8490
9.206	0.8491
9.207	0.8493
9.208	0.8494
9.209	0.8496
9.210	0.8497
9.211	0.8498
9.212	0.8500
9.213	0.8501
9.214	0.8502
9.215	0.8504
9.216	0.8505
9.217	0.8506
9.218	0.8507
9.219	0.8509
9.220	0.8510
9.221	0.8511
9.222	0.8513
9.223	0.8514
9.224	0.8515
9.225	0.8516
9.226	0.8517
9.227	0.8519
9.228	0.8520
9.229	0.8521
9.230	0.8522
9.231	0.8523
9.232	0.8525
9.233	0.8526
9.234	0.8527
9.235	0.8528
9.236	0.8529
9.237	0.8530
9.238	0.8531
9.239	0.8532
9.240	0.8533
9.241	0.8534
9.242	0.8535
9.243	0.8536
9.244	0.8537
9.245	0.8538
9.246	0.8539
9.247	0.8540
9.248	0.8541
9.249	0.8542
9.250	0.8543
9.251	0.8544
9.252	0.8545
9.253	0.8546
9.254	0.8547
9.255	0.8547
9.256	0.8548
9.257	0.8549
9.258	0.8550
9.259	0.8550
9.260	0.8551
9.261	0.8552
9.262	0.8553
9.263	0.8553
9.264	0.8554
9.265	0.8555
9.266	0.8555
9.267	0.8556
9.268	0.8557
9.269	0.8557
9.270	0.8558
9.271	0.8559
9.272	0.8559
9.273	0.8560
9.274	0.8560
9.275	0.8561
9.276	0.8561
9.277	0.8562
9.278	0.8562
9.279	0.8563
9.280	0.8563
9.281	0.8564
9.282	0.8564
9.283	0.8565
9.284	0.8565
9.285	0.8566
9.286	0.8566
9.287	0.8566
9.288	0.8567
9.289	0.8567
9.290	0.8567
9.291	0.8568
9.292	0.8568
9.293	0.8568
9.294	0.8569
9.295	0.8569
9.296	0.8570
9.297	0.8570
9.298	0.8570
9.299	0.8571
9.300	0.8571
9.301	0.8572
9.302	0.8572
9.303	0.8572
9.304	0.8573
9.305	0.8573
9.306	0.8573
9.307	0.8573
9.308	0.8574
9.309	0.8574
9.310	0.8574
9.311	0.8574
9.312	0.8575
9.313	0.8575
9.314	0.8575
9.315	0.8575
9.316	0.8575
9.317	0.8575
9.318	0.8576
9.319	0.8576
9.320	0.8576
9.321	0.8576
9.322	0.8576
9.323	0.8576
9.324	0.8577
9.325	0.8577
9.326	0.8577
9.327	0.8577
9.328	0.8577
9.329	0.8577
9.330	0.8577
9.331	0.8577
9.332	0.8577
9.333	0.8576
9.334	0.8576
9.335	0.8576
9.336	0.8576
9.337	0.8576
9.338	0.8576
9.339	0.8576
9.340	0.8575
9.341	0.8575
9.342	0.8575
9.343	0.8575
9.344	0.8575
9.345	0.8574
9.346	0.8574
9.347	0.8574
9.348	0.8574
9.349	0.8574
9.350	0.8573
9.351	0.8573
9.352	0.8573
9.353	0.8572
9.354	0.8572
9.355	0.8572
9.356	0.8572
9.357	0.8571
9.358	0.8571
9.359	0.8570
9.360	0.8570
9.361	0.8570
9.362	0.8569
9.363	0.8569
9.364	0.8568
9.365	0.8568
9.366	0.8567
9.367	0.8566
9.368	0.8566
9.369	0.8565
9.370	0.8565
9.371	0.8564
9.372	0.8563
9.373	0.8563
9.374	0.8562
9.375	0.8562
9.376	0.8561
9.377	0.8560
9.378	0.8559
9.379	0.8559
9.380	0.8558
9.381	0.8557
9.382	0.8556
9.383	0.8556
9.384	0.8555
9.385	0.8554
9.386	0.8553
9.387	0.8553
9.388	0.8552
9.389	0.8551
9.390	0.8550
9.391	0.8550
9.392	0.8549
9.393	0.8548
9.394	0.8547
9.395	0.8547
9.396	0.8546
9.397	0.8545
9.398	0.8544
9.399	0.8543
9.400	0.8543
9.401	0.8542
9.402	0.8541
9.403	0.8540
9.404	0.8540
9.405	0.8539
9.406	0.8538
9.407	0.8537
9.408	0.8537
9.409	0.8536
9.410	0.8535
9.411	0.8534
9.412	0.8533
9.413	0.8532
9.414	0.8531
9.415	0.8531
9.416	0.8530
9.417	0.8529
9.418	0.8528
9.419	0.8527
9.420	0.8526
9.421	0.8524
9.422	0.8523
9.423	0.8522
9.424	0.8521
9.425	0.8520
9.426	0.8519
9.427	0.8518
9.428	0.8517
9.429	0.8515
9.430	0.8514
9.431	0.8513
9.432	0.8511
9.433	0.8510
9.434	0.8509
9.435	0.8507
9.436	0.8506
9.437	0.8504
9.438	0.8502
9.439	0.8501
9.440	0.8499
9.441	0.8497
9.442	0.8496
9.443	0.8494
9.444	0.8492
9.445	0.8491
9.446	0.8489
9.447	0.8487
9.448	0.8486
9.449	0.8484
9.450	0.8483
9.451	0.8481
9.452	0.8479
9.453	0.8478
9.454	0.8476
9.455	0.8475
9.456	0.8473
9.457	0.8472
9.458	0.8470
9.459	0.8469
9.460	0.8467
9.461	0.8466
9.462	0.8464
9.463	0.8463
9.464	0.8461
9.465	0.8460
9.466	0.8459
9.467	0.8457
9.468	0.8456
9.469	0.8454
9.470	0.8453
9.471	0.8452
9.472	0.8451
9.473	0.8449
9.474	0.8448
9.475	0.8447
9.476	0.8445
9.477	0.8444
9.478	0.8443
9.479	0.8442
9.480	0.8440
9.481	0.8439
9.482	0.8438
9.483	0.8437
9.484	0.8435
9.485	0.8434
9.486	0.8433
9.487	0.8432
9.488	0.8430
9.489	0.8429
9.490	0.8428
9.491	0.8426
9.492	0.8425
9.493	0.8424
9.494	0.8422
9.495	0.8421
9.496	0.8420
9.497	0.8418
9.498	0.8417
9.499	0.8415
9.500	0.8414
9.501	0.8412
9.502	0.8411
9.503	0.8409
9.504	0.8408
9.505	0.8406
9.506	0.8404
9.507	0.8403
9.508	0.8401
9.509	0.8399
9.510	0.8397
9.511	0.8395
9.512	0.8393
9.513	0.8391
9.514	0.8389
9.515	0.8387
9.516	0.8385
9.517	0.8383
9.518	0.8381
9.519	0.8379
9.520	0.8377
9.521	0.8375
9.522	0.8373
9.523	0.8371
9.524	0.8369
9.525	0.8367
9.526	0.8364
9.527	0.8362
9.528	0.8360
9.529	0.8358
9.530	0.8356
9.531	0.8354
9.532	0.8352
9.533	0.8349
9.534	0.8347
9.535	0.8345
9.536	0.8343
9.537	0.8341
9.538	0.8339
9.539	0.8337
9.540	0.8335
9.541	0.8333
9.542	0.8331
9.543	0.8329
9.544	0.8326
9.545	0.8324
9.546	0.8322
9.547	0.8320
9.548	0.8317
9.549	0.8315
9.550	0.8313
9.551	0.8311
9.552	0.8309
9.553	0.8306
9.554	0.8304
9.555	0.8302
9.556	0.8300
9.557	0.8298
9.558	0.8296
9.559	0.8294
9.560	0.8292
9.561	0.8289
9.562	0.8287
9.563	0.8285
9.564	0.8283
9.565	0.8281
9.566	0.8279
9.567	0.8277
9.568	0.8275
9.569	0.8273
9.570	0.8271
9.571	0.8269
9.572	0.8267
9.573	0.8265
9.574	0.8263
9.575	0.8261
9.576	0.8259
9.577	0.8257
9.578	0.8255
9.579	0.8252
9.580	0.8250
9.581	0.8247
9.582	0.8245
9.583	0.8242
9.584	0.8239
9.585	0.8237
9.586	0.8234
9.587	0.8232
9.588	0.8229
9.589	0.8227
9.590	0.8224
9.591	0.8221
9.592	0.8219
9.593	0.8216
9.594	0.8214
9.595	0.8211
9.596	0.8208
9.597	0.8206
9.598	0.8203
9.599	0.8201
9.600	0.8198
9.601	0.8195
9.602	0.8193
9.603	0.8190
9.604	0.8188
9.605	0.8185
9.606	0.8182
9.607	0.8180
9.608	0.8177
9.609	0.8174
9.610	0.8172
9.611	0.8169
9.612	0.8167
9.613	0.8164
9.614	0.8161
9.615	0.8159
9.616	0.8156
9.617	0.8154
9.618	0.8152
9.619	0.8149
9.620	0.8147
9.621	0.8144
9.622	0.8142
9.623	0.8140
9.624	0.8137
9.625	0.8135
9.626	0.8133
9.627	0.8130
9.628	0.8128
9.629	0.8126
9.630	0.8123
9.631	0.8121
9.632	0.8119
9.633	0.8116
9.634	0.8114
9.635	0.8112
9.636	0.8109
9.637	0.8107
9.638	0.8105
9.639	0.8102
9.640	0.8100
9.641	0.8098
9.642	0.8096
9.643	0.8093
9.644	0.8091
9.645	0.8089
9.646	0.8086
9.647	0.8084
9.648	0.8082
9.649	0.8079
9.650	0.8077
9.651	0.8075
9.652	0.8072
9.653	0.8070
9.654	0.8068
9.655	0.8066
9.656	0.8063
9.657	0.8061
9.658	0.8059
9.659	0.8056
9.660	0.8054
9.661	0.8052
9.662	0.8049
9.663	0.8047
9.664	0.8045
9.665	0.8042
9.666	0.8040
9.667	0.8038
9.668	0.8035
9.669	0.8033
9.670	0.8031
9.671	0.8028
9.672	0.8026
9.673	0.8024
9.674	0.8021
9.675	0.8019
9.676	0.8017
9.677	0.8014
9.678	0.8012
9.679	0.8010
9.680	0.8007
9.681	0.8005
9.682	0.8003
9.683	0.8000
9.684	0.7998
9.685	0.7996
9.686	0.7993
9.687	0.7991
9.688	0.7989
9.689	0.7986
9.690	0.7984
9.691	0.7982
9.692	0.7979
9.693	0.7977
9.694	0.7974
9.695	0.7972
9.696	0.7969
9.697	0.7967
9.698	0.7964
9.699	0.7962
9.700	0.7959
9.701	0.7957
9.702	0.7954
9.703	0.7952
9.704	0.7949
9.705	0.7947
9.706	0.7944
9.707	0.7942
9.708	0.7939
9.709	0.7937
9.710	0.7934
9.711	0.7932
9.712	0.7929
9.713	0.7927
9.714	0.7924
9.715	0.7922
9.716	0.7920
9.717	0.7917
9.718	0.7915
9.719	0.7912
9.720	0.7910
9.721	0.7907
9.722	0.7905
9.723	0.7902
9.724	0.7900
9.725	0.7897
9.726	0.7895
9.727	0.7892
9.728	0.7890
9.729	0.7887
9.730	0.7885
9.731	0.7882
9.732	0.7880
9.733	0.7878
9.734	0.7875
9.735	0.7873
9.736	0.7870
9.737	0.7868
9.738	0.7865
9.739	0.7863
9.740	0.7860
9.741	0.7858
9.742	0.7855
9.743	0.7853
9.744	0.7850
9.745	0.7848
9.746	0.7845
9.747	0.7843
9.748	0.7841
9.749	0.7838
9.750	0.7835
9.751	0.7833
9.752	0.7831
9.753	0.7828
9.754	0.7826
9.755	0.7823
9.756	0.7821
9.757	0.7818
9.758	0.7816
9.759	0.7813
9.760	0.7811
9.761	0.7808
9.762	0.7806
9.763	0.7803
9.764	0.7801
9.765	0.7799
9.766	0.7796
9.767	0.7794
9.768	0.7792
9.769	0.7790
9.770	0.7787
9.771	0.7785
9.772	0.7783
9.773	0.7781
9.774	0.7778
9.775	0.7776
9.776	0.7774
9.777	0.7772
9.778	0.7770
9.779	0.7767
9.780	0.7765
9.781	0.7763
9.782	0.7761
9.783	0.7759
9.784	0.7756
9.785	0.7754
9.786	0.7752
9.787	0.7750
9.788	0.7748
9.789	0.7745
9.790	0.7743
9.791	0.7741
9.792	0.7739
9.793	0.7737
9.794	0.7734
9.795	0.7732
9.796	0.7730
9.797	0.7728
9.798	0.7726
9.799	0.7724
9.800	0.7722
9.801	0.7719
9.802	0.7717
9.803	0.7715
9.804	0.7713
9.805	0.7711
9.806	0.7709
9.807	0.7707
9.808	0.7705
9.809	0.7703
9.810	0.7701
9.811	0.7700
9.812	0.7698
9.813	0.7696
9.814	0.7694
9.815	0.7692
9.816	0.7690
9.817	0.7688
9.818	0.7686
9.819	0.7684
9.820	0.7683
9.821	0.7681
9.822	0.7679
9.823	0.7677
9.824	0.7675
9.825	0.7673
9.826	0.7671
9.827	0.7669
9.828	0.7667
9.829	0.7665
9.830	0.7663
9.831	0.7662
9.832	0.7660
9.833	0.7658
9.834	0.7656
9.835	0.7654
9.836	0.7652
9.837	0.7650
9.838	0.7648
9.839	0.7646
9.840	0.7645
9.841	0.7643
9.842	0.7641
9.843	0.7639
9.844	0.7637
9.845	0.7635
9.846	0.7633
9.847	0.7632
9.848	0.7630
9.849	0.7628
9.850	0.7626
9.851	0.7624
9.852	0.7623
9.853	0.7621
9.854	0.7619
9.855	0.7617
9.856	0.7616
9.857	0.7614
9.858	0.7612
9.859	0.7610
9.860	0.7609
9.861	0.7607
9.862	0.7605
9.863	0.7604
9.864	0.7602
9.865	0.7600
9.866	0.7599
9.867	0.7597
9.868	0.7596
9.869	0.7594
9.870	0.7593
9.871	0.7591
9.872	0.7590
9.873	0.7588
9.874	0.7587
9.875	0.7585
9.876	0.7584
9.877	0.7583
9.878	0.7581
9.879	0.7580
9.880	0.7578
9.881	0.7577
9.882	0.7576
9.883	0.7575
9.884	0.7574
9.885	0.7572
9.886	0.7571
9.887	0.7570
9.888	0.7569
9.889	0.7568
9.890	0.7567
9.891	0.7566
9.892	0.7565
9.893	0.7564
9.894	0.7563
9.895	0.7562
9.896	0.7561
9.897	0.7560
9.898	0.7559
9.899	0.7558
9.900	0.7557
9.901	0.7556
9.902	0.7555
9.903	0.7554
9.904	0.7553
9.905	0.7552
9.906	0.7551
9.907	0.7550
9.908	0.7549
9.909	0.7548
9.910	0.7547
9.911	0.7546
9.912	0.7545
9.913	0.7544
9.914	0.7543
9.915	0.7542
9.916	0.7540
9.917	0.7539
9.918	0.7538
9.919	0.7537
9.920	0.7536
9.921	0.7535
9.922	0.7535
9.923	0.7534
9.924	0.7534
9.925	0.7533
9.926	0.7532
9.927	0.7532
9.928	0.7531
9.929	0.7531
9.930	0.7530
9.931	0.7529
9.932	0.7529
9.933	0.7528
9.934	0.7528
9.935	0.7527
9.936	0.7526
9.937	0.7526
9.938	0.7525
9.939	0.7525
9.940	0.7524
9.941	0.7523
9.942	0.7523
9.943	0.7522
9.944	0.7522
9.945	0.7521
9.946	0.7521
9.947	0.7520
9.948	0.7519
9.949	0.7519
9.950	0.7518
9.951	0.7518
9.952	0.7517
9.953	0.7517
9.954	0.7516
9.955	0.7516
9.956	0.7515
9.957	0.7515
9.958	0.7514
9.959	0.7514
9.960	0.7513
9.961	0.7513
9.962	0.7512
9.963	0.7512
9.964	0.7511
9.965	0.7511
9.966	0.7510
9.967	0.7510
9.968	0.7509
9.969	0.7509
9.970	0.7508
9.971	0.7508
9.972	0.7507
9.973	0.7507
9.974	0.7507
9.975	0.7506
9.976	0.7506
9.977	0.7505
9.978	0.7505
9.979	0.7505
9.980	0.7504
9.981	0.7504
9.982	0.7504
9.983	0.7503
9.984	0.7503
9.985	0.7502
9.986	0.7502
9.987	0.7502
9.988	0.7502
9.989	0.7501
9.990	0.7501
9.991	0.7501
9.992	0.7500
9.993	0.7500
9.994	0.7500
9.995	0.7500
9.996	0.7500
9.997	0.7499
9.998	0.7499
9.999	0.7499
10.000	0.7499
10.001	0.7499
10.002	0.7499
10.003	0.7500
10.004	0.7500
10.005	0.7500
10.006	0.7501
10.007	0.7501
10.008	0.7501
10.009	0.7502
10.010	0.7502
10.011	0.7502
10.012	0.7502
10.013	0.7503
10.014	0.7503
10.015	0.7503
10.016	0.7504
10.017	0.7504
10.018	0.7504
10.019	0.7505
10.020	0.7505
10.021	0.7505
10.022	0.7506
10.023	0.7506
10.024	0.7506
10.025	0.7507
10.026	0.7507
10.027	0.7507
10.028	0.7507
10.029	0.7508
10.030	0.7508
10.031	0.7508
10.032	0.7509
10.033	0.7509
10.034	0.7509
10.035	0.7509
10.036	0.7509
10.037	0.7510
10.038	0.7510
10.039	0.7510
10.040	0.7510
10.041	0.7511
10.042	0.7511
10.043	0.7511
10.044	0.7512
10.045	0.7512
10.046	0.7513
10.047	0.7513
10.048	0.7513
10.049	0.7514
10.050	0.7514
10.051	0.7515
10.052	0.7515
10.053	0.7515
10.054	0.7516
10.055	0.7516
10.056	0.7517
10.057	0.7517
10.058	0.7517
10.059	0.7518
10.060	0.7518
10.061	0.7518
10.062	0.7519
10.063	0.7519
10.064	0.7520
10.065	0.7520
10.066	0.7521
10.067	0.7521
10.068	0.7521
10.069	0.7522
10.070	0.7522
10.071	0.7523
10.072	0.7523
10.073	0.7523
10.074	0.7524
10.075	0.7524
10.076	0.7525
10.077	0.7525
10.078	0.7526
10.079	0.7526
10.080	0.7527
10.081	0.7527
10.082	0.7528
10.083	0.7529
10.084	0.7530
10.085	0.7531
10.086	0.7533
10.087	0.7534
10.088	0.7535
10.089	0.7536
10.090	0.7537
10.091	0.7538
10.092	0.7539
10.093	0.7540
10.094	0.7541
10.095	0.7542
10.096	0.7543
10.097	0.7544
10.098	0.7545
10.099	0.7546
10.100	0.7547
10.101	0.7548
10.102	0.7549
10.103	0.7550
10.104	0.7552
10.105	0.7553
10.106	0.7554
10.107	0.7555
10.108	0.7556
10.109	0.7557
10.110	0.7558
10.111	0.7559
10.112	0.7560
10.113	0.7561
10.114	0.7563
10.115	0.7564
10.116	0.7565
10.117	0.7566
10.118	0.7567
10.119	0.7568
10.120	0.7570
10.121	0.7571
10.122	0.7572
10.123	0.7573
10.124	0.7574
10.125	0.7575
10.126	0.7576
10.127	0.7577
10.128	0.7578
10.129	0.7579
10.130	0.7580
10.131	0.7581
10.132	0.7582
10.133	0.7583
10.134	0.7584
10.135	0.7585
10.136	0.7586
10.137	0.7587
10.138	0.7588
10.139	0.7590
10.140	0.7591
10.141	0.7592
10.142	0.7593
10.143	0.7594
10.144	0.7595
10.145	0.7596
10.146	0.7597
10.147	0.7599
10.148	0.7600
10.149	0.7601
10.150	0.7602
10.151	0.7603
10.152	0.7604
10.153	0.7606
10.154	0.7607
10.155	0.7608
10.156	0.7609
10.157	0.7610
10.158	0.7612
10.159	0.7613
10.160	0.7614
10.161	0.7615
10.162	0.7616
10.163	0.7618
10.164	0.7619
10.165	0.7621
10.166	0.7622
10.167	0.7623
10.168	0.7625
10.169	0.7626
10.170	0.7628
10.171	0.7629
10.172	0.7631
10.173	0.7632
10.174	0.7634
10.175	0.7635
10.176	0.7636
10.177	0.7638
10.178	0.7639
10.179	0.7641
10.180	0.7642
10.181	0.7644
10.182	0.7645
10.183	0.7646
10.184	0.7648
10.185	0.7649
10.186	0.7650
10.187	0.7652
10.188	0.7653
10.189	0.7654
10.190	0.7656
10.191	0.7657
10.192	0.7659
10.193	0.7660
10.194	0.7661
10.195	0.7662
10.196	0.7664
10.197	0.7665
10.198	0.7666
10.199	0.7668
10.200	0.7669
10.201	0.7670
10.202	0.7671
10.203	0.7673
10.204	0.7674
10.205	0.7676
10.206	0.7677
10.207	0.7678
10.208	0.7680
10.209	0.7681
10.210	0.7683
10.211	0.7684
10.212	0.7686
10.213	0.7687
10.214	0.7689
10.215	0.7691
10.216	0.7692
10.217	0.7694
10.218	0.7695
10.219	0.7697
10.220	0.7698
10.221	0.7700
10.222	0.7701
10.223	0.7703
10.224	0.7704
10.225	0.7706
10.226	0.7708
10.227	0.7709
10.228	0.7711
10.229	0.7712
10.230	0.7714
10.231	0.7716
10.232	0.7717
10.233	0.7719
10.234	0.7720
10.235	0.7722
10.236	0.7724
10.237	0.7725
10.238	0.7727
10.239	0.7729
10.240	0.7730
10.241	0.7732
10.242	0.7734
10.243	0.7735
10.244	0.7737
10.245	0.7739
10.246	0.7740
10.247	0.7742
10.248	0.7743
10.249	0.7745
10.250	0.7747
10.251	0.7748
10.252	0.7750
10.253	0.7752
10.254	0.7753
10.255	0.7755
10.256	0.7757
10.257	0.7758
10.258	0.7760
10.259	0.7761
10.260	0.7763
10.261	0.7765
10.262	0.7766
10.263	0.7768
10.264	0.7769
10.265	0.7771
10.266	0.7773
10.267	0.7774
10.268	0.7776
10.269	0.7778
10.270	0.7779
10.271	0.7781
10.272	0.7782
10.273	0.7784
10.274	0.7785
10.275	0.7787
10.276	0.7789
10.277	0.7790
10.278	0.7792
10.279	0.7793
10.280	0.7795
10.281	0.7796
10.282	0.7798
10.283	0.7800
10.284	0.7801
10.285	0.7803
10.286	0.7804
10.287	0.7806
10.288	0.7807
10.289	0.7809
10.290	0.7810
10.291	0.7812
10.292	0.7813
10.293	0.7815
10.294	0.7816
10.295	0.7818
10.296	0.7819
10.297	0.7821
10.298	0.7822
10.299	0.7823
10.300	0.7825
10.301	0.7826
10.302	0.7828
10.303	0.7829
10.304	0.7831
10.305	0.7832
10.306	0.7834
10.307	0.7835
10.308	0.7837
10.309	0.7838
10.310	0.7840
10.311	0.7841
10.312	0.7843
10.313	0.7844
10.314	0.7846
10.315	0.7847
10.316	0.7849
10.317	0.7850
10.318	0.7852
10.319	0.7853
10.320	0.7855
10.321	0.7856
10.322	0.7858
10.323	0.7859
10.324	0.7861
10.325	0.7862
10.326	0.7864
10.327	0.7866
10.328	0.7867
10.329	0.7869
10.330	0.7870
10.331	0.7872
10.332	0.7873
10.333	0.7875
10.334	0.7876
10.335	0.7877
10.336	0.7879
10.337	0.7880
10.338	0.7882
10.339	0.7883
10.340	0.7884
10.341	0.7886
10.342	0.7887
10.343	0.7889
10.344	0.7890
10.345	0.7891
10.346	0.7893
10.347	0.7894
10.348	0.7896
10.349	0.7897
10.350	0.7898
10.351	0.7900
10.352	0.7901
10.353	0.7903
10.354	0.7904
10.355	0.7906
10.356	0.7907
10.357	0.7908
10.358	0.7910
10.359	0.7911
10.360	0.7913
10.361	0.7914
10.362	0.7915
10.363	0.7917
10.364	0.7918
10.365	0.7920
10.366	0.7921
10.367	0.7922
10.368	0.7924
10.369	0.7925
10.370	0.7926
10.371	0.7928
10.372	0.7929
10.373	0.7930
10.374	0.7932
10.375	0.7933
10.376	0.7934
10.377	0.7935
10.378	0.7936
10.379	0.7937
10.380	0.7938
10.381	0.7939
10.382	0.7941
10.383	0.7942
10.384	0.7943
10.385	0.7944
10.386	0.7945
10.387	0.7946
10.388	0.7947
10.389	0.7948
10.390	0.7949
10.391	0.7950
10.392	0.7951
10.393	0.7952
10.394	0.7954
10.395	0.7955
10.396	0.7956
10.397	0.7957
10.398	0.7958
10.399	0.7959
10.400	0.7960
10.401	0.7961
10.402	0.7962
10.403	0.7963
10.404	0.7964
10.405	0.7965
10.406	0.7966
10.407	0.7968
10.408	0.7969
10.409	0.7970
10.410	0.7971
10.411	0.7972
10.412	0.7973
10.413	0.7974
10.414	0.7975
10.415	0.7976
10.416	0.7977
10.417	0.7978
10.418	0.7979
10.419	0.7979
10.420	0.7980
10.421	0.7981
10.422	0.7981
10.423	0.7982
10.424	0.7983
10.425	0.7983
10.426	0.7984
10.427	0.7985
10.428	0.7986
10.429	0.7986
10.430	0.7987
10.431	0.7988
10.432	0.7988
10.433	0.7989
10.434	0.7990
10.435	0.7991
10.436	0.7991
10.437	0.7992
10.438	0.7993
10.439	0.7994
10.440	0.7994
10.441	0.7995
10.442	0.7996
10.443	0.7997
10.444	0.7998
10.445	0.7998
10.446	0.7999
10.447	0.8000
10.448	0.8001
10.449	0.8002
10.450	0.8002
10.451	0.8003
10.452	0.8004
10.453	0.8005
10.454	0.8005
10.455	0.8006
10.456	0.8007
10.457	0.8008
10.458	0.8009
10.459	0.8009
10.460	0.8010
10.461	0.8011
10.462	0.8012
10.463	0.8012
10.464	0.8013
10.465	0.8014
10.466	0.8014
10.467	0.8015
10.468	0.8016
10.469	0.8016
10.470	0.8017
10.471	0.8018
10.472	0.8019
10.473	0.8019
10.474	0.8020
10.475	0.8020
10.476	0.8021
10.477	0.8022
10.478	0.8022
10.479	0.8023
10.480	0.8024
10.481	0.8024
10.482	0.8025
10.483	0.8025
10.484	0.8026
10.485	0.8027
10.486	0.8027
10.487	0.8028
10.488	0.8028
10.489	0.8029
10.490	0.8029
10.491	0.8030
10.492	0.8031
10.493	0.8031
10.494	0.8032
10.495	0.8032
10.496	0.8033
10.497	0.8033
10.498	0.8034
10.499	0.8035
10.500	0.8035
10.501	0.8036
10.502	0.8036
10.503	0.8037
10.504	0.8037
10.505	0.8038
10.506	0.8038
10.507	0.8038
10.508	0.8038
10.509	0.8038
10.510	0.8038
10.511	0.8038
10.512	0.8039
10.513	0.8039
10.514	0.8039
10.515	0.8039
10.516	0.8039
10.517	0.8039
10.518	0.8039
10.519	0.8039
10.520	0.8039
10.521	0.8040
10.522	0.8040
10.523	0.8040
10.524	0.8040
10.525	0.8040
10.526	0.8040
10.527	0.8040
10.528	0.8040
10.529	0.8040
10.530	0.8041
10.531	0.8041
10.532	0.8041
10.533	0.8041
10.534	0.8041
10.535	0.8041
10.536	0.8041
10.537	0.8041
10.538	0.8041
10.539	0.8041
10.540	0.8042
10.541	0.8042
10.542	0.8042
10.543	0.8042
10.544	0.8042
10.545	0.8042
10.546	0.8042
10.547	0.8042
10.548	0.8042
10.549	0.8042
10.550	0.8042
10.551	0.8042
10.552	0.8042
10.553	0.8042
10.554	0.8042
10.555	0.8042
10.556	0.8041
10.557	0.8041
10.558	0.8041
10.559	0.8041
10.560	0.8041
10.561	0.8041
10.562	0.8041
10.563	0.8040
10.564	0.8040
10.565	0.8040
10.566	0.8040
10.567	0.8040
10.568	0.8040
10.569	0.8040
10.570	0.8040
10.571	0.8039
10.572	0.8039
10.573	0.8039
10.574	0.8039
10.575	0.8039
10.576	0.8039
10.577	0.8039
10.578	0.8038
10.579	0.8038
10.580	0.8038
10.581	0.8038
10.582	0.8038
10.583	0.8038
10.584	0.8038
10.585	0.8037
10.586	0.8037
10.587	0.8037
10.588	0.8037
10.589	0.8037
10.590	0.8037
10.591	0.8037
10.592	0.8037
10.593	0.8036
10.594	0.8036
10.595	0.8035
10.596	0.8034
10.597	0.8034
10.598	0.8033
10.599	0.8032
10.600	0.8032
10.601	0.8031
10.602	0.8030
10.603	0.8029
10.604	0.8029
10.605	0.8028
10.606	0.8027
10.607	0.8026
10.608	0.8026
10.609	0.8025
10.610	0.8024
10.611	0.8024
10.612	0.8023
10.613	0.8022
10.614	0.8021
10.615	0.8021
10.616	0.8020
10.617	0.8019
10.618	0.8019
10.619	0.8018
10.620	0.8017
10.621	0.8016
10.622	0.8016
10.623	0.8015
10.624	0.8014
10.625	0.8013
10.626	0.8013
10.627	0.8012
10.628	0.8011
10.629	0.8011
10.630	0.8010
10.631	0.8009
10.632	0.8008
10.633	0.8008
10.634	0.8007
10.635	0.8006
10.636	0.8005
10.637	0.8005
10.638	0.8004
10.639	0.8003
10.640	0.8002
10.641	0.8002
10.642	0.8001
10.643	0.8000
10.644	0.7999
10.645	0.7998
10.646	0.7998
10.647	0.7997
10.648	0.7996
10.649	0.7995
10.650	0.7995
10.651	0.7994
10.652	0.7993
10.653	0.7992
10.654	0.7991
10.655	0.7991
10.656	0.7990
10.657	0.7989
10.658	0.7988
10.659	0.7987
10.660	0.7987
10.661	0.7986
10.662	0.7985
10.663	0.7984
10.664	0.7983
10.665	0.7983
10.666	0.7982
10.667	0.7981
10.668	0.7980
10.669	0.7979
10.670	0.7978
10.671	0.7978
10.672	0.7977
10.673	0.7976
10.674	0.7975
10.675	0.7974
10.676	0.7973
10.677	0.7972
10.678	0.7972
10.679	0.7971
10.680	0.7970
10.681	0.7969
10.682	0.7968
10.683	0.7967
10.684	0.7966
10.685	0.7965
10.686	0.7964
10.687	0.7963
10.688	0.7962
10.689	0.7961
10.690	0.7960
10.691	0.7959
10.692	0.7957
10.693	0.7956
10.694	0.7955
10.695	0.7954
10.696	0.7953
10.697	0.7952
10.698	0.7951
10.699	0.7949
10.700	0.7948
10.701	0.7947
10.702	0.7946
10.703	0.7945
10.704	0.7944
10.705	0.7942
10.706	0.7941
10.707	0.7940
10.708	0.7939
10.709	0.7938
10.710	0.7937
10.711	0.7935
10.712	0.7934
10.713	0.7933
10.714	0.7932
10.715	0.7931
10.716	0.7930
10.717	0.7928
10.718	0.7927
10.719	0.7926
10.720	0.7925
10.721	0.7924
10.722	0.7923
10.723	0.7922
10.724	0.7921
10.725	0.7919
10.726	0.7918
10.727	0.7917
10.728	0.7916
10.729	0.7915
10.730	0.7914
10.731	0.7913
10.732	0.7912
10.733	0.7910
10.734	0.7909
10.735	0.7908
10.736	0.7907
10.737	0.7905
10.738	0.7904
10.739	0.7903
10.740	0.7902
10.741	0.7901
10.742	0.7899
10.743	0.7898
10.744	0.7897
10.745	0.7896
10.746	0.7895
10.747	0.7894
10.748	0.7892
10.749	0.7891
10.750	0.7890
10.751	0.7889
10.752	0.7888
10.753	0.7886
10.754	0.7885
10.755	0.7884
10.756	0.7883
10.757	0.7882
10.758	0.7881
10.759	0.7880
10.760	0.7878
10.761	0.7877
10.762	0.7876
10.763	0.7875
10.764	0.7874
10.765	0.7873
10.766	0.7871
10.767	0.7870
10.768	0.7869
10.769	0.7868
10.770	0.7867
10.771	0.7866
10.772	0.7865
10.773	0.7863
10.774	0.7862
10.775	0.7861
10.776	0.7860
10.777	0.7859
10.778	0.7858
10.779	0.7857
10.780	0.7856
10.781	0.7854
10.782	0.7853
10.783	0.7852
10.784	0.7851
10.785	0.7850
10.786	0.7849
10.787	0.7847
10.788	0.7846
10.789	0.7845
10.790	0.7844
10.791	0.7843
10.792	0.7842
10.793	0.7840
10.794	0.7839
10.795	0.7838
10.796	0.7837
10.797	0.7836
10.798	0.7834
10.799	0.7833
10.800	0.7832
10.801	0.7831
10.802	0.7829
10.803	0.7828
10.804	0.7827
10.805	0.7826
10.806	0.7824
10.807	0.7823
10.808	0.7822
10.809	0.7820
10.810	0.7819
10.811	0.7818
10.812	0.7816
10.813	0.7815
10.814	0.7814
10.815	0.7812
10.816	0.7811
10.817	0.7810
10.818	0.7808
10.819	0.7807
10.820	0.7806
10.821	0.7804
10.822	0.7803
10.823	0.7802
10.824	0.7801
10.825	0.7800
10.826	0.7799
10.827	0.7798
10.828	0.7797
10.829	0.7796
10.830	0.7795
10.831	0.7794
10.832	0.7793
10.833	0.7793
10.834	0.7792
10.835	0.7791
10.836	0.7790
10.837	0.7789
10.838	0.7788
10.839	0.7787
10.840	0.7787
10.841	0.7786
10.842	0.7785
10.843	0.7784
10.844	0.7783
10.845	0.7783
10.846	0.7782
10.847	0.7781
10.848	0.7780
10.849	0.7780
10.850	0.7779
10.851	0.7778
10.852	0.7777
10.853	0.7777
10.854	0.7776
10.855	0.7775
10.856	0.7775
10.857	0.7774
10.858	0.7773
10.859	0.7773
10.860	0.7772
10.861	0.7771
10.862	0.7771
10.863	0.7770
10.864	0.7769
10.865	0.7769
10.866	0.7768
10.867	0.7768
10.868	0.7767
10.869	0.7766
10.870	0.7765
10.871	0.7764
10.872	0.7763
10.873	0.7762
10.874	0.7761
10.875	0.7760
10.876	0.7759
10.877	0.7758
10.878	0.7757
10.879	0.7756
10.880	0.7755
10.881	0.7754
10.882	0.7753
10.883	0.7752
10.884	0.7751
10.885	0.7750
10.886	0.7749
10.887	0.7748
10.888	0.7747
10.889	0.7746
10.890	0.7745
10.891	0.7744
10.892	0.7743
10.893	0.7742
10.894	0.7741
10.895	0.7740
10.896	0.7739
10.897	0.7738
10.898	0.7737
10.899	0.7736
10.900	0.7735
10.901	0.7734
10.902	0.7733
10.903	0.7732
10.904	0.7731
10.905	0.7730
10.906	0.7729
10.907	0.7728
10.908	0.7727
10.909	0.7726
10.910	0.7725
10.911	0.7724
10.912	0.7723
10.913	0.7722
10.914	0.7721
10.915	0.7720
10.916	0.7719
10.917	0.7719
10.918	0.7718
10.919	0.7718
10.920	0.7717
10.921	0.7717
10.922	0.7716
10.923	0.7716
10.924	0.7715
10.925	0.7715
10.926	0.7714
10.927	0.7714
10.928	0.7713
10.929	0.7713
10.930	0.7712
10.931	0.7712
10.932	0.7711
10.933	0.7711
10.934	0.7710
10.935	0.7710
10.936	0.7709
10.937	0.7708
10.938	0.7708
10.939	0.7707
10.940	0.7707
10.941	0.7706
10.942	0.7706
10.943	0.7705
10.944	0.7704
10.945	0.7704
10.946	0.7703
10.947	0.7703
10.948	0.7702
10.949	0.7702
10.950	0.7701
10.951	0.7701
10.952	0.7700
10.953	0.7699
10.954	0.7699
10.955	0.7698
10.956	0.7698
10.957	0.7697
10.958	0.7697
10.959	0.7696
10.960	0.7696
10.961	0.7695
10.962	0.7695
10.963	0.7694
10.964	0.7694
10.965	0.7693
10.966	0.7693
10.967	0.7692
10.968	0.7692
10.969	0.7691
10.970	0.7691
10.971	0.7690
10.972	0.7689
10.973	0.7689
10.974	0.7688
10.975	0.7688
10.976	0.7687
10.977	0.7687
10.978	0.7686
10.979	0.7686
10.980	0.7685
10.981	0.7684
10.982	0.7684
10.983	0.7683
10.984	0.7683
10.985	0.7682
10.986	0.7682
10.987	0.7681
10.988	0.7680
10.989	0.7680
10.990	0.7679
10.991	0.7678
10.992	0.7678
10.993	0.7677
10.994	0.7677
10.995	0.7676
10.996	0.7675
10.997	0.7675
10.998	0.7674
10.999	0.7673
11.000	0.7673
11.001	0.7672
11.002	0.7671
11.003	0.7671
11.004	0.7670
11.005	0.7669
11.006	0.7669
11.007	0.7668
11.008	0.7668
11.009	0.7667
11.010	0.7666
11.011	0.7666
11.012	0.7665
11.013	0.7664
11.014	0.7664
11.015	0.7664
11.016	0.7664
11.017	0.7663
11.018	0.7663
11.019	0.7663
11.020	0.7663
11.021	0.7663
11.022	0.7663
11.023	0.7662
11.024	0.7662
11.025	0.7662
11.026	0.7662
11.027	0.7662
11.028	0.7662
11.029	0.7662
11.030	0.7661
11.031	0.7661
11.032	0.7661
11.033	0.7661
11.034	0.7661
11.035	0.7661
11.036	0.7661
11.037	0.7661
11.038	0.7661
11.039	0.7660
11.040	0.7660
11.041	0.7660
11.042	0.7660
11.043	0.7660
11.044	0.7660
11.045	0.7660
11.046	0.7660
11.047	0.7660
11.048	0.7659
11.049	0.7659
11.050	0.7659
11.051	0.7659
11.052	0.7659
11.053	0.7659
11.054	0.7659
11.055	0.7658
11.056	0.7658
11.057	0.7658
11.058	0.7658
11.059	0.7658
11.060	0.7658
11.061	0.7657
11.062	0.7657
11.063	0.7657
11.064	0.7657
11.065	0.7657
11.066	0.7656
11.067	0.7656
11.068	0.7656
11.069	0.7656
11.070	0.7656
11.071	0.7655
11.072	0.7655
11.073	0.7655
11.074	0.7655
11.075	0.7655
11.076	0.7655
11.077	0.7654
11.078	0.7654
11.079	0.7654
11.080	0.7654
11.081	0.7654
11.082	0.7653
11.083	0.7653
11.084	0.7653
11.085	0.7653
11.086	0.7653
11.087	0.7653
11.088	0.7652
11.089	0.7652
11.090	0.7652
11.091	0.7652
11.092	0.7652
11.093	0.7652
11.094	0.7652
11.095	0.7651
11.096	0.7651
11.097	0.7651
11.098	0.7651
11.099	0.7651
11.100	0.7651
11.101	0.7650
11.102	0.7650
11.103	0.7650
11.104	0.7650
11.105	0.7650
11.106	0.7650
11.107	0.7649
11.108	0.7649
11.109	0.7649
11.110	0.7649
11.111	0.7649
11.112	0.7649
11.113	0.7649
11.114	0.7650
11.115	0.7650
11.116	0.7651
11.117	0.7651
11.118	0.7652
11.119	0.7652
11.120	0.7653
11.121	0.7653
11.122	0.7654
11.123	0.7654
11.124	0.7655
11.125	0.7655
11.126	0.7656
11.127	0.7656
11.128	0.7656
11.129	0.7657
11.130	0.7657
11.131	0.7658
11.132	0.7658
11.133	0.7659
11.134	0.7659
11.135	0.7660
11.136	0.7660
11.137	0.7661
11.138	0.7661
11.139	0.7662
11.140	0.7662
11.141	0.7663
11.142	0.7664
11.143	0.7664
11.144	0.7665
11.145	0.7665
11.146	0.7666
11.147	0.7666
11.148	0.7667
11.149	0.7668
11.150	0.7668
11.151	0.7669
11.152	0.7670
11.153	0.7670
11.154	0.7671
11.155	0.7672
11.156	0.7672
11.157	0.7673
11.158	0.7674
11.159	0.7674
11.160	0.7675
11.161	0.7676
11.162	0.7676
11.163	0.7677
11.164	0.7677
11.165	0.7678
11.166	0.7678
11.167	0.7679
11.168	0.7679
11.169	0.7680
11.170	0.7680
11.171	0.7681
11.172	0.7681
11.173	0.7682
11.174	0.7682
11.175	0.7683
11.176	0.7683
11.177	0.7684
11.178	0.7684
11.179	0.7685
11.180	0.7685
11.181	0.7686
11.182	0.7686
11.183	0.7686
11.184	0.7687
11.185	0.7687
11.186	0.7688
11.187	0.7688
11.188	0.7689
11.189	0.7689
11.190	0.7689
11.191	0.7690
11.192	0.7690
11.193	0.7691
11.194	0.7691
11.195	0.7691
11.196	0.7692
11.197	0.7692
11.198	0.7693
11.199	0.7693
11.200	0.7694
11.201	0.7694
11.202	0.7695
11.203	0.7695
11.204	0.7695
11.205	0.7696
11.206	0.7696
11.207	0.7697
11.208	0.7697
11.209	0.7698
11.210	0.7698
11.211	0.7699
11.212	0.7700
11.213	0.7700
11.214	0.7701
11.215	0.7702
11.216	0.7703
11.217	0.7704
11.218	0.7705
11.219	0.7706
11.220	0.7706
11.221	0.7707
11.222	0.7708
11.223	0.7709
11.224	0.7710
11.225	0.7711
11.226	0.7711
11.227	0.7712
11.228	0.7713
11.229	0.7714
11.230	0.7715
11.231	0.7716
11.232	0.7716
11.233	0.7717
11.234	0.7718
11.235	0.7719
11.236	0.7720
11.237	0.7720
11.238	0.7721
11.239	0.7722
11.240	0.7723
11.241	0.7723
11.242	0.7724
11.243	0.7725
11.244	0.7726
11.245	0.7726
11.246	0.7727
11.247	0.7728
11.248	0.7728
11.249	0.7729
11.250	0.7729
11.251	0.7730
11.252	0.7731
11.253	0.7731
11.254	0.7732
11.255	0.7732
11.256	0.7733
11.257	0.7734
11.258	0.7734
11.259	0.7735
11.260	0.7735
11.261	0.7736
11.262	0.7736
11.263	0.7737
11.264	0.7737
11.265	0.7738
11.266	0.7738
11.267	0.7738
11.268	0.7739
11.269	0.7739
11.270	0.7739
11.271	0.7740
11.272	0.7740
11.273	0.7740
11.274	0.7741
11.275	0.7741
11.276	0.7742
11.277	0.7742
11.278	0.7742
11.279	0.7743
11.280	0.7743
11.281	0.7743
11.282	0.7744
11.283	0.7744
11.284	0.7745
11.285	0.7745
11.286	0.7745
11.287	0.7746
11.288	0.7746
11.289	0.7747
11.290	0.7747
11.291	0.7748
11.292	0.7748
11.293	0.7749
11.294	0.7749
11.295	0.7750
11.296	0.7750
11.297	0.7751
11.298	0.7751
11.299	0.7752
11.300	0.7752
11.301	0.7753
11.302	0.7753
11.303	0.7754
11.304	0.7754
11.305	0.7755
11.306	0.7755
11.307	0.7756
11.308	0.7756
11.309	0.7757
11.310	0.7758
11.311	0.7758
11.312	0.7759
11.313	0.7760
11.314	0.7760
11.315	0.7761
11.316	0.7762
11.317	0.7763
11.318	0.7764
11.319	0.7765
11.320	0.7766
11.321	0.7767
11.322	0.7768
11.323	0.7769
11.324	0.7770
11.325	0.7771
11.326	0.7772
11.327	0.7773
11.328	0.7773
11.329	0.7774
11.330	0.7775
11.331	0.7776
11.332	0.7777
11.333	0.7778
11.334	0.7779
11.335	0.7780
11.336	0.7781
11.337	0.7782
11.338	0.7783
11.339	0.7783
11.340	0.7784
11.341	0.7785
11.342	0.7786
11.343	0.7787
11.344	0.7788
11.345	0.7789
11.346	0.7789
11.347	0.7790
11.348	0.7791
11.349	0.7792
11.350	0.7793
11.351	0.7793
11.352	0.7794
11.353	0.7795
11.354	0.7796
11.355	0.7796
11.356	0.7797
11.357	0.7798
11.358	0.7799
11.359	0.7799
11.360	0.7800
11.361	0.7801
11.362	0.7801
11.363	0.7802
11.364	0.7803
11.365	0.7803
11.366	0.7803
11.367	0.7804
11.368	0.7804
11.369	0.7804
11.370	0.7804
11.371	0.7805
11.372	0.7805
11.373	0.7805
11.374	0.7805
11.375	0.7806
11.376	0.7806
11.377	0.7806
11.378	0.7806
11.379	0.7807
11.380	0.7807
11.381	0.7807
11.382	0.7807
11.383	0.7807
11.384	0.7808
11.385	0.7808
11.386	0.7808
11.387	0.7808
11.388	0.7808
11.389	0.7808
11.390	0.7808
11.391	0.7809
11.392	0.7809
11.393	0.7809
11.394	0.7809
11.395	0.7809
11.396	0.7809
11.397	0.7809
11.398	0.7810
11.399	0.7810
11.400	0.7810
11.401	0.7810
11.402	0.7810
11.403	0.7810
11.404	0.7810
11.405	0.7810
11.406	0.7811
11.407	0.7811
11.408	0.7811
11.409	0.7811
11.410	0.7811
11.411	0.7811
11.412	0.7811
11.413	0.7812
11.414	0.7812
11.415	0.7812
11.416	0.7812
11.417	0.7812
11.418	0.7812
11.419	0.7813
11.420	0.7813
11.421	0.7813
11.422	0.7813
11.423	0.7814
11.424	0.7814
11.425	0.7814
11.426	0.7815
11.427	0.7815
11.428	0.7815
11.429	0.7815
11.430	0.7816
11.431	0.7816
11.432	0.7816
11.433	0.7817
11.434	0.7817
11.435	0.7817
11.436	0.7817
11.437	0.7818
11.438	0.7818
11.439	0.7818
11.440	0.7819
11.441	0.7819
11.442	0.7819
11.443	0.7819
11.444	0.7820
11.445	0.7820
11.446	0.7820
11.447	0.7820
11.448	0.7820
11.449	0.7821
11.450	0.7821
11.451	0.7821
11.452	0.7821
11.453	0.7822
11.454	0.7822
11.455	0.7822
11.456	0.7822
11.457	0.7822
11.458	0.7822
11.459	0.7823
11.460	0.7823
11.461	0.7823
11.462	0.7823
11.463	0.7823
11.464	0.7823
11.465	0.7823
11.466	0.7824
11.467	0.7824
11.468	0.7824
11.469	0.7823
11.470	0.7823
11.471	0.7823
11.472	0.7822
11.473	0.7822
11.474	0.7821
11.475	0.7821
11.476	0.7820
11.477	0.7820
11.478	0.7819
11.479	0.7819
11.480	0.7818
11.481	0.7818
11.482	0.7817
11.483	0.7817
11.484	0.7816
11.485	0.7816
11.486	0.7815
11.487	0.7815
11.488	0.7814
11.489	0.7814
11.490	0.7813
11.491	0.7813
11.492	0.7812
11.493	0.7812
11.494	0.7811
11.495	0.7811
11.496	0.7810
11.497	0.7809
11.498	0.7809
11.499	0.7808
11.500	0.7808
11.501	0.7807
11.502	0.7806
11.503	0.7806
11.504	0.7805
11.505	0.7805
11.506	0.7804
11.507	0.7803
11.508	0.7803
11.509	0.7802
11.510	0.7801
11.511	0.7801
11.512	0.7800
11.513	0.7799
11.514	0.7799
11.515	0.7798
11.516	0.7797
11.517	0.7796
11.518	0.7796
11.519	0.7795
11.520	0.7794
11.521	0.7794
11.522	0.7793
11.523	0.7792
11.524	0.7791
11.525	0.7791
11.526	0.7790
11.527	0.7789
11.528	0.7788
11.529	0.7787
11.530	0.7786
11.531	0.7786
11.532	0.7785
11.533	0.7784
11.534	0.7783
11.535	0.7782
11.536	0.7782
11.537	0.7781
11.538	0.7780
11.539	0.7779
11.540	0.7778
11.541	0.7777
11.542	0.7776
11.543	0.7776
11.544	0.7775
11.545	0.7774
11.546	0.7773
11.547	0.7772
11.548	0.7771
11.549	0.7770
11.550	0.7769
11.551	0.7769
11.552	0.7768
11.553	0.7767
11.554	0.7766
11.555	0.7765
11.556	0.7764
11.557	0.7763
11.558	0.7762
11.559	0.7761
11.560	0.7760
11.561	0.7759
11.562	0.7758
11.563	0.7757
11.564	0.7756
11.565	0.7755
11.566	0.7754
11.567	0.7753
11.568	0.7752
11.569	0.7751
11.570	0.7750
11.571	0.7749
11.572	0.7748
11.573	0.7747
11.574	0.7746
11.575	0.7744
11.576	0.7743
11.577	0.7742
11.578	0.7740
11.579	0.7739
11.580	0.7737
11.581	0.7736
11.582	0.7734
11.583	0.7733
11.584	0.7731
11.585	0.7729
11.586	0.7728
11.587	0.7726
11.588	0.7725
11.589	0.7723
11.590	0.7722
11.591	0.7720
11.592	0.7719
11.593	0.7717
11.594	0.7716
11.595	0.7714
11.596	0.7713
11.597	0.7711
11.598	0.7709
11.599	0.7708
11.600	0.7706
11.601	0.7705
11.602	0.7703
11.603	0.7701
11.604	0.7700
11.605	0.7698
11.606	0.7697
11.607	0.7695
11.608	0.7693
11.609	0.7692
11.610	0.7690
11.611	0.7689
11.612	0.7687
11.613	0.7685
11.614	0.7684
11.615	0.7682
11.616	0.7681
11.617	0.7679
11.618	0.7677
11.619	0.7676
11.620	0.7674
11.621	0.7673
11.622	0.7671
11.623	0.7669
11.624	0.7668
11.625	0.7666
11.626	0.7665
11.627	0.7663
11.628	0.7661
11.629	0.7660
11.630	0.7658
11.631	0.7656
11.632	0.7654
11.633	0.7652
11.634	0.7650
11.635	0.7648
11.636	0.7646
11.637	0.7645
11.638	0.7643
11.639	0.7640
11.640	0.7638
11.641	0.7636
11.642	0.7634
11.643	0.7633
11.644	0.7631
11.645	0.7629
11.646	0.7627
11.647	0.7625
11.648	0.7623
11.649	0.7621
11.650	0.7619
11.651	0.7617
11.652	0.7616
11.653	0.7614
11.654	0.7612
11.655	0.7610
11.656	0.7608
11.657	0.7606
11.658	0.7604
11.659	0.7602
11.660	0.7600
11.661	0.7598
11.662	0.7596
11.663	0.7594
11.664	0.7592
11.665	0.7590
11.666	0.7588
11.667	0.7586
11.668	0.7584
11.669	0.7582
11.670	0.7580
11.671	0.7578
11.672	0.7576
11.673	0.7574
11.674	0.7572
11.675	0.7570
11.676	0.7568
11.677	0.7565
11.678	0.7563
11.679	0.7561
11.680	0.7559
11.681	0.7557
11.682	0.7555
11.683	0.7552
11.684	0.7550
11.685	0.7548
11.686	0.7545
11.687	0.7543
11.688	0.7540
11.689	0.7538
11.690	0.7536
11.691	0.7533
11.692	0.7531
11.693	0.7528
11.694	0.7526
11.695	0.7522
11.696	0.7520
11.697	0.7517
11.698	0.7515
11.699	0.7512
11.700	0.7509
11.701	0.7507
11.702	0.7504
11.703	0.7501
11.704	0.7499
11.705	0.7496
11.706	0.7493
11.707	0.7491
11.708	0.7488
11.709	0.7485
11.710	0.7482
11.711	0.7479
11.712	0.7477
11.713	0.7474
11.714	0.7471
11.715	0.7468
11.716	0.7465
11.717	0.7462
11.718	0.7459
11.719	0.7456
11.720	0.7453
11.721	0.7450
11.722	0.7447
11.723	0.7444
11.724	0.7441
11.725	0.7438
11.726	0.7435
11.727	0.7431
11.728	0.7428
11.729	0.7425
11.730	0.7422
11.731	0.7419
11.732	0.7415
11.733	0.7412
11.734	0.7409
11.735	0.7405
11.736	0.7402
11.737	0.7399
11.738	0.7395
11.739	0.7392
11.740	0.7388
11.741	0.7385
11.742	0.7381
11.743	0.7377
11.744	0.7374
11.745	0.7370
11.746	0.7366
11.747	0.7363
11.748	0.7359
11.749	0.7355
11.750	0.7351
11.751	0.7347
11.752	0.7343
11.753	0.7340
11.754	0.7336
11.755	0.7332
11.756	0.7329
11.757	0.7325
11.758	0.7321
11.759	0.7317
11.760	0.7314
11.761	0.7310
11.762	0.7306
11.763	0.7302
11.764	0.7299
11.765	0.7295
11.766	0.7291
11.767	0.7288
11.768	0.7284
11.769	0.7280
11.770	0.7276
11.771	0.7273
11.772	0.7269
11.773	0.7265
11.774	0.7262
11.775	0.7258
11.776	0.7254
11.777	0.7251
11.778	0.7247
11.779	0.7244
11.780	0.7240
11.781	0.7236
11.782	0.7233
11.783	0.7229
11.784	0.7226
11.785	0.7222
11.786	0.7219
11.787	0.7215
11.788	0.7212
11.789	0.7208
11.790	0.7205
11.791	0.7201
11.792	0.7198
11.793	0.7194
11.794	0.7190
11.795	0.7187
11.796	0.7183
11.797	0.7179
11.798	0.7176
11.799	0.7172
11.800	0.7168
11.801	0.7165
11.802	0.7161
11.803	0.7158
11.804	0.7154
11.805	0.7150
11.806	0.7146
11.807	0.7143
11.808	0.7139
11.809	0.7136
11.810	0.7132
11.811	0.7128
11.812	0.7125
11.813	0.7121
11.814	0.7118
11.815	0.7114
11.816	0.7111
11.817	0.7107
11.818	0.7103
11.819	0.7100
11.820	0.7096
11.821	0.7093
11.822	0.7089
11.823	0.7085
11.824	0.7082
11.825	0.7078
11.826	0.7074
11.827	0.7071
11.828	0.7067
11.829	0.7063
11.830	0.7060
11.831	0.7056
11.832	0.7052
11.833	0.7048
11.834	0.7045
11.835	0.7041
11.836	0.7037
11.837	0.7033
11.838	0.7029
11.839	0.7025
11.840	0.7021
11.841	0.7017
11.842	0.7013
11.843	0.7009
11.844	0.7005
11.845	0.7001
11.846	0.6997
11.847	0.6993
11.848	0.6989
11.849	0.6985
11.850	0.6980
11.851	0.6976
11.852	0.6972
11.853	0.6967
11.854	0.6963
11.855	0.6958
11.856	0.6954
11.857	0.6950
11.858	0.6945
11.859	0.6940
11.860	0.6936
11.861	0.6931
11.862	0.6926
11.863	0.6922
11.864	0.6917
11.865	0.6912
11.866	0.6908
11.867	0.6903
11.868	0.6898
11.869	0.6893
11.870	0.6888
11.871	0.6883
11.872	0.6878
11.873	0.6874
11.874	0.6869
11.875	0.6864
11.876	0.6859
11.877	0.6854
11.878	0.6848
11.879	0.6843
11.880	0.6838
11.881	0.6833
11.882	0.6828
11.883	0.6823
11.884	0.6817
11.885	0.6812
11.886	0.6807
11.887	0.6802
11.888	0.6796
11.889	0.6791
11.890	0.6786
11.891	0.6780
11.892	0.6775
11.893	0.6770
11.894	0.6764
11.895	0.6759
11.896	0.6754
11.897	0.6748
11.898	0.6743
11.899	0.6737
11.900	0.6732
11.901	0.6726
11.902	0.6721
11.903	0.6716
11.904	0.6710
11.905	0.6705
11.906	0.6700
11.907	0.6694
11.908	0.6689
11.909	0.6684
11.910	0.6678
11.911	0.6673
11.912	0.6668
11.913	0.6662
11.914	0.6657
11.915	0.6652
11.916	0.6647
11.917	0.6641
11.918	0.6636
11.919	0.6631
11.920	0.6626
11.921	0.6621
11.922	0.6616
11.923	0.6611
11.924	0.6606
11.925	0.6601
11.926	0.6596
11.927	0.6591
11.928	0.6586
11.929	0.6581
11.930	0.6577
11.931	0.6572
11.932	0.6567
11.933	0.6563
11.934	0.6558
11.935	0.6553
11.936	0.6549
11.937	0.6544
11.938	0.6540
11.939	0.6536
11.940	0.6531
11.941	0.6527
11.942	0.6523
11.943	0.6518
11.944	0.6514
11.945	0.6510
11.946	0.6506
11.947	0.6502
11.948	0.6498
11.949	0.6494
11.950	0.6490
11.951	0.6486
11.952	0.6482
11.953	0.6478
11.954	0.6474
11.955	0.6470
11.956	0.6467
11.957	0.6463
11.958	0.6460
11.959	0.6456
11.960	0.6452
11.961	0.6449
11.962	0.6446
11.963	0.6442
11.964	0.6438
11.965	0.6435
11.966	0.6431
11.967	0.6428
11.968	0.6425
11.969	0.6421
11.970	0.6418
11.971	0.6415
11.972	0.6412
11.973	0.6408
11.974	0.6405
11.975	0.6402
11.976	0.6400
11.977	0.6397
11.978	0.6394
11.979	0.6391
11.980	0.6388
11.981	0.6386
11.982	0.6383
11.983	0.6380
11.984	0.6378
11.985	0.6375
11.986	0.6373
11.987	0.6371
11.988	0.6368
11.989	0.6366
11.990	0.6364
11.991	0.6362
11.992	0.6360
11.993	0.6358
11.994	0.6356
11.995	0.6354
11.996	0.6353
11.997	0.6351
11.998	0.6349
11.999	0.6348
12.000	0.6346
12.001	0.6345
12.002	0.6343
12.003	0.6342
12.004	0.6341
12.005	0.6340
12.006	0.6338
12.007	0.6337
12.008	0.6336
12.009	0.6335
12.010	0.6334
12.011	0.6334
12.012	0.6333
12.013	0.6332
12.014	0.6331
12.015	0.6331
12.016	0.6330
12.017	0.6330
12.018	0.6329
12.019	0.6329
12.020	0.6329
12.021	0.6329
12.022	0.6328
12.023	0.6328
12.024	0.6328
12.025	0.6329
12.026	0.6329
12.027	0.6329
12.028	0.6329
12.029	0.6329
12.030	0.6330
12.031	0.6330
12.032	0.6330
12.033	0.6331
12.034	0.6331
12.035	0.6332
12.036	0.6332
12.037	0.6333
12.038	0.6334
12.039	0.6334
12.040	0.6335
12.041	0.6336
12.042	0.6337
12.043	0.6338
12.044	0.6339
12.045	0.6339
12.046	0.6340
12.047	0.6341
12.048	0.6342
12.049	0.6343
12.050	0.6344
12.051	0.6345
12.052	0.6346
12.053	0.6348
12.054	0.6349
12.055	0.6350
12.056	0.6351
12.057	0.6352
12.058	0.6353
12.059	0.6355
12.060	0.6356
12.061	0.6357
12.062	0.6358
12.063	0.6360
12.064	0.6361
12.065	0.6362
12.066	0.6363
12.067	0.6365
12.068	0.6366
12.069	0.6367
12.070	0.6368
12.071	0.6370
12.072	0.6371
12.073	0.6372
12.074	0.6373
12.075	0.6375
12.076	0.6376
12.077	0.6377
12.078	0.6378
12.079	0.6379
12.080	0.6381
12.081	0.6382
12.082	0.6383
12.083	0.6384
12.084	0.6385
12.085	0.6386
12.086	0.6387
12.087	0.6389
12.088	0.6390
12.089	0.6391
12.090	0.6392
12.091	0.6393
12.092	0.6394
12.093	0.6395
12.094	0.6396
12.095	0.6397
12.096	0.6398
12.097	0.6399
12.098	0.6400
12.099	0.6401
12.100	0.6402
12.101	0.6403
12.102	0.6404
12.103	0.6405
12.104	0.6406
12.105	0.6407
12.106	0.6408
12.107	0.6409
12.108	0.6410
12.109	0.6411
12.110	0.6412
12.111	0.6412
12.112	0.6413
12.113	0.6414
12.114	0.6415
12.115	0.6416
12.116	0.6417
12.117	0.6418
12.118	0.6419
12.119	0.6420
12.120	0.6422
12.121	0.6423
12.122	0.6424
12.123	0.6425
12.124	0.6426
12.125	0.6427
12.126	0.6429
12.127	0.6430
12.128	0.6431
12.129	0.6432
12.130	0.6434
12.131	0.6435
12.132	0.6436
12.133	0.6438
12.134	0.6439
12.135	0.6441
12.136	0.6442
12.137	0.6444
12.138	0.6446
12.139	0.6448
12.140	0.6450
12.141	0.6451
12.142	0.6453
12.143	0.6455
12.144	0.6457
12.145	0.6459
12.146	0.6461
12.147	0.6463
12.148	0.6465
12.149	0.6467
12.150	0.6469
12.151	0.6471
12.152	0.6473
12.153	0.6475
12.154	0.6478
12.155	0.6480
12.156	0.6482
12.157	0.6484
12.158	0.6487
12.159	0.6489
12.160	0.6491
12.161	0.6493
12.162	0.6496
12.163	0.6498
12.164	0.6500
12.165	0.6502
12.166	0.6504
12.167	0.6507
12.168	0.6509
12.169	0.6511
12.170	0.6513
12.171	0.6515
12.172	0.6518
12.173	0.6520
12.174	0.6522
12.175	0.6524
12.176	0.6526
12.177	0.6528
12.178	0.6530
12.179	0.6532
12.180	0.6534
12.181	0.6536
12.182	0.6538
12.183	0.6540
12.184	0.6542
12.185	0.6544
12.186	0.6546
12.187	0.6547
12.188	0.6549
12.189	0.6551
12.190	0.6552
12.191	0.6554
12.192	0.6556
12.193	0.6557
12.194	0.6559
12.195	0.6560
12.196	0.6562
12.197	0.6564
12.198	0.6566
12.199	0.6567
12.200	0.6569
12.201	0.6571
12.202	0.6572
12.203	0.6574
12.204	0.6575
12.205	0.6577
12.206	0.6578
12.207	0.6580
12.208	0.6581
12.209	0.6582
12.210	0.6584
12.211	0.6585
12.212	0.6586
12.213	0.6587
12.214	0.6588
12.215	0.6589
12.216	0.6591
12.217	0.6592
12.218	0.6593
12.219	0.6594
12.220	0.6595
12.221	0.6596
12.222	0.6596
12.223	0.6597
12.224	0.6598
12.225	0.6599
12.226	0.6600
12.227	0.6601
12.228	0.6602
12.229	0.6602
12.230	0.6603
12.231	0.6604
12.232	0.6604
12.233	0.6605
12.234	0.6606
12.235	0.6606
12.236	0.6607
12.237	0.6608
12.238	0.6608
12.239	0.6609
12.240	0.6609
12.241	0.6610
12.242	0.6610
12.243	0.6611
12.244	0.6611
12.245	0.6612
12.246	0.6612
12.247	0.6613
12.248	0.6613
12.249	0.6613
12.250	0.6614
12.251	0.6614
12.252	0.6614
12.253	0.6615
12.254	0.6615
12.255	0.6615
12.256	0.6615
12.257	0.6616
12.258	0.6616
12.259	0.6617
12.260	0.6617
12.261	0.6617
12.262	0.6617
12.263	0.6618
12.264	0.6618
12.265	0.6618
12.266	0.6618
12.267	0.6618
12.268	0.6618
12.269	0.6618
12.270	0.6618
12.271	0.6618
12.272	0.6618
12.273	0.6618
12.274	0.6618
12.275	0.6618
12.276	0.6618
12.277	0.6618
12.278	0.6618
12.279	0.6617
12.280	0.6617
12.281	0.6617
12.282	0.6616
12.283	0.6616
12.284	0.6615
12.285	0.6615
12.286	0.6614
12.287	0.6614
12.288	0.6613
12.289	0.6612
12.290	0.6612
12.291	0.6611
12.292	0.6610
12.293	0.6609
12.294	0.6608
12.295	0.6607
12.296	0.6606
12.297	0.6605
12.298	0.6604
12.299	0.6603
12.300	0.6602
12.301	0.6601
12.302	0.6600
12.303	0.6598
12.304	0.6597
12.305	0.6595
12.306	0.6594
12.307	0.6592
12.308	0.6591
12.309	0.6589
12.310	0.6587
12.311	0.6586
12.312	0.6584
12.313	0.6582
12.314	0.6581
12.315	0.6579
12.316	0.6577
12.317	0.6576
12.318	0.6574
12.319	0.6572
12.320	0.6571
12.321	0.6569
12.322	0.6567
12.323	0.6565
12.324	0.6564
12.325	0.6562
12.326	0.6560
12.327	0.6558
12.328	0.6556
12.329	0.6554
12.330	0.6553
12.331	0.6551
12.332	0.6549
12.333	0.6547
12.334	0.6545
12.335	0.6543
12.336	0.6541
12.337	0.6539
12.338	0.6537
12.339	0.6535
12.340	0.6533
12.341	0.6531
12.342	0.6530
12.343	0.6528
12.344	0.6526
12.345	0.6524
12.346	0.6522
12.347	0.6521
12.348	0.6519
12.349	0.6517
12.350	0.6515
12.351	0.6514
12.352	0.6512
12.353	0.6510
12.354	0.6509
12.355	0.6507
12.356	0.6506
12.357	0.6504
12.358	0.6503
12.359	0.6501
12.360	0.6500
12.361	0.6499
12.362	0.6497
12.363	0.6496
12.364	0.6495
12.365	0.6494
12.366	0.6493
12.367	0.6492
12.368	0.6491
12.369	0.6490
12.370	0.6489
12.371	0.6488
12.372	0.6487
12.373	0.6486
12.374	0.6486
12.375	0.6485
12.376	0.6485
12.377	0.6484
12.378	0.6484
12.379	0.6484
12.380	0.6484
12.381	0.6484
12.382	0.6484
12.383	0.6485
12.384	0.6485
12.385	0.6485
12.386	0.6485
12.387	0.6486
12.388	0.6486
12.389	0.6486
12.390	0.6487
12.391	0.6487
12.392	0.6488
12.393	0.6488
12.394	0.6489
12.395	0.6489
12.396	0.6490
12.397	0.6491
12.398	0.6492
12.399	0.6492
12.400	0.6493
12.401	0.6494
12.402	0.6495
12.403	0.6495
12.404	0.6496
12.405	0.6497
12.406	0.6498
12.407	0.6499
12.408	0.6499
12.409	0.6500
12.410	0.6501
12.411	0.6502
12.412	0.6503
12.413	0.6503
12.414	0.6504
12.415	0.6505
12.416	0.6506
12.417	0.6506
12.418	0.6507
12.419	0.6508
12.420	0.6508
12.421	0.6509
12.422	0.6510
12.423	0.6511
12.424	0.6511
12.425	0.6512
12.426	0.6512
12.427	0.6513
12.428	0.6514
12.429	0.6514
12.430	0.6515
12.431	0.6515
12.432	0.6516
12.433	0.6516
12.434	0.6517
12.435	0.6517
12.436	0.6517
12.437	0.6518
12.438	0.6518
12.439	0.6518
12.440	0.6519
12.441	0.6519
12.442	0.6519
12.443	0.6520
12.444	0.6520
12.445	0.6520
12.446	0.6520
12.447	0.6520
12.448	0.6521
12.449	0.6521
12.450	0.6521
12.451	0.6521
12.452	0.6521
12.453	0.6521
12.454	0.6521
12.455	0.6521
12.456	0.6521
12.457	0.6521
12.458	0.6521
12.459	0.6520
12.460	0.6520
12.461	0.6520
12.462	0.6520
12.463	0.6520
12.464	0.6519
12.465	0.6519
12.466	0.6519
12.467	0.6519
12.468	0.6518
12.469	0.6518
12.470	0.6518
12.471	0.6518
12.472	0.6517
12.473	0.6516
12.474	0.6516
12.475	0.6515
12.476	0.6515
12.477	0.6514
12.478	0.6514
12.479	0.6514
12.480	0.6513
12.481	0.6513
12.482	0.6512
12.483	0.6512
12.484	0.6512
12.485	0.6511
12.486	0.6511
12.487	0.6511
12.488	0.6510
12.489	0.6510
12.490	0.6510
12.491	0.6509
12.492	0.6509
12.493	0.6508
12.494	0.6508
12.495	0.6508
12.496	0.6507
12.497	0.6507
12.498	0.6507
12.499	0.6507
12.500	0.6506
12.501	0.6506
12.502	0.6506
12.503	0.6506
12.504	0.6506
12.505	0.6506
12.506	0.6506
12.507	0.6506
12.508	0.6506
12.509	0.6506
12.510	0.6506
12.511	0.6507
12.512	0.6507
12.513	0.6507
12.514	0.6507
12.515	0.6507
12.516	0.6507
12.517	0.6507
12.518	0.6507
12.519	0.6508
12.520	0.6508
12.521	0.6508
12.522	0.6508
12.523	0.6508
12.524	0.6509
12.525	0.6509
12.526	0.6509
12.527	0.6510
12.528	0.6509
12.529	0.6509
12.530	0.6509
12.531	0.6510
12.532	0.6510
12.533	0.6510
12.534	0.6511
12.535	0.6511
12.536	0.6511
12.537	0.6512
12.538	0.6512
12.539	0.6512
12.540	0.6513
12.541	0.6513
12.542	0.6514
12.543	0.6514
12.544	0.6514
12.545	0.6515
12.546	0.6515
12.547	0.6516
12.548	0.6516
12.549	0.6517
12.550	0.6517
12.551	0.6517
12.552	0.6518
12.553	0.6518
12.554	0.6519
12.555	0.6519
12.556	0.6520
12.557	0.6520
12.558	0.6521
12.559	0.6521
12.560	0.6522
12.561	0.6522
12.562	0.6523
12.563	0.6523
12.564	0.6524
12.565	0.6524
12.566	0.6525
12.567	0.6526
12.568	0.6526
12.569	0.6527
12.570	0.6528
12.571	0.6529
12.572	0.6529
12.573	0.6530
12.574	0.6531
12.575	0.6531
12.576	0.6532
12.577	0.6533
12.578	0.6533
12.579	0.6534
12.580	0.6534
12.581	0.6535
12.582	0.6536
12.583	0.6536
12.584	0.6536
12.585	0.6536
12.586	0.6537
12.587	0.6538
12.588	0.6538
12.589	0.6539
12.590	0.6539
12.591	0.6540
12.592	0.6541
12.593	0.6541
12.594	0.6542
12.595	0.6542
12.596	0.6543
12.597	0.6543
12.598	0.6544
12.599	0.6544
12.600	0.6545
12.601	0.6545
12.602	0.6546
12.603	0.6547
12.604	0.6547
12.605	0.6548
12.606	0.6548
12.607	0.6549
12.608	0.6549
12.609	0.6550
12.610	0.6550
12.611	0.6550
12.612	0.6551
12.613	0.6551
12.614	0.6552
12.615	0.6552
12.616	0.6553
12.617	0.6553
12.618	0.6554
12.619	0.6554
12.620	0.6554
12.621	0.6555
12.622	0.6555
12.623	0.6556
12.624	0.6556
12.625	0.6556
12.626	0.6557
12.627	0.6557
12.628	0.6557
12.629	0.6557
12.630	0.6557
12.631	0.6558
12.632	0.6558
12.633	0.6558
12.634	0.6558
12.635	0.6558
12.636	0.6558
12.637	0.6559
12.638	0.6559
12.639	0.6557
12.640	0.6557
12.641	0.6557
12.642	0.6557
12.643	0.6557
12.644	0.6557
12.645	0.6557
12.646	0.6557
12.647	0.6557
12.648	0.6557
12.649	0.6557
12.650	0.6557
12.651	0.6557
12.652	0.6557
12.653	0.6557
12.654	0.6556
12.655	0.6556
12.656	0.6556
12.657	0.6556
12.658	0.6556
12.659	0.6555
12.660	0.6555
12.661	0.6555
12.662	0.6554
12.663	0.6554
12.664	0.6554
12.665	0.6553
12.666	0.6553
12.667	0.6553
12.668	0.6552
12.669	0.6552
12.670	0.6551
12.671	0.6551
12.672	0.6550
12.673	0.6550
12.674	0.6549
12.675	0.6548
12.676	0.6548
12.677	0.6547
12.678	0.6546
12.679	0.6546
12.680	0.6545
12.681	0.6544
12.682	0.6544
12.683	0.6543
12.684	0.6542
12.685	0.6541
12.686	0.6540
12.687	0.6539
12.688	0.6539
12.689	0.6538
12.690	0.6537
12.691	0.6536
12.692	0.6535
12.693	0.6534
12.694	0.6533
12.695	0.6530
12.696	0.6529
12.697	0.6528
12.698	0.6527
12.699	0.6526
12.700	0.6525
12.701	0.6524
12.702	0.6523
12.703	0.6522
12.704	0.6521
12.705	0.6519
12.706	0.6518
12.707	0.6517
12.708	0.6516
12.709	0.6515
12.710	0.6513
12.711	0.6512
12.712	0.6511
12.713	0.6510
12.714	0.6508
12.715	0.6507
12.716	0.6506
12.717	0.6504
12.718	0.6503
12.719	0.6501
12.720	0.6500
12.721	0.6499
12.722	0.6497
12.723	0.6496
12.724	0.6494
12.725	0.6493
12.726	0.6491
12.727	0.6490
12.728	0.6489
12.729	0.6487
12.730	0.6486
12.731	0.6484
12.732	0.6483
12.733	0.6481
12.734	0.6479
12.735	0.6478
12.736	0.6476
12.737	0.6475
12.738	0.6473
12.739	0.6472
12.740	0.6470
12.741	0.6469
12.742	0.6467
12.743	0.6466
12.744	0.6464
12.745	0.6462
12.746	0.6461
12.747	0.6459
12.748	0.6458
12.749	0.6456
12.750	0.6452
12.751	0.6450
12.752	0.6449
12.753	0.6447
12.754	0.6445
12.755	0.6444
12.756	0.6442
12.757	0.6440
12.758	0.6438
12.759	0.6435
12.760	0.6433
12.761	0.6431
12.762	0.6429
12.763	0.6427
12.764	0.6425
12.765	0.6423
12.766	0.6421
12.767	0.6419
12.768	0.6417
12.769	0.6414
12.770	0.6412
12.771	0.6410
12.772	0.6408
12.773	0.6406
12.774	0.6404
12.775	0.6402
12.776	0.6399
12.777	0.6397
12.778	0.6395
12.779	0.6393
12.780	0.6391
12.781	0.6388
12.782	0.6386
12.783	0.6384
12.784	0.6382
12.785	0.6379
12.786	0.6377
12.787	0.6375
12.788	0.6373
12.789	0.6370
12.790	0.6368
12.791	0.6366
12.792	0.6363
12.793	0.6361
12.794	0.6359
12.795	0.6356
12.796	0.6354
12.797	0.6351
12.798	0.6349
12.799	0.6346
12.800	0.6344
12.801	0.6341
12.802	0.6339
12.803	0.6336
12.804	0.6334
12.805	0.6331
12.806	0.6325
12.807	0.6323
12.808	0.6320
12.809	0.6317
12.810	0.6315
12.811	0.6312
12.812	0.6309
12.813	0.6307
12.814	0.6304
12.815	0.6301
12.816	0.6298
12.817	0.6295
12.818	0.6292
12.819	0.6289
12.820	0.6287
12.821	0.6283
12.822	0.6280
12.823	0.6277
12.824	0.6274
12.825	0.6271
12.826	0.6268
12.827	0.6264
12.828	0.6261
12.829	0.6258
12.830	0.6255
12.831	0.6251
12.832	0.6248
12.833	0.6244
12.834	0.6241
12.835	0.6237
12.836	0.6234
12.837	0.6230
12.838	0.6227
12.839	0.6223
12.840	0.6219
12.841	0.6216
12.842	0.6212
12.843	0.6208
12.844	0.6204
12.845	0.6201
12.846	0.6197
12.847	0.6193
12.848	0.6189
12.849	0.6185
12.850	0.6181
12.851	0.6177
12.852	0.6173
12.853	0.6169
12.854	0.6164
12.855	0.6160
12.856	0.6156
12.857	0.6152
12.858	0.6148
12.859	0.6143
12.860	0.6139
12.861	0.6134
12.862	0.6126
12.863	0.6121
12.864	0.6117
12.865	0.6112
12.866	0.6108
12.867	0.6103
12.868	0.6099
12.869	0.6094
12.870	0.6089
12.871	0.6085
12.872	0.6080
12.873	0.6075
12.874	0.6071
12.875	0.6066
12.876	0.6061
12.877	0.6056
12.878	0.6051
12.879	0.6046
12.880	0.6041
12.881	0.6036
12.882	0.6031
12.883	0.6026
12.884	0.6021
12.885	0.6016
12.886	0.6011
12.887	0.6006
12.888	0.6001
12.889	0.5995
12.890	0.5989
12.891	0.5984
12.892	0.5978
12.893	0.5973
12.894	0.5967
12.895	0.5961
12.896	0.5956
12.897	0.5950
12.898	0.5944
12.899	0.5939
12.900	0.5933
12.901	0.5928
12.902	0.5922
12.903	0.5916
12.904	0.5911
12.905	0.5905
12.906	0.5899
12.907	0.5894
12.908	0.5888
12.909	0.5883
12.910	0.5877
12.911	0.5871
12.912	0.5866
12.913	0.5860
12.914	0.5854
12.915	0.5849
12.916	0.5843
12.917	0.5833
12.918	0.5827
12.919	0.5822
12.920	0.5816
12.921	0.5810
12.922	0.5805
12.923	0.5799
12.924	0.5794
12.925	0.5788
12.926	0.5783
12.927	0.5777
12.928	0.5772
12.929	0.5766
12.930	0.5761
12.931	0.5755
12.932	0.5750
12.933	0.5744
12.934	0.5739
12.935	0.5734
12.936	0.5728
12.937	0.5723
12.938	0.5717
12.939	0.5712
12.940	0.5707
12.941	0.5701
12.942	0.5696
12.943	0.5690
12.944	0.5685
12.945	0.5680
12.946	0.5674
12.947	0.5669
12.948	0.5664
12.949	0.5658
12.950	0.5653
12.951	0.5648
12.952	0.5642
12.953	0.5637
12.954	0.5632
12.955	0.5626
12.956	0.5621
12.957	0.5615
12.958	0.5610
12.959	0.5604
12.960	0.5599
12.961	0.5593
12.962	0.5588
12.963	0.5582
12.964	0.5577
12.965	0.5571
12.966	0.5566
12.967	0.5560
12.968	0.5555
12.969	0.5549
12.970	0.5543
12.971	0.5538
12.972	0.5532
12.973	0.5521
12.974	0.5515
12.975	0.5510
12.976	0.5504
12.977	0.5498
12.978	0.5493
12.979	0.5487
12.980	0.5481
12.981	0.5475
12.982	0.5470
12.983	0.5464
12.984	0.5458
12.985	0.5452
12.986	0.5446
12.987	0.5440
12.988	0.5435
12.989	0.5429
12.990	0.5423
12.991	0.5417
12.992	0.5411
12.993	0.5405
12.994	0.5399
12.995	0.5393
12.996	0.5387
12.997	0.5380
12.998	0.5374
12.999	0.5368
