# 1C
# Wave    1cR1xT
4.000	0.0001
4.001	0.0001
4.002	0.0001
4.003	0.0001
4.004	0.0001
4.005	0.0000
4.006	0.0000
4.007	0.0000
4.008	-0.0001
4.009	-0.0001
4.010	-0.0001
4.011	-0.0001
4.012	-0.0001
4.013	-0.0001
4.014	0.0000
4.015	0.0000
4.016	0.0000
4.017	-0.0017
4.018	-0.0035
4.019	-0.0053
4.020	-0.0072
4.021	-0.0091
4.022	-0.0109
4.023	-0.0110
4.024	-0.0092
4.025	-0.0074
4.026	-0.0056
4.027	-0.0038
4.028	-0.0020
4.029	-0.0002
4.030	-0.0002
4.031	-0.0001
4.032	-0.0001
4.033	-0.0001
4.034	0.0000
4.035	0.0000
4.036	-0.0001
4.037	-0.0002
4.038	-0.0003
4.039	-0.0005
4.040	-0.0006
4.041	-0.0007
4.042	-0.0009
4.043	-0.0004
4.044	0.0001
4.045	0.0006
4.046	0.0011
4.047	0.0016
4.048	0.0020
4.049	0.0022
4.050	0.0020
4.051	0.0017
4.052	0.0014
4.053	0.0011
4.054	0.0009
4.055	0.0006
4.056	0.0005
4.057	0.0005
4.058	0.0005
4.059	0.0004
4.060	0.0004
4.061	0.0004
4.062	0.0004
4.063	0.0004
4.064	0.0005
4.065	0.0005
4.066	0.0006
4.067	0.0006
4.068	0.0007
4.069	0.0007
4.070	0.0006
4.071	0.0006
4.072	0.0006
4.073	0.0006
4.074	0.0006
4.075	0.0005
4.076	0.0005
4.077	0.0005
4.078	0.0005
4.079	0.0005
4.080	0.0005
4.081	0.0005
4.082	0.0005
4.083	0.0006
4.084	0.0006
4.085	0.0006
4.086	0.0006
4.087	0.0006
4.088	0.0006
4.089	0.0006
4.090	0.0006
4.091	0.0005
4.092	0.0005
4.093	0.0005
4.094	0.0004
4.095	0.0004
4.096	0.0004
4.097	0.0003
4.098	0.0003
4.099	0.0003
4.100	0.0002
4.101	0.0002
4.102	0.0002
4.103	0.0003
4.104	0.0004
4.105	0.0005
4.106	0.0006
4.107	0.0007
4.108	0.0008
4.109	0.0008
4.110	0.0007
4.111	0.0007
4.112	0.0006
4.113	0.0006
4.114	0.0005
4.115	0.0004
4.116	0.0005
4.117	0.0005
4.118	0.0006
4.119	0.0006
4.120	0.0006
4.121	0.0007
4.122	0.0007
4.123	0.0007
4.124	0.0006
4.125	0.0006
4.126	0.0005
4.127	0.0005
4.128	0.0004
4.129	0.0004
4.130	0.0004
4.131	0.0004
4.132	0.0004
4.133	0.0004
4.134	0.0004
4.135	0.0004
4.136	0.0004
4.137	0.0004
4.138	0.0004
4.139	0.0004
4.140	0.0003
4.141	0.0003
4.142	0.0003
4.143	0.0003
4.144	0.0003
4.145	0.0003
4.146	0.0003
4.147	0.0003
4.148	0.0003
4.149	0.0003
4.150	0.0003
4.151	0.0004
4.152	0.0004
4.153	0.0004
4.154	0.0005
4.155	0.0005
4.156	0.0006
4.157	0.0006
4.158	0.0006
4.159	0.0006
4.160	0.0006
4.161	0.0006
4.162	0.0006
4.163	0.0006
4.164	0.0006
4.165	0.0006
4.166	0.0006
4.167	0.0006
4.168	0.0005
4.169	0.0005
4.170	0.0005
4.171	0.0005
4.172	0.0005
4.173	0.0004
4.174	0.0004
4.175	0.0004
4.176	0.0004
4.177	0.0003
4.178	0.0003
4.179	0.0004
4.180	0.0004
4.181	0.0004
4.182	0.0004
4.183	0.0004
4.184	0.0004
4.185	0.0004
4.186	0.0004
4.187	0.0004
4.188	0.0004
4.189	0.0003
4.190	0.0003
4.191	0.0003
4.192	0.0004
4.193	0.0004
4.194	0.0004
4.195	0.0005
4.196	0.0005
4.197	0.0006
4.198	0.0006
4.199	0.0006
4.200	0.0006
4.201	0.0006
4.202	0.0005
4.203	0.0005
4.204	0.0005
4.205	0.0005
4.206	0.0005
4.207	0.0005
4.208	0.0005
4.209	0.0005
4.210	0.0005
4.211	0.0006
4.212	0.0006
4.213	0.0006
4.214	0.0006
4.215	0.0005
4.216	0.0005
4.217	0.0005
4.218	0.0005
4.219	0.0005
4.220	0.0007
4.221	0.0011
4.222	0.0015
4.223	0.0019
4.224	0.0023
4.225	0.0027
4.226	0.0031
4.227	0.0031
4.228	0.0028
4.229	0.0025
4.230	0.0022
4.231	0.0019
4.232	0.0016
4.233	0.0013
4.234	0.0011
4.235	0.0010
4.236	0.0010
4.237	0.0010
4.238	0.0010
4.239	0.0010
4.240	0.0009
4.241	0.0009
4.242	0.0011
4.243	0.0012
4.244	0.0013
4.245	0.0014
4.246	0.0016
4.247	0.0017
4.248	0.0018
4.249	0.0018
4.250	0.0019
4.251	0.0019
4.252	0.0019
4.253	0.0019
4.254	0.0020
4.255	0.0020
4.256	0.0020
4.257	0.0019
4.258	0.0018
4.259	0.0017
4.260	0.0016
4.261	0.0015
4.262	0.0015
4.263	0.0014
4.264	0.0015
4.265	0.0015
4.266	0.0016
4.267	0.0016
4.268	0.0017
4.269	0.0017
4.270	0.0018
4.271	0.0018
4.272	0.0019
4.273	0.0019
4.274	0.0020
4.275	0.0020
4.276	0.0021
4.277	0.0021
4.278	0.0022
4.279	0.0023
4.280	0.0024
4.281	0.0025
4.282	0.0026
4.283	0.0027
4.284	0.0028
4.285	0.0030
4.286	0.0033
4.287	0.0036
4.288	0.0038
4.289	0.0041
4.290	0.0044
4.291	0.0047
4.292	0.0050
4.293	0.0054
4.294	0.0058
4.295	0.0063
4.296	0.0067
4.297	0.0071
4.298	0.0076
4.299	0.0080
4.300	0.0084
4.301	0.0089
4.302	0.0094
4.303	0.0098
4.304	0.0103
4.305	0.0108
4.306	0.0112
4.307	0.0116
4.308	0.0117
4.309	0.0118
4.310	0.0119
4.311	0.0121
4.312	0.0122
4.313	0.0123
4.314	0.0125
4.315	0.0132
4.316	0.0141
4.317	0.0149
4.318	0.0158
4.319	0.0166
4.320	0.0175
4.321	0.0183
4.322	0.0191
4.323	0.0197
4.324	0.0204
4.325	0.0211
4.326	0.0217
4.327	0.0224
4.328	0.0230
4.329	0.0237
4.330	0.0246
4.331	0.0255
4.332	0.0263
4.333	0.0272
4.334	0.0281
4.335	0.0290
4.336	0.0298
4.337	0.0309
4.338	0.0323
4.339	0.0336
4.340	0.0349
4.341	0.0362
4.342	0.0375
4.343	0.0388
4.344	0.0401
4.345	0.0424
4.346	0.0446
4.347	0.0468
4.348	0.0490
4.349	0.0512
4.350	0.0535
4.351	0.0557
4.352	0.0578
4.353	0.0600
4.354	0.0622
4.355	0.0643
4.356	0.0664
4.357	0.0686
4.358	0.0707
4.359	0.0728
4.360	0.0758
4.361	0.0789
4.362	0.0820
4.363	0.0851
4.364	0.0882
4.365	0.0913
4.366	0.0944
4.367	0.0976
4.368	0.1015
4.369	0.1053
4.370	0.1091
4.371	0.1128
4.372	0.1165
4.373	0.1202
4.374	0.1238
4.375	0.1282
4.376	0.1334
4.377	0.1386
4.378	0.1436
4.379	0.1486
4.380	0.1534
4.381	0.1581
4.382	0.1626
4.383	0.1685
4.384	0.1744
4.385	0.1801
4.386	0.1854
4.387	0.1906
4.388	0.1953
4.389	0.1998
4.390	0.2041
4.391	0.2091
4.392	0.2135
4.393	0.2174
4.394	0.2206
4.395	0.2232
4.396	0.2251
4.397	0.2262
4.398	0.2270
4.399	0.2274
4.400	0.2270
4.401	0.2259
4.402	0.2242
4.403	0.2218
4.404	0.2192
4.405	0.2164
4.406	0.2135
4.407	0.2109
4.408	0.2089
4.409	0.2078
4.410	0.2079
4.411	0.2093
4.412	0.2126
4.413	0.2177
4.414	0.2244
4.415	0.2333
4.416	0.2441
4.417	0.2668
4.418	0.2830
4.419	0.3004
4.420	0.3192
4.421	0.3383
4.422	0.3560
4.423	0.3737
4.424	0.3914
4.425	0.4087
4.426	0.4257
4.427	0.4421
4.428	0.4580
4.429	0.4727
4.430	0.4854
4.431	0.4974
4.432	0.5088
4.433	0.5196
4.434	0.5298
4.435	0.5395
4.436	0.5486
4.437	0.5567
4.438	0.5632
4.439	0.5693
4.440	0.5750
4.441	0.5805
4.442	0.5856
4.443	0.5904
4.444	0.5949
4.445	0.5985
4.446	0.6013
4.447	0.6039
4.448	0.6063
4.449	0.6085
4.450	0.6106
4.451	0.6126
4.452	0.6144
4.453	0.6158
4.454	0.6168
4.455	0.6178
4.456	0.6186
4.457	0.6194
4.458	0.6201
4.459	0.6207
4.460	0.6212
4.461	0.6221
4.462	0.6230
4.463	0.6238
4.464	0.6246
4.465	0.6254
4.466	0.6261
4.467	0.6268
4.468	0.6275
4.469	0.6285
4.470	0.6296
4.471	0.6307
4.472	0.6318
4.473	0.6333
4.474	0.6342
4.475	0.6351
4.476	0.6360
4.477	0.6373
4.478	0.6388
4.479	0.6403
4.480	0.6417
4.481	0.6432
4.482	0.6446
4.483	0.6461
4.484	0.6475
4.485	0.6497
4.486	0.6521
4.487	0.6546
4.488	0.6571
4.489	0.6595
4.490	0.6619
4.491	0.6644
4.492	0.6668
4.493	0.6699
4.494	0.6734
4.495	0.6769
4.496	0.6804
4.497	0.6840
4.498	0.6875
4.499	0.6910
4.500	0.6945
4.501	0.6984
4.502	0.7027
4.503	0.7071
4.504	0.7114
4.505	0.7157
4.506	0.7200
4.507	0.7243
4.508	0.7287
4.509	0.7331
4.510	0.7378
4.511	0.7425
4.512	0.7472
4.513	0.7519
4.514	0.7565
4.515	0.7612
4.516	0.7658
4.517	0.7704
4.518	0.7746
4.519	0.7788
4.520	0.7830
4.521	0.7872
4.522	0.7915
4.523	0.7957
4.524	0.8000
4.525	0.8041
4.526	0.8075
4.527	0.8110
4.528	0.8145
4.529	0.8178
4.530	0.8212
4.531	0.8246
4.532	0.8279
4.533	0.8313
4.534	0.8337
4.535	0.8361
4.536	0.8384
4.537	0.8407
4.538	0.8431
4.539	0.8454
4.540	0.8477
4.541	0.8501
4.542	0.8517
4.543	0.8531
4.544	0.8544
4.545	0.8558
4.546	0.8572
4.547	0.8586
4.548	0.8600
4.549	0.8613
4.550	0.8625
4.551	0.8634
4.552	0.8643
4.553	0.8653
4.554	0.8662
4.555	0.8671
4.556	0.8680
4.557	0.8690
4.558	0.8699
4.559	0.8703
4.560	0.8708
4.561	0.8713
4.562	0.8717
4.563	0.8721
4.564	0.8726
4.565	0.8730
4.566	0.8733
4.567	0.8736
4.568	0.8739
4.569	0.8741
4.570	0.8744
4.571	0.8746
4.572	0.8749
4.573	0.8751
4.574	0.8754
4.575	0.8756
4.576	0.8758
4.577	0.8759
4.578	0.8760
4.579	0.8762
4.580	0.8763
4.581	0.8765
4.582	0.8766
4.583	0.8768
4.584	0.8769
4.585	0.8771
4.586	0.8772
4.587	0.8773
4.588	0.8774
4.589	0.8775
4.590	0.8775
4.591	0.8776
4.592	0.8776
4.593	0.8777
4.594	0.8777
4.595	0.8778
4.596	0.8779
4.597	0.8780
4.598	0.8782
4.599	0.8783
4.600	0.8785
4.601	0.8788
4.602	0.8790
4.603	0.8792
4.604	0.8794
4.605	0.8797
4.606	0.8798
4.607	0.8800
4.608	0.8801
4.609	0.8802
4.610	0.8802
4.611	0.8802
4.612	0.8801
4.613	0.8801
4.614	0.8801
4.615	0.8801
4.616	0.8801
4.617	0.8801
4.618	0.8801
4.619	0.8800
4.620	0.8800
4.621	0.8799
4.622	0.8799
4.623	0.8799
4.624	0.8799
4.625	0.8799
4.626	0.8799
4.627	0.8799
4.628	0.8799
4.629	0.8799
4.630	0.8800
4.631	0.8800
4.632	0.8800
4.633	0.8800
4.634	0.8800
4.635	0.8800
4.636	0.8799
4.637	0.8798
4.638	0.8797
4.639	0.8794
4.640	0.8792
4.641	0.8790
4.642	0.8789
4.643	0.8787
4.644	0.8786
4.645	0.8786
4.646	0.8786
4.647	0.8786
4.648	0.8787
4.649	0.8787
4.650	0.8788
4.651	0.8788
4.652	0.8790
4.653	0.8791
4.654	0.8792
4.655	0.8793
4.656	0.8793
4.657	0.8794
4.658	0.8794
4.659	0.8794
4.660	0.8795
4.661	0.8794
4.662	0.8793
4.663	0.8793
4.664	0.8792
4.665	0.8792
4.666	0.8791
4.667	0.8791
4.668	0.8791
4.669	0.8791
4.670	0.8790
4.671	0.8790
4.672	0.8789
4.673	0.8789
4.674	0.8788
4.675	0.8787
4.676	0.8786
4.677	0.8785
4.678	0.8784
4.679	0.8783
4.680	0.8781
4.681	0.8780
4.682	0.8778
4.683	0.8777
4.684	0.8775
4.685	0.8773
4.686	0.8772
4.687	0.8770
4.688	0.8768
4.689	0.8767
4.690	0.8765
4.691	0.8763
4.692	0.8760
4.693	0.8757
4.694	0.8754
4.695	0.8746
4.696	0.8742
4.697	0.8737
4.698	0.8733
4.699	0.8729
4.700	0.8726
4.701	0.8723
4.702	0.8721
4.703	0.8719
4.704	0.8718
4.705	0.8717
4.706	0.8715
4.707	0.8714
4.708	0.8712
4.709	0.8710
4.710	0.8707
4.711	0.8704
4.712	0.8701
4.713	0.8698
4.714	0.8694
4.715	0.8691
4.716	0.8687
4.717	0.8683
4.718	0.8678
4.719	0.8673
4.720	0.8667
4.721	0.8661
4.722	0.8654
4.723	0.8646
4.724	0.8638
4.725	0.8629
4.726	0.8620
4.727	0.8611
4.728	0.8601
4.729	0.8590
4.730	0.8579
4.731	0.8568
4.732	0.8557
4.733	0.8545
4.734	0.8532
4.735	0.8518
4.736	0.8503
4.737	0.8486
4.738	0.8469
4.739	0.8450
4.740	0.8429
4.741	0.8405
4.742	0.8380
4.743	0.8354
4.744	0.8324
4.745	0.8293
4.746	0.8259
4.747	0.8221
4.748	0.8180
4.749	0.8137
4.750	0.8036
4.751	0.7980
4.752	0.7919
4.753	0.7855
4.754	0.7786
4.755	0.7714
4.756	0.7638
4.757	0.7560
4.758	0.7480
4.759	0.7398
4.760	0.7315
4.761	0.7230
4.762	0.7145
4.763	0.7059
4.764	0.6973
4.765	0.6886
4.766	0.6802
4.767	0.6721
4.768	0.6644
4.769	0.6574
4.770	0.6510
4.771	0.6457
4.772	0.6414
4.773	0.6384
4.774	0.6368
4.775	0.6365
4.776	0.6377
4.777	0.6404
4.778	0.6445
4.779	0.6499
4.780	0.6565
4.781	0.6641
4.782	0.6726
4.783	0.6816
4.784	0.6912
4.785	0.7010
4.786	0.7107
4.787	0.7203
4.788	0.7296
4.789	0.7387
4.790	0.7473
4.791	0.7554
4.792	0.7631
4.793	0.7702
4.794	0.7768
4.795	0.7830
4.796	0.7888
4.797	0.7942
4.798	0.7991
4.799	0.8037
4.800	0.8080
4.801	0.8119
4.802	0.8156
4.803	0.8190
4.804	0.8221
4.805	0.8249
4.806	0.8299
4.807	0.8321
4.808	0.8343
4.809	0.8364
4.810	0.8384
4.811	0.8404
4.812	0.8424
4.813	0.8444
4.814	0.8465
4.815	0.8484
4.816	0.8504
4.817	0.8522
4.818	0.8540
4.819	0.8556
4.820	0.8572
4.821	0.8586
4.822	0.8598
4.823	0.8609
4.824	0.8619
4.825	0.8628
4.826	0.8636
4.827	0.8644
4.828	0.8652
4.829	0.8659
4.830	0.8666
4.831	0.8672
4.832	0.8679
4.833	0.8686
4.834	0.8693
4.835	0.8699
4.836	0.8704
4.837	0.8710
4.838	0.8715
4.839	0.8720
4.840	0.8725
4.841	0.8729
4.842	0.8732
4.843	0.8736
4.844	0.8739
4.845	0.8741
4.846	0.8744
4.847	0.8747
4.848	0.8749
4.849	0.8752
4.850	0.8754
4.851	0.8757
4.852	0.8760
4.853	0.8763
4.854	0.8765
4.855	0.8767
4.856	0.8769
4.857	0.8771
4.858	0.8772
4.859	0.8772
4.860	0.8770
4.861	0.8767
4.862	0.8758
4.863	0.8752
4.864	0.8745
4.865	0.8738
4.866	0.8732
4.867	0.8728
4.868	0.8725
4.869	0.8725
4.870	0.8728
4.871	0.8733
4.872	0.8741
4.873	0.8749
4.874	0.8758
4.875	0.8767
4.876	0.8776
4.877	0.8784
4.878	0.8791
4.879	0.8795
4.880	0.8798
4.881	0.8800
4.882	0.8800
4.883	0.8800
4.884	0.8799
4.885	0.8798
4.886	0.8797
4.887	0.8795
4.888	0.8794
4.889	0.8795
4.890	0.8795
4.891	0.8796
4.892	0.8797
4.893	0.8798
4.894	0.8800
4.895	0.8801
4.896	0.8803
4.897	0.8805
4.898	0.8805
4.899	0.8804
4.900	0.8804
4.901	0.8803
4.902	0.8802
4.903	0.8801
4.904	0.8799
4.905	0.8797
4.906	0.8795
4.907	0.8793
4.908	0.8791
4.909	0.8790
4.910	0.8788
4.911	0.8786
4.912	0.8785
4.913	0.8783
4.914	0.8782
4.915	0.8781
4.916	0.8780
4.917	0.8777
4.918	0.8775
4.919	0.8772
4.920	0.8768
4.921	0.8762
4.922	0.8754
4.923	0.8745
4.924	0.8735
4.925	0.8723
4.926	0.8710
4.927	0.8698
4.928	0.8687
4.929	0.8677
4.930	0.8669
4.931	0.8663
4.932	0.8660
4.933	0.8659
4.934	0.8660
4.935	0.8662
4.936	0.8665
4.937	0.8668
4.938	0.8672
4.939	0.8675
4.940	0.8678
4.941	0.8681
4.942	0.8684
4.943	0.8687
4.944	0.8689
4.945	0.8692
4.946	0.8694
4.947	0.8697
4.948	0.8699
4.949	0.8701
4.950	0.8702
4.951	0.8702
4.952	0.8701
4.953	0.8700
4.954	0.8698
4.955	0.8696
4.956	0.8691
4.957	0.8685
4.958	0.8679
4.959	0.8673
4.960	0.8667
4.961	0.8661
4.962	0.8654
4.963	0.8647
4.964	0.8640
4.965	0.8632
4.966	0.8626
4.967	0.8620
4.968	0.8613
4.969	0.8607
4.970	0.8600
4.971	0.8593
4.972	0.8586
4.973	0.8571
4.974	0.8563
4.975	0.8555
4.976	0.8545
4.977	0.8535
4.978	0.8525
4.979	0.8513
4.980	0.8502
4.981	0.8489
4.982	0.8475
4.983	0.8459
4.984	0.8442
4.985	0.8423
4.986	0.8403
4.987	0.8381
4.988	0.8357
4.989	0.8332
4.990	0.8305
4.991	0.8279
4.992	0.8253
4.993	0.8228
4.994	0.8205
4.995	0.8184
4.996	0.8164
4.997	0.8144
4.998	0.8126
4.999	0.8108
5.000	0.8089
5.001	0.8068
5.002	0.8045
5.003	0.8019
5.004	0.7990
5.005	0.7958
5.006	0.7924
5.007	0.7886
5.008	0.7846
5.009	0.7803
5.010	0.7757
5.011	0.7709
5.012	0.7659
5.013	0.7606
5.014	0.7551
5.015	0.7494
5.016	0.7433
5.017	0.7370
5.018	0.7304
5.019	0.7235
5.020	0.7165
5.021	0.7093
5.022	0.7020
5.023	0.6946
5.024	0.6872
5.025	0.6799
5.026	0.6725
5.027	0.6653
5.028	0.6518
5.029	0.6454
5.030	0.6394
5.031	0.6337
5.032	0.6285
5.033	0.6236
5.034	0.6192
5.035	0.6154
5.036	0.6120
5.037	0.6092
5.038	0.6070
5.039	0.6053
5.040	0.6042
5.041	0.6038
5.042	0.6040
5.043	0.6049
5.044	0.6063
5.045	0.6083
5.046	0.6107
5.047	0.6137
5.048	0.6172
5.049	0.6211
5.050	0.6255
5.051	0.6304
5.052	0.6359
5.053	0.6419
5.054	0.6484
5.055	0.6554
5.056	0.6628
5.057	0.6707
5.058	0.6788
5.059	0.6869
5.060	0.6951
5.061	0.7031
5.062	0.7109
5.063	0.7183
5.064	0.7254
5.065	0.7321
5.066	0.7384
5.067	0.7444
5.068	0.7501
5.069	0.7556
5.070	0.7608
5.071	0.7657
5.072	0.7705
5.073	0.7749
5.074	0.7792
5.075	0.7832
5.076	0.7870
5.077	0.7905
5.078	0.7939
5.079	0.7972
5.080	0.8003
5.081	0.8032
5.082	0.8061
5.083	0.8088
5.084	0.8140
5.085	0.8164
5.086	0.8186
5.087	0.8206
5.088	0.8224
5.089	0.8241
5.090	0.8256
5.091	0.8270
5.092	0.8283
5.093	0.8295
5.094	0.8306
5.095	0.8315
5.096	0.8322
5.097	0.8328
5.098	0.8333
5.099	0.8336
5.100	0.8336
5.101	0.8334
5.102	0.8329
5.103	0.8323
5.104	0.8316
5.105	0.8309
5.106	0.8304
5.107	0.8299
5.108	0.8297
5.109	0.8298
5.110	0.8302
5.111	0.8308
5.112	0.8315
5.113	0.8324
5.114	0.8332
5.115	0.8339
5.116	0.8346
5.117	0.8351
5.118	0.8354
5.119	0.8358
5.120	0.8361
5.121	0.8364
5.122	0.8368
5.123	0.8374
5.124	0.8381
5.125	0.8389
5.126	0.8399
5.127	0.8410
5.128	0.8421
5.129	0.8432
5.130	0.8442
5.131	0.8450
5.132	0.8456
5.133	0.8460
5.134	0.8462
5.135	0.8461
5.136	0.8458
5.137	0.8453
5.138	0.8446
5.139	0.8429
5.140	0.8420
5.141	0.8411
5.142	0.8402
5.143	0.8396
5.144	0.8392
5.145	0.8389
5.146	0.8390
5.147	0.8392
5.148	0.8396
5.149	0.8402
5.150	0.8406
5.151	0.8408
5.152	0.8411
5.153	0.8413
5.154	0.8414
5.155	0.8414
5.156	0.8413
5.157	0.8411
5.158	0.8408
5.159	0.8404
5.160	0.8399
5.161	0.8397
5.162	0.8394
5.163	0.8391
5.164	0.8388
5.165	0.8385
5.166	0.8381
5.167	0.8378
5.168	0.8374
5.169	0.8370
5.170	0.8366
5.171	0.8361
5.172	0.8356
5.173	0.8349
5.174	0.8342
5.175	0.8333
5.176	0.8323
5.177	0.8312
5.178	0.8301
5.179	0.8289
5.180	0.8277
5.181	0.8266
5.182	0.8256
5.183	0.8247
5.184	0.8239
5.185	0.8233
5.186	0.8229
5.187	0.8224
5.188	0.8221
5.189	0.8217
5.190	0.8212
5.191	0.8206
5.192	0.8198
5.193	0.8190
5.194	0.8180
5.195	0.8159
5.196	0.8148
5.197	0.8138
5.198	0.8130
5.199	0.8123
5.200	0.8119
5.201	0.8117
5.202	0.8116
5.203	0.8117
5.204	0.8119
5.205	0.8121
5.206	0.8122
5.207	0.8123
5.208	0.8123
5.209	0.8122
5.210	0.8120
5.211	0.8117
5.212	0.8114
5.213	0.8110
5.214	0.8106
5.215	0.8097
5.216	0.8089
5.217	0.8080
5.218	0.8072
5.219	0.8063
5.220	0.8054
5.221	0.8045
5.222	0.8035
5.223	0.8025
5.224	0.8014
5.225	0.8005
5.226	0.7999
5.227	0.7994
5.228	0.7988
5.229	0.7983
5.230	0.7977
5.231	0.7972
5.232	0.7968
5.233	0.7963
5.234	0.7959
5.235	0.7955
5.236	0.7949
5.237	0.7941
5.238	0.7933
5.239	0.7924
5.240	0.7914
5.241	0.7903
5.242	0.7891
5.243	0.7878
5.244	0.7865
5.245	0.7849
5.246	0.7832
5.247	0.7813
5.248	0.7792
5.249	0.7769
5.250	0.7716
5.251	0.7685
5.252	0.7653
5.253	0.7626
5.254	0.7599
5.255	0.7577
5.256	0.7563
5.257	0.7555
5.258	0.7553
5.259	0.7559
5.260	0.7571
5.261	0.7588
5.262	0.7607
5.263	0.7629
5.264	0.7651
5.265	0.7672
5.266	0.7693
5.267	0.7711
5.268	0.7726
5.269	0.7739
5.270	0.7750
5.271	0.7758
5.272	0.7764
5.273	0.7769
5.274	0.7772
5.275	0.7773
5.276	0.7774
5.277	0.7775
5.278	0.7775
5.279	0.7775
5.280	0.7776
5.281	0.7779
5.282	0.7782
5.283	0.7787
5.284	0.7791
5.285	0.7797
5.286	0.7803
5.287	0.7810
5.288	0.7818
5.289	0.7826
5.290	0.7834
5.291	0.7842
5.292	0.7845
5.293	0.7849
5.294	0.7852
5.295	0.7855
5.296	0.7858
5.297	0.7860
5.298	0.7862
5.299	0.7864
5.300	0.7865
5.301	0.7866
5.302	0.7867
5.303	0.7869
5.304	0.7872
5.305	0.7874
5.306	0.7874
5.307	0.7873
5.308	0.7870
5.309	0.7866
5.310	0.7860
5.311	0.7854
5.312	0.7846
5.313	0.7838
5.314	0.7828
5.315	0.7817
5.316	0.7806
5.317	0.7794
5.318	0.7782
5.319	0.7770
5.320	0.7758
5.321	0.7747
5.322	0.7738
5.323	0.7730
5.324	0.7726
5.325	0.7727
5.326	0.7733
5.327	0.7743
5.328	0.7759
5.329	0.7779
5.330	0.7801
5.331	0.7826
5.332	0.7853
5.333	0.7878
5.334	0.7902
5.335	0.7925
5.336	0.7945
5.337	0.7965
5.338	0.7984
5.339	0.8001
5.340	0.8014
5.341	0.8026
5.342	0.8037
5.343	0.8047
5.344	0.8056
5.345	0.8065
5.346	0.8074
5.347	0.8083
5.348	0.8089
5.349	0.8091
5.350	0.8092
5.351	0.8095
5.352	0.8098
5.353	0.8101
5.354	0.8103
5.355	0.8105
5.356	0.8105
5.357	0.8103
5.358	0.8099
5.359	0.8093
5.360	0.8084
5.361	0.8073
5.362	0.8045
5.363	0.8028
5.364	0.8011
5.365	0.7997
5.366	0.7983
5.367	0.7973
5.368	0.7966
5.369	0.7964
5.370	0.7964
5.371	0.7969
5.372	0.7979
5.373	0.7991
5.374	0.8002
5.375	0.8014
5.376	0.8026
5.377	0.8037
5.378	0.8046
5.379	0.8055
5.380	0.8063
5.381	0.8071
5.382	0.8079
5.383	0.8088
5.384	0.8097
5.385	0.8108
5.386	0.8120
5.387	0.8134
5.388	0.8148
5.389	0.8163
5.390	0.8178
5.391	0.8192
5.392	0.8205
5.393	0.8217
5.394	0.8229
5.395	0.8239
5.396	0.8248
5.397	0.8256
5.398	0.8263
5.399	0.8268
5.400	0.8273
5.401	0.8277
5.402	0.8280
5.403	0.8284
5.404	0.8288
5.405	0.8292
5.406	0.8299
5.407	0.8308
5.408	0.8317
5.409	0.8326
5.410	0.8335
5.411	0.8343
5.412	0.8351
5.413	0.8356
5.414	0.8360
5.415	0.8363
5.416	0.8365
5.417	0.8355
5.418	0.8345
5.419	0.8334
5.420	0.8323
5.421	0.8314
5.422	0.8306
5.423	0.8299
5.424	0.8295
5.425	0.8293
5.426	0.8294
5.427	0.8296
5.428	0.8301
5.429	0.8308
5.430	0.8315
5.431	0.8324
5.432	0.8333
5.433	0.8341
5.434	0.8349
5.435	0.8357
5.436	0.8363
5.437	0.8368
5.438	0.8373
5.439	0.8376
5.440	0.8377
5.441	0.8377
5.442	0.8377
5.443	0.8375
5.444	0.8370
5.445	0.8364
5.446	0.8356
5.447	0.8345
5.448	0.8334
5.449	0.8323
5.450	0.8311
5.451	0.8300
5.452	0.8290
5.453	0.8285
5.454	0.8287
5.455	0.8291
5.456	0.8298
5.457	0.8306
5.458	0.8316
5.459	0.8328
5.460	0.8341
5.461	0.8353
5.462	0.8365
5.463	0.8376
5.464	0.8387
5.465	0.8391
5.466	0.8390
5.467	0.8388
5.468	0.8384
5.469	0.8380
5.470	0.8374
5.471	0.8367
5.472	0.8360
5.473	0.8340
5.474	0.8328
5.475	0.8317
5.476	0.8305
5.477	0.8292
5.478	0.8281
5.479	0.8273
5.480	0.8269
5.481	0.8269
5.482	0.8275
5.483	0.8286
5.484	0.8302
5.485	0.8321
5.486	0.8345
5.487	0.8370
5.488	0.8394
5.489	0.8419
5.490	0.8444
5.491	0.8466
5.492	0.8485
5.493	0.8501
5.494	0.8514
5.495	0.8523
5.496	0.8529
5.497	0.8534
5.498	0.8536
5.499	0.8537
5.500	0.8536
5.501	0.8534
5.502	0.8531
5.503	0.8528
5.504	0.8525
5.505	0.8522
5.506	0.8519
5.507	0.8516
5.508	0.8514
5.509	0.8511
5.510	0.8507
5.511	0.8504
5.512	0.8500
5.513	0.8497
5.514	0.8497
5.515	0.8496
5.516	0.8497
5.517	0.8500
5.518	0.8503
5.519	0.8508
5.520	0.8515
5.521	0.8523
5.522	0.8531
5.523	0.8539
5.524	0.8548
5.525	0.8555
5.526	0.8556
5.527	0.8556
5.528	0.8551
5.529	0.8545
5.530	0.8537
5.531	0.8525
5.532	0.8511
5.533	0.8494
5.534	0.8474
5.535	0.8451
5.536	0.8425
5.537	0.8399
5.538	0.8379
5.539	0.8360
5.540	0.8343
5.541	0.8333
5.542	0.8325
5.543	0.8323
5.544	0.8328
5.545	0.8338
5.546	0.8353
5.547	0.8371
5.548	0.8394
5.549	0.8419
5.550	0.8441
5.551	0.8461
5.552	0.8483
5.553	0.8504
5.554	0.8524
5.555	0.8544
5.556	0.8563
5.557	0.8581
5.558	0.8598
5.559	0.8614
5.560	0.8629
5.561	0.8642
5.562	0.8655
5.563	0.8669
5.564	0.8681
5.565	0.8690
5.566	0.8696
5.567	0.8698
5.568	0.8698
5.569	0.8696
5.570	0.8691
5.571	0.8684
5.572	0.8676
5.573	0.8669
5.574	0.8662
5.575	0.8649
5.576	0.8639
5.577	0.8630
5.578	0.8623
5.579	0.8619
5.580	0.8617
5.581	0.8617
5.582	0.8617
5.583	0.8618
5.584	0.8622
5.585	0.8622
5.586	0.8622
5.587	0.8622
5.588	0.8622
5.589	0.8623
5.590	0.8624
5.591	0.8626
5.592	0.8629
5.593	0.8633
5.594	0.8636
5.595	0.8640
5.596	0.8643
5.597	0.8645
5.598	0.8644
5.599	0.8642
5.600	0.8639
5.601	0.8633
5.602	0.8624
5.603	0.8610
5.604	0.8593
5.605	0.8571
5.606	0.8546
5.607	0.8518
5.608	0.8486
5.609	0.8452
5.610	0.8419
5.611	0.8386
5.612	0.8354
5.613	0.8324
5.614	0.8301
5.615	0.8282
5.616	0.8269
5.617	0.8262
5.618	0.8263
5.619	0.8268
5.620	0.8276
5.621	0.8288
5.622	0.8302
5.623	0.8317
5.624	0.8332
5.625	0.8350
5.626	0.8370
5.627	0.8389
5.628	0.8407
5.629	0.8424
5.630	0.8441
5.631	0.8457
5.632	0.8473
5.633	0.8488
5.634	0.8502
5.635	0.8516
5.636	0.8529
5.637	0.8541
5.638	0.8548
5.639	0.8558
5.640	0.8563
5.641	0.8566
5.642	0.8568
5.643	0.8570
5.644	0.8571
5.645	0.8572
5.646	0.8572
5.647	0.8572
5.648	0.8573
5.649	0.8575
5.650	0.8575
5.651	0.8571
5.652	0.8567
5.653	0.8562
5.654	0.8556
5.655	0.8547
5.656	0.8533
5.657	0.8516
5.658	0.8495
5.659	0.8470
5.660	0.8440
5.661	0.8408
5.662	0.8377
5.663	0.8351
5.664	0.8330
5.665	0.8315
5.666	0.8307
5.667	0.8304
5.668	0.8307
5.669	0.8317
5.670	0.8334
5.671	0.8355
5.672	0.8378
5.673	0.8405
5.674	0.8435
5.675	0.8465
5.676	0.8491
5.677	0.8516
5.678	0.8541
5.679	0.8565
5.680	0.8588
5.681	0.8611
5.682	0.8631
5.683	0.8651
5.684	0.8669
5.685	0.8684
5.686	0.8697
5.687	0.8708
5.688	0.8716
5.689	0.8722
5.690	0.8725
5.691	0.8726
5.692	0.8725
5.693	0.8722
5.694	0.8717
5.695	0.8706
5.696	0.8698
5.697	0.8691
5.698	0.8684
5.699	0.8676
5.700	0.8669
5.701	0.8661
5.702	0.8659
5.703	0.8660
5.704	0.8660
5.705	0.8659
5.706	0.8659
5.707	0.8657
5.708	0.8652
5.709	0.8646
5.710	0.8637
5.711	0.8623
5.712	0.8601
5.713	0.8575
5.714	0.8543
5.715	0.8497
5.716	0.8439
5.717	0.8380
5.718	0.8326
5.719	0.8272
5.720	0.8221
5.721	0.8182
5.722	0.8157
5.723	0.8143
5.724	0.8141
5.725	0.8149
5.726	0.8172
5.727	0.8203
5.728	0.8238
5.729	0.8280
5.730	0.8324
5.731	0.8367
5.732	0.8404
5.733	0.8438
5.734	0.8469
5.735	0.8497
5.736	0.8521
5.737	0.8542
5.738	0.8561
5.739	0.8578
5.740	0.8593
5.741	0.8604
5.742	0.8610
5.743	0.8614
5.744	0.8616
5.745	0.8614
5.746	0.8609
5.747	0.8601
5.748	0.8591
5.749	0.8578
5.750	0.8548
5.751	0.8529
5.752	0.8507
5.753	0.8485
5.754	0.8465
5.755	0.8453
5.756	0.8440
5.757	0.8428
5.758	0.8419
5.759	0.8411
5.760	0.8405
5.761	0.8403
5.762	0.8404
5.763	0.8408
5.764	0.8415
5.765	0.8423
5.766	0.8433
5.767	0.8445
5.768	0.8434
5.769	0.8422
5.770	0.8408
5.771	0.8391
5.772	0.8370
5.773	0.8344
5.774	0.8315
5.775	0.8284
5.776	0.8248
5.777	0.8210
5.778	0.8172
5.779	0.8136
5.780	0.8100
5.781	0.8071
5.782	0.8050
5.783	0.8033
5.784	0.8022
5.785	0.8017
5.786	0.8020
5.787	0.8029
5.788	0.8045
5.789	0.8065
5.790	0.8091
5.791	0.8122
5.792	0.8154
5.793	0.8188
5.794	0.8225
5.795	0.8266
5.796	0.8303
5.797	0.8340
5.798	0.8374
5.799	0.8405
5.800	0.8431
5.801	0.8453
5.802	0.8472
5.803	0.8487
5.804	0.8497
5.805	0.8503
5.806	0.8505
5.807	0.8502
5.808	0.8504
5.809	0.8507
5.810	0.8508
5.811	0.8506
5.812	0.8504
5.813	0.8502
5.814	0.8498
5.815	0.8494
5.816	0.8492
5.817	0.8491
5.818	0.8491
5.819	0.8492
5.820	0.8494
5.821	0.8492
5.822	0.8476
5.823	0.8459
5.824	0.8440
5.825	0.8420
5.826	0.8398
5.827	0.8373
5.828	0.8345
5.829	0.8316
5.830	0.8291
5.831	0.8266
5.832	0.8243
5.833	0.8224
5.834	0.8213
5.835	0.8209
5.836	0.8210
5.837	0.8216
5.838	0.8227
5.839	0.8244
5.840	0.8262
5.841	0.8280
5.842	0.8301
5.843	0.8321
5.844	0.8341
5.845	0.8358
5.846	0.8375
5.847	0.8391
5.848	0.8406
5.849	0.8431
5.850	0.8455
5.851	0.8477
5.852	0.8498
5.853	0.8518
5.854	0.8535
5.855	0.8550
5.856	0.8561
5.857	0.8570
5.858	0.8576
5.859	0.8580
5.860	0.8580
5.861	0.8579
5.862	0.8567
5.863	0.8563
5.864	0.8559
5.865	0.8558
5.866	0.8557
5.867	0.8557
5.868	0.8557
5.869	0.8558
5.870	0.8560
5.871	0.8560
5.872	0.8557
5.873	0.8554
5.874	0.8549
5.875	0.8543
5.876	0.8532
5.877	0.8517
5.878	0.8505
5.879	0.8496
5.880	0.8489
5.881	0.8486
5.882	0.8488
5.883	0.8496
5.884	0.8509
5.885	0.8526
5.886	0.8546
5.887	0.8571
5.888	0.8598
5.889	0.8625
5.890	0.8647
5.891	0.8667
5.892	0.8686
5.893	0.8701
5.894	0.8713
5.895	0.8723
5.896	0.8729
5.897	0.8731
5.898	0.8729
5.899	0.8723
5.900	0.8715
5.901	0.8704
5.902	0.8689
5.903	0.8673
5.904	0.8662
5.905	0.8650
5.906	0.8639
5.907	0.8630
5.908	0.8625
5.909	0.8621
5.910	0.8620
5.911	0.8623
5.912	0.8629
5.913	0.8638
5.914	0.8648
5.915	0.8658
5.916	0.8670
5.917	0.8694
5.918	0.8708
5.919	0.8721
5.920	0.8733
5.921	0.8742
5.922	0.8748
5.923	0.8751
5.924	0.8752
5.925	0.8752
5.926	0.8750
5.927	0.8746
5.928	0.8741
5.929	0.8733
5.930	0.8723
5.931	0.8711
5.932	0.8690
5.933	0.8664
5.934	0.8635
5.935	0.8604
5.936	0.8571
5.937	0.8534
5.938	0.8498
5.939	0.8467
5.940	0.8440
5.941	0.8416
5.942	0.8398
5.943	0.8389
5.944	0.8389
5.945	0.8395
5.946	0.8403
5.947	0.8412
5.948	0.8427
5.949	0.8444
5.950	0.8455
5.951	0.8463
5.952	0.8468
5.953	0.8468
5.954	0.8462
5.955	0.8447
5.956	0.8428
5.957	0.8407
5.958	0.8385
5.959	0.8361
5.960	0.8341
5.961	0.8333
5.962	0.8330
5.963	0.8332
5.964	0.8340
5.965	0.8355
5.966	0.8379
5.967	0.8409
5.968	0.8443
5.969	0.8479
5.970	0.8519
5.971	0.8561
5.972	0.8600
5.973	0.8669
5.974	0.8702
5.975	0.8731
5.976	0.8756
5.977	0.8778
5.978	0.8798
5.979	0.8815
5.980	0.8830
5.981	0.8842
5.982	0.8852
5.983	0.8861
5.984	0.8867
5.985	0.8872
5.986	0.8874
5.987	0.8875
5.988	0.8873
5.989	0.8855
5.990	0.8835
5.991	0.8813
5.992	0.8789
5.993	0.8763
5.994	0.8734
5.995	0.8703
5.996	0.8670
5.997	0.8638
5.998	0.8604
5.999	0.8570
6.000	0.8537
6.001	0.8510
6.002	0.8487
6.003	0.8475
6.004	0.8474
6.005	0.8482
6.006	0.8497
6.007	0.8519
6.008	0.8544
6.009	0.8574
6.010	0.8610
6.011	0.8648
6.012	0.8684
6.013	0.8718
6.014	0.8751
6.015	0.8782
6.016	0.8808
6.017	0.8828
6.018	0.8838
6.019	0.8845
6.020	0.8850
6.021	0.8852
6.022	0.8852
6.023	0.8850
6.024	0.8847
6.025	0.8843
6.026	0.8837
6.027	0.8830
6.028	0.8814
6.029	0.8803
6.030	0.8791
6.031	0.8778
6.032	0.8779
6.033	0.8789
6.034	0.8800
6.035	0.8812
6.036	0.8824
6.037	0.8837
6.038	0.8849
6.039	0.8862
6.040	0.8876
6.041	0.8888
6.042	0.8899
6.043	0.8910
6.044	0.8920
6.045	0.8931
6.046	0.8937
6.047	0.8915
6.048	0.8894
6.049	0.8875
6.050	0.8857
6.051	0.8842
6.052	0.8828
6.053	0.8817
6.054	0.8809
6.055	0.8802
6.056	0.8796
6.057	0.8791
6.058	0.8788
6.059	0.8785
6.060	0.8780
6.061	0.8782
6.062	0.8793
6.063	0.8803
6.064	0.8810
6.065	0.8815
6.066	0.8817
6.067	0.8816
6.068	0.8814
6.069	0.8808
6.070	0.8800
6.071	0.8793
6.072	0.8786
6.073	0.8779
6.074	0.8773
6.075	0.8770
6.076	0.8761
6.077	0.8751
6.078	0.8744
6.079	0.8741
6.080	0.8741
6.081	0.8746
6.082	0.8753
6.083	0.8760
6.084	0.8788
6.085	0.8796
6.086	0.8801
6.087	0.8804
6.088	0.8806
6.089	0.8805
6.090	0.8803
6.091	0.8813
6.092	0.8822
6.093	0.8830
6.094	0.8837
6.095	0.8842
6.096	0.8846
6.097	0.8849
6.098	0.8851
6.099	0.8852
6.100	0.8852
6.101	0.8852
6.102	0.8853
6.103	0.8853
6.104	0.8853
6.105	0.8855
6.106	0.8850
6.107	0.8847
6.108	0.8845
6.109	0.8843
6.110	0.8844
6.111	0.8846
6.112	0.8848
6.113	0.8851
6.114	0.8853
6.115	0.8857
6.116	0.8860
6.117	0.8862
6.118	0.8864
6.119	0.8865
6.120	0.8865
6.121	0.8859
6.122	0.8853
6.123	0.8845
6.124	0.8838
6.125	0.8830
6.126	0.8823
6.127	0.8815
6.128	0.8808
6.129	0.8802
6.130	0.8796
6.131	0.8791
6.132	0.8786
6.133	0.8783
6.134	0.8780
6.135	0.8777
6.136	0.8783
6.137	0.8789
6.138	0.8795
6.139	0.8806
6.140	0.8811
6.141	0.8815
6.142	0.8818
6.143	0.8821
6.144	0.8822
6.145	0.8822
6.146	0.8821
6.147	0.8819
6.148	0.8816
6.149	0.8813
6.150	0.8808
6.151	0.8803
6.152	0.8797
6.153	0.8791
6.154	0.8785
6.155	0.8780
6.156	0.8775
6.157	0.8771
6.158	0.8768
6.159	0.8766
6.160	0.8764
6.161	0.8764
6.162	0.8764
6.163	0.8764
6.164	0.8765
6.165	0.8767
6.166	0.8769
6.167	0.8771
6.168	0.8773
6.169	0.8775
6.170	0.8777
6.171	0.8779
6.172	0.8781
6.173	0.8782
6.174	0.8784
6.175	0.8786
6.176	0.8787
6.177	0.8789
6.178	0.8790
6.179	0.8792
6.180	0.8794
6.181	0.8794
6.182	0.8792
6.183	0.8790
6.184	0.8788
6.185	0.8786
6.186	0.8783
6.187	0.8781
6.188	0.8778
6.189	0.8776
6.190	0.8772
6.191	0.8769
6.192	0.8765
6.193	0.8760
6.194	0.8756
6.195	0.8751
6.196	0.8746
6.197	0.8744
6.198	0.8742
6.199	0.8739
6.200	0.8736
6.201	0.8734
6.202	0.8731
6.203	0.8728
6.204	0.8725
6.205	0.8722
6.206	0.8718
6.207	0.8714
6.208	0.8710
6.209	0.8706
6.210	0.8700
6.211	0.8695
6.212	0.8688
6.213	0.8680
6.214	0.8671
6.215	0.8661
6.216	0.8650
6.217	0.8637
6.218	0.8623
6.219	0.8607
6.220	0.8589
6.221	0.8570
6.222	0.8549
6.223	0.8526
6.224	0.8502
6.225	0.8479
6.226	0.8455
6.227	0.8430
6.228	0.8407
6.229	0.8387
6.230	0.8370
6.231	0.8356
6.232	0.8345
6.233	0.8339
6.234	0.8338
6.235	0.8342
6.236	0.8350
6.237	0.8359
6.238	0.8371
6.239	0.8387
6.240	0.8404
6.241	0.8419
6.242	0.8432
6.243	0.8445
6.244	0.8455
6.245	0.8462
6.246	0.8466
6.247	0.8466
6.248	0.8463
6.249	0.8458
6.250	0.8443
6.251	0.8431
6.252	0.8420
6.253	0.8409
6.254	0.8398
6.255	0.8387
6.256	0.8378
6.257	0.8371
6.258	0.8366
6.259	0.8363
6.260	0.8362
6.261	0.8362
6.262	0.8364
6.263	0.8367
6.264	0.8371
6.265	0.8376
6.266	0.8381
6.267	0.8387
6.268	0.8393
6.269	0.8399
6.270	0.8404
6.271	0.8409
6.272	0.8413
6.273	0.8416
6.274	0.8418
6.275	0.8418
6.276	0.8416
6.277	0.8413
6.278	0.8409
6.279	0.8403
6.280	0.8396
6.281	0.8389
6.282	0.8383
6.283	0.8376
6.284	0.8369
6.285	0.8363
6.286	0.8358
6.287	0.8354
6.288	0.8350
6.289	0.8342
6.290	0.8332
6.291	0.8320
6.292	0.8306
6.293	0.8285
6.294	0.8258
6.295	0.8224
6.296	0.8187
6.297	0.8148
6.298	0.8107
6.299	0.8062
6.300	0.8017
6.301	0.7978
6.302	0.7946
6.303	0.7920
6.304	0.7899
6.305	0.7886
6.306	0.7887
6.307	0.7899
6.308	0.7915
6.309	0.7932
6.310	0.7953
6.311	0.7977
6.312	0.8001
6.313	0.8022
6.314	0.8042
6.315	0.8060
6.316	0.8078
6.317	0.8095
6.318	0.8112
6.319	0.8127
6.320	0.8142
6.321	0.8157
6.322	0.8177
6.323	0.8197
6.324	0.8216
6.325	0.8235
6.326	0.8251
6.327	0.8267
6.328	0.8282
6.329	0.8294
6.330	0.8305
6.331	0.8314
6.332	0.8321
6.333	0.8328
6.334	0.8336
6.335	0.8342
6.336	0.8349
6.337	0.8356
6.338	0.8359
6.339	0.8362
6.340	0.8367
6.341	0.8371
6.342	0.8374
6.343	0.8377
6.344	0.8381
6.345	0.8382
6.346	0.8381
6.347	0.8376
6.348	0.8370
6.349	0.8361
6.350	0.8349
6.351	0.8332
6.352	0.8312
6.353	0.8289
6.354	0.8269
6.355	0.8247
6.356	0.8223
6.357	0.8196
6.358	0.8167
6.359	0.8136
6.360	0.8103
6.361	0.8067
6.362	0.7987
6.363	0.7946
6.364	0.7903
6.365	0.7862
6.366	0.7824
6.367	0.7787
6.368	0.7751
6.369	0.7720
6.370	0.7695
6.371	0.7676
6.372	0.7665
6.373	0.7663
6.374	0.7669
6.375	0.7688
6.376	0.7718
6.377	0.7756
6.378	0.7798
6.379	0.7840
6.380	0.7889
6.381	0.7941
6.382	0.7990
6.383	0.8033
6.384	0.8073
6.385	0.8109
6.386	0.8142
6.387	0.8175
6.388	0.8202
6.389	0.8223
6.390	0.8241
6.391	0.8256
6.392	0.8269
6.393	0.8278
6.394	0.8284
6.395	0.8289
6.396	0.8293
6.397	0.8295
6.398	0.8295
6.399	0.8294
6.400	0.8293
6.401	0.8292
6.402	0.8290
6.403	0.8301
6.404	0.8315
6.405	0.8331
6.406	0.8348
6.407	0.8368
6.408	0.8390
6.409	0.8415
6.410	0.8443
6.411	0.8473
6.412	0.8503
6.413	0.8533
6.414	0.8564
6.415	0.8595
6.416	0.8625
6.417	0.8659
6.418	0.8681
6.419	0.8687
6.420	0.8675
6.421	0.8660
6.422	0.8642
6.423	0.8622
6.424	0.8599
6.425	0.8575
6.426	0.8547
6.427	0.8518
6.428	0.8488
6.429	0.8457
6.430	0.8425
6.431	0.8391
6.432	0.8357
6.433	0.8325
6.434	0.8293
6.435	0.8262
6.436	0.8244
6.437	0.8227
6.438	0.8212
6.439	0.8199
6.440	0.8186
6.441	0.8174
6.442	0.8162
6.443	0.8149
6.444	0.8137
6.445	0.8125
6.446	0.8112
6.447	0.8098
6.448	0.8083
6.449	0.8068
6.450	0.8056
6.451	0.8044
6.452	0.8035
6.453	0.8030
6.454	0.8029
6.455	0.8031
6.456	0.8037
6.457	0.8046
6.458	0.8057
6.459	0.8070
6.460	0.8087
6.461	0.8105
6.462	0.8124
6.463	0.8142
6.464	0.8159
6.465	0.8176
6.466	0.8192
6.467	0.8207
6.468	0.8219
6.469	0.8236
6.470	0.8253
6.471	0.8270
6.472	0.8288
6.473	0.8311
6.474	0.8330
6.475	0.8350
6.476	0.8373
6.477	0.8398
6.478	0.8424
6.479	0.8450
6.480	0.8478
6.481	0.8508
6.482	0.8538
6.483	0.8568
6.484	0.8596
6.485	0.8622
6.486	0.8633
6.487	0.8639
6.488	0.8644
6.489	0.8645
6.490	0.8644
6.491	0.8642
6.492	0.8637
6.493	0.8631
6.494	0.8623
6.495	0.8613
6.496	0.8600
6.497	0.8586
6.498	0.8569
6.499	0.8550
6.500	0.8528
6.501	0.8503
6.502	0.8474
6.503	0.8447
6.504	0.8418
6.505	0.8387
6.506	0.8355
6.507	0.8318
6.508	0.8280
6.509	0.8243
6.510	0.8211
6.511	0.8182
6.512	0.8155
6.513	0.8132
6.514	0.8118
6.515	0.8114
6.516	0.8117
6.517	0.8128
6.518	0.8146
6.519	0.8171
6.520	0.8201
6.521	0.8239
6.522	0.8280
6.523	0.8323
6.524	0.8366
6.525	0.8413
6.526	0.8460
6.527	0.8505
6.528	0.8581
6.529	0.8613
6.530	0.8641
6.531	0.8664
6.532	0.8681
6.533	0.8694
6.534	0.8703
6.535	0.8709
6.536	0.8715
6.537	0.8727
6.538	0.8737
6.539	0.8745
6.540	0.8753
6.541	0.8761
6.542	0.8768
6.543	0.8774
6.544	0.8780
6.545	0.8783
6.546	0.8786
6.547	0.8788
6.548	0.8789
6.549	0.8788
6.550	0.8785
6.551	0.8780
6.552	0.8775
6.553	0.8770
6.554	0.8766
6.555	0.8762
6.556	0.8758
6.557	0.8756
6.558	0.8758
6.559	0.8761
6.560	0.8767
6.561	0.8776
6.562	0.8787
6.563	0.8802
6.564	0.8820
6.565	0.8841
6.566	0.8863
6.567	0.8885
6.568	0.8910
6.569	0.8936
6.570	0.8961
6.571	0.8978
6.572	0.8990
6.573	0.9002
6.574	0.9012
6.575	0.9019
6.576	0.9023
6.577	0.9025
6.578	0.9023
6.579	0.9019
6.580	0.9011
6.581	0.9000
6.582	0.8985
6.583	0.8967
6.584	0.8926
6.585	0.8900
6.586	0.8871
6.587	0.8842
6.588	0.8813
6.589	0.8781
6.590	0.8749
6.591	0.8719
6.592	0.8692
6.593	0.8671
6.594	0.8654
6.595	0.8640
6.596	0.8632
6.597	0.8629
6.598	0.8633
6.599	0.8644
6.600	0.8659
6.601	0.8677
6.602	0.8697
6.603	0.8721
6.604	0.8749
6.605	0.8777
6.606	0.8811
6.607	0.8845
6.608	0.8878
6.609	0.8910
6.610	0.8940
6.611	0.8967
6.612	0.8992
6.613	0.9014
6.614	0.9035
6.615	0.9054
6.616	0.9072
6.617	0.9088
6.618	0.9102
6.619	0.9115
6.620	0.9126
6.621	0.9137
6.622	0.9145
6.623	0.9155
6.624	0.9165
6.625	0.9175
6.626	0.9183
6.627	0.9190
6.628	0.9197
6.629	0.9205
6.630	0.9212
6.631	0.9220
6.632	0.9227
6.633	0.9235
6.634	0.9243
6.635	0.9252
6.636	0.9260
6.637	0.9269
6.638	0.9276
6.639	0.9282
6.640	0.9288
6.641	0.9274
6.642	0.9256
6.643	0.9237
6.644	0.9217
6.645	0.9195
6.646	0.9173
6.647	0.9148
6.648	0.9123
6.649	0.9097
6.650	0.9068
6.651	0.9038
6.652	0.9005
6.653	0.8971
6.654	0.8936
6.655	0.8899
6.656	0.8860
6.657	0.8820
6.658	0.8782
6.659	0.8761
6.660	0.8742
6.661	0.8723
6.662	0.8705
6.663	0.8689
6.664	0.8679
6.665	0.8674
6.666	0.8673
6.667	0.8676
6.668	0.8684
6.669	0.8697
6.670	0.8715
6.671	0.8739
6.672	0.8766
6.673	0.8796
6.674	0.8826
6.675	0.8859
6.676	0.8891
6.677	0.8916
6.678	0.8939
6.679	0.8961
6.680	0.8983
6.681	0.9003
6.682	0.9022
6.683	0.9038
6.684	0.9051
6.685	0.9063
6.686	0.9072
6.687	0.9078
6.688	0.9083
6.689	0.9084
6.690	0.9083
6.691	0.9080
6.692	0.9076
6.693	0.9069
6.694	0.9066
6.695	0.9061
6.696	0.9061
6.697	0.9060
6.698	0.9058
6.699	0.9056
6.700	0.9056
6.701	0.9056
6.702	0.9057
6.703	0.9058
6.704	0.9061
6.705	0.9065
6.706	0.9070
6.707	0.9076
6.708	0.9083
6.709	0.9091
6.710	0.9100
6.711	0.9110
6.712	0.9113
6.713	0.9111
6.714	0.9110
6.715	0.9108
6.716	0.9107
6.717	0.9106
6.718	0.9104
6.719	0.9100
6.720	0.9094
6.721	0.9087
6.722	0.9078
6.723	0.9066
6.724	0.9049
6.725	0.9029
6.726	0.9006
6.727	0.8979
6.728	0.8949
6.729	0.8915
6.730	0.8878
6.731	0.8840
6.732	0.8801
6.733	0.8763
6.734	0.8725
6.735	0.8684
6.736	0.8645
6.737	0.8609
6.738	0.8579
6.739	0.8554
6.740	0.8532
6.741	0.8515
6.742	0.8504
6.743	0.8501
6.744	0.8506
6.745	0.8516
6.746	0.8531
6.747	0.8550
6.748	0.8574
6.749	0.8605
6.750	0.8675
6.751	0.8708
6.752	0.8741
6.753	0.8775
6.754	0.8808
6.755	0.8839
6.756	0.8866
6.757	0.8889
6.758	0.8911
6.759	0.8930
6.760	0.8948
6.761	0.8963
6.762	0.8976
6.763	0.8988
6.764	0.8998
6.765	0.9007
6.766	0.9016
6.767	0.9029
6.768	0.9041
6.769	0.9052
6.770	0.9062
6.771	0.9070
6.772	0.9078
6.773	0.9084
6.774	0.9090
6.775	0.9095
6.776	0.9098
6.777	0.9100
6.778	0.9102
6.779	0.9105
6.780	0.9108
6.781	0.9111
6.782	0.9114
6.783	0.9118
6.784	0.9123
6.785	0.9121
6.786	0.9117
6.787	0.9113
6.788	0.9110
6.789	0.9108
6.790	0.9108
6.791	0.9108
6.792	0.9110
6.793	0.9111
6.794	0.9112
6.795	0.9114
6.796	0.9115
6.797	0.9117
6.798	0.9118
6.799	0.9119
6.800	0.9119
6.801	0.9119
6.802	0.9118
6.803	0.9119
6.804	0.9124
6.805	0.9128
6.806	0.9135
6.807	0.9137
6.808	0.9139
6.809	0.9139
6.810	0.9139
6.811	0.9139
6.812	0.9138
6.813	0.9136
6.814	0.9135
6.815	0.9132
6.816	0.9129
6.817	0.9125
6.818	0.9121
6.819	0.9116
6.820	0.9110
6.821	0.9103
6.822	0.9093
6.823	0.9080
6.824	0.9066
6.825	0.9051
6.826	0.9034
6.827	0.9017
6.828	0.8998
6.829	0.8978
6.830	0.8958
6.831	0.8939
6.832	0.8921
6.833	0.8902
6.834	0.8884
6.835	0.8867
6.836	0.8853
6.837	0.8842
6.838	0.8832
6.839	0.8824
6.840	0.8819
6.841	0.8829
6.842	0.8841
6.843	0.8856
6.844	0.8871
6.845	0.8888
6.846	0.8905
6.847	0.8924
6.848	0.8943
6.849	0.8963
6.850	0.8982
6.851	0.9000
6.852	0.9018
6.853	0.9035
6.854	0.9052
6.855	0.9068
6.856	0.9082
6.857	0.9096
6.858	0.9108
6.859	0.9114
6.860	0.9106
6.861	0.9097
6.862	0.9087
6.863	0.9076
6.864	0.9067
6.865	0.9058
6.866	0.9049
6.867	0.9040
6.868	0.9031
6.869	0.9024
6.870	0.9017
6.871	0.9011
6.872	0.9006
6.873	0.9001
6.874	0.8996
6.875	0.8992
6.876	0.8988
6.877	0.8984
6.878	0.8983
6.879	0.8985
6.880	0.8986
6.881	0.8988
6.882	0.8989
6.883	0.8988
6.884	0.8987
6.885	0.8984
6.886	0.8981
6.887	0.8976
6.888	0.8971
6.889	0.8965
6.890	0.8957
6.891	0.8949
6.892	0.8940
6.893	0.8931
6.894	0.8923
6.895	0.8914
6.896	0.8905
6.897	0.8896
6.898	0.8890
6.899	0.8884
6.900	0.8878
6.901	0.8874
6.902	0.8869
6.903	0.8865
6.904	0.8860
6.905	0.8856
6.906	0.8852
6.907	0.8847
6.908	0.8842
6.909	0.8835
6.910	0.8828
6.911	0.8820
6.912	0.8811
6.913	0.8801
6.914	0.8789
6.915	0.8777
6.916	0.8763
6.917	0.8737
6.918	0.8724
6.919	0.8710
6.920	0.8697
6.921	0.8686
6.922	0.8676
6.923	0.8669
6.924	0.8664
6.925	0.8661
6.926	0.8661
6.927	0.8662
6.928	0.8667
6.929	0.8675
6.930	0.8684
6.931	0.8696
6.932	0.8708
6.933	0.8722
6.934	0.8737
6.935	0.8755
6.936	0.8779
6.937	0.8802
6.938	0.8824
6.939	0.8846
6.940	0.8867
6.941	0.8887
6.942	0.8906
6.943	0.8923
6.944	0.8938
6.945	0.8952
6.946	0.8965
6.947	0.8977
6.948	0.8987
6.949	0.8997
6.950	0.9005
6.951	0.9013
6.952	0.9020
6.953	0.9027
6.954	0.9033
6.955	0.9030
6.956	0.9026
6.957	0.9023
6.958	0.9019
6.959	0.9015
6.960	0.9011
6.961	0.9008
6.962	0.9004
6.963	0.9001
6.964	0.8999
6.965	0.8996
6.966	0.8994
6.967	0.8991
6.968	0.8989
6.969	0.8988
6.970	0.8986
6.971	0.8984
6.972	0.8982
6.973	0.8980
6.974	0.8978
6.975	0.8978
6.976	0.8978
6.977	0.8976
6.978	0.8974
6.979	0.8970
6.980	0.8967
6.981	0.8963
6.982	0.8958
6.983	0.8953
6.984	0.8947
6.985	0.8942
6.986	0.8937
6.987	0.8932
6.988	0.8928
6.989	0.8924
6.990	0.8920
6.991	0.8918
6.992	0.8916
6.993	0.8915
6.994	0.8914
6.995	0.8913
6.996	0.8913
6.997	0.8913
6.998	0.8913
6.999	0.8915
7.000	0.8916
7.001	0.8917
7.002	0.8917
7.003	0.8917
7.004	0.8916
7.005	0.8915
7.006	0.8913
7.007	0.8910
7.008	0.8905
7.009	0.8899
7.010	0.8891
7.011	0.8883
7.012	0.8874
7.013	0.8864
7.014	0.8855
7.015	0.8845
7.016	0.8835
7.017	0.8824
7.018	0.8813
7.019	0.8801
7.020	0.8789
7.021	0.8777
7.022	0.8766
7.023	0.8756
7.024	0.8745
7.025	0.8735
7.026	0.8726
7.027	0.8718
7.028	0.8704
7.029	0.8699
7.030	0.8695
7.031	0.8693
7.032	0.8691
7.033	0.8693
7.034	0.8697
7.035	0.8702
7.036	0.8709
7.037	0.8717
7.038	0.8726
7.039	0.8736
7.040	0.8748
7.041	0.8760
7.042	0.8774
7.043	0.8789
7.044	0.8805
7.045	0.8822
7.046	0.8840
7.047	0.8857
7.048	0.8876
7.049	0.8894
7.050	0.8913
7.051	0.8932
7.052	0.8949
7.053	0.8959
7.054	0.8965
7.055	0.8971
7.056	0.8976
7.057	0.8980
7.058	0.8982
7.059	0.8982
7.060	0.8982
7.061	0.8980
7.062	0.8976
7.063	0.8972
7.064	0.8965
7.065	0.8958
7.066	0.8949
7.067	0.8940
7.068	0.8929
7.069	0.8917
7.070	0.8905
7.071	0.8892
7.072	0.8879
7.073	0.8872
7.074	0.8865
7.075	0.8857
7.076	0.8850
7.077	0.8845
7.078	0.8840
7.079	0.8837
7.080	0.8835
7.081	0.8834
7.082	0.8834
7.083	0.8836
7.084	0.8845
7.085	0.8852
7.086	0.8860
7.087	0.8869
7.088	0.8878
7.089	0.8889
7.090	0.8901
7.091	0.8912
7.092	0.8923
7.093	0.8935
7.094	0.8948
7.095	0.8960
7.096	0.8971
7.097	0.8982
7.098	0.8991
7.099	0.9000
7.100	0.9007
7.101	0.9014
7.102	0.9020
7.103	0.9025
7.104	0.9030
7.105	0.9033
7.106	0.9036
7.107	0.9038
7.108	0.9040
7.109	0.9041
7.110	0.9042
7.111	0.9042
7.112	0.9042
7.113	0.9040
7.114	0.9036
7.115	0.9033
7.116	0.9029
7.117	0.9025
7.118	0.9021
7.119	0.9018
7.120	0.9014
7.121	0.9010
7.122	0.9006
7.123	0.9003
7.124	0.8999
7.125	0.8995
7.126	0.8991
7.127	0.8987
7.128	0.8982
7.129	0.8977
7.130	0.8972
7.131	0.8966
7.132	0.8959
7.133	0.8954
7.134	0.8951
7.135	0.8948
7.136	0.8944
7.137	0.8940
7.138	0.8935
7.139	0.8924
7.140	0.8920
7.141	0.8916
7.142	0.8913
7.143	0.8911
7.144	0.8910
7.145	0.8911
7.146	0.8912
7.147	0.8914
7.148	0.8918
7.149	0.8923
7.150	0.8929
7.151	0.8937
7.152	0.8946
7.153	0.8956
7.154	0.8964
7.155	0.8972
7.156	0.8981
7.157	0.8991
7.158	0.9001
7.159	0.9011
7.160	0.9020
7.161	0.9029
7.162	0.9038
7.163	0.9046
7.164	0.9053
7.165	0.9060
7.166	0.9066
7.167	0.9071
7.168	0.9075
7.169	0.9079
7.170	0.9083
7.171	0.9086
7.172	0.9089
7.173	0.9091
7.174	0.9092
7.175	0.9092
7.176	0.9093
7.177	0.9093
7.178	0.9094
7.179	0.9095
7.180	0.9095
7.181	0.9096
7.182	0.9097
7.183	0.9098
7.184	0.9099
7.185	0.9100
7.186	0.9100
7.187	0.9099
7.188	0.9098
7.189	0.9097
7.190	0.9094
7.191	0.9091
7.192	0.9087
7.193	0.9081
7.194	0.9075
7.195	0.9063
7.196	0.9057
7.197	0.9051
7.198	0.9043
7.199	0.9035
7.200	0.9026
7.201	0.9018
7.202	0.9011
7.203	0.9003
7.204	0.8996
7.205	0.8989
7.206	0.8984
7.207	0.8980
7.208	0.8978
7.209	0.8977
7.210	0.8977
7.211	0.8979
7.212	0.8982
7.213	0.8987
7.214	0.8995
7.215	0.9003
7.216	0.9009
7.217	0.9015
7.218	0.9022
7.219	0.9030
7.220	0.9039
7.221	0.9049
7.222	0.9058
7.223	0.9067
7.224	0.9075
7.225	0.9083
7.226	0.9091
7.227	0.9098
7.228	0.9104
7.229	0.9109
7.230	0.9113
7.231	0.9116
7.232	0.9119
7.233	0.9121
7.234	0.9122
7.235	0.9123
7.236	0.9123
7.237	0.9127
7.238	0.9130
7.239	0.9133
7.240	0.9136
7.241	0.9139
7.242	0.9141
7.243	0.9143
7.244	0.9146
7.245	0.9148
7.246	0.9150
7.247	0.9153
7.248	0.9155
7.249	0.9158
7.250	0.9162
7.251	0.9165
7.252	0.9169
7.253	0.9172
7.254	0.9176
7.255	0.9180
7.256	0.9184
7.257	0.9188
7.258	0.9194
7.259	0.9199
7.260	0.9204
7.261	0.9209
7.262	0.9214
7.263	0.9218
7.264	0.9223
7.265	0.9228
7.266	0.9232
7.267	0.9236
7.268	0.9239
7.269	0.9243
7.270	0.9246
7.271	0.9249
7.272	0.9253
7.273	0.9256
7.274	0.9258
7.275	0.9261
7.276	0.9264
7.277	0.9267
7.278	0.9270
7.279	0.9268
7.280	0.9266
7.281	0.9265
7.282	0.9263
7.283	0.9262
7.284	0.9261
7.285	0.9260
7.286	0.9259
7.287	0.9259
7.288	0.9258
7.289	0.9258
7.290	0.9257
7.291	0.9257
7.292	0.9256
7.293	0.9256
7.294	0.9255
7.295	0.9255
7.296	0.9254
7.297	0.9253
7.298	0.9252
7.299	0.9251
7.300	0.9251
7.301	0.9252
7.302	0.9253
7.303	0.9254
7.304	0.9254
7.305	0.9254
7.306	0.9251
7.307	0.9250
7.308	0.9247
7.309	0.9244
7.310	0.9240
7.311	0.9236
7.312	0.9230
7.313	0.9224
7.314	0.9216
7.315	0.9208
7.316	0.9198
7.317	0.9187
7.318	0.9175
7.319	0.9163
7.320	0.9151
7.321	0.9138
7.322	0.9126
7.323	0.9113
7.324	0.9100
7.325	0.9089
7.326	0.9078
7.327	0.9066
7.328	0.9055
7.329	0.9045
7.330	0.9037
7.331	0.9031
7.332	0.9026
7.333	0.9023
7.334	0.9022
7.335	0.9022
7.336	0.9024
7.337	0.9029
7.338	0.9036
7.339	0.9045
7.340	0.9055
7.341	0.9067
7.342	0.9080
7.343	0.9089
7.344	0.9099
7.345	0.9110
7.346	0.9122
7.347	0.9133
7.348	0.9144
7.349	0.9156
7.350	0.9167
7.351	0.9178
7.352	0.9189
7.353	0.9199
7.354	0.9208
7.355	0.9216
7.356	0.9224
7.357	0.9231
7.358	0.9237
7.359	0.9242
7.360	0.9247
7.361	0.9250
7.362	0.9259
7.363	0.9261
7.364	0.9263
7.365	0.9267
7.366	0.9270
7.367	0.9273
7.368	0.9276
7.369	0.9278
7.370	0.9280
7.371	0.9281
7.372	0.9282
7.373	0.9283
7.374	0.9284
7.375	0.9284
7.376	0.9284
7.377	0.9284
7.378	0.9284
7.379	0.9284
7.380	0.9284
7.381	0.9284
7.382	0.9283
7.383	0.9283
7.384	0.9283
7.385	0.9283
7.386	0.9283
7.387	0.9283
7.388	0.9283
7.389	0.9283
7.390	0.9283
7.391	0.9283
7.392	0.9283
7.393	0.9284
7.394	0.9284
7.395	0.9284
7.396	0.9285
7.397	0.9285
7.398	0.9285
7.399	0.9286
7.400	0.9286
7.401	0.9286
7.402	0.9286
7.403	0.9286
7.404	0.9286
7.405	0.9286
7.406	0.9286
7.407	0.9286
7.408	0.9285
7.409	0.9284
7.410	0.9283
7.411	0.9282
7.412	0.9280
7.413	0.9279
7.414	0.9277
7.415	0.9275
7.416	0.9273
7.417	0.9270
7.418	0.9267
7.419	0.9264
7.420	0.9262
7.421	0.9259
7.422	0.9255
7.423	0.9252
7.424	0.9248
7.425	0.9244
7.426	0.9240
7.427	0.9235
7.428	0.9230
7.429	0.9225
7.430	0.9221
7.431	0.9217
7.432	0.9212
7.433	0.9207
7.434	0.9202
7.435	0.9197
7.436	0.9192
7.437	0.9187
7.438	0.9182
7.439	0.9177
7.440	0.9172
7.441	0.9168
7.442	0.9164
7.443	0.9160
7.444	0.9156
7.445	0.9153
7.446	0.9151
7.447	0.9149
7.448	0.9147
7.449	0.9146
7.450	0.9146
7.451	0.9146
7.452	0.9146
7.453	0.9146
7.454	0.9147
7.455	0.9148
7.456	0.9150
7.457	0.9152
7.458	0.9154
7.459	0.9155
7.460	0.9157
7.461	0.9159
7.462	0.9161
7.463	0.9163
7.464	0.9165
7.465	0.9166
7.466	0.9167
7.467	0.9168
7.468	0.9169
7.469	0.9170
7.470	0.9171
7.471	0.9171
7.472	0.9172
7.473	0.9173
7.474	0.9173
7.475	0.9170
7.476	0.9168
7.477	0.9166
7.478	0.9165
7.479	0.9163
7.480	0.9162
7.481	0.9161
7.482	0.9160
7.483	0.9160
7.484	0.9160
7.485	0.9160
7.486	0.9160
7.487	0.9160
7.488	0.9161
7.489	0.9161
7.490	0.9162
7.491	0.9163
7.492	0.9164
7.493	0.9164
7.494	0.9164
7.495	0.9165
7.496	0.9165
7.497	0.9166
7.498	0.9167
7.499	0.9169
7.500	0.9169
7.501	0.9170
7.502	0.9171
7.503	0.9171
7.504	0.9171
7.505	0.9171
7.506	0.9171
7.507	0.9170
7.508	0.9170
7.509	0.9169
7.510	0.9169
7.511	0.9168
7.512	0.9168
7.513	0.9167
7.514	0.9166
7.515	0.9166
7.516	0.9165
7.517	0.9164
7.518	0.9164
7.519	0.9164
7.520	0.9164
7.521	0.9164
7.522	0.9164
7.523	0.9164
7.524	0.9164
7.525	0.9164
7.526	0.9164
7.527	0.9164
7.528	0.9165
7.529	0.9164
7.530	0.9164
7.531	0.9164
7.532	0.9164
7.533	0.9163
7.534	0.9163
7.535	0.9162
7.536	0.9162
7.537	0.9161
7.538	0.9160
7.539	0.9160
7.540	0.9159
7.541	0.9158
7.542	0.9157
7.543	0.9156
7.544	0.9155
7.545	0.9153
7.546	0.9152
7.547	0.9150
7.548	0.9149
7.549	0.9148
7.550	0.9146
7.551	0.9145
7.552	0.9143
7.553	0.9142
7.554	0.9140
7.555	0.9138
7.556	0.9137
7.557	0.9135
7.558	0.9133
7.559	0.9131
7.560	0.9129
7.561	0.9127
7.562	0.9125
7.563	0.9123
7.564	0.9121
7.565	0.9119
7.566	0.9117
7.567	0.9115
7.568	0.9113
7.569	0.9111
7.570	0.9109
7.571	0.9107
7.572	0.9105
7.573	0.9104
7.574	0.9102
7.575	0.9100
7.576	0.9099
7.577	0.9097
7.578	0.9096
7.579	0.9094
7.580	0.9093
7.581	0.9092
7.582	0.9091
7.583	0.9089
7.584	0.9089
7.585	0.9088
7.586	0.9086
7.587	0.9085
7.588	0.9084
7.589	0.9082
7.590	0.9081
7.591	0.9079
7.592	0.9077
7.593	0.9075
7.594	0.9074
7.595	0.9072
7.596	0.9069
7.597	0.9067
7.598	0.9065
7.599	0.9062
7.600	0.9060
7.601	0.9057
7.602	0.9054
7.603	0.9051
7.604	0.9048
7.605	0.9045
7.606	0.9041
7.607	0.9038
7.608	0.9035
7.609	0.9031
7.610	0.9028
7.611	0.9024
7.612	0.9020
7.613	0.9016
7.614	0.9012
7.615	0.9008
7.616	0.9004
7.617	0.9000
7.618	0.8996
7.619	0.8992
7.620	0.8989
7.621	0.8986
7.622	0.8983
7.623	0.8980
7.624	0.8977
7.625	0.8974
7.626	0.8972
7.627	0.8970
7.628	0.8968
7.629	0.8967
7.630	0.8965
7.631	0.8964
7.632	0.8963
7.633	0.8962
7.634	0.8962
7.635	0.8962
7.636	0.8962
7.637	0.8963
7.638	0.8963
7.639	0.8966
7.640	0.8966
7.641	0.8967
7.642	0.8968
7.643	0.8968
7.644	0.8969
7.645	0.8969
7.646	0.8969
7.647	0.8969
7.648	0.8969
7.649	0.8969
7.650	0.8968
7.651	0.8968
7.652	0.8967
7.653	0.8966
7.654	0.8965
7.655	0.8964
7.656	0.8963
7.657	0.8962
7.658	0.8960
7.659	0.8959
7.660	0.8957
7.661	0.8956
7.662	0.8954
7.663	0.8953
7.664	0.8951
7.665	0.8949
7.666	0.8947
7.667	0.8946
7.668	0.8944
7.669	0.8942
7.670	0.8941
7.671	0.8939
7.672	0.8938
7.673	0.8936
7.674	0.8935
7.675	0.8934
7.676	0.8932
7.677	0.8931
7.678	0.8930
7.679	0.8929
7.680	0.8927
7.681	0.8926
7.682	0.8925
7.683	0.8924
7.684	0.8923
7.685	0.8922
7.686	0.8921
7.687	0.8920
7.688	0.8919
7.689	0.8918
7.690	0.8916
7.691	0.8915
7.692	0.8914
7.693	0.8913
7.694	0.8912
7.695	0.8910
7.696	0.8909
7.697	0.8907
7.698	0.8905
7.699	0.8903
7.700	0.8901
7.701	0.8899
7.702	0.8897
7.703	0.8895
7.704	0.8892
7.705	0.8890
7.706	0.8886
7.707	0.8883
7.708	0.8880
7.709	0.8876
7.710	0.8873
7.711	0.8869
7.712	0.8866
7.713	0.8862
7.714	0.8858
7.715	0.8854
7.716	0.8850
7.717	0.8847
7.718	0.8843
7.719	0.8839
7.720	0.8835
7.721	0.8832
7.722	0.8828
7.723	0.8825
7.724	0.8822
7.725	0.8819
7.726	0.8816
7.727	0.8813
7.728	0.8810
7.729	0.8809
7.730	0.8807
7.731	0.8806
7.732	0.8805
7.733	0.8804
7.734	0.8803
7.735	0.8802
7.736	0.8802
7.737	0.8801
7.738	0.8801
7.739	0.8801
7.740	0.8801
7.741	0.8801
7.742	0.8801
7.743	0.8801
7.744	0.8801
7.745	0.8801
7.746	0.8801
7.747	0.8801
7.748	0.8801
7.749	0.8801
7.750	0.8802
7.751	0.8802
7.752	0.8802
7.753	0.8803
7.754	0.8803
7.755	0.8804
7.756	0.8804
7.757	0.8804
7.758	0.8805
7.759	0.8805
7.760	0.8805
7.761	0.8805
7.762	0.8805
7.763	0.8805
7.764	0.8805
7.765	0.8805
7.766	0.8805
7.767	0.8805
7.768	0.8805
7.769	0.8804
7.770	0.8804
7.771	0.8804
7.772	0.8803
7.773	0.8802
7.774	0.8801
7.775	0.8800
7.776	0.8799
7.777	0.8798
7.778	0.8796
7.779	0.8794
7.780	0.8792
7.781	0.8790
7.782	0.8788
7.783	0.8786
7.784	0.8784
7.785	0.8782
7.786	0.8780
7.787	0.8778
7.788	0.8776
7.789	0.8774
7.790	0.8772
7.791	0.8770
7.792	0.8768
7.793	0.8767
7.794	0.8765
7.795	0.8764
7.796	0.8763
7.797	0.8762
7.798	0.8761
7.799	0.8760
7.800	0.8760
7.801	0.8760
7.802	0.8760
7.803	0.8761
7.804	0.8761
7.805	0.8762
7.806	0.8764
7.807	0.8765
7.808	0.8766
7.809	0.8766
7.810	0.8767
7.811	0.8768
7.812	0.8769
7.813	0.8770
7.814	0.8771
7.815	0.8771
7.816	0.8772
7.817	0.8772
7.818	0.8773
7.819	0.8773
7.820	0.8773
7.821	0.8774
7.822	0.8774
7.823	0.8774
7.824	0.8774
7.825	0.8774
7.826	0.8774
7.827	0.8774
7.828	0.8773
7.829	0.8773
7.830	0.8773
7.831	0.8773
7.832	0.8772
7.833	0.8772
7.834	0.8772
7.835	0.8771
7.836	0.8771
7.837	0.8771
7.838	0.8770
7.839	0.8770
7.840	0.8769
7.841	0.8769
7.842	0.8768
7.843	0.8768
7.844	0.8767
7.845	0.8767
7.846	0.8766
7.847	0.8766
7.848	0.8765
7.849	0.8765
7.850	0.8764
7.851	0.8764
7.852	0.8763
7.853	0.8763
7.854	0.8762
7.855	0.8762
7.856	0.8762
7.857	0.8761
7.858	0.8761
7.859	0.8760
7.860	0.8760
7.861	0.8759
7.862	0.8759
7.863	0.8758
7.864	0.8758
7.865	0.8757
7.866	0.8757
7.867	0.8756
7.868	0.8756
7.869	0.8755
7.870	0.8755
7.871	0.8754
7.872	0.8753
7.873	0.8753
7.874	0.8752
7.875	0.8752
7.876	0.8752
7.877	0.8751
7.878	0.8751
7.879	0.8750
7.880	0.8750
7.881	0.8749
7.882	0.8749
7.883	0.8748
7.884	0.8748
7.885	0.8747
7.886	0.8747
7.887	0.8746
7.888	0.8745
7.889	0.8745
7.890	0.8744
7.891	0.8744
7.892	0.8743
7.893	0.8742
7.894	0.8742
7.895	0.8741
7.896	0.8741
7.897	0.8740
7.898	0.8739
7.899	0.8739
7.900	0.8738
7.901	0.8738
7.902	0.8737
7.903	0.8737
7.904	0.8736
7.905	0.8736
7.906	0.8735
7.907	0.8735
7.908	0.8734
7.909	0.8734
7.910	0.8733
7.911	0.8733
7.912	0.8732
7.913	0.8732
7.914	0.8731
7.915	0.8730
7.916	0.8729
7.917	0.8727
7.918	0.8726
7.919	0.8725
7.920	0.8724
7.921	0.8723
7.922	0.8721
7.923	0.8720
7.924	0.8719
7.925	0.8718
7.926	0.8716
7.927	0.8715
7.928	0.8714
7.929	0.8713
7.930	0.8711
7.931	0.8710
7.932	0.8708
7.933	0.8707
7.934	0.8705
7.935	0.8703
7.936	0.8702
7.937	0.8700
7.938	0.8698
7.939	0.8696
7.940	0.8695
7.941	0.8693
7.942	0.8691
7.943	0.8688
7.944	0.8686
7.945	0.8684
7.946	0.8682
7.947	0.8679
7.948	0.8677
7.949	0.8674
7.950	0.8672
7.951	0.8670
7.952	0.8667
7.953	0.8665
7.954	0.8662
7.955	0.8660
7.956	0.8657
7.957	0.8654
7.958	0.8651
7.959	0.8648
7.960	0.8645
7.961	0.8641
7.962	0.8638
7.963	0.8635
7.964	0.8631
7.965	0.8628
7.966	0.8624
7.967	0.8620
7.968	0.8616
7.969	0.8612
7.970	0.8608
7.971	0.8604
7.972	0.8599
7.973	0.8589
7.974	0.8584
7.975	0.8580
7.976	0.8575
7.977	0.8570
7.978	0.8565
7.979	0.8560
7.980	0.8555
7.981	0.8550
7.982	0.8544
7.983	0.8538
7.984	0.8533
7.985	0.8527
7.986	0.8521
7.987	0.8514
7.988	0.8508
7.989	0.8501
7.990	0.8495
7.991	0.8488
7.992	0.8481
7.993	0.8474
7.994	0.8466
7.995	0.8459
7.996	0.8451
7.997	0.8444
7.998	0.8436
7.999	0.8428
