# 2A
# Wave    1aT2aR2xT
7.000	0.2283
7.001	0.2312
7.002	0.2342
7.003	0.2369
7.004	0.2390
7.005	0.2411
7.006	0.2431
7.007	0.2451
7.008	0.2471
7.009	0.2490
7.010	0.2508
7.011	0.2527
7.012	0.2545
7.013	0.2563
7.014	0.2581
7.015	0.2598
7.016	0.2616
7.017	0.2634
7.018	0.2652
7.019	0.2670
7.020	0.2689
7.021	0.2707
7.022	0.2726
7.023	0.2741
7.024	0.2753
7.025	0.2764
7.026	0.2776
7.027	0.2787
7.028	0.2797
7.029	0.2809
7.030	0.2820
7.031	0.2831
7.032	0.2842
7.033	0.2852
7.034	0.2862
7.035	0.2871
7.036	0.2881
7.037	0.2891
7.038	0.2901
7.039	0.2911
7.040	0.2921
7.041	0.2932
7.042	0.2944
7.043	0.2957
7.044	0.2971
7.045	0.2985
7.046	0.3001
7.047	0.3017
7.048	0.3036
7.049	0.3055
7.050	0.3076
7.051	0.3098
7.052	0.3120
7.053	0.3143
7.054	0.3167
7.055	0.3192
7.056	0.3217
7.057	0.3241
7.058	0.3265
7.059	0.3289
7.060	0.3313
7.061	0.3337
7.062	0.3360
7.063	0.3380
7.064	0.3399
7.065	0.3418
7.066	0.3436
7.067	0.3453
7.068	0.3470
7.069	0.3486
7.070	0.3501
7.071	0.3516
7.072	0.3531
7.073	0.3545
7.074	0.3559
7.075	0.3572
7.076	0.3586
7.077	0.3599
7.078	0.3613
7.079	0.3627
7.080	0.3641
7.081	0.3656
7.082	0.3670
7.083	0.3688
7.084	0.3708
7.085	0.3728
7.086	0.3748
7.087	0.3768
7.088	0.3789
7.089	0.3810
7.090	0.3832
7.091	0.3853
7.092	0.3875
7.093	0.3896
7.094	0.3918
7.095	0.3940
7.096	0.3961
7.097	0.3982
7.098	0.4002
7.099	0.4021
7.100	0.4041
7.101	0.4059
7.102	0.4078
7.103	0.4099
7.104	0.4120
7.105	0.4142
7.106	0.4163
7.107	0.4184
7.108	0.4206
7.109	0.4227
7.110	0.4248
7.111	0.4270
7.112	0.4292
7.113	0.4315
7.114	0.4339
7.115	0.4363
7.116	0.4388
7.117	0.4413
7.118	0.4438
7.119	0.4465
7.120	0.4492
7.121	0.4519
7.122	0.4546
7.123	0.4575
7.124	0.4604
7.125	0.4634
7.126	0.4664
7.127	0.4693
7.128	0.4721
7.129	0.4748
7.130	0.4775
7.131	0.4800
7.132	0.4825
7.133	0.4849
7.134	0.4872
7.135	0.4895
7.136	0.4916
7.137	0.4937
7.138	0.4958
7.139	0.4977
7.140	0.4997
7.141	0.5016
7.142	0.5036
7.143	0.5056
7.144	0.5078
7.145	0.5099
7.146	0.5121
7.147	0.5143
7.148	0.5166
7.149	0.5190
7.150	0.5214
7.151	0.5238
7.152	0.5264
7.153	0.5290
7.154	0.5317
7.155	0.5345
7.156	0.5373
7.157	0.5403
7.158	0.5434
7.159	0.5465
7.160	0.5498
7.161	0.5532
7.162	0.5567
7.163	0.5604
7.164	0.5639
7.165	0.5674
7.166	0.5710
7.167	0.5747
7.168	0.5785
7.169	0.5824
7.170	0.5864
7.171	0.5905
7.172	0.5947
7.173	0.5988
7.174	0.6029
7.175	0.6070
7.176	0.6112
7.177	0.6153
7.178	0.6194
7.179	0.6233
7.180	0.6271
7.181	0.6309
7.182	0.6346
7.183	0.6381
7.184	0.6414
7.185	0.6439
7.186	0.6461
7.187	0.6483
7.188	0.6502
7.189	0.6521
7.190	0.6538
7.191	0.6553
7.192	0.6567
7.193	0.6580
7.194	0.6592
7.195	0.6602
7.196	0.6612
7.197	0.6621
7.198	0.6630
7.199	0.6639
7.200	0.6649
7.201	0.6659
7.202	0.6669
7.203	0.6681
7.204	0.6693
7.205	0.6707
7.206	0.6721
7.207	0.6736
7.208	0.6753
7.209	0.6772
7.210	0.6792
7.211	0.6815
7.212	0.6839
7.213	0.6865
7.214	0.6892
7.215	0.6920
7.216	0.6948
7.217	0.6977
7.218	0.7007
7.219	0.7037
7.220	0.7067
7.221	0.7095
7.222	0.7123
7.223	0.7151
7.224	0.7177
7.225	0.7202
7.226	0.7224
7.227	0.7244
7.228	0.7262
7.229	0.7279
7.230	0.7295
7.231	0.7310
7.232	0.7324
7.233	0.7336
7.234	0.7348
7.235	0.7359
7.236	0.7369
7.237	0.7379
7.238	0.7387
7.239	0.7396
7.240	0.7404
7.241	0.7411
7.242	0.7418
7.243	0.7425
7.244	0.7432
7.245	0.7438
7.246	0.7444
7.247	0.7450
7.248	0.7456
7.249	0.7461
7.250	0.7466
7.251	0.7471
7.252	0.7476
7.253	0.7480
7.254	0.7484
7.255	0.7489
7.256	0.7492
7.257	0.7495
7.258	0.7497
7.259	0.7499
7.260	0.7499
7.261	0.7500
7.262	0.7500
7.263	0.7499
7.264	0.7498
7.265	0.7496
7.266	0.7494
7.267	0.7493
7.268	0.7492
7.269	0.7491
7.270	0.7490
7.271	0.7490
7.272	0.7491
7.273	0.7494
7.274	0.7497
7.275	0.7502
7.276	0.7508
7.277	0.7515
7.278	0.7523
7.279	0.7533
7.280	0.7544
7.281	0.7556
7.282	0.7569
7.283	0.7582
7.284	0.7596
7.285	0.7610
7.286	0.7625
7.287	0.7640
7.288	0.7654
7.289	0.7667
7.290	0.7681
7.291	0.7694
7.292	0.7706
7.293	0.7718
7.294	0.7728
7.295	0.7738
7.296	0.7747
7.297	0.7754
7.298	0.7762
7.299	0.7768
7.300	0.7775
7.301	0.7780
7.302	0.7785
7.303	0.7789
7.304	0.7794
7.305	0.7798
7.306	0.7802
7.307	0.7806
7.308	0.7810
7.309	0.7813
7.310	0.7816
7.311	0.7818
7.312	0.7820
7.313	0.7821
7.314	0.7821
7.315	0.7821
7.316	0.7819
7.317	0.7816
7.318	0.7812
7.319	0.7808
7.320	0.7802
7.321	0.7794
7.322	0.7785
7.323	0.7775
7.324	0.7764
7.325	0.7752
7.326	0.7739
7.327	0.7725
7.328	0.7711
7.329	0.7695
7.330	0.7680
7.331	0.7667
7.332	0.7654
7.333	0.7642
7.334	0.7630
7.335	0.7620
7.336	0.7612
7.337	0.7606
7.338	0.7602
7.339	0.7599
7.340	0.7599
7.341	0.7600
7.342	0.7604
7.343	0.7609
7.344	0.7618
7.345	0.7628
7.346	0.7639
7.347	0.7651
7.348	0.7664
7.349	0.7678
7.350	0.7693
7.351	0.7708
7.352	0.7723
7.353	0.7737
7.354	0.7750
7.355	0.7763
7.356	0.7775
7.357	0.7786
7.358	0.7796
7.359	0.7805
7.360	0.7812
7.361	0.7818
7.362	0.7825
7.363	0.7829
7.364	0.7832
7.365	0.7834
7.366	0.7835
7.367	0.7835
7.368	0.7835
7.369	0.7835
7.370	0.7834
7.371	0.7832
7.372	0.7830
7.373	0.7828
7.374	0.7826
7.375	0.7823
7.376	0.7820
7.377	0.7816
7.378	0.7813
7.379	0.7809
7.380	0.7806
7.381	0.7803
7.382	0.7800
7.383	0.7797
7.384	0.7795
7.385	0.7792
7.386	0.7790
7.387	0.7788
7.388	0.7786
7.389	0.7785
7.390	0.7783
7.391	0.7781
7.392	0.7779
7.393	0.7777
7.394	0.7776
7.395	0.7773
7.396	0.7771
7.397	0.7769
7.398	0.7766
7.399	0.7763
7.400	0.7760
7.401	0.7757
7.402	0.7753
7.403	0.7749
7.404	0.7745
7.405	0.7741
7.406	0.7737
7.407	0.7733
7.408	0.7729
7.409	0.7724
7.410	0.7720
7.411	0.7716
7.412	0.7712
7.413	0.7708
7.414	0.7705
7.415	0.7701
7.416	0.7698
7.417	0.7694
7.418	0.7691
7.419	0.7687
7.420	0.7683
7.421	0.7680
7.422	0.7676
7.423	0.7672
7.424	0.7668
7.425	0.7663
7.426	0.7659
7.427	0.7655
7.428	0.7650
7.429	0.7645
7.430	0.7640
7.431	0.7635
7.432	0.7629
7.433	0.7623
7.434	0.7617
7.435	0.7610
7.436	0.7603
7.437	0.7595
7.438	0.7587
7.439	0.7579
7.440	0.7570
7.441	0.7559
7.442	0.7548
7.443	0.7536
7.444	0.7523
7.445	0.7509
7.446	0.7495
7.447	0.7479
7.448	0.7462
7.449	0.7445
7.450	0.7426
7.451	0.7408
7.452	0.7389
7.453	0.7368
7.454	0.7347
7.455	0.7326
7.456	0.7305
7.457	0.7284
7.458	0.7265
7.459	0.7245
7.460	0.7225
7.461	0.7206
7.462	0.7190
7.463	0.7175
7.464	0.7163
7.465	0.7153
7.466	0.7143
7.467	0.7136
7.468	0.7131
7.469	0.7129
7.470	0.7129
7.471	0.7131
7.472	0.7134
7.473	0.7139
7.474	0.7145
7.475	0.7153
7.476	0.7162
7.477	0.7173
7.478	0.7184
7.479	0.7195
7.480	0.7206
7.481	0.7217
7.482	0.7228
7.483	0.7240
7.484	0.7250
7.485	0.7260
7.486	0.7269
7.487	0.7276
7.488	0.7284
7.489	0.7290
7.490	0.7296
7.491	0.7302
7.492	0.7306
7.493	0.7310
7.494	0.7313
7.495	0.7315
7.496	0.7317
7.497	0.7318
7.498	0.7319
7.499	0.7320
7.500	0.7320
7.501	0.7319
7.502	0.7318
7.503	0.7317
7.504	0.7316
7.505	0.7313
7.506	0.7311
7.507	0.7309
7.508	0.7306
7.509	0.7303
7.510	0.7299
7.511	0.7296
7.512	0.7293
7.513	0.7289
7.514	0.7286
7.515	0.7282
7.516	0.7279
7.517	0.7275
7.518	0.7272
7.519	0.7269
7.520	0.7266
7.521	0.7263
7.522	0.7260
7.523	0.7257
7.524	0.7254
7.525	0.7252
7.526	0.7249
7.527	0.7246
7.528	0.7244
7.529	0.7242
7.530	0.7239
7.531	0.7236
7.532	0.7233
7.533	0.7231
7.534	0.7228
7.535	0.7225
7.536	0.7222
7.537	0.7219
7.538	0.7216
7.539	0.7213
7.540	0.7210
7.541	0.7207
7.542	0.7204
7.543	0.7201
7.544	0.7197
7.545	0.7194
7.546	0.7190
7.547	0.7187
7.548	0.7183
7.549	0.7179
7.550	0.7175
7.551	0.7171
7.552	0.7167
7.553	0.7163
7.554	0.7158
7.555	0.7154
7.556	0.7149
7.557	0.7145
7.558	0.7140
7.559	0.7134
7.560	0.7129
7.561	0.7123
7.562	0.7117
7.563	0.7110
7.564	0.7104
7.565	0.7097
7.566	0.7090
7.567	0.7083
7.568	0.7075
7.569	0.7068
7.570	0.7061
7.571	0.7054
7.572	0.7046
7.573	0.7039
7.574	0.7032
7.575	0.7025
7.576	0.7019
7.577	0.7014
7.578	0.7009
7.579	0.7004
7.580	0.7000
7.581	0.6996
7.582	0.6993
7.583	0.6991
7.584	0.6989
7.585	0.6988
7.586	0.6987
7.587	0.6987
7.588	0.6987
7.589	0.6987
7.590	0.6988
7.591	0.6989
7.592	0.6991
7.593	0.6992
7.594	0.6993
7.595	0.6994
7.596	0.6996
7.597	0.6997
7.598	0.6998
7.599	0.6999
7.600	0.7000
7.601	0.7000
7.602	0.7001
7.603	0.7001
7.604	0.7001
7.605	0.7001
7.606	0.7001
7.607	0.7001
7.608	0.7001
7.609	0.7001
7.610	0.7001
7.611	0.7001
7.612	0.7002
7.613	0.7003
7.614	0.7004
7.615	0.7005
7.616	0.7007
7.617	0.7009
7.618	0.7011
7.619	0.7014
7.620	0.7017
7.621	0.7020
7.622	0.7023
7.623	0.7028
7.624	0.7032
7.625	0.7037
7.626	0.7041
7.627	0.7046
7.628	0.7050
7.629	0.7055
7.630	0.7059
7.631	0.7064
7.632	0.7068
7.633	0.7072
7.634	0.7076
7.635	0.7079
7.636	0.7083
7.637	0.7086
7.638	0.7089
7.639	0.7093
7.640	0.7096
7.641	0.7098
7.642	0.7101
7.643	0.7103
7.644	0.7105
7.645	0.7108
7.646	0.7110
7.647	0.7112
7.648	0.7115
7.649	0.7117
7.650	0.7119
7.651	0.7121
7.652	0.7124
7.653	0.7126
7.654	0.7128
7.655	0.7131
7.656	0.7133
7.657	0.7136
7.658	0.7138
7.659	0.7141
7.660	0.7144
7.661	0.7146
7.662	0.7149
7.663	0.7151
7.664	0.7154
7.665	0.7157
7.666	0.7159
7.667	0.7162
7.668	0.7164
7.669	0.7166
7.670	0.7169
7.671	0.7171
7.672	0.7172
7.673	0.7174
7.674	0.7176
7.675	0.7178
7.676	0.7180
7.677	0.7182
7.678	0.7184
7.679	0.7186
7.680	0.7188
7.681	0.7189
7.682	0.7191
7.683	0.7193
7.684	0.7195
7.685	0.7196
7.686	0.7198
7.687	0.7200
7.688	0.7201
7.689	0.7203
7.690	0.7204
7.691	0.7206
7.692	0.7207
7.693	0.7208
7.694	0.7210
7.695	0.7211
7.696	0.7212
7.697	0.7213
7.698	0.7214
7.699	0.7215
7.700	0.7216
7.701	0.7217
7.702	0.7218
7.703	0.7219
7.704	0.7220
7.705	0.7221
7.706	0.7222
7.707	0.7223
7.708	0.7224
7.709	0.7225
7.710	0.7226
7.711	0.7227
7.712	0.7229
7.713	0.7230
7.714	0.7232
7.715	0.7234
7.716	0.7236
7.717	0.7238
7.718	0.7240
7.719	0.7243
7.720	0.7245
7.721	0.7248
7.722	0.7250
7.723	0.7253
7.724	0.7256
7.725	0.7259
7.726	0.7262
7.727	0.7265
7.728	0.7267
7.729	0.7270
7.730	0.7273
7.731	0.7276
7.732	0.7279
7.733	0.7281
7.734	0.7284
7.735	0.7286
7.736	0.7289
7.737	0.7291
7.738	0.7293
7.739	0.7295
7.740	0.7297
7.741	0.7298
7.742	0.7300
7.743	0.7301
7.744	0.7302
7.745	0.7303
7.746	0.7304
7.747	0.7305
7.748	0.7306
7.749	0.7307
7.750	0.7308
7.751	0.7309
7.752	0.7310
7.753	0.7311
7.754	0.7312
7.755	0.7313
7.756	0.7315
7.757	0.7316
7.758	0.7318
7.759	0.7320
7.760	0.7323
7.761	0.7325
7.762	0.7328
7.763	0.7331
7.764	0.7334
7.765	0.7338
7.766	0.7342
7.767	0.7346
7.768	0.7351
7.769	0.7355
7.770	0.7360
7.771	0.7365
7.772	0.7370
7.773	0.7375
7.774	0.7380
7.775	0.7386
7.776	0.7391
7.777	0.7396
7.778	0.7401
7.779	0.7406
7.780	0.7412
7.781	0.7417
7.782	0.7422
7.783	0.7426
7.784	0.7431
7.785	0.7436
7.786	0.7440
7.787	0.7444
7.788	0.7449
7.789	0.7452
7.790	0.7455
7.791	0.7457
7.792	0.7460
7.793	0.7463
7.794	0.7466
7.795	0.7468
7.796	0.7471
7.797	0.7473
7.798	0.7475
7.799	0.7478
7.800	0.7480
7.801	0.7483
7.802	0.7485
7.803	0.7488
7.804	0.7490
7.805	0.7493
7.806	0.7496
7.807	0.7499
7.808	0.7502
7.809	0.7504
7.810	0.7507
7.811	0.7510
7.812	0.7512
7.813	0.7515
7.814	0.7518
7.815	0.7522
7.816	0.7525
7.817	0.7528
7.818	0.7531
7.819	0.7534
7.820	0.7538
7.821	0.7541
7.822	0.7544
7.823	0.7547
7.824	0.7551
7.825	0.7554
7.826	0.7557
7.827	0.7560
7.828	0.7563
7.829	0.7566
7.830	0.7569
7.831	0.7572
7.832	0.7575
7.833	0.7578
7.834	0.7581
7.835	0.7584
7.836	0.7586
7.837	0.7589
7.838	0.7591
7.839	0.7593
7.840	0.7596
7.841	0.7598
7.842	0.7600
7.843	0.7601
7.844	0.7603
7.845	0.7605
7.846	0.7606
7.847	0.7607
7.848	0.7608
7.849	0.7610
7.850	0.7611
7.851	0.7612
7.852	0.7613
7.853	0.7614
7.854	0.7615
7.855	0.7616
7.856	0.7617
7.857	0.7618
7.858	0.7619
7.859	0.7620
7.860	0.7621
7.861	0.7623
7.862	0.7625
7.863	0.7627
7.864	0.7628
7.865	0.7630
7.866	0.7632
7.867	0.7634
7.868	0.7636
7.869	0.7639
7.870	0.7642
7.871	0.7645
7.872	0.7648
7.873	0.7651
7.874	0.7654
7.875	0.7658
7.876	0.7661
7.877	0.7665
7.878	0.7669
7.879	0.7673
7.880	0.7677
7.881	0.7681
7.882	0.7685
7.883	0.7690
7.884	0.7694
7.885	0.7698
7.886	0.7702
7.887	0.7706
7.888	0.7710
7.889	0.7714
7.890	0.7718
7.891	0.7722
7.892	0.7726
7.893	0.7729
7.894	0.7733
7.895	0.7737
7.896	0.7741
7.897	0.7745
7.898	0.7748
7.899	0.7752
7.900	0.7756
7.901	0.7759
7.902	0.7763
7.903	0.7766
7.904	0.7770
7.905	0.7773
7.906	0.7776
7.907	0.7779
7.908	0.7783
7.909	0.7786
7.910	0.7788
7.911	0.7791
7.912	0.7794
7.913	0.7796
7.914	0.7799
7.915	0.7801
7.916	0.7803
7.917	0.7806
7.918	0.7808
7.919	0.7810
7.920	0.7812
7.921	0.7813
7.922	0.7814
7.923	0.7816
7.924	0.7817
7.925	0.7819
7.926	0.7820
7.927	0.7821
7.928	0.7823
7.929	0.7824
7.930	0.7826
7.931	0.7828
7.932	0.7830
7.933	0.7832
7.934	0.7834
7.935	0.7836
7.936	0.7838
7.937	0.7841
7.938	0.7843
7.939	0.7846
7.940	0.7849
7.941	0.7852
7.942	0.7855
7.943	0.7859
7.944	0.7862
7.945	0.7866
7.946	0.7869
7.947	0.7873
7.948	0.7876
7.949	0.7880
7.950	0.7883
7.951	0.7887
7.952	0.7890
7.953	0.7894
7.954	0.7897
7.955	0.7900
7.956	0.7903
7.957	0.7906
7.958	0.7909
7.959	0.7912
7.960	0.7915
7.961	0.7917
7.962	0.7920
7.963	0.7922
7.964	0.7925
7.965	0.7927
7.966	0.7929
7.967	0.7931
7.968	0.7933
7.969	0.7935
7.970	0.7937
7.971	0.7938
7.972	0.7940
7.973	0.7943
7.974	0.7944
7.975	0.7946
7.976	0.7947
7.977	0.7949
7.978	0.7950
7.979	0.7951
7.980	0.7953
7.981	0.7954
7.982	0.7955
7.983	0.7957
7.984	0.7958
7.985	0.7959
7.986	0.7960
7.987	0.7961
7.988	0.7963
7.989	0.7965
7.990	0.7967
7.991	0.7968
7.992	0.7970
7.993	0.7972
7.994	0.7973
7.995	0.7975
7.996	0.7977
7.997	0.7978
7.998	0.7980
7.999	0.7982
8.000	0.7983
8.001	0.7985
8.002	0.7986
8.003	0.7988
8.004	0.7989
8.005	0.7990
8.006	0.7992
8.007	0.7993
8.008	0.7994
8.009	0.7996
8.010	0.7997
8.011	0.7998
8.012	0.7999
8.013	0.8000
8.014	0.8001
8.015	0.8002
8.016	0.8002
8.017	0.8003
8.018	0.8003
8.019	0.8004
8.020	0.8004
8.021	0.8004
8.022	0.8005
8.023	0.8005
8.024	0.8005
8.025	0.8006
8.026	0.8006
8.027	0.8006
8.028	0.8007
8.029	0.8007
8.030	0.8007
8.031	0.8007
8.032	0.8008
8.033	0.8008
8.034	0.8008
8.035	0.8008
8.036	0.8009
8.037	0.8009
8.038	0.8009
8.039	0.8009
8.040	0.8010
8.041	0.8010
8.042	0.8010
8.043	0.8010
8.044	0.8010
8.045	0.8010
8.046	0.8011
8.047	0.8011
8.048	0.8011
8.049	0.8011
8.050	0.8012
8.051	0.8012
8.052	0.8012
8.053	0.8012
8.054	0.8013
8.055	0.8013
8.056	0.8013
8.057	0.8013
8.058	0.8014
8.059	0.8014
8.060	0.8014
8.061	0.8014
8.062	0.8014
8.063	0.8014
8.064	0.8014
8.065	0.8014
8.066	0.8015
8.067	0.8015
8.068	0.8016
8.069	0.8016
8.070	0.8017
8.071	0.8017
8.072	0.8017
8.073	0.8018
8.074	0.8018
8.075	0.8018
8.076	0.8018
8.077	0.8019
8.078	0.8019
8.079	0.8019
8.080	0.8019
8.081	0.8019
8.082	0.8019
8.083	0.8019
8.084	0.8019
8.085	0.8019
8.086	0.8019
8.087	0.8019
8.088	0.8018
8.089	0.8018
8.090	0.8018
8.091	0.8018
8.092	0.8017
8.093	0.8017
8.094	0.8016
8.095	0.8016
8.096	0.8015
8.097	0.8015
8.098	0.8014
8.099	0.8013
8.100	0.8013
8.101	0.8012
8.102	0.8012
8.103	0.8011
8.104	0.8011
8.105	0.8010
8.106	0.8010
8.107	0.8009
8.108	0.8009
8.109	0.8008
8.110	0.8008
8.111	0.8007
8.112	0.8007
8.113	0.8006
8.114	0.8006
8.115	0.8005
8.116	0.8005
8.117	0.8005
8.118	0.8004
8.119	0.8004
8.120	0.8004
8.121	0.8004
8.122	0.8004
8.123	0.8004
8.124	0.8004
8.125	0.8003
8.126	0.8003
8.127	0.8003
8.128	0.8003
8.129	0.8002
8.130	0.8002
8.131	0.8001
8.132	0.8001
8.133	0.8000
8.134	0.8000
8.135	0.7999
8.136	0.7998
8.137	0.7998
8.138	0.7997
8.139	0.7996
8.140	0.7995
8.141	0.7994
8.142	0.7993
8.143	0.7992
8.144	0.7991
8.145	0.7990
8.146	0.7989
8.147	0.7988
8.148	0.7987
8.149	0.7986
8.150	0.7985
8.151	0.7984
8.152	0.7982
8.153	0.7981
8.154	0.7980
8.155	0.7979
8.156	0.7978
8.157	0.7977
8.158	0.7976
8.159	0.7975
8.160	0.7975
8.161	0.7974
8.162	0.7973
8.163	0.7972
8.164	0.7972
8.165	0.7971
8.166	0.7971
8.167	0.7971
8.168	0.7970
8.169	0.7970
8.170	0.7970
8.171	0.7969
8.172	0.7969
8.173	0.7969
8.174	0.7969
8.175	0.7969
8.176	0.7969
8.177	0.7968
8.178	0.7968
8.179	0.7968
8.180	0.7968
8.181	0.7968
8.182	0.7967
8.183	0.7967
8.184	0.7966
8.185	0.7966
8.186	0.7965
8.187	0.7965
8.188	0.7964
8.189	0.7964
8.190	0.7963
8.191	0.7962
8.192	0.7962
8.193	0.7961
8.194	0.7960
8.195	0.7959
8.196	0.7958
8.197	0.7957
8.198	0.7957
8.199	0.7956
8.200	0.7956
8.201	0.7956
8.202	0.7955
8.203	0.7955
8.204	0.7954
8.205	0.7954
8.206	0.7954
8.207	0.7953
8.208	0.7953
8.209	0.7953
8.210	0.7953
8.211	0.7952
8.212	0.7952
8.213	0.7952
8.214	0.7952
8.215	0.7951
8.216	0.7951
8.217	0.7951
8.218	0.7951
8.219	0.7950
8.220	0.7950
8.221	0.7949
8.222	0.7949
8.223	0.7949
8.224	0.7948
8.225	0.7947
8.226	0.7946
8.227	0.7945
8.228	0.7944
8.229	0.7943
8.230	0.7942
8.231	0.7941
8.232	0.7940
8.233	0.7939
8.234	0.7937
8.235	0.7936
8.236	0.7935
8.237	0.7934
8.238	0.7933
8.239	0.7931
8.240	0.7930
8.241	0.7929
8.242	0.7928
8.243	0.7927
8.244	0.7925
8.245	0.7924
8.246	0.7923
8.247	0.7922
8.248	0.7921
8.249	0.7921
8.250	0.7919
8.251	0.7919
8.252	0.7918
8.253	0.7918
8.254	0.7918
8.255	0.7917
8.256	0.7917
8.257	0.7917
8.258	0.7917
8.259	0.7917
8.260	0.7917
8.261	0.7916
8.262	0.7916
8.263	0.7916
8.264	0.7916
8.265	0.7916
8.266	0.7916
8.267	0.7916
8.268	0.7916
8.269	0.7917
8.270	0.7917
8.271	0.7917
8.272	0.7917
8.273	0.7916
8.274	0.7916
8.275	0.7916
8.276	0.7916
8.277	0.7916
8.278	0.7916
8.279	0.7916
8.280	0.7915
8.281	0.7914
8.282	0.7913
8.283	0.7913
8.284	0.7912
8.285	0.7911
8.286	0.7910
8.287	0.7909
8.288	0.7909
8.289	0.7908
8.290	0.7907
8.291	0.7906
8.292	0.7906
8.293	0.7905
8.294	0.7904
8.295	0.7903
8.296	0.7903
8.297	0.7902
8.298	0.7901
8.299	0.7900
8.300	0.7900
8.301	0.7899
8.302	0.7898
8.303	0.7897
8.304	0.7897
8.305	0.7896
8.306	0.7895
8.307	0.7894
8.308	0.7894
8.309	0.7893
8.310	0.7893
8.311	0.7892
8.312	0.7892
8.313	0.7891
8.314	0.7891
8.315	0.7890
8.316	0.7890
8.317	0.7889
8.318	0.7888
8.319	0.7888
8.320	0.7887
8.321	0.7886
8.322	0.7886
8.323	0.7885
8.324	0.7884
8.325	0.7884
8.326	0.7883
8.327	0.7882
8.328	0.7881
8.329	0.7881
8.330	0.7880
8.331	0.7879
8.332	0.7879
8.333	0.7878
8.334	0.7877
8.335	0.7876
8.336	0.7876
8.337	0.7875
8.338	0.7874
8.339	0.7874
8.340	0.7873
8.341	0.7872
8.342	0.7872
8.343	0.7871
8.344	0.7870
8.345	0.7870
8.346	0.7869
8.347	0.7869
8.348	0.7868
8.349	0.7868
8.350	0.7867
8.351	0.7867
8.352	0.7866
8.353	0.7866
8.354	0.7865
8.355	0.7865
8.356	0.7865
8.357	0.7864
8.358	0.7864
8.359	0.7864
8.360	0.7863
8.361	0.7863
8.362	0.7863
8.363	0.7863
8.364	0.7864
8.365	0.7864
8.366	0.7865
8.367	0.7865
8.368	0.7866
8.369	0.7866
8.370	0.7867
8.371	0.7867
8.372	0.7868
8.373	0.7868
8.374	0.7869
8.375	0.7869
8.376	0.7870
8.377	0.7870
8.378	0.7871
8.379	0.7871
8.380	0.7872
8.381	0.7872
8.382	0.7873
8.383	0.7873
8.384	0.7874
8.385	0.7874
8.386	0.7875
8.387	0.7875
8.388	0.7876
8.389	0.7876
8.390	0.7876
8.391	0.7876
8.392	0.7876
8.393	0.7875
8.394	0.7875
8.395	0.7875
8.396	0.7874
8.397	0.7874
8.398	0.7873
8.399	0.7873
8.400	0.7873
8.401	0.7872
8.402	0.7872
8.403	0.7871
8.404	0.7871
8.405	0.7870
8.406	0.7869
8.407	0.7869
8.408	0.7868
8.409	0.7868
8.410	0.7867
8.411	0.7867
8.412	0.7866
8.413	0.7866
8.414	0.7865
8.415	0.7865
8.416	0.7864
8.417	0.7863
8.418	0.7863
8.419	0.7863
8.420	0.7863
8.421	0.7863
8.422	0.7863
8.423	0.7863
8.424	0.7863
8.425	0.7863
8.426	0.7864
8.427	0.7864
8.428	0.7864
8.429	0.7864
8.430	0.7865
8.431	0.7865
8.432	0.7866
8.433	0.7866
8.434	0.7867
8.435	0.7867
8.436	0.7868
8.437	0.7868
8.438	0.7869
8.439	0.7869
8.440	0.7870
8.441	0.7870
8.442	0.7871
8.443	0.7871
8.444	0.7872
8.445	0.7872
8.446	0.7873
8.447	0.7874
8.448	0.7874
8.449	0.7875
8.450	0.7876
8.451	0.7877
8.452	0.7877
8.453	0.7878
8.454	0.7879
8.455	0.7879
8.456	0.7880
8.457	0.7880
8.458	0.7881
8.459	0.7881
8.460	0.7882
8.461	0.7882
8.462	0.7883
8.463	0.7883
8.464	0.7883
8.465	0.7884
8.466	0.7884
8.467	0.7885
8.468	0.7885
8.469	0.7885
8.470	0.7886
8.471	0.7886
8.472	0.7887
8.473	0.7887
8.474	0.7887
8.475	0.7887
8.476	0.7888
8.477	0.7888
8.478	0.7888
8.479	0.7888
8.480	0.7888
8.481	0.7888
8.482	0.7888
8.483	0.7888
8.484	0.7888
8.485	0.7888
8.486	0.7888
8.487	0.7888
8.488	0.7888
8.489	0.7888
8.490	0.7888
8.491	0.7888
8.492	0.7888
8.493	0.7888
8.494	0.7888
8.495	0.7888
8.496	0.7888
8.497	0.7887
8.498	0.7887
8.499	0.7887
8.500	0.7887
8.501	0.7887
8.502	0.7886
8.503	0.7886
8.504	0.7886
8.505	0.7886
8.506	0.7885
8.507	0.7885
8.508	0.7885
8.509	0.7885
8.510	0.7885
8.511	0.7885
8.512	0.7885
8.513	0.7885
8.514	0.7885
8.515	0.7885
8.516	0.7885
8.517	0.7885
8.518	0.7886
8.519	0.7886
8.520	0.7887
8.521	0.7887
8.522	0.7887
8.523	0.7888
8.524	0.7889
8.525	0.7889
8.526	0.7890
8.527	0.7890
8.528	0.7891
8.529	0.7892
8.530	0.7892
8.531	0.7893
8.532	0.7894
8.533	0.7895
8.534	0.7896
8.535	0.7897
8.536	0.7899
8.537	0.7900
8.538	0.7901
8.539	0.7903
8.540	0.7904
8.541	0.7905
8.542	0.7906
8.543	0.7907
8.544	0.7908
8.545	0.7909
8.546	0.7911
8.547	0.7912
8.548	0.7913
8.549	0.7914
8.550	0.7915
8.551	0.7916
8.552	0.7917
8.553	0.7918
8.554	0.7919
8.555	0.7919
8.556	0.7920
8.557	0.7921
8.558	0.7922
8.559	0.7923
8.560	0.7924
8.561	0.7925
8.562	0.7925
8.563	0.7925
8.564	0.7926
8.565	0.7926
8.566	0.7926
8.567	0.7926
8.568	0.7927
8.569	0.7927
8.570	0.7927
8.571	0.7927
8.572	0.7928
8.573	0.7928
8.574	0.7928
8.575	0.7928
8.576	0.7929
8.577	0.7929
8.578	0.7929
8.579	0.7930
8.580	0.7930
8.581	0.7930
8.582	0.7931
8.583	0.7931
8.584	0.7931
8.585	0.7932
8.586	0.7932
8.587	0.7932
8.588	0.7933
8.589	0.7933
8.590	0.7934
8.591	0.7934
8.592	0.7935
8.593	0.7936
8.594	0.7937
8.595	0.7938
8.596	0.7940
8.597	0.7941
8.598	0.7942
8.599	0.7943
8.600	0.7944
8.601	0.7945
8.602	0.7946
8.603	0.7947
8.604	0.7948
8.605	0.7949
8.606	0.7950
8.607	0.7951
8.608	0.7952
8.609	0.7953
8.610	0.7954
8.611	0.7955
8.612	0.7956
8.613	0.7957
8.614	0.7957
8.615	0.7958
8.616	0.7959
8.617	0.7960
8.618	0.7961
8.619	0.7962
8.620	0.7963
8.621	0.7964
8.622	0.7964
8.623	0.7965
8.624	0.7966
8.625	0.7967
8.626	0.7968
8.627	0.7969
8.628	0.7969
8.629	0.7970
8.630	0.7971
8.631	0.7972
8.632	0.7973
8.633	0.7973
8.634	0.7974
8.635	0.7975
8.636	0.7976
8.637	0.7977
8.638	0.7977
8.639	0.7978
8.640	0.7979
8.641	0.7980
8.642	0.7980
8.643	0.7981
8.644	0.7982
8.645	0.7983
8.646	0.7984
8.647	0.7984
8.648	0.7985
8.649	0.7986
8.650	0.7987
8.651	0.7987
8.652	0.7988
8.653	0.7988
8.654	0.7989
8.655	0.7989
8.656	0.7990
8.657	0.7990
8.658	0.7990
8.659	0.7991
8.660	0.7991
8.661	0.7992
8.662	0.7992
8.663	0.7992
8.664	0.7993
8.665	0.7993
8.666	0.7994
8.667	0.7994
8.668	0.7994
8.669	0.7995
8.670	0.7995
8.671	0.7995
8.672	0.7996
8.673	0.7996
8.674	0.7996
8.675	0.7997
8.676	0.7997
8.677	0.7997
8.678	0.7998
8.679	0.7998
8.680	0.7998
8.681	0.7999
8.682	0.7999
8.683	0.7999
8.684	0.8000
8.685	0.8000
8.686	0.8000
8.687	0.8001
8.688	0.8001
8.689	0.8001
8.690	0.8002
8.691	0.8002
8.692	0.8002
8.693	0.8003
8.694	0.8003
8.695	0.8003
8.696	0.8003
8.697	0.8004
8.698	0.8004
8.699	0.8004
8.700	0.8005
8.701	0.8005
8.702	0.8005
8.703	0.8006
8.704	0.8006
8.705	0.8007
8.706	0.8007
8.707	0.8007
8.708	0.8008
8.709	0.8008
8.710	0.8008
8.711	0.8009
8.712	0.8009
8.713	0.8010
8.714	0.8010
8.715	0.8011
8.716	0.8011
8.717	0.8011
8.718	0.8012
8.719	0.8012
8.720	0.8013
8.721	0.8013
8.722	0.8014
8.723	0.8014
8.724	0.8014
8.725	0.8015
8.726	0.8015
8.727	0.8016
8.728	0.8016
8.729	0.8016
8.730	0.8017
8.731	0.8017
8.732	0.8017
8.733	0.8018
8.734	0.8018
8.735	0.8018
8.736	0.8018
8.737	0.8019
8.738	0.8019
8.739	0.8019
8.740	0.8019
8.741	0.8019
8.742	0.8019
8.743	0.8019
8.744	0.8019
8.745	0.8019
8.746	0.8019
8.747	0.8018
8.748	0.8018
8.749	0.8018
8.750	0.8017
8.751	0.8017
8.752	0.8017
8.753	0.8017
8.754	0.8017
8.755	0.8016
8.756	0.8016
8.757	0.8016
8.758	0.8016
8.759	0.8015
8.760	0.8015
8.761	0.8015
8.762	0.8014
8.763	0.8014
8.764	0.8014
8.765	0.8014
8.766	0.8013
8.767	0.8013
8.768	0.8013
8.769	0.8012
8.770	0.8012
8.771	0.8012
8.772	0.8011
8.773	0.8011
8.774	0.8011
8.775	0.8010
8.776	0.8010
8.777	0.8009
8.778	0.8009
8.779	0.8009
8.780	0.8008
8.781	0.8008
8.782	0.8007
8.783	0.8007
8.784	0.8006
8.785	0.8006
8.786	0.8005
8.787	0.8005
8.788	0.8004
8.789	0.8004
8.790	0.8004
8.791	0.8003
8.792	0.8003
8.793	0.8002
8.794	0.8002
8.795	0.8001
8.796	0.8001
8.797	0.8001
8.798	0.8000
8.799	0.8000
8.800	0.8000
8.801	0.7999
8.802	0.7999
8.803	0.7999
8.804	0.7998
8.805	0.7998
8.806	0.7998
8.807	0.7997
8.808	0.7997
8.809	0.7997
8.810	0.7997
8.811	0.7996
8.812	0.7996
8.813	0.7996
8.814	0.7996
8.815	0.7996
8.816	0.7995
8.817	0.7995
8.818	0.7995
8.819	0.7995
8.820	0.7994
8.821	0.7994
8.822	0.7994
8.823	0.7993
8.824	0.7993
8.825	0.7993
8.826	0.7992
8.827	0.7992
8.828	0.7992
8.829	0.7991
8.830	0.7991
8.831	0.7990
8.832	0.7990
8.833	0.7989
8.834	0.7989
8.835	0.7988
8.836	0.7987
8.837	0.7987
8.838	0.7986
8.839	0.7985
8.840	0.7984
8.841	0.7983
8.842	0.7982
8.843	0.7981
8.844	0.7981
8.845	0.7980
8.846	0.7979
8.847	0.7978
8.848	0.7977
8.849	0.7976
8.850	0.7975
8.851	0.7975
8.852	0.7974
8.853	0.7973
8.854	0.7972
8.855	0.7971
8.856	0.7970
8.857	0.7969
8.858	0.7969
8.859	0.7968
8.860	0.7967
8.861	0.7966
8.862	0.7965
8.863	0.7964
8.864	0.7963
8.865	0.7962
8.866	0.7961
8.867	0.7961
8.868	0.7960
8.869	0.7959
8.870	0.7958
8.871	0.7957
8.872	0.7956
8.873	0.7955
8.874	0.7954
8.875	0.7954
8.876	0.7953
8.877	0.7952
8.878	0.7951
8.879	0.7950
8.880	0.7949
8.881	0.7948
8.882	0.7947
8.883	0.7947
8.884	0.7946
8.885	0.7945
8.886	0.7944
8.887	0.7943
8.888	0.7942
8.889	0.7941
8.890	0.7941
8.891	0.7940
8.892	0.7939
8.893	0.7938
8.894	0.7937
8.895	0.7937
8.896	0.7936
8.897	0.7935
8.898	0.7934
8.899	0.7932
8.900	0.7931
8.901	0.7930
8.902	0.7928
8.903	0.7927
8.904	0.7926
8.905	0.7924
8.906	0.7923
8.907	0.7922
8.908	0.7921
8.909	0.7919
8.910	0.7918
8.911	0.7917
8.912	0.7916
8.913	0.7915
8.914	0.7913
8.915	0.7912
8.916	0.7911
8.917	0.7910
8.918	0.7909
8.919	0.7908
8.920	0.7907
8.921	0.7905
8.922	0.7904
8.923	0.7903
8.924	0.7902
8.925	0.7901
8.926	0.7901
8.927	0.7900
8.928	0.7899
8.929	0.7898
8.930	0.7897
8.931	0.7897
8.932	0.7896
8.933	0.7896
8.934	0.7895
8.935	0.7895
8.936	0.7894
8.937	0.7894
8.938	0.7893
8.939	0.7893
8.940	0.7892
8.941	0.7892
8.942	0.7891
8.943	0.7891
8.944	0.7890
8.945	0.7890
8.946	0.7889
8.947	0.7889
8.948	0.7888
8.949	0.7888
8.950	0.7888
8.951	0.7887
8.952	0.7887
8.953	0.7886
8.954	0.7886
8.955	0.7885
8.956	0.7885
8.957	0.7884
8.958	0.7884
8.959	0.7883
8.960	0.7883
8.961	0.7882
8.962	0.7882
8.963	0.7881
8.964	0.7880
8.965	0.7879
8.966	0.7879
8.967	0.7878
8.968	0.7877
8.969	0.7876
8.970	0.7875
8.971	0.7875
8.972	0.7874
8.973	0.7873
8.974	0.7872
8.975	0.7871
8.976	0.7871
8.977	0.7870
8.978	0.7869
8.979	0.7868
8.980	0.7867
8.981	0.7866
8.982	0.7866
8.983	0.7865
8.984	0.7864
8.985	0.7863
8.986	0.7862
8.987	0.7861
8.988	0.7861
8.989	0.7860
8.990	0.7859
8.991	0.7858
8.992	0.7857
8.993	0.7856
8.994	0.7856
8.995	0.7855
8.996	0.7854
8.997	0.7853
8.998	0.7852
8.999	0.7852
9.000	0.7851
9.001	0.7850
9.002	0.7849
9.003	0.7848
9.004	0.7848
9.005	0.7847
9.006	0.7846
9.007	0.7845
9.008	0.7845
9.009	0.7844
9.010	0.7843
9.011	0.7842
9.012	0.7842
9.013	0.7841
9.014	0.7840
9.015	0.7839
9.016	0.7839
9.017	0.7838
9.018	0.7837
9.019	0.7836
9.020	0.7836
9.021	0.7835
9.022	0.7834
9.023	0.7833
9.024	0.7833
9.025	0.7832
9.026	0.7831
9.027	0.7830
9.028	0.7830
9.029	0.7829
9.030	0.7828
9.031	0.7827
9.032	0.7827
9.033	0.7826
9.034	0.7825
9.035	0.7824
9.036	0.7824
9.037	0.7823
9.038	0.7822
9.039	0.7821
9.040	0.7821
9.041	0.7820
9.042	0.7819
9.043	0.7818
9.044	0.7818
9.045	0.7817
9.046	0.7816
9.047	0.7815
9.048	0.7814
9.049	0.7814
9.050	0.7813
9.051	0.7812
9.052	0.7811
9.053	0.7811
9.054	0.7810
9.055	0.7809
9.056	0.7808
9.057	0.7807
9.058	0.7807
9.059	0.7806
9.060	0.7804
9.061	0.7803
9.062	0.7802
9.063	0.7801
9.064	0.7800
9.065	0.7799
9.066	0.7798
9.067	0.7797
9.068	0.7796
9.069	0.7794
9.070	0.7793
9.071	0.7792
9.072	0.7791
9.073	0.7790
9.074	0.7789
9.075	0.7787
9.076	0.7786
9.077	0.7785
9.078	0.7784
9.079	0.7783
9.080	0.7782
9.081	0.7780
9.082	0.7779
9.083	0.7778
9.084	0.7777
9.085	0.7776
9.086	0.7774
9.087	0.7773
9.088	0.7772
9.089	0.7771
9.090	0.7770
9.091	0.7769
9.092	0.7768
9.093	0.7767
9.094	0.7767
9.095	0.7766
9.096	0.7766
9.097	0.7765
9.098	0.7764
9.099	0.7764
9.100	0.7763
9.101	0.7763
9.102	0.7762
9.103	0.7762
9.104	0.7761
9.105	0.7761
9.106	0.7760
9.107	0.7760
9.108	0.7759
9.109	0.7759
9.110	0.7758
9.111	0.7758
9.112	0.7757
9.113	0.7757
9.114	0.7756
9.115	0.7756
9.116	0.7755
9.117	0.7755
9.118	0.7754
9.119	0.7754
9.120	0.7753
9.121	0.7753
9.122	0.7752
9.123	0.7752
9.124	0.7751
9.125	0.7751
9.126	0.7750
9.127	0.7750
9.128	0.7749
9.129	0.7749
9.130	0.7748
9.131	0.7748
9.132	0.7747
9.133	0.7746
9.134	0.7746
9.135	0.7745
9.136	0.7745
9.137	0.7744
9.138	0.7744
9.139	0.7743
9.140	0.7742
9.141	0.7742
9.142	0.7741
9.143	0.7741
9.144	0.7740
9.145	0.7740
9.146	0.7739
9.147	0.7739
9.148	0.7738
9.149	0.7738
9.150	0.7737
9.151	0.7736
9.152	0.7736
9.153	0.7735
9.154	0.7735
9.155	0.7734
9.156	0.7734
9.157	0.7733
9.158	0.7733
9.159	0.7732
9.160	0.7732
9.161	0.7731
9.162	0.7731
9.163	0.7730
9.164	0.7730
9.165	0.7729
9.166	0.7729
9.167	0.7728
9.168	0.7728
9.169	0.7727
9.170	0.7727
9.171	0.7726
9.172	0.7726
9.173	0.7725
9.174	0.7725
9.175	0.7724
9.176	0.7724
9.177	0.7723
9.178	0.7722
9.179	0.7722
9.180	0.7721
9.181	0.7721
9.182	0.7720
9.183	0.7720
9.184	0.7719
9.185	0.7719
9.186	0.7718
9.187	0.7718
9.188	0.7717
9.189	0.7716
9.190	0.7716
9.191	0.7715
9.192	0.7715
9.193	0.7715
9.194	0.7714
9.195	0.7714
9.196	0.7713
9.197	0.7713
9.198	0.7713
9.199	0.7712
9.200	0.7712
9.201	0.7712
9.202	0.7711
9.203	0.7711
9.204	0.7711
9.205	0.7711
9.206	0.7710
9.207	0.7710
9.208	0.7710
9.209	0.7709
9.210	0.7709
9.211	0.7709
9.212	0.7709
9.213	0.7708
9.214	0.7708
9.215	0.7708
9.216	0.7708
9.217	0.7707
9.218	0.7707
9.219	0.7707
9.220	0.7707
9.221	0.7707
9.222	0.7706
9.223	0.7706
9.224	0.7706
9.225	0.7706
9.226	0.7705
9.227	0.7705
9.228	0.7705
9.229	0.7705
9.230	0.7704
9.231	0.7704
9.232	0.7704
9.233	0.7704
9.234	0.7703
9.235	0.7703
9.236	0.7703
9.237	0.7702
9.238	0.7702
9.239	0.7702
9.240	0.7701
9.241	0.7701
9.242	0.7701
9.243	0.7700
9.244	0.7700
9.245	0.7700
9.246	0.7699
9.247	0.7699
9.248	0.7698
9.249	0.7698
9.250	0.7697
9.251	0.7697
9.252	0.7697
9.253	0.7696
9.254	0.7696
9.255	0.7695
9.256	0.7695
9.257	0.7694
9.258	0.7694
9.259	0.7694
9.260	0.7693
9.261	0.7693
9.262	0.7692
9.263	0.7692
9.264	0.7692
9.265	0.7691
9.266	0.7691
9.267	0.7690
9.268	0.7690
9.269	0.7690
9.270	0.7689
9.271	0.7689
9.272	0.7688
9.273	0.7688
9.274	0.7688
9.275	0.7687
9.276	0.7687
9.277	0.7686
9.278	0.7686
9.279	0.7685
9.280	0.7685
9.281	0.7685
9.282	0.7684
9.283	0.7684
9.284	0.7683
9.285	0.7683
9.286	0.7682
9.287	0.7682
9.288	0.7682
9.289	0.7681
9.290	0.7681
9.291	0.7680
9.292	0.7680
9.293	0.7679
9.294	0.7679
9.295	0.7679
9.296	0.7679
9.297	0.7679
9.298	0.7678
9.299	0.7678
9.300	0.7678
9.301	0.7678
9.302	0.7678
9.303	0.7678
9.304	0.7678
9.305	0.7677
9.306	0.7677
9.307	0.7677
9.308	0.7677
9.309	0.7676
9.310	0.7676
9.311	0.7676
9.312	0.7676
9.313	0.7676
9.314	0.7676
9.315	0.7676
9.316	0.7676
9.317	0.7676
9.318	0.7676
9.319	0.7675
9.320	0.7675
9.321	0.7675
9.322	0.7675
9.323	0.7675
9.324	0.7675
9.325	0.7674
9.326	0.7674
9.327	0.7674
9.328	0.7674
9.329	0.7673
9.330	0.7673
9.331	0.7672
9.332	0.7672
9.333	0.7671
9.334	0.7671
9.335	0.7670
9.336	0.7669
9.337	0.7669
9.338	0.7668
9.339	0.7668
9.340	0.7667
9.341	0.7666
9.342	0.7666
9.343	0.7665
9.344	0.7664
9.345	0.7663
9.346	0.7663
9.347	0.7662
9.348	0.7661
9.349	0.7660
9.350	0.7660
9.351	0.7659
9.352	0.7658
9.353	0.7657
9.354	0.7657
9.355	0.7656
9.356	0.7655
9.357	0.7654
9.358	0.7653
9.359	0.7653
9.360	0.7652
9.361	0.7651
9.362	0.7649
9.363	0.7648
9.364	0.7648
9.365	0.7647
9.366	0.7646
9.367	0.7645
9.368	0.7644
9.369	0.7644
9.370	0.7643
9.371	0.7642
9.372	0.7641
9.373	0.7641
9.374	0.7640
9.375	0.7639
9.376	0.7638
9.377	0.7638
9.378	0.7637
9.379	0.7636
9.380	0.7635
9.381	0.7635
9.382	0.7634
9.383	0.7633
9.384	0.7633
9.385	0.7632
9.386	0.7631
9.387	0.7631
9.388	0.7630
9.389	0.7629
9.390	0.7629
9.391	0.7628
9.392	0.7627
9.393	0.7627
9.394	0.7626
9.395	0.7626
9.396	0.7625
9.397	0.7624
9.398	0.7624
9.399	0.7623
9.400	0.7623
9.401	0.7622
9.402	0.7622
9.403	0.7621
9.404	0.7620
9.405	0.7620
9.406	0.7619
9.407	0.7619
9.408	0.7618
9.409	0.7618
9.410	0.7617
9.411	0.7617
9.412	0.7616
9.413	0.7615
9.414	0.7615
9.415	0.7614
9.416	0.7614
9.417	0.7612
9.418	0.7612
9.419	0.7611
9.420	0.7611
9.421	0.7610
9.422	0.7610
9.423	0.7609
9.424	0.7608
9.425	0.7608
9.426	0.7607
9.427	0.7607
9.428	0.7606
9.429	0.7606
9.430	0.7605
9.431	0.7604
9.432	0.7604
9.433	0.7603
9.434	0.7603
9.435	0.7602
9.436	0.7601
9.437	0.7600
9.438	0.7599
9.439	0.7598
9.440	0.7597
9.441	0.7596
9.442	0.7596
9.443	0.7595
9.444	0.7594
9.445	0.7593
9.446	0.7592
9.447	0.7591
9.448	0.7590
9.449	0.7589
9.450	0.7588
9.451	0.7587
9.452	0.7586
9.453	0.7585
9.454	0.7584
9.455	0.7583
9.456	0.7582
9.457	0.7581
9.458	0.7580
9.459	0.7579
9.460	0.7578
9.461	0.7577
9.462	0.7576
9.463	0.7575
9.464	0.7575
9.465	0.7574
9.466	0.7573
9.467	0.7572
9.468	0.7571
9.469	0.7570
9.470	0.7569
9.471	0.7568
9.472	0.7567
9.473	0.7565
9.474	0.7564
9.475	0.7563
9.476	0.7562
9.477	0.7561
9.478	0.7560
9.479	0.7559
9.480	0.7558
9.481	0.7557
9.482	0.7556
9.483	0.7555
9.484	0.7554
9.485	0.7553
9.486	0.7552
9.487	0.7551
9.488	0.7549
9.489	0.7548
9.490	0.7547
9.491	0.7546
9.492	0.7545
9.493	0.7544
9.494	0.7542
9.495	0.7541
9.496	0.7540
9.497	0.7539
9.498	0.7537
9.499	0.7536
9.500	0.7535
9.501	0.7534
9.502	0.7532
9.503	0.7531
9.504	0.7530
9.505	0.7528
9.506	0.7527
9.507	0.7525
9.508	0.7523
9.509	0.7522
9.510	0.7520
9.511	0.7518
9.512	0.7517
9.513	0.7515
9.514	0.7513
9.515	0.7512
9.516	0.7510
9.517	0.7508
9.518	0.7506
9.519	0.7504
9.520	0.7503
9.521	0.7501
9.522	0.7499
9.523	0.7497
9.524	0.7495
9.525	0.7494
9.526	0.7492
9.527	0.7490
9.528	0.7487
9.529	0.7485
9.530	0.7483
9.531	0.7481
9.532	0.7479
9.533	0.7478
9.534	0.7476
9.535	0.7474
9.536	0.7472
9.537	0.7470
9.538	0.7469
9.539	0.7467
9.540	0.7465
9.541	0.7463
9.542	0.7462
9.543	0.7460
9.544	0.7458
9.545	0.7456
9.546	0.7454
9.547	0.7452
9.548	0.7450
9.549	0.7448
9.550	0.7446
9.551	0.7444
9.552	0.7442
9.553	0.7440
9.554	0.7438
9.555	0.7437
9.556	0.7435
9.557	0.7433
9.558	0.7431
9.559	0.7429
9.560	0.7427
9.561	0.7425
9.562	0.7424
9.563	0.7422
9.564	0.7420
9.565	0.7418
9.566	0.7416
9.567	0.7415
9.568	0.7413
9.569	0.7411
9.570	0.7409
9.571	0.7408
9.572	0.7406
9.573	0.7404
9.574	0.7402
9.575	0.7401
9.576	0.7399
9.577	0.7397
9.578	0.7395
9.579	0.7393
9.580	0.7391
9.581	0.7389
9.582	0.7387
9.583	0.7384
9.584	0.7380
9.585	0.7378
9.586	0.7376
9.587	0.7373
9.588	0.7371
9.589	0.7369
9.590	0.7367
9.591	0.7364
9.592	0.7362
9.593	0.7360
9.594	0.7357
9.595	0.7355
9.596	0.7352
9.597	0.7350
9.598	0.7348
9.599	0.7345
9.600	0.7343
9.601	0.7340
9.602	0.7338
9.603	0.7336
9.604	0.7333
9.605	0.7331
9.606	0.7328
9.607	0.7326
9.608	0.7323
9.609	0.7321
9.610	0.7318
9.611	0.7316
9.612	0.7314
9.613	0.7311
9.614	0.7309
9.615	0.7306
9.616	0.7304
9.617	0.7301
9.618	0.7299
9.619	0.7297
9.620	0.7295
9.621	0.7292
9.622	0.7290
9.623	0.7288
9.624	0.7285
9.625	0.7283
9.626	0.7280
9.627	0.7278
9.628	0.7276
9.629	0.7273
9.630	0.7271
9.631	0.7268
9.632	0.7266
9.633	0.7263
9.634	0.7261
9.635	0.7258
9.636	0.7256
9.637	0.7253
9.638	0.7251
9.639	0.7246
9.640	0.7244
9.641	0.7241
9.642	0.7239
9.643	0.7236
9.644	0.7234
9.645	0.7231
9.646	0.7229
9.647	0.7226
9.648	0.7224
9.649	0.7221
9.650	0.7219
9.651	0.7216
9.652	0.7214
9.653	0.7211
9.654	0.7209
9.655	0.7207
9.656	0.7204
9.657	0.7202
9.658	0.7199
9.659	0.7197
9.660	0.7194
9.661	0.7192
9.662	0.7189
9.663	0.7187
9.664	0.7184
9.665	0.7181
9.666	0.7179
9.667	0.7176
9.668	0.7174
9.669	0.7171
9.670	0.7169
9.671	0.7166
9.672	0.7163
9.673	0.7161
9.674	0.7158
9.675	0.7155
9.676	0.7152
9.677	0.7150
9.678	0.7147
9.679	0.7144
9.680	0.7141
9.681	0.7139
9.682	0.7136
9.683	0.7133
9.684	0.7130
9.685	0.7127
9.686	0.7124
9.687	0.7121
9.688	0.7119
9.689	0.7116
9.690	0.7113
9.691	0.7110
9.692	0.7106
9.693	0.7103
9.694	0.7100
9.695	0.7094
9.696	0.7091
9.697	0.7088
9.698	0.7085
9.699	0.7082
9.700	0.7078
9.701	0.7075
9.702	0.7072
9.703	0.7069
9.704	0.7066
9.705	0.7062
9.706	0.7059
9.707	0.7056
9.708	0.7053
9.709	0.7049
9.710	0.7046
9.711	0.7043
9.712	0.7039
9.713	0.7036
9.714	0.7033
9.715	0.7029
9.716	0.7026
9.717	0.7023
9.718	0.7019
9.719	0.7016
9.720	0.7012
9.721	0.7009
9.722	0.7005
9.723	0.7002
9.724	0.6999
9.725	0.6995
9.726	0.6992
9.727	0.6988
9.728	0.6985
9.729	0.6981
9.730	0.6977
9.731	0.6974
9.732	0.6970
9.733	0.6967
9.734	0.6963
9.735	0.6959
9.736	0.6956
9.737	0.6952
9.738	0.6948
9.739	0.6945
9.740	0.6941
9.741	0.6937
9.742	0.6934
9.743	0.6930
9.744	0.6926
9.745	0.6922
9.746	0.6919
9.747	0.6915
9.748	0.6911
9.749	0.6907
9.750	0.6900
9.751	0.6896
9.752	0.6892
9.753	0.6889
9.754	0.6885
9.755	0.6881
9.756	0.6877
9.757	0.6873
9.758	0.6869
9.759	0.6865
9.760	0.6861
9.761	0.6857
9.762	0.6853
9.763	0.6849
9.764	0.6845
9.765	0.6841
9.766	0.6837
9.767	0.6833
9.768	0.6829
9.769	0.6825
9.770	0.6821
9.771	0.6817
9.772	0.6813
9.773	0.6809
9.774	0.6805
9.775	0.6801
9.776	0.6797
9.777	0.6793
9.778	0.6789
9.779	0.6785
9.780	0.6781
9.781	0.6777
9.782	0.6772
9.783	0.6768
9.784	0.6764
9.785	0.6760
9.786	0.6756
9.787	0.6751
9.788	0.6747
9.789	0.6743
9.790	0.6738
9.791	0.6734
9.792	0.6730
9.793	0.6726
9.794	0.6721
9.795	0.6717
9.796	0.6712
9.797	0.6708
9.798	0.6704
9.799	0.6699
9.800	0.6695
9.801	0.6690
9.802	0.6686
9.803	0.6681
9.804	0.6677
9.805	0.6673
9.806	0.6664
9.807	0.6660
9.808	0.6656
9.809	0.6651
9.810	0.6647
9.811	0.6642
9.812	0.6638
9.813	0.6633
9.814	0.6629
9.815	0.6624
9.816	0.6620
9.817	0.6615
9.818	0.6611
9.819	0.6606
9.820	0.6602
9.821	0.6597
9.822	0.6592
9.823	0.6588
9.824	0.6583
9.825	0.6578
9.826	0.6573
9.827	0.6568
9.828	0.6564
9.829	0.6559
9.830	0.6554
9.831	0.6549
9.832	0.6544
9.833	0.6539
9.834	0.6534
9.835	0.6529
9.836	0.6524
9.837	0.6519
9.838	0.6514
9.839	0.6509
9.840	0.6504
9.841	0.6499
9.842	0.6493
9.843	0.6488
9.844	0.6483
9.845	0.6478
9.846	0.6473
9.847	0.6467
9.848	0.6462
9.849	0.6457
9.850	0.6452
9.851	0.6446
9.852	0.6441
9.853	0.6436
9.854	0.6430
9.855	0.6425
9.856	0.6420
9.857	0.6414
9.858	0.6409
9.859	0.6404
9.860	0.6398
9.861	0.6393
9.862	0.6382
9.863	0.6377
9.864	0.6372
9.865	0.6366
9.866	0.6361
9.867	0.6355
9.868	0.6350
9.869	0.6344
9.870	0.6338
9.871	0.6333
9.872	0.6327
9.873	0.6322
9.874	0.6316
9.875	0.6310
9.876	0.6305
9.877	0.6299
9.878	0.6293
9.879	0.6287
9.880	0.6282
9.881	0.6276
9.882	0.6270
9.883	0.6264
9.884	0.6258
9.885	0.6253
9.886	0.6247
9.887	0.6241
9.888	0.6235
9.889	0.6229
9.890	0.6223
9.891	0.6217
9.892	0.6211
9.893	0.6205
9.894	0.6199
9.895	0.6193
9.896	0.6186
9.897	0.6180
9.898	0.6174
9.899	0.6168
9.900	0.6161
9.901	0.6155
9.902	0.6149
9.903	0.6142
9.904	0.6136
9.905	0.6129
9.906	0.6123
9.907	0.6116
9.908	0.6110
9.909	0.6103
9.910	0.6096
9.911	0.6090
9.912	0.6083
9.913	0.6076
9.914	0.6070
9.915	0.6063
9.916	0.6056
9.917	0.6043
9.918	0.6036
9.919	0.6029
9.920	0.6022
9.921	0.6015
9.922	0.6009
9.923	0.6002
9.924	0.5995
9.925	0.5989
9.926	0.5982
9.927	0.5975
9.928	0.5968
9.929	0.5962
9.930	0.5955
9.931	0.5948
9.932	0.5941
9.933	0.5934
9.934	0.5927
9.935	0.5920
9.936	0.5913
9.937	0.5906
9.938	0.5899
9.939	0.5892
9.940	0.5885
9.941	0.5877
9.942	0.5870
9.943	0.5863
9.944	0.5856
9.945	0.5849
9.946	0.5841
9.947	0.5834
9.948	0.5826
9.949	0.5819
9.950	0.5812
9.951	0.5804
9.952	0.5797
9.953	0.5789
9.954	0.5781
9.955	0.5774
9.956	0.5766
9.957	0.5758
9.958	0.5751
9.959	0.5743
9.960	0.5735
9.961	0.5727
9.962	0.5719
9.963	0.5712
9.964	0.5704
9.965	0.5696
9.966	0.5688
9.967	0.5679
9.968	0.5671
9.969	0.5663
9.970	0.5655
9.971	0.5647
9.972	0.5639
9.973	0.5622
9.974	0.5614
9.975	0.5605
9.976	0.5597
9.977	0.5588
9.978	0.5579
9.979	0.5571
9.980	0.5562
9.981	0.5554
9.982	0.5545
9.983	0.5536
9.984	0.5527
9.985	0.5518
9.986	0.5510
9.987	0.5501
9.988	0.5492
9.989	0.5483
9.990	0.5474
9.991	0.5465
9.992	0.5456
9.993	0.5446
9.994	0.5437
9.995	0.5428
9.996	0.5419
9.997	0.5410
9.998	0.5400
9.999	0.5391
10.000	0.5381
10.001	0.5372
10.002	0.5363
10.003	0.5354
10.004	0.5345
10.005	0.5336
10.006	0.5326
10.007	0.5317
10.008	0.5308
10.009	0.5299
10.010	0.5289
10.011	0.5280
10.012	0.5270
10.013	0.5261
10.014	0.5251
10.015	0.5242
10.016	0.5232
10.017	0.5223
10.018	0.5213
10.019	0.5203
10.020	0.5194
10.021	0.5184
10.022	0.5174
10.023	0.5164
10.024	0.5155
10.025	0.5145
10.026	0.5135
10.027	0.5125
10.028	0.5105
10.029	0.5095
10.030	0.5085
10.031	0.5075
10.032	0.5065
10.033	0.5055
10.034	0.5044
10.035	0.5034
10.036	0.5024
10.037	0.5014
10.038	0.5003
10.039	0.4993
10.040	0.4983
10.041	0.4972
10.042	0.4962
10.043	0.4951
10.044	0.4941
10.045	0.4931
10.046	0.4920
10.047	0.4910
10.048	0.4899
10.049	0.4888
10.050	0.4878
10.051	0.4867
10.052	0.4856
10.053	0.4845
10.054	0.4835
10.055	0.4824
10.056	0.4813
10.057	0.4802
10.058	0.4791
10.059	0.4780
10.060	0.4769
10.061	0.4758
10.062	0.4746
10.063	0.4735
10.064	0.4724
10.065	0.4713
10.066	0.4701
10.067	0.4690
10.068	0.4679
10.069	0.4667
10.070	0.4656
10.071	0.4644
10.072	0.4633
10.073	0.4621
10.074	0.4610
10.075	0.4598
10.076	0.4586
10.077	0.4574
10.078	0.4563
10.079	0.4551
10.080	0.4539
10.081	0.4527
10.082	0.4516
10.083	0.4504
10.084	0.4480
10.085	0.4469
10.086	0.4457
10.087	0.4445
10.088	0.4434
10.089	0.4422
10.090	0.4410
10.091	0.4398
10.092	0.4386
10.093	0.4374
10.094	0.4363
10.095	0.4351
10.096	0.4339
10.097	0.4327
10.098	0.4314
10.099	0.4302
10.100	0.4290
10.101	0.4278
10.102	0.4266
10.103	0.4254
10.104	0.4241
10.105	0.4229
10.106	0.4217
10.107	0.4204
10.108	0.4192
10.109	0.4180
10.110	0.4167
10.111	0.4155
10.112	0.4142
10.113	0.4130
10.114	0.4117
10.115	0.4105
10.116	0.4092
10.117	0.4080
10.118	0.4067
10.119	0.4055
10.120	0.4042
10.121	0.4029
10.122	0.4016
10.123	0.4004
10.124	0.3991
10.125	0.3978
10.126	0.3965
10.127	0.3952
10.128	0.3939
10.129	0.3926
10.130	0.3913
10.131	0.3900
10.132	0.3887
10.133	0.3874
10.134	0.3861
10.135	0.3848
10.136	0.3835
10.137	0.3822
10.138	0.3808
10.139	0.3782
10.140	0.3768
10.141	0.3755
10.142	0.3742
10.143	0.3729
10.144	0.3715
10.145	0.3702
10.146	0.3689
10.147	0.3676
10.148	0.3662
10.149	0.3649
10.150	0.3636
10.151	0.3622
10.152	0.3609
10.153	0.3596
10.154	0.3582
10.155	0.3569
10.156	0.3555
10.157	0.3542
10.158	0.3529
10.159	0.3515
10.160	0.3502
10.161	0.3488
10.162	0.3475
10.163	0.3461
10.164	0.3448
10.165	0.3435
10.166	0.3421
10.167	0.3408
10.168	0.3394
10.169	0.3381
10.170	0.3367
10.171	0.3354
10.172	0.3341
10.173	0.3327
10.174	0.3314
10.175	0.3300
10.176	0.3287
10.177	0.3273
10.178	0.3260
10.179	0.3246
10.180	0.3233
10.181	0.3219
10.182	0.3206
10.183	0.3193
10.184	0.3179
10.185	0.3166
10.186	0.3152
10.187	0.3139
10.188	0.3125
10.189	0.3112
10.190	0.3098
10.191	0.3085
10.192	0.3072
10.193	0.3058
10.194	0.3045
10.195	0.3018
10.196	0.3004
10.197	0.2991
10.198	0.2977
10.199	0.2964
10.200	0.2951
10.201	0.2937
10.202	0.2924
10.203	0.2911
10.204	0.2898
10.205	0.2884
10.206	0.2871
10.207	0.2858
10.208	0.2845
10.209	0.2832
10.210	0.2818
10.211	0.2805
10.212	0.2792
10.213	0.2779
10.214	0.2766
10.215	0.2753
10.216	0.2740
10.217	0.2727
10.218	0.2714
10.219	0.2701
10.220	0.2688
10.221	0.2675
10.222	0.2662
10.223	0.2649
10.224	0.2637
10.225	0.2624
10.226	0.2611
10.227	0.2598
10.228	0.2585
10.229	0.2573
10.230	0.2560
10.231	0.2547
10.232	0.2534
10.233	0.2522
10.234	0.2509
10.235	0.2497
10.236	0.2484
10.237	0.2471
10.238	0.2459
10.239	0.2446
10.240	0.2434
10.241	0.2421
10.242	0.2409
10.243	0.2397
10.244	0.2384
10.245	0.2372
10.246	0.2360
10.247	0.2347
10.248	0.2335
10.249	0.2323
10.250	0.2298
10.251	0.2286
10.252	0.2274
10.253	0.2262
10.254	0.2250
10.255	0.2238
10.256	0.2226
10.257	0.2214
10.258	0.2202
10.259	0.2190
10.260	0.2178
10.261	0.2167
10.262	0.2155
10.263	0.2143
10.264	0.2132
10.265	0.2120
10.266	0.2109
10.267	0.2097
10.268	0.2086
10.269	0.2074
10.270	0.2063
10.271	0.2051
10.272	0.2040
10.273	0.2029
10.274	0.2018
10.275	0.2007
10.276	0.1996
10.277	0.1984
10.278	0.1974
10.279	0.1963
10.280	0.1952
10.281	0.1941
10.282	0.1930
10.283	0.1919
10.284	0.1909
10.285	0.1898
10.286	0.1887
10.287	0.1877
10.288	0.1866
10.289	0.1856
10.290	0.1846
10.291	0.1835
10.292	0.1825
10.293	0.1815
10.294	0.1804
10.295	0.1794
10.296	0.1784
10.297	0.1774
10.298	0.1764
10.299	0.1754
10.300	0.1745
10.301	0.1735
10.302	0.1725
10.303	0.1715
10.304	0.1706
10.305	0.1696
10.306	0.1677
10.307	0.1668
10.308	0.1658
10.309	0.1649
10.310	0.1640
10.311	0.1631
10.312	0.1621
10.313	0.1612
10.314	0.1603
10.315	0.1594
10.316	0.1586
10.317	0.1577
10.318	0.1568
10.319	0.1559
10.320	0.1551
10.321	0.1542
10.322	0.1534
10.323	0.1525
10.324	0.1517
10.325	0.1509
10.326	0.1500
10.327	0.1492
10.328	0.1484
10.329	0.1476
10.330	0.1468
10.331	0.1460
10.332	0.1452
10.333	0.1444
10.334	0.1436
10.335	0.1429
10.336	0.1421
10.337	0.1413
10.338	0.1406
10.339	0.1398
10.340	0.1390
10.341	0.1383
10.342	0.1376
10.343	0.1368
10.344	0.1361
10.345	0.1354
10.346	0.1347
10.347	0.1340
10.348	0.1333
10.349	0.1326
10.350	0.1319
10.351	0.1312
10.352	0.1305
10.353	0.1299
10.354	0.1292
10.355	0.1285
10.356	0.1279
10.357	0.1272
10.358	0.1266
10.359	0.1259
10.360	0.1253
10.361	0.1247
10.362	0.1234
10.363	0.1228
10.364	0.1222
10.365	0.1216
10.366	0.1210
10.367	0.1204
10.368	0.1198
10.369	0.1193
10.370	0.1187
10.371	0.1181
10.372	0.1176
10.373	0.1170
10.374	0.1165
10.375	0.1159
10.376	0.1154
10.377	0.1149
10.378	0.1143
10.379	0.1138
10.380	0.1133
10.381	0.1128
10.382	0.1123
10.383	0.1118
10.384	0.1113
10.385	0.1108
10.386	0.1103
10.387	0.1099
10.388	0.1094
10.389	0.1089
10.390	0.1085
10.391	0.1080
10.392	0.1076
10.393	0.1072
10.394	0.1067
10.395	0.1063
10.396	0.1059
10.397	0.1055
10.398	0.1051
10.399	0.1047
10.400	0.1043
10.401	0.1039
10.402	0.1035
10.403	0.1031
10.404	0.1028
10.405	0.1024
10.406	0.1020
10.407	0.1017
10.408	0.1014
10.409	0.1010
10.410	0.1007
10.411	0.1004
10.412	0.1000
10.413	0.0997
10.414	0.0994
10.415	0.0991
10.416	0.0988
10.417	0.0982
10.418	0.0979
10.419	0.0976
10.420	0.0973
10.421	0.0971
10.422	0.0968
10.423	0.0965
10.424	0.0963
10.425	0.0960
10.426	0.0958
10.427	0.0955
10.428	0.0953
10.429	0.0950
10.430	0.0948
10.431	0.0946
10.432	0.0943
10.433	0.0941
10.434	0.0939
10.435	0.0937
10.436	0.0935
10.437	0.0933
10.438	0.0931
10.439	0.0929
10.440	0.0927
10.441	0.0925
10.442	0.0923
10.443	0.0922
10.444	0.0920
10.445	0.0918
10.446	0.0917
10.447	0.0915
10.448	0.0913
10.449	0.0912
10.450	0.0910
10.451	0.0909
10.452	0.0907
10.453	0.0906
10.454	0.0905
10.455	0.0904
10.456	0.0902
10.457	0.0901
10.458	0.0900
10.459	0.0899
10.460	0.0898
10.461	0.0897
10.462	0.0896
10.463	0.0895
10.464	0.0894
10.465	0.0893
10.466	0.0892
10.467	0.0891
10.468	0.0890
10.469	0.0889
10.470	0.0889
10.471	0.0888
10.472	0.0887
10.473	0.0886
10.474	0.0885
10.475	0.0885
10.476	0.0884
10.477	0.0884
10.478	0.0883
10.479	0.0883
10.480	0.0883
10.481	0.0882
10.482	0.0882
10.483	0.0882
10.484	0.0882
10.485	0.0882
10.486	0.0881
10.487	0.0881
10.488	0.0881
10.489	0.0881
10.490	0.0881
10.491	0.0881
10.492	0.0881
10.493	0.0881
10.494	0.0881
10.495	0.0881
10.496	0.0882
10.497	0.0882
10.498	0.0882
10.499	0.0882
10.500	0.0883
10.501	0.0883
10.502	0.0883
10.503	0.0884
10.504	0.0884
10.505	0.0884
10.506	0.0885
10.507	0.0885
10.508	0.0886
10.509	0.0886
10.510	0.0887
10.511	0.0887
10.512	0.0888
10.513	0.0888
10.514	0.0889
10.515	0.0889
10.516	0.0890
10.517	0.0891
10.518	0.0891
10.519	0.0892
10.520	0.0893
10.521	0.0894
10.522	0.0894
10.523	0.0895
10.524	0.0896
10.525	0.0897
10.526	0.0898
10.527	0.0898
10.528	0.0900
10.529	0.0901
10.530	0.0902
10.531	0.0903
10.532	0.0904
10.533	0.0905
10.534	0.0906
10.535	0.0907
10.536	0.0908
10.537	0.0909
10.538	0.0910
10.539	0.0911
10.540	0.0912
10.541	0.0913
10.542	0.0914
10.543	0.0915
10.544	0.0916
10.545	0.0917
10.546	0.0918
10.547	0.0920
10.548	0.0921
10.549	0.0922
10.550	0.0923
10.551	0.0924
10.552	0.0925
10.553	0.0926
10.554	0.0928
10.555	0.0929
10.556	0.0930
10.557	0.0931
10.558	0.0932
10.559	0.0934
10.560	0.0935
10.561	0.0936
10.562	0.0937
10.563	0.0939
10.564	0.0940
10.565	0.0941
10.566	0.0942
10.567	0.0944
10.568	0.0945
10.569	0.0946
10.570	0.0948
10.571	0.0949
10.572	0.0950
10.573	0.0952
10.574	0.0953
10.575	0.0954
10.576	0.0956
10.577	0.0957
10.578	0.0959
10.579	0.0960
10.580	0.0962
10.581	0.0963
10.582	0.0964
10.583	0.0966
10.584	0.0969
10.585	0.0970
10.586	0.0972
10.587	0.0973
10.588	0.0975
10.589	0.0977
10.590	0.0978
10.591	0.0980
10.592	0.0981
10.593	0.0983
10.594	0.0984
10.595	0.0986
10.596	0.0987
10.597	0.0989
10.598	0.0991
10.599	0.0992
10.600	0.0994
10.601	0.0995
10.602	0.0997
10.603	0.0998
10.604	0.1000
10.605	0.1002
10.606	0.1003
10.607	0.1005
10.608	0.1006
10.609	0.1008
10.610	0.1009
10.611	0.1011
10.612	0.1013
10.613	0.1014
10.614	0.1016
10.615	0.1017
10.616	0.1019
10.617	0.1021
10.618	0.1022
10.619	0.1024
10.620	0.1026
10.621	0.1027
10.622	0.1029
10.623	0.1030
10.624	0.1032
10.625	0.1034
10.626	0.1035
10.627	0.1037
10.628	0.1038
10.629	0.1040
10.630	0.1042
10.631	0.1043
10.632	0.1045
10.633	0.1047
10.634	0.1048
10.635	0.1050
10.636	0.1052
10.637	0.1053
10.638	0.1055
10.639	0.1058
10.640	0.1060
10.641	0.1061
10.642	0.1063
10.643	0.1065
10.644	0.1066
10.645	0.1068
10.646	0.1070
10.647	0.1071
10.648	0.1073
10.649	0.1075
10.650	0.1076
10.651	0.1078
10.652	0.1079
10.653	0.1081
10.654	0.1083
10.655	0.1084
10.656	0.1086
10.657	0.1088
10.658	0.1089
10.659	0.1091
10.660	0.1092
10.661	0.1094
10.662	0.1095
10.663	0.1097
10.664	0.1099
10.665	0.1100
10.666	0.1102
10.667	0.1103
10.668	0.1105
10.669	0.1106
10.670	0.1108
10.671	0.1109
10.672	0.1111
10.673	0.1113
10.674	0.1114
10.675	0.1116
10.676	0.1117
10.677	0.1118
10.678	0.1120
10.679	0.1121
10.680	0.1123
10.681	0.1124
10.682	0.1126
10.683	0.1127
10.684	0.1129
10.685	0.1130
10.686	0.1131
10.687	0.1133
10.688	0.1134
10.689	0.1135
10.690	0.1137
10.691	0.1138
10.692	0.1140
10.693	0.1141
10.694	0.1142
10.695	0.1145
10.696	0.1146
10.697	0.1147
10.698	0.1149
10.699	0.1150
10.700	0.1151
10.701	0.1153
10.702	0.1154
10.703	0.1155
10.704	0.1156
10.705	0.1158
10.706	0.1159
10.707	0.1160
10.708	0.1161
10.709	0.1162
10.710	0.1164
10.711	0.1165
10.712	0.1166
10.713	0.1167
10.714	0.1169
10.715	0.1170
10.716	0.1171
10.717	0.1172
10.718	0.1173
10.719	0.1174
10.720	0.1176
10.721	0.1177
10.722	0.1178
10.723	0.1179
10.724	0.1180
10.725	0.1181
10.726	0.1183
10.727	0.1184
10.728	0.1185
10.729	0.1186
10.730	0.1187
10.731	0.1188
10.732	0.1189
10.733	0.1190
10.734	0.1191
10.735	0.1192
10.736	0.1194
10.737	0.1195
10.738	0.1196
10.739	0.1197
10.740	0.1198
10.741	0.1199
10.742	0.1200
10.743	0.1201
10.744	0.1202
10.745	0.1203
10.746	0.1204
10.747	0.1205
10.748	0.1206
10.749	0.1207
10.750	0.1209
10.751	0.1210
10.752	0.1211
10.753	0.1212
10.754	0.1213
10.755	0.1214
10.756	0.1215
10.757	0.1215
10.758	0.1216
10.759	0.1217
10.760	0.1218
10.761	0.1219
10.762	0.1220
10.763	0.1221
10.764	0.1222
10.765	0.1222
10.766	0.1223
10.767	0.1224
10.768	0.1225
10.769	0.1226
10.770	0.1227
10.771	0.1227
10.772	0.1228
10.773	0.1229
10.774	0.1230
10.775	0.1230
10.776	0.1231
10.777	0.1232
10.778	0.1233
10.779	0.1233
10.780	0.1234
10.781	0.1235
10.782	0.1236
10.783	0.1236
10.784	0.1237
10.785	0.1238
10.786	0.1238
10.787	0.1239
10.788	0.1239
10.789	0.1240
10.790	0.1241
10.791	0.1241
10.792	0.1242
10.793	0.1242
10.794	0.1243
10.795	0.1244
10.796	0.1244
10.797	0.1245
10.798	0.1245
10.799	0.1246
10.800	0.1246
10.801	0.1247
10.802	0.1247
10.803	0.1248
10.804	0.1248
10.805	0.1249
10.806	0.1250
10.807	0.1250
10.808	0.1251
10.809	0.1251
10.810	0.1251
10.811	0.1252
10.812	0.1252
10.813	0.1253
10.814	0.1253
10.815	0.1254
10.816	0.1254
10.817	0.1254
10.818	0.1255
10.819	0.1255
10.820	0.1256
10.821	0.1256
10.822	0.1256
10.823	0.1257
10.824	0.1257
10.825	0.1258
10.826	0.1258
10.827	0.1259
10.828	0.1259
10.829	0.1259
10.830	0.1260
10.831	0.1260
10.832	0.1261
10.833	0.1261
10.834	0.1262
10.835	0.1262
10.836	0.1262
10.837	0.1263
10.838	0.1263
10.839	0.1263
10.840	0.1264
10.841	0.1264
10.842	0.1265
10.843	0.1265
10.844	0.1265
10.845	0.1266
10.846	0.1266
10.847	0.1266
10.848	0.1267
10.849	0.1267
10.850	0.1267
10.851	0.1268
10.852	0.1268
10.853	0.1268
10.854	0.1269
10.855	0.1269
10.856	0.1269
10.857	0.1269
10.858	0.1270
10.859	0.1270
10.860	0.1270
10.861	0.1270
10.862	0.1271
10.863	0.1271
10.864	0.1272
10.865	0.1272
10.866	0.1272
10.867	0.1272
10.868	0.1272
10.869	0.1273
10.870	0.1273
10.871	0.1273
10.872	0.1273
10.873	0.1273
10.874	0.1273
10.875	0.1273
10.876	0.1273
10.877	0.1274
10.878	0.1274
10.879	0.1274
10.880	0.1274
10.881	0.1274
10.882	0.1274
10.883	0.1274
10.884	0.1274
10.885	0.1274
10.886	0.1274
10.887	0.1274
10.888	0.1274
10.889	0.1274
10.890	0.1274
10.891	0.1274
10.892	0.1274
10.893	0.1274
10.894	0.1274
10.895	0.1274
10.896	0.1274
10.897	0.1273
10.898	0.1273
10.899	0.1273
10.900	0.1273
10.901	0.1273
10.902	0.1273
10.903	0.1273
10.904	0.1273
10.905	0.1272
10.906	0.1272
10.907	0.1272
10.908	0.1272
10.909	0.1272
10.910	0.1272
10.911	0.1271
10.912	0.1271
10.913	0.1271
10.914	0.1271
10.915	0.1271
10.916	0.1270
10.917	0.1270
10.918	0.1270
10.919	0.1270
10.920	0.1270
10.921	0.1269
10.922	0.1269
10.923	0.1269
10.924	0.1269
10.925	0.1269
10.926	0.1268
10.927	0.1268
10.928	0.1268
10.929	0.1268
10.930	0.1268
10.931	0.1267
10.932	0.1267
10.933	0.1267
10.934	0.1267
10.935	0.1266
10.936	0.1266
10.937	0.1266
10.938	0.1266
10.939	0.1265
10.940	0.1265
10.941	0.1265
10.942	0.1265
10.943	0.1264
10.944	0.1264
10.945	0.1264
10.946	0.1263
10.947	0.1263
10.948	0.1263
10.949	0.1262
10.950	0.1262
10.951	0.1262
10.952	0.1262
10.953	0.1261
10.954	0.1261
10.955	0.1260
10.956	0.1260
10.957	0.1260
10.958	0.1259
10.959	0.1259
10.960	0.1259
10.961	0.1258
10.962	0.1258
10.963	0.1258
10.964	0.1257
10.965	0.1257
10.966	0.1256
10.967	0.1256
10.968	0.1255
10.969	0.1255
10.970	0.1255
10.971	0.1254
10.972	0.1254
10.973	0.1253
10.974	0.1252
10.975	0.1252
10.976	0.1251
10.977	0.1251
10.978	0.1251
10.979	0.1250
10.980	0.1250
10.981	0.1249
10.982	0.1249
10.983	0.1248
10.984	0.1248
10.985	0.1247
10.986	0.1246
10.987	0.1246
10.988	0.1245
10.989	0.1245
10.990	0.1244
10.991	0.1244
10.992	0.1243
10.993	0.1243
10.994	0.1242
10.995	0.1242
10.996	0.1241
10.997	0.1240
10.998	0.1240
10.999	0.1239
11.000	0.1239
11.001	0.1238
11.002	0.1237
11.003	0.1237
11.004	0.1236
11.005	0.1236
11.006	0.1235
11.007	0.1234
11.008	0.1234
11.009	0.1233
11.010	0.1233
11.011	0.1232
11.012	0.1231
11.013	0.1231
11.014	0.1230
11.015	0.1230
11.016	0.1229
11.017	0.1228
11.018	0.1228
11.019	0.1227
11.020	0.1227
11.021	0.1226
11.022	0.1225
11.023	0.1225
11.024	0.1224
11.025	0.1224
11.026	0.1223
11.027	0.1222
11.028	0.1221
11.029	0.1221
11.030	0.1220
11.031	0.1219
11.032	0.1219
11.033	0.1218
11.034	0.1218
11.035	0.1217
11.036	0.1216
11.037	0.1216
11.038	0.1215
11.039	0.1214
11.040	0.1214
11.041	0.1213
11.042	0.1212
11.043	0.1212
11.044	0.1211
11.045	0.1210
11.046	0.1210
11.047	0.1209
11.048	0.1208
11.049	0.1208
11.050	0.1207
11.051	0.1206
11.052	0.1206
11.053	0.1205
11.054	0.1204
11.055	0.1203
11.056	0.1203
11.057	0.1202
11.058	0.1201
11.059	0.1201
11.060	0.1200
11.061	0.1199
11.062	0.1198
11.063	0.1198
11.064	0.1197
11.065	0.1196
11.066	0.1195
11.067	0.1194
11.068	0.1194
11.069	0.1193
11.070	0.1192
11.071	0.1191
11.072	0.1190
11.073	0.1190
11.074	0.1189
11.075	0.1188
11.076	0.1187
11.077	0.1186
11.078	0.1185
11.079	0.1185
11.080	0.1184
11.081	0.1183
11.082	0.1182
11.083	0.1181
11.084	0.1179
11.085	0.1178
11.086	0.1178
11.087	0.1177
11.088	0.1176
11.089	0.1175
11.090	0.1174
11.091	0.1173
11.092	0.1172
11.093	0.1171
11.094	0.1170
11.095	0.1169
11.096	0.1169
11.097	0.1168
11.098	0.1167
11.099	0.1166
11.100	0.1165
11.101	0.1164
11.102	0.1163
11.103	0.1162
11.104	0.1161
11.105	0.1160
11.106	0.1159
11.107	0.1158
11.108	0.1157
11.109	0.1156
11.110	0.1156
11.111	0.1155
11.112	0.1154
11.113	0.1153
11.114	0.1152
11.115	0.1151
11.116	0.1151
11.117	0.1150
11.118	0.1149
11.119	0.1148
11.120	0.1147
11.121	0.1146
11.122	0.1146
11.123	0.1145
11.124	0.1144
11.125	0.1143
11.126	0.1142
11.127	0.1141
11.128	0.1141
11.129	0.1140
11.130	0.1139
11.131	0.1138
11.132	0.1137
11.133	0.1137
11.134	0.1136
11.135	0.1135
11.136	0.1134
11.137	0.1133
11.138	0.1132
11.139	0.1131
11.140	0.1130
11.141	0.1129
11.142	0.1128
11.143	0.1127
11.144	0.1126
11.145	0.1125
11.146	0.1125
11.147	0.1124
11.148	0.1123
11.149	0.1122
11.150	0.1121
11.151	0.1120
11.152	0.1119
11.153	0.1118
11.154	0.1118
11.155	0.1117
11.156	0.1116
11.157	0.1115
11.158	0.1114
11.159	0.1113
11.160	0.1112
11.161	0.1111
11.162	0.1110
11.163	0.1109
11.164	0.1108
11.165	0.1107
11.166	0.1107
11.167	0.1106
11.168	0.1105
11.169	0.1104
11.170	0.1103
11.171	0.1102
11.172	0.1101
11.173	0.1100
11.174	0.1099
11.175	0.1098
11.176	0.1097
11.177	0.1096
11.178	0.1095
11.179	0.1094
11.180	0.1093
11.181	0.1092
11.182	0.1092
11.183	0.1091
11.184	0.1090
11.185	0.1089
11.186	0.1088
11.187	0.1087
11.188	0.1086
11.189	0.1085
11.190	0.1084
11.191	0.1083
11.192	0.1082
11.193	0.1081
11.194	0.1080
11.195	0.1078
11.196	0.1077
11.197	0.1076
11.198	0.1075
11.199	0.1074
11.200	0.1073
11.201	0.1072
11.202	0.1071
11.203	0.1070
11.204	0.1069
11.205	0.1068
11.206	0.1067
11.207	0.1066
11.208	0.1065
11.209	0.1064
11.210	0.1063
11.211	0.1062
11.212	0.1062
11.213	0.1061
11.214	0.1060
11.215	0.1059
11.216	0.1058
11.217	0.1057
11.218	0.1056
11.219	0.1055
11.220	0.1054
11.221	0.1053
11.222	0.1052
11.223	0.1051
11.224	0.1050
11.225	0.1049
11.226	0.1048
11.227	0.1047
11.228	0.1046
11.229	0.1045
11.230	0.1044
11.231	0.1043
11.232	0.1042
11.233	0.1041
11.234	0.1040
11.235	0.1039
11.236	0.1038
11.237	0.1037
11.238	0.1036
11.239	0.1035
11.240	0.1034
11.241	0.1033
11.242	0.1032
11.243	0.1031
11.244	0.1030
11.245	0.1029
11.246	0.1028
11.247	0.1027
11.248	0.1026
11.249	0.1025
11.250	0.1022
11.251	0.1021
11.252	0.1020
11.253	0.1019
11.254	0.1018
11.255	0.1017
11.256	0.1016
11.257	0.1015
11.258	0.1014
11.259	0.1013
11.260	0.1012
11.261	0.1011
11.262	0.1010
11.263	0.1009
11.264	0.1008
11.265	0.1007
11.266	0.1005
11.267	0.1004
11.268	0.1003
11.269	0.1002
11.270	0.1001
11.271	0.1000
11.272	0.0999
11.273	0.0998
11.274	0.0997
11.275	0.0996
11.276	0.0995
11.277	0.0994
11.278	0.0993
11.279	0.0992
11.280	0.0991
11.281	0.0990
11.282	0.0989
11.283	0.0988
11.284	0.0987
11.285	0.0986
11.286	0.0985
11.287	0.0983
11.288	0.0982
11.289	0.0981
11.290	0.0980
11.291	0.0979
11.292	0.0978
11.293	0.0977
11.294	0.0976
11.295	0.0975
11.296	0.0974
11.297	0.0973
11.298	0.0972
11.299	0.0971
11.300	0.0970
11.301	0.0969
11.302	0.0968
11.303	0.0967
11.304	0.0966
11.305	0.0965
11.306	0.0963
11.307	0.0962
11.308	0.0961
11.309	0.0960
11.310	0.0959
11.311	0.0958
11.312	0.0957
11.313	0.0956
11.314	0.0955
11.315	0.0954
11.316	0.0953
11.317	0.0952
11.318	0.0952
11.319	0.0951
11.320	0.0950
11.321	0.0949
11.322	0.0948
11.323	0.0947
11.324	0.0946
11.325	0.0945
11.326	0.0944
11.327	0.0943
11.328	0.0942
11.329	0.0942
11.330	0.0941
11.331	0.0940
11.332	0.0939
11.333	0.0938
11.334	0.0937
11.335	0.0936
11.336	0.0935
11.337	0.0934
11.338	0.0933
11.339	0.0933
11.340	0.0932
11.341	0.0931
11.342	0.0930
11.343	0.0929
11.344	0.0928
11.345	0.0927
11.346	0.0926
11.347	0.0925
11.348	0.0925
11.349	0.0924
11.350	0.0923
11.351	0.0922
11.352	0.0921
11.353	0.0920
11.354	0.0919
11.355	0.0918
11.356	0.0917
11.357	0.0916
11.358	0.0916
11.359	0.0915
11.360	0.0914
11.361	0.0913
11.362	0.0911
11.363	0.0910
11.364	0.0909
11.365	0.0908
11.366	0.0907
11.367	0.0906
11.368	0.0906
11.369	0.0905
11.370	0.0904
11.371	0.0903
11.372	0.0902
11.373	0.0901
11.374	0.0900
11.375	0.0899
11.376	0.0898
11.377	0.0897
11.378	0.0896
11.379	0.0895
11.380	0.0894
11.381	0.0893
11.382	0.0892
11.383	0.0891
11.384	0.0891
11.385	0.0890
11.386	0.0889
11.387	0.0888
11.388	0.0887
11.389	0.0886
11.390	0.0885
11.391	0.0884
11.392	0.0883
11.393	0.0882
11.394	0.0881
11.395	0.0880
11.396	0.0879
11.397	0.0878
11.398	0.0877
11.399	0.0876
11.400	0.0876
11.401	0.0875
11.402	0.0874
11.403	0.0873
11.404	0.0872
11.405	0.0871
11.406	0.0870
11.407	0.0869
11.408	0.0868
11.409	0.0867
11.410	0.0866
11.411	0.0865
11.412	0.0864
11.413	0.0863
11.414	0.0863
11.415	0.0862
11.416	0.0861
11.417	0.0859
11.418	0.0858
11.419	0.0857
11.420	0.0856
11.421	0.0855
11.422	0.0855
11.423	0.0854
11.424	0.0853
11.425	0.0852
11.426	0.0851
11.427	0.0850
11.428	0.0849
11.429	0.0849
11.430	0.0848
11.431	0.0847
11.432	0.0846
11.433	0.0845
11.434	0.0844
11.435	0.0843
11.436	0.0843
11.437	0.0842
11.438	0.0841
11.439	0.0840
11.440	0.0839
11.441	0.0838
11.442	0.0838
11.443	0.0837
11.444	0.0836
11.445	0.0835
11.446	0.0834
11.447	0.0834
11.448	0.0833
11.449	0.0832
11.450	0.0831
11.451	0.0830
11.452	0.0829
11.453	0.0829
11.454	0.0828
11.455	0.0827
11.456	0.0826
11.457	0.0825
11.458	0.0825
11.459	0.0824
11.460	0.0823
11.461	0.0822
11.462	0.0821
11.463	0.0820
11.464	0.0820
11.465	0.0819
11.466	0.0818
11.467	0.0817
11.468	0.0816
11.469	0.0815
11.470	0.0815
11.471	0.0814
11.472	0.0813
11.473	0.0811
11.474	0.0810
11.475	0.0809
11.476	0.0809
11.477	0.0808
11.478	0.0807
11.479	0.0806
11.480	0.0805
11.481	0.0804
11.482	0.0803
11.483	0.0802
11.484	0.0802
11.485	0.0801
11.486	0.0800
11.487	0.0799
11.488	0.0798
11.489	0.0797
11.490	0.0796
11.491	0.0796
11.492	0.0795
11.493	0.0794
11.494	0.0793
11.495	0.0792
11.496	0.0791
11.497	0.0790
11.498	0.0790
11.499	0.0789
11.500	0.0788
11.501	0.0787
11.502	0.0786
11.503	0.0785
11.504	0.0785
11.505	0.0784
11.506	0.0783
11.507	0.0782
11.508	0.0781
11.509	0.0780
11.510	0.0780
11.511	0.0779
11.512	0.0778
11.513	0.0777
11.514	0.0776
11.515	0.0775
11.516	0.0775
11.517	0.0774
11.518	0.0773
11.519	0.0772
11.520	0.0771
11.521	0.0771
11.522	0.0770
11.523	0.0769
11.524	0.0768
11.525	0.0768
11.526	0.0767
11.527	0.0766
11.528	0.0764
11.529	0.0764
11.530	0.0763
11.531	0.0762
11.532	0.0761
11.533	0.0761
11.534	0.0760
11.535	0.0759
11.536	0.0758
11.537	0.0757
11.538	0.0757
11.539	0.0756
11.540	0.0755
11.541	0.0754
11.542	0.0754
11.543	0.0753
11.544	0.0752
11.545	0.0751
11.546	0.0751
11.547	0.0750
11.548	0.0749
11.549	0.0748
11.550	0.0748
11.551	0.0747
11.552	0.0746
11.553	0.0745
11.554	0.0745
11.555	0.0744
11.556	0.0743
11.557	0.0742
11.558	0.0742
11.559	0.0741
11.560	0.0740
11.561	0.0740
11.562	0.0739
11.563	0.0738
11.564	0.0737
11.565	0.0737
11.566	0.0736
11.567	0.0735
11.568	0.0735
11.569	0.0734
11.570	0.0733
11.571	0.0732
11.572	0.0732
11.573	0.0731
11.574	0.0730
11.575	0.0730
11.576	0.0729
11.577	0.0728
11.578	0.0727
11.579	0.0727
11.580	0.0726
11.581	0.0725
11.582	0.0725
11.583	0.0724
11.584	0.0723
11.585	0.0722
11.586	0.0721
11.587	0.0720
11.588	0.0720
11.589	0.0719
11.590	0.0718
11.591	0.0718
11.592	0.0717
11.593	0.0716
11.594	0.0716
11.595	0.0715
11.596	0.0714
11.597	0.0714
11.598	0.0713
11.599	0.0712
11.600	0.0711
11.601	0.0711
11.602	0.0710
11.603	0.0709
11.604	0.0709
11.605	0.0708
11.606	0.0707
11.607	0.0707
11.608	0.0706
11.609	0.0705
11.610	0.0705
11.611	0.0704
11.612	0.0703
11.613	0.0703
11.614	0.0702
11.615	0.0701
11.616	0.0700
11.617	0.0700
11.618	0.0699
11.619	0.0698
11.620	0.0698
11.621	0.0697
11.622	0.0696
11.623	0.0696
11.624	0.0695
11.625	0.0694
11.626	0.0694
11.627	0.0693
11.628	0.0692
11.629	0.0691
11.630	0.0691
11.631	0.0690
11.632	0.0689
11.633	0.0689
11.634	0.0688
11.635	0.0687
11.636	0.0686
11.637	0.0686
11.638	0.0685
11.639	0.0684
11.640	0.0683
11.641	0.0682
11.642	0.0682
11.643	0.0681
11.644	0.0680
11.645	0.0680
11.646	0.0679
11.647	0.0678
11.648	0.0678
11.649	0.0677
11.650	0.0676
11.651	0.0675
11.652	0.0675
11.653	0.0674
11.654	0.0673
11.655	0.0673
11.656	0.0672
11.657	0.0671
11.658	0.0671
11.659	0.0670
11.660	0.0669
11.661	0.0669
11.662	0.0668
11.663	0.0667
11.664	0.0667
11.665	0.0666
11.666	0.0665
11.667	0.0664
11.668	0.0664
11.669	0.0663
11.670	0.0662
11.671	0.0662
11.672	0.0661
11.673	0.0660
11.674	0.0660
11.675	0.0659
11.676	0.0658
11.677	0.0658
11.678	0.0657
11.679	0.0656
11.680	0.0656
11.681	0.0655
11.682	0.0654
11.683	0.0653
11.684	0.0653
11.685	0.0652
11.686	0.0651
11.687	0.0651
11.688	0.0650
11.689	0.0649
11.690	0.0649
11.691	0.0648
11.692	0.0647
11.693	0.0646
11.694	0.0646
11.695	0.0644
11.696	0.0644
11.697	0.0643
11.698	0.0642
11.699	0.0642
11.700	0.0641
11.701	0.0640
11.702	0.0640
11.703	0.0639
11.704	0.0638
11.705	0.0637
11.706	0.0637
11.707	0.0636
11.708	0.0635
11.709	0.0635
11.710	0.0634
11.711	0.0633
11.712	0.0633
11.713	0.0632
11.714	0.0631
11.715	0.0630
11.716	0.0630
11.717	0.0629
11.718	0.0628
11.719	0.0628
11.720	0.0627
11.721	0.0626
11.722	0.0626
11.723	0.0625
11.724	0.0624
11.725	0.0623
11.726	0.0623
11.727	0.0622
11.728	0.0621
11.729	0.0621
11.730	0.0620
11.731	0.0619
11.732	0.0619
11.733	0.0618
11.734	0.0617
11.735	0.0616
11.736	0.0616
11.737	0.0615
11.738	0.0614
11.739	0.0614
11.740	0.0613
11.741	0.0612
11.742	0.0612
11.743	0.0611
11.744	0.0610
11.745	0.0609
11.746	0.0609
11.747	0.0608
11.748	0.0607
11.749	0.0607
11.750	0.0606
11.751	0.0605
11.752	0.0604
11.753	0.0603
11.754	0.0603
11.755	0.0602
11.756	0.0601
11.757	0.0601
11.758	0.0600
11.759	0.0599
11.760	0.0599
11.761	0.0598
11.762	0.0597
11.763	0.0597
11.764	0.0596
11.765	0.0595
11.766	0.0595
11.767	0.0594
11.768	0.0594
11.769	0.0593
11.770	0.0592
11.771	0.0592
11.772	0.0591
11.773	0.0591
11.774	0.0590
11.775	0.0589
11.776	0.0589
11.777	0.0588
11.778	0.0588
11.779	0.0587
11.780	0.0587
11.781	0.0586
11.782	0.0585
11.783	0.0585
11.784	0.0584
11.785	0.0584
11.786	0.0583
11.787	0.0583
11.788	0.0582
11.789	0.0582
11.790	0.0581
11.791	0.0581
11.792	0.0580
11.793	0.0580
11.794	0.0580
11.795	0.0579
11.796	0.0579
11.797	0.0578
11.798	0.0578
11.799	0.0577
11.800	0.0577
11.801	0.0576
11.802	0.0576
11.803	0.0576
11.804	0.0575
11.805	0.0575
11.806	0.0574
11.807	0.0574
11.808	0.0573
11.809	0.0573
11.810	0.0573
11.811	0.0572
11.812	0.0572
11.813	0.0571
11.814	0.0571
11.815	0.0571
11.816	0.0570
11.817	0.0570
11.818	0.0570
11.819	0.0569
11.820	0.0569
11.821	0.0569
11.822	0.0568
11.823	0.0568
11.824	0.0567
11.825	0.0567
11.826	0.0567
11.827	0.0566
11.828	0.0566
11.829	0.0566
11.830	0.0565
11.831	0.0565
11.832	0.0565
11.833	0.0564
11.834	0.0564
11.835	0.0564
11.836	0.0563
11.837	0.0563
11.838	0.0562
11.839	0.0562
11.840	0.0562
11.841	0.0561
11.842	0.0561
11.843	0.0561
11.844	0.0560
11.845	0.0560
11.846	0.0559
11.847	0.0559
11.848	0.0559
11.849	0.0558
11.850	0.0558
11.851	0.0558
11.852	0.0557
11.853	0.0557
11.854	0.0556
11.855	0.0556
11.856	0.0555
11.857	0.0555
11.858	0.0555
11.859	0.0554
11.860	0.0554
11.861	0.0553
11.862	0.0553
11.863	0.0552
11.864	0.0552
11.865	0.0551
11.866	0.0551
11.867	0.0550
11.868	0.0550
11.869	0.0550
11.870	0.0549
11.871	0.0549
11.872	0.0548
11.873	0.0548
11.874	0.0547
11.875	0.0547
11.876	0.0546
11.877	0.0546
11.878	0.0545
11.879	0.0545
11.880	0.0544
11.881	0.0544
11.882	0.0543
11.883	0.0543
11.884	0.0542
11.885	0.0542
11.886	0.0541
11.887	0.0541
11.888	0.0540
11.889	0.0540
11.890	0.0539
11.891	0.0539
11.892	0.0538
11.893	0.0538
11.894	0.0537
11.895	0.0537
11.896	0.0536
11.897	0.0536
11.898	0.0535
11.899	0.0535
11.900	0.0534
11.901	0.0534
11.902	0.0533
11.903	0.0533
11.904	0.0532
11.905	0.0532
11.906	0.0531
11.907	0.0531
11.908	0.0530
11.909	0.0530
11.910	0.0529
11.911	0.0528
11.912	0.0528
11.913	0.0527
11.914	0.0527
11.915	0.0526
11.916	0.0526
11.917	0.0525
11.918	0.0525
11.919	0.0524
11.920	0.0523
11.921	0.0523
11.922	0.0522
11.923	0.0522
11.924	0.0521
11.925	0.0521
11.926	0.0520
11.927	0.0520
11.928	0.0519
11.929	0.0519
11.930	0.0518
11.931	0.0518
11.932	0.0517
11.933	0.0517
11.934	0.0516
11.935	0.0516
11.936	0.0515
11.937	0.0515
11.938	0.0514
11.939	0.0514
11.940	0.0513
11.941	0.0513
11.942	0.0512
11.943	0.0512
11.944	0.0511
11.945	0.0511
11.946	0.0510
11.947	0.0510
11.948	0.0509
11.949	0.0509
11.950	0.0508
11.951	0.0508
11.952	0.0507
11.953	0.0507
11.954	0.0506
11.955	0.0506
11.956	0.0506
11.957	0.0505
11.958	0.0505
11.959	0.0504
11.960	0.0504
11.961	0.0503
11.962	0.0503
11.963	0.0502
11.964	0.0502
11.965	0.0502
11.966	0.0501
11.967	0.0501
11.968	0.0500
11.969	0.0500
11.970	0.0500
11.971	0.0499
11.972	0.0499
11.973	0.0498
11.974	0.0498
11.975	0.0497
11.976	0.0497
11.977	0.0497
11.978	0.0496
11.979	0.0496
11.980	0.0496
11.981	0.0495
11.982	0.0495
11.983	0.0495
11.984	0.0494
11.985	0.0494
11.986	0.0494
11.987	0.0493
11.988	0.0493
11.989	0.0493
11.990	0.0492
11.991	0.0492
11.992	0.0492
11.993	0.0492
11.994	0.0491
11.995	0.0491
11.996	0.0491
11.997	0.0490
11.998	0.0490
11.999	0.0490
12.000	0.0490
12.001	0.0489
12.002	0.0489
12.003	0.0489
12.004	0.0489
12.005	0.0488
12.006	0.0488
12.007	0.0488
12.008	0.0487
12.009	0.0487
12.010	0.0487
12.011	0.0487
12.012	0.0486
12.013	0.0486
12.014	0.0486
12.015	0.0486
12.016	0.0486
12.017	0.0485
12.018	0.0485
12.019	0.0485
12.020	0.0485
12.021	0.0484
12.022	0.0484
12.023	0.0484
12.024	0.0484
12.025	0.0484
12.026	0.0483
12.027	0.0483
12.028	0.0483
12.029	0.0483
12.030	0.0482
12.031	0.0482
12.032	0.0482
12.033	0.0482
12.034	0.0482
12.035	0.0481
12.036	0.0481
12.037	0.0481
12.038	0.0481
12.039	0.0481
12.040	0.0480
12.041	0.0480
12.042	0.0480
12.043	0.0480
12.044	0.0480
12.045	0.0479
12.046	0.0479
12.047	0.0479
12.048	0.0479
12.049	0.0479
12.050	0.0479
12.051	0.0478
12.052	0.0478
12.053	0.0478
12.054	0.0478
12.055	0.0478
12.056	0.0478
12.057	0.0477
12.058	0.0477
12.059	0.0477
12.060	0.0477
12.061	0.0477
12.062	0.0477
12.063	0.0476
12.064	0.0476
12.065	0.0476
12.066	0.0476
12.067	0.0476
12.068	0.0476
12.069	0.0475
12.070	0.0475
12.071	0.0475
12.072	0.0475
12.073	0.0475
12.074	0.0475
12.075	0.0475
12.076	0.0474
12.077	0.0474
12.078	0.0474
12.079	0.0474
12.080	0.0474
12.081	0.0474
12.082	0.0474
12.083	0.0473
12.084	0.0473
12.085	0.0473
12.086	0.0473
12.087	0.0473
12.088	0.0473
12.089	0.0473
12.090	0.0472
12.091	0.0472
12.092	0.0472
12.093	0.0472
12.094	0.0472
12.095	0.0472
12.096	0.0472
12.097	0.0472
12.098	0.0471
12.099	0.0471
12.100	0.0471
12.101	0.0471
12.102	0.0471
12.103	0.0471
12.104	0.0471
12.105	0.0470
12.106	0.0470
12.107	0.0470
12.108	0.0470
12.109	0.0470
12.110	0.0470
12.111	0.0470
12.112	0.0469
12.113	0.0469
12.114	0.0469
12.115	0.0469
12.116	0.0469
12.117	0.0469
12.118	0.0468
12.119	0.0468
12.120	0.0468
12.121	0.0468
12.122	0.0468
12.123	0.0468
12.124	0.0467
12.125	0.0467
12.126	0.0467
12.127	0.0467
12.128	0.0467
12.129	0.0467
12.130	0.0466
12.131	0.0466
12.132	0.0466
12.133	0.0466
12.134	0.0466
12.135	0.0465
12.136	0.0465
12.137	0.0465
12.138	0.0465
12.139	0.0464
12.140	0.0464
12.141	0.0464
12.142	0.0464
12.143	0.0464
12.144	0.0464
12.145	0.0463
12.146	0.0463
12.147	0.0463
12.148	0.0463
12.149	0.0463
12.150	0.0462
12.151	0.0462
12.152	0.0462
12.153	0.0462
12.154	0.0462
12.155	0.0461
12.156	0.0461
12.157	0.0461
12.158	0.0461
12.159	0.0461
12.160	0.0461
12.161	0.0460
12.162	0.0460
12.163	0.0460
12.164	0.0460
12.165	0.0460
12.166	0.0459
12.167	0.0459
12.168	0.0459
12.169	0.0459
12.170	0.0459
12.171	0.0459
12.172	0.0458
12.173	0.0458
12.174	0.0458
12.175	0.0458
12.176	0.0458
12.177	0.0458
12.178	0.0458
12.179	0.0457
12.180	0.0457
12.181	0.0457
12.182	0.0457
12.183	0.0457
12.184	0.0457
12.185	0.0456
12.186	0.0456
12.187	0.0456
12.188	0.0456
12.189	0.0456
12.190	0.0456
12.191	0.0456
12.192	0.0456
12.193	0.0455
12.194	0.0455
12.195	0.0455
12.196	0.0455
12.197	0.0455
12.198	0.0455
12.199	0.0455
12.200	0.0455
12.201	0.0454
12.202	0.0454
12.203	0.0454
12.204	0.0454
12.205	0.0454
12.206	0.0454
12.207	0.0454
12.208	0.0454
12.209	0.0454
12.210	0.0454
12.211	0.0454
12.212	0.0454
12.213	0.0454
12.214	0.0453
12.215	0.0453
12.216	0.0453
12.217	0.0453
12.218	0.0453
12.219	0.0453
12.220	0.0453
12.221	0.0453
12.222	0.0453
12.223	0.0453
12.224	0.0453
12.225	0.0453
12.226	0.0452
12.227	0.0452
12.228	0.0452
12.229	0.0452
12.230	0.0452
12.231	0.0452
12.232	0.0452
12.233	0.0452
12.234	0.0452
12.235	0.0452
12.236	0.0451
12.237	0.0451
12.238	0.0451
12.239	0.0451
12.240	0.0451
12.241	0.0451
12.242	0.0451
12.243	0.0451
12.244	0.0451
12.245	0.0451
12.246	0.0450
12.247	0.0450
12.248	0.0450
12.249	0.0450
12.250	0.0450
12.251	0.0450
12.252	0.0450
12.253	0.0449
12.254	0.0449
12.255	0.0449
12.256	0.0449
12.257	0.0449
12.258	0.0449
12.259	0.0449
12.260	0.0449
12.261	0.0448
12.262	0.0448
12.263	0.0448
12.264	0.0448
12.265	0.0448
12.266	0.0448
12.267	0.0448
12.268	0.0447
12.269	0.0447
12.270	0.0447
12.271	0.0447
12.272	0.0447
12.273	0.0447
12.274	0.0447
12.275	0.0446
12.276	0.0446
12.277	0.0446
12.278	0.0446
12.279	0.0446
12.280	0.0446
12.281	0.0445
12.282	0.0445
12.283	0.0445
12.284	0.0445
12.285	0.0445
12.286	0.0444
12.287	0.0444
12.288	0.0444
12.289	0.0444
12.290	0.0444
12.291	0.0443
12.292	0.0443
12.293	0.0443
12.294	0.0443
12.295	0.0443
12.296	0.0442
12.297	0.0442
12.298	0.0442
12.299	0.0442
12.300	0.0442
12.301	0.0441
12.302	0.0441
12.303	0.0441
12.304	0.0441
12.305	0.0440
12.306	0.0440
12.307	0.0440
12.308	0.0440
12.309	0.0439
12.310	0.0439
12.311	0.0439
12.312	0.0439
12.313	0.0438
12.314	0.0438
12.315	0.0438
12.316	0.0438
12.317	0.0437
12.318	0.0437
12.319	0.0437
12.320	0.0437
12.321	0.0436
12.322	0.0436
12.323	0.0436
12.324	0.0436
12.325	0.0435
12.326	0.0435
12.327	0.0435
12.328	0.0435
12.329	0.0435
12.330	0.0434
12.331	0.0434
12.332	0.0434
12.333	0.0434
12.334	0.0433
12.335	0.0433
12.336	0.0433
12.337	0.0433
12.338	0.0432
12.339	0.0432
12.340	0.0432
12.341	0.0432
12.342	0.0432
12.343	0.0431
12.344	0.0431
12.345	0.0431
12.346	0.0431
12.347	0.0430
12.348	0.0430
12.349	0.0430
12.350	0.0430
12.351	0.0430
12.352	0.0429
12.353	0.0429
12.354	0.0429
12.355	0.0429
12.356	0.0429
12.357	0.0428
12.358	0.0428
12.359	0.0428
12.360	0.0428
12.361	0.0428
12.362	0.0427
12.363	0.0427
12.364	0.0427
12.365	0.0427
12.366	0.0427
12.367	0.0427
12.368	0.0427
12.369	0.0426
12.370	0.0426
12.371	0.0426
12.372	0.0426
12.373	0.0426
12.374	0.0426
12.375	0.0426
12.376	0.0425
12.377	0.0425
12.378	0.0425
12.379	0.0425
12.380	0.0425
12.381	0.0425
12.382	0.0425
12.383	0.0425
12.384	0.0425
12.385	0.0425
12.386	0.0425
12.387	0.0425
12.388	0.0425
12.389	0.0424
12.390	0.0424
12.391	0.0424
12.392	0.0424
12.393	0.0424
12.394	0.0424
12.395	0.0424
12.396	0.0424
12.397	0.0424
12.398	0.0424
12.399	0.0424
12.400	0.0424
12.401	0.0424
12.402	0.0424
12.403	0.0424
12.404	0.0424
12.405	0.0424
12.406	0.0424
12.407	0.0424
12.408	0.0424
12.409	0.0424
12.410	0.0424
12.411	0.0424
12.412	0.0424
12.413	0.0424
12.414	0.0424
12.415	0.0424
12.416	0.0424
12.417	0.0424
12.418	0.0424
12.419	0.0424
12.420	0.0425
12.421	0.0425
12.422	0.0425
12.423	0.0425
12.424	0.0425
12.425	0.0425
12.426	0.0425
12.427	0.0425
12.428	0.0425
12.429	0.0425
12.430	0.0425
12.431	0.0425
12.432	0.0425
12.433	0.0425
12.434	0.0425
12.435	0.0425
12.436	0.0425
12.437	0.0425
12.438	0.0425
12.439	0.0426
12.440	0.0426
12.441	0.0426
12.442	0.0426
12.443	0.0426
12.444	0.0426
12.445	0.0426
12.446	0.0426
12.447	0.0426
12.448	0.0426
12.449	0.0426
12.450	0.0426
12.451	0.0426
12.452	0.0426
12.453	0.0426
12.454	0.0426
12.455	0.0426
12.456	0.0426
12.457	0.0426
12.458	0.0426
12.459	0.0426
12.460	0.0426
12.461	0.0426
12.462	0.0426
12.463	0.0426
12.464	0.0427
12.465	0.0427
12.466	0.0427
12.467	0.0427
12.468	0.0427
12.469	0.0427
12.470	0.0427
12.471	0.0427
12.472	0.0427
12.473	0.0427
12.474	0.0427
12.475	0.0427
12.476	0.0427
12.477	0.0427
12.478	0.0427
12.479	0.0427
12.480	0.0427
12.481	0.0427
12.482	0.0427
12.483	0.0427
12.484	0.0427
12.485	0.0427
12.486	0.0427
12.487	0.0427
12.488	0.0427
12.489	0.0427
12.490	0.0427
12.491	0.0427
12.492	0.0427
12.493	0.0427
12.494	0.0427
12.495	0.0427
12.496	0.0427
12.497	0.0427
12.498	0.0427
12.499	0.0427
12.500	0.0427
12.501	0.0427
12.502	0.0427
12.503	0.0427
12.504	0.0427
12.505	0.0427
12.506	0.0427
12.507	0.0427
12.508	0.0427
12.509	0.0427
12.510	0.0427
12.511	0.0427
12.512	0.0427
12.513	0.0427
12.514	0.0427
12.515	0.0427
12.516	0.0427
12.517	0.0427
12.518	0.0427
12.519	0.0428
12.520	0.0428
12.521	0.0428
12.522	0.0428
12.523	0.0428
12.524	0.0428
12.525	0.0428
12.526	0.0428
12.527	0.0428
12.528	0.0428
12.529	0.0428
12.530	0.0428
12.531	0.0428
12.532	0.0428
12.533	0.0428
12.534	0.0428
12.535	0.0428
12.536	0.0428
12.537	0.0429
12.538	0.0429
12.539	0.0429
12.540	0.0429
12.541	0.0429
12.542	0.0429
12.543	0.0429
12.544	0.0429
12.545	0.0429
12.546	0.0429
12.547	0.0429
12.548	0.0429
12.549	0.0429
12.550	0.0429
12.551	0.0429
12.552	0.0429
12.553	0.0430
12.554	0.0430
12.555	0.0430
12.556	0.0430
12.557	0.0430
12.558	0.0430
12.559	0.0430
12.560	0.0430
12.561	0.0430
12.562	0.0430
12.563	0.0430
12.564	0.0430
12.565	0.0430
12.566	0.0431
12.567	0.0431
12.568	0.0431
12.569	0.0431
12.570	0.0431
12.571	0.0431
12.572	0.0431
12.573	0.0431
12.574	0.0431
12.575	0.0431
12.576	0.0432
12.577	0.0432
12.578	0.0432
12.579	0.0432
12.580	0.0432
12.581	0.0432
12.582	0.0432
12.583	0.0432
12.584	0.0432
12.585	0.0433
12.586	0.0433
12.587	0.0433
12.588	0.0433
12.589	0.0433
12.590	0.0433
12.591	0.0433
12.592	0.0434
12.593	0.0434
12.594	0.0434
12.595	0.0434
12.596	0.0434
12.597	0.0434
12.598	0.0434
12.599	0.0435
12.600	0.0435
12.601	0.0435
12.602	0.0435
12.603	0.0435
12.604	0.0435
12.605	0.0436
12.606	0.0436
12.607	0.0436
12.608	0.0436
12.609	0.0436
12.610	0.0436
12.611	0.0437
12.612	0.0437
12.613	0.0437
12.614	0.0437
12.615	0.0437
12.616	0.0437
12.617	0.0438
12.618	0.0438
12.619	0.0438
12.620	0.0438
12.621	0.0438
12.622	0.0439
12.623	0.0439
12.624	0.0439
12.625	0.0439
12.626	0.0439
12.627	0.0439
12.628	0.0440
12.629	0.0440
12.630	0.0440
12.631	0.0440
12.632	0.0440
12.633	0.0440
12.634	0.0441
12.635	0.0441
12.636	0.0441
12.637	0.0441
12.638	0.0441
12.639	0.0441
12.640	0.0442
12.641	0.0442
12.642	0.0442
12.643	0.0442
12.644	0.0442
12.645	0.0442
12.646	0.0442
12.647	0.0443
12.648	0.0443
12.649	0.0443
12.650	0.0443
12.651	0.0443
12.652	0.0443
12.653	0.0443
12.654	0.0444
12.655	0.0444
12.656	0.0444
12.657	0.0444
12.658	0.0444
12.659	0.0444
12.660	0.0444
12.661	0.0444
12.662	0.0444
12.663	0.0445
12.664	0.0445
12.665	0.0445
12.666	0.0445
12.667	0.0445
12.668	0.0445
12.669	0.0445
12.670	0.0445
12.671	0.0445
12.672	0.0445
12.673	0.0445
12.674	0.0446
12.675	0.0446
12.676	0.0446
12.677	0.0446
12.678	0.0446
12.679	0.0446
12.680	0.0446
12.681	0.0446
12.682	0.0446
12.683	0.0446
12.684	0.0446
12.685	0.0446
12.686	0.0446
12.687	0.0446
12.688	0.0446
12.689	0.0447
12.690	0.0447
12.691	0.0447
12.692	0.0447
12.693	0.0447
12.694	0.0447
12.695	0.0447
12.696	0.0447
12.697	0.0447
12.698	0.0447
12.699	0.0447
12.700	0.0447
12.701	0.0447
12.702	0.0447
12.703	0.0447
12.704	0.0447
12.705	0.0447
12.706	0.0447
12.707	0.0448
12.708	0.0448
12.709	0.0448
12.710	0.0448
12.711	0.0448
12.712	0.0448
12.713	0.0448
12.714	0.0448
12.715	0.0448
12.716	0.0448
12.717	0.0448
12.718	0.0448
12.719	0.0448
12.720	0.0448
12.721	0.0448
12.722	0.0448
12.723	0.0448
12.724	0.0449
12.725	0.0449
12.726	0.0449
12.727	0.0449
12.728	0.0449
12.729	0.0449
12.730	0.0449
12.731	0.0449
12.732	0.0449
12.733	0.0449
12.734	0.0449
12.735	0.0449
12.736	0.0450
12.737	0.0450
12.738	0.0450
12.739	0.0450
12.740	0.0450
12.741	0.0450
12.742	0.0450
12.743	0.0450
12.744	0.0450
12.745	0.0450
12.746	0.0451
12.747	0.0451
12.748	0.0451
12.749	0.0451
12.750	0.0451
12.751	0.0451
12.752	0.0451
12.753	0.0452
12.754	0.0452
12.755	0.0452
12.756	0.0452
12.757	0.0452
12.758	0.0452
12.759	0.0452
12.760	0.0452
12.761	0.0452
12.762	0.0453
12.763	0.0453
12.764	0.0453
12.765	0.0453
12.766	0.0453
12.767	0.0453
12.768	0.0453
12.769	0.0453
12.770	0.0453
12.771	0.0454
12.772	0.0454
12.773	0.0454
12.774	0.0454
12.775	0.0454
12.776	0.0454
12.777	0.0454
12.778	0.0454
12.779	0.0454
12.780	0.0455
12.781	0.0455
12.782	0.0455
12.783	0.0455
12.784	0.0455
12.785	0.0455
12.786	0.0455
12.787	0.0455
12.788	0.0455
12.789	0.0456
12.790	0.0456
12.791	0.0456
12.792	0.0456
12.793	0.0456
12.794	0.0456
12.795	0.0456
12.796	0.0456
12.797	0.0456
12.798	0.0456
12.799	0.0457
12.800	0.0457
12.801	0.0457
12.802	0.0457
12.803	0.0457
12.804	0.0457
12.805	0.0457
12.806	0.0457
12.807	0.0457
12.808	0.0457
12.809	0.0458
12.810	0.0458
12.811	0.0458
12.812	0.0458
12.813	0.0458
12.814	0.0458
12.815	0.0458
12.816	0.0458
12.817	0.0458
12.818	0.0458
12.819	0.0458
12.820	0.0458
12.821	0.0458
12.822	0.0458
12.823	0.0459
12.824	0.0459
12.825	0.0459
12.826	0.0459
12.827	0.0459
12.828	0.0459
12.829	0.0459
12.830	0.0459
12.831	0.0459
12.832	0.0459
12.833	0.0459
12.834	0.0459
12.835	0.0459
12.836	0.0459
12.837	0.0459
12.838	0.0459
12.839	0.0459
12.840	0.0459
12.841	0.0459
12.842	0.0459
12.843	0.0459
12.844	0.0459
12.845	0.0459
12.846	0.0459
12.847	0.0459
12.848	0.0459
12.849	0.0459
12.850	0.0460
12.851	0.0460
12.852	0.0460
12.853	0.0460
12.854	0.0460
12.855	0.0460
12.856	0.0460
12.857	0.0460
12.858	0.0460
12.859	0.0459
12.860	0.0459
12.861	0.0459
12.862	0.0460
12.863	0.0460
12.864	0.0460
12.865	0.0460
12.866	0.0460
12.867	0.0459
12.868	0.0459
12.869	0.0459
12.870	0.0459
12.871	0.0459
12.872	0.0459
12.873	0.0459
12.874	0.0459
12.875	0.0459
12.876	0.0459
12.877	0.0459
12.878	0.0459
12.879	0.0459
12.880	0.0459
12.881	0.0459
12.882	0.0459
12.883	0.0459
12.884	0.0458
12.885	0.0458
12.886	0.0458
12.887	0.0458
12.888	0.0458
12.889	0.0458
12.890	0.0458
12.891	0.0458
12.892	0.0458
12.893	0.0457
12.894	0.0457
12.895	0.0457
12.896	0.0457
12.897	0.0457
12.898	0.0457
12.899	0.0456
12.900	0.0456
12.901	0.0456
12.902	0.0456
12.903	0.0456
12.904	0.0456
12.905	0.0456
12.906	0.0455
12.907	0.0455
12.908	0.0455
12.909	0.0455
12.910	0.0455
12.911	0.0455
12.912	0.0455
12.913	0.0454
12.914	0.0454
12.915	0.0454
12.916	0.0454
12.917	0.0454
12.918	0.0454
12.919	0.0454
12.920	0.0454
12.921	0.0454
12.922	0.0453
12.923	0.0453
12.924	0.0453
12.925	0.0453
12.926	0.0453
12.927	0.0453
12.928	0.0453
12.929	0.0453
12.930	0.0453
12.931	0.0453
12.932	0.0453
12.933	0.0453
12.934	0.0452
12.935	0.0452
12.936	0.0452
12.937	0.0452
12.938	0.0452
12.939	0.0452
12.940	0.0452
12.941	0.0452
12.942	0.0452
12.943	0.0452
12.944	0.0452
12.945	0.0452
12.946	0.0452
12.947	0.0452
12.948	0.0452
12.949	0.0452
12.950	0.0452
12.951	0.0453
12.952	0.0453
12.953	0.0453
12.954	0.0453
12.955	0.0453
12.956	0.0453
12.957	0.0453
12.958	0.0453
12.959	0.0453
12.960	0.0453
12.961	0.0453
12.962	0.0453
12.963	0.0454
12.964	0.0454
12.965	0.0454
12.966	0.0454
12.967	0.0454
12.968	0.0454
12.969	0.0454
12.970	0.0454
12.971	0.0455
12.972	0.0455
12.973	0.0455
12.974	0.0455
12.975	0.0455
12.976	0.0455
12.977	0.0456
12.978	0.0456
12.979	0.0456
12.980	0.0456
12.981	0.0456
12.982	0.0457
12.983	0.0457
12.984	0.0457
12.985	0.0457
12.986	0.0457
12.987	0.0458
12.988	0.0458
12.989	0.0458
12.990	0.0458
12.991	0.0458
12.992	0.0458
12.993	0.0459
12.994	0.0459
12.995	0.0459
12.996	0.0459
12.997	0.0460
12.998	0.0460
12.999	0.0460
