# WAVE    T             
1.3000000 0.070730000   
1.3100000 0.075440000   
1.3200000 0.057830000   
1.3300000 0.057390000   
1.3400000 0.030890000   
1.3500000 -0.021680000  
1.3600000 -0.00020000000
1.3700000 0.00017000000 
1.3800000 0.040190000   
1.3900000 0.067460000   
1.4000000 0.0023100000  
1.4100000 0.047440000   
1.4200000 0.012850000   
1.4300000 -0.0097800000 
1.4400000 0.081210000   
1.4500000 -0.0075500000 
1.4600000 0.012760000   
1.4700000 -0.015060000  
1.4800000 0.037470000   
1.4900000 0.019810000   
1.5000000 0.0026000000  
1.5100000 0.032470000   
1.5200000 -0.020690000  
1.5300000 -0.0040300000 
1.5400000 0.010020000   
1.5500000 0.020550000   
1.5600000 0.0053900000  
1.5700000 0.0074500000  
1.5800000 0.013880000   
1.5900000 0.029100000   
1.6000000 0.038590000   
1.6100000 -0.00027000000
1.6200000 0.019870000   
1.6300000 0.0064800000  
1.6400000 0.037200000   
1.6500000 0.0015700000  
1.6600000 0.0023000000  
1.6700000 0.0057700000  
1.6800000 -0.00075000000
1.6900000 0.0089200000  
1.7000000 0.011410000   
1.7100000 0.016130000   
1.7200000 0.010720000   
1.7300000 0.011390000   
1.7400000 0.012330000   
1.7500000 0.0013100000  
1.7600000 0.010790000   
1.7700000 0.012260000   
1.7800000 0.015510000   
1.7900000 0.012210000   
1.8000000 0.0063800000  
1.8100000 0.011550000   
1.8200000 -0.017620000  
1.8300000 0.0033500000  
1.8400000 0.019990000   
1.8500000 -0.0049700000 
1.8600000 0.0092500000  
1.8700000 0.013300000   
1.8800000 0.042190000   
1.8900000 0.026190000   
1.9000000 0.016130000   
1.9100000 0.017290000   
1.9200000 -0.0018300000 
1.9300000 0.010710000   
1.9400000 0.0082300000  
1.9500000 0.0055900000  
1.9600000 0.0083000000  
1.9700000 0.0067300000  
1.9800000 0.0081700000  
1.9900000 -0.010380000  
2.0000000 0.014530000   
2.0100000 0.00085000000 
2.0200000 0.010730000   
2.0300000 0.0039800000  
2.0400000 0.0044200000  
2.0500000 -0.00041000000
2.0600000 -0.0059700000 
2.0700000 0.0028800000  
2.0800000 -0.0028700000 
2.0900000 0.0031500000  
2.1000000 0.0088900000  
2.1100000 -0.00093000000
2.1200000 -0.00032000000
2.1300000 0.0034700000  
2.1400000 0.0060600000  
2.1500000 0.0072100000  
2.1600000 -0.00074000000
2.1700000 0.0017500000  
2.1800000 -0.0032500000 
2.1900000 -0.0054700000 
2.2000000 0.0030900000  
2.2100000 -0.0020100000 
2.2200000 0.0022600000  
2.2300000 0.016450000   
2.2400000 0.0090000000  
2.2500000 0.0060300000  
2.2600000 0.0024100000  
2.2700000 0.0026800000  
2.2800000 0.0040400000  
2.2900000 0.011950000   
2.3000000 0.0062500000  
2.3100000 0.0099700000  
2.3200000 0.0073700000  
2.3300000 0.0010200000  
2.3400000 0.0093500000  
2.3500000 0.0067500000  
2.3600000 0.0032200000  
2.3700000 0.0037500000  
2.3800000 -0.0039400000 
2.3900000 -0.00026000000
2.4000000 0.0025000000  
2.4100000 0.00063000000 
2.4200000 0.0056700000  
2.4300000 0.0024000000  
2.4400000 0.014430000   
2.4500000 0.0042600000  
2.4600000 -0.00014000000
2.4700000 0.0072300000  
2.4800000 0.0049800000  
2.4900000 0.0076500000  
2.5000000 -0.0029300000 
2.5100000 -0.00082000000
2.5200000 0.0062800000  
2.5300000 0.011460000   
2.5400000 0.0064100000  
2.5500000 -0.0039900000 
2.5600000 -0.0082200000 
2.5700000 0.0016100000  
2.5800000 0.0013200000  
2.5900000 0.0036900000  
2.6000000 0.0052500000  
2.6100000 0.0042400000  
2.6200000 0.0069600000  
2.6300000 0.012260000   
2.6400000 0.010260000   
2.6500000 -0.00019000000
2.6600000 -0.0016100000 
2.6700000 -0.0066100000 
2.6800000 0.0071700000  
2.6900000 0.0051500000  
2.7000000 0.0073700000  
2.7100000 0.0062100000  
2.7200000 0.0000000     
2.7300000 0.0071000000  
2.7400000 0.0045700000  
2.7500000 0.0060000000  
2.7600000 0.0016400000  
2.7700000 -0.0015000000 
2.7800000 -0.0043100000 
2.7900000 0.0029300000  
2.8000000 0.0070300000  
2.8100000 0.0061600000  
2.8200000 0.011680000   
2.8300000 0.013700000   
2.8400000 0.015240000   
2.8500000 0.0098600000  
2.8600000 0.0035300000  
2.8700000 0.0079400000  
2.8800000 -0.00053000000
2.8900000 -0.0029700000 
2.9000000 -0.0030500000 
2.9100000 -0.0029200000 
2.9200000 0.0083800000  
2.9300000 0.0039400000  
2.9400000 0.00082000000 
2.9500000 -0.0019200000 
2.9600000 -0.00092000000
2.9700000 0.0030900000  
2.9800000 0.0048600000  
2.9900000 -0.0012500000 
3.0000000 0.0062500000  
3.0100000 0.0020800000  
3.0200000 0.0020500000  
3.0300000 0.0018700000  
3.0400000 0.0040900000  
3.0500000 -0.0022600000 
3.0600000 0.00086000000 
3.0700000 -0.0028400000 
3.0800000 0.0046300000  
3.0900000 0.0048600000  
3.1000000 0.0060300000  
3.1100000 0.00074000000 
3.1200000 0.0031200000  
3.1300000 0.0019300000  
3.1400000 0.00034000000 
3.1500000 0.0030500000  
3.1600000 0.0034600000  
3.1700000 0.0031300000  
3.1800000 0.0063000000  
3.1900000 0.0011800000  
3.2000000 0.0074600000  
3.2100000 -0.0011600000 
3.2200000 -0.0012700000 
3.2300000 -0.0010500000 
3.2400000 0.0047100000  
3.2500000 -0.00092000000
3.2600000 0.00072000000 
3.2700000 -0.00039000000
3.2800000 0.00077000000 
3.2900000 -0.0018700000 
3.3000000 0.0067800000  
3.3100000 0.00083000000 
3.3200000 0.0055200000  
3.3300000 0.0014600000  
3.3400000 0.0050900000  
3.3500000 0.0037400000  
3.3600000 0.0087900000  
3.3700000 0.0088700000  
3.3800000 0.0028100000  
3.3900000 0.0038200000  
3.4000000 0.0082800000  
3.4100000 0.0016900000  
3.4200000 -0.00013000000
3.4300000 0.0018800000  
3.4400000 0.0022100000  
3.4500000 0.00053000000 
3.4600000 0.0048100000  
3.4700000 0.0024000000  
3.4800000 0.0016700000  
3.4900000 -0.0011200000 
3.5000000 -0.0031800000 
3.5100000 0.0027600000  
3.5200000 0.00060000000 
3.5300000 0.0026800000  
3.5400000 0.0012200000  
3.5500000 -0.00078000000
3.5600000 -0.0015900000 
3.5700000 -0.00093000000
3.5800000 -0.00017000000
3.5900000 0.0021100000  
3.6000000 -0.0014100000 
3.6100000 0.0041600000  
3.6200000 0.0043500000  
3.6300000 -0.00047000000
3.6400000 -0.0047900000 
3.6500000 -0.0064500000 
3.6600000 0.0011400000  
3.6700000 0.0011100000  
3.6800000 0.0037900000  
3.6900000 0.0080100000  
3.7000000 0.011360000   
3.7100000 0.0095000000  
3.7200000 0.011650000   
3.7300000 0.0088600000  
3.7400000 0.0066200000  
3.7500000 0.0068400000  
3.7600000 -0.0011800000 
3.7700000 -0.00022000000
3.7800000 0.0040400000  
3.7900000 -0.00046000000
3.8000000 -0.00038000000
3.8100000 -0.0051300000 
3.8200000 0.00089000000 
3.8300000 -0.0056000000 
3.8400000 0.0013600000  
3.8500000 0.0055000000  
3.8600000 0.0090000000  
3.8700000 0.014020000   
3.8800000 0.0052200000  
3.8900000 0.0041100000  
3.9000000 0.0051000000  
3.9100000 0.0098900000  
3.9200000 0.0073300000  
3.9300000 0.0081100000  
3.9400000 0.0034100000  
3.9500000 0.0018400000  
3.9600000 0.0030400000  
3.9700000 0.0037300000  
3.9800000 -0.00066000000
3.9900000 0.0019500000  
4.0000000 0.0069000000  
4.0100000 0.0042200000  
4.0200000 0.0019400000  
4.0300000 -0.00082000000
4.0400000 0.00083000000 
4.0500000 0.0023600000  
4.0600000 0.0057500000  
4.0700000 0.0050200000  
4.0800000 0.0030100000  
4.0900000 -0.0021200000 
4.1000000 0.00055000000 
4.1100000 0.0013800000  
4.1200000 0.0054700000  
4.1300000 -0.0013300000 
4.1400000 0.0017300000  
4.1500000 -0.00055000000
4.1600000 0.0029700000  
4.1700000 -0.0025000000 
4.1800000 -0.0031800000 
4.1900000 0.00016000000 
4.2000000 -0.0010400000 
4.2100000 -0.00013000000
4.2200000 0.0019900000  
4.2300000 0.0054200000  
4.2400000 0.0041900000  
4.2500000 0.0013000000  
4.2600000 0.0037900000  
4.2700000 0.0057300000  
4.2800000 0.0014000000  
4.2900000 0.0027200000  
4.3000000 0.0046200000  
4.3100000 0.0028000000  
4.3200000 -0.0016700000 
4.3300000 0.0078300000  
4.3400000 0.00023000000 
4.3500000 0.00086000000 
4.3600000 0.0046000000  
4.3700000 0.0098000000  
4.3800000 -0.0020700000 
4.3900000 0.0029600000  
4.4000000 0.0024600000  
4.4100000 0.0062900000  
4.4200000 0.0057000000  
4.4300000 0.0065700000  
4.4400000 0.0039000000  
4.4500000 0.0057300000  
4.4600000 0.0033000000  
4.4700000 0.0031200000  
4.4800000 0.0046800000  
4.4900000 0.0028900000  
4.5000000 0.0039700000  
4.5100000 0.00031000000 
4.5200000 0.0044700000  
4.5300000 0.00072000000 
4.5400000 0.011150000   
4.5500000 0.0030500000  
4.5600000 0.0085400000  
4.5700000 0.0078700000  
4.5800000 0.0050200000  
4.5900000 0.0022900000  
4.6000000 0.00042000000 
4.6100000 0.0050100000  
4.6200000 0.0045200000  
4.6300000 0.0063200000  
4.6400000 0.0042800000  
4.6500000 0.0052700000  
4.6600000 0.0056200000  
4.6700000 0.0059200000  
4.6800000 0.0050300000  
4.6900000 0.011710000   
4.7000000 0.0068000000  
4.7100000 0.012160000   
4.7200000 0.0076700000  
4.7300000 0.0081500000  
4.7400000 0.0078700000  
4.7500000 0.0054100000  
4.7600000 0.0068100000  
4.7700000 0.0083600000  
4.7800000 0.0051900000  
4.7900000 0.0031600000  
4.8000000 0.0070000000  
4.8100000 0.0066400000  
4.8200000 0.0075300000  
4.8300000 0.0089000000  
4.8400000 0.0093000000  
4.8500000 0.010170000   
4.8600000 0.0095900000  
4.8700000 0.0091100000  
4.8800000 0.0060600000  
4.8900000 0.0059800000  
4.9000000 0.010280000   
4.9100000 0.0089200000  
4.9200000 0.010500000   
4.9300000 0.0057400000  
4.9400000 0.00076000000 
4.9500000 0.00013000000 
4.9600000 0.0066700000  
4.9700000 0.0033600000  
4.9800000 0.00044000000 
4.9900000 0.0020100000  
5.0000000 0.0031100000  
5.0100000 0.00091000000 
5.0200000 0.0023400000  
5.0300000 0.010480000   
5.0400000 0.0034100000  
5.0500000 0.0032700000  
5.0600000 0.0068600000  
5.0700000 0.0058300000  
5.0800000 -0.0014600000 
5.0900000 -0.00048000000
5.1000000 -0.0051500000 
5.1100000 -0.0048600000 
5.1200000 -0.0030300000 
5.1300000 -0.0041100000 
5.1400000 -0.0030800000 
5.1500000 -0.0028500000 
5.1600000 0.0011000000  
5.1700000 0.0035400000  
5.1800000 0.0021800000  
5.1900000 0.0036100000  
5.2000000 0.0062600000  
5.2100000 0.010450000   
5.2200000 0.010240000   
5.2300000 0.021080000   
5.2400000 0.019390000   
5.2500000 0.018470000   
5.2600000 0.020570000   
5.2700000 0.021630000   
5.2800000 0.018840000   
5.2900000 0.017410000   
5.3000000 0.010800000   
5.3100000 0.0087600000  
5.3200000 0.010230000   
5.3300000 0.0057300000  
5.3400000 0.0062000000  
5.3500000 0.0097900000  
5.3600000 0.0086300000  
5.3700000 0.0082700000  
5.3800000 0.0085700000  
5.3900000 0.0069100000  
5.4000000 0.0056800000  
5.4100000 0.0071600000  
5.4200000 0.010880000   
5.4300000 0.013420000   
5.4400000 0.016040000   
5.4500000 0.020340000   
5.4600000 0.015690000   
5.4700000 0.017620000   
5.4800000 0.017850000   
5.4900000 0.012870000   
5.5000000 0.015100000   
5.5100000 0.015270000   
5.5200000 0.015300000   
5.5300000 0.015770000   
5.5400000 0.016700000   
5.5500000 0.019930000   
5.5600000 0.014130000   
5.5700000 0.0084000000  
5.5800000 0.0020300000  
5.5900000 -0.0030000000 
5.6000000 -0.0059300000 
5.6100000 -0.010350000  
5.6200000 -0.013260000  
5.6300000 -0.0093600000 
5.6400000 -0.010790000  
5.6500000 -0.011840000  
5.6600000 -0.0052000000 
5.6700000 -0.00067000000
5.6800000 -0.0010700000 
5.6900000 -0.0010100000 
5.7000000 -0.0025000000 
5.7100000 -0.010460000  
5.7200000 -0.012410000  
5.7300000 -0.010820000  
5.7400000 -0.0091100000 
5.7500000 -0.0041200000 
5.7600000 -0.0028100000 
5.7700000 0.0050200000  
5.7800000 0.0088800000  
5.7900000 0.0095300000  
5.8000000 0.014130000   
5.8100000 0.014890000   
5.8200000 0.021810000   
5.8300000 0.020960000   
5.8400000 0.017030000   
5.8500000 0.012970000   
5.8600000 0.011930000   
5.8700000 0.010340000   
5.8800000 0.010290000   
5.8900000 0.011760000   
5.9000000 0.013800000   
5.9100000 0.013370000   
5.9200000 0.0095000000  
5.9300000 0.014110000   
5.9400000 0.013530000   
5.9500000 0.0085800000  
5.9600000 0.00045000000 
5.9700000 -0.00043000000
5.9800000 -6.0000000e-05
5.9900000 -0.0043000000 
6.0000000 -0.0078900000 
6.0100000 -0.0033400000 
6.0200000 -0.0021800000 
6.0300000 -0.0012600000 
6.0400000 0.00048000000 
6.0500000 0.0026200000  
6.0600000 -0.00081000000
6.0700000 0.0024500000  
6.0800000 0.0052800000  
6.0900000 -0.0019900000 
6.1000000 -0.0037200000 
6.1100000 0.0028900000  
6.1200000 0.0085900000  
6.1300000 0.0044800000  
6.1400000 -0.00086000000
6.1500000 -0.00044000000
6.1600000 -0.00032000000
6.1700000 0.0012200000  
6.1800000 -0.0010900000 
6.1900000 -0.0057000000 
6.2000000 -0.0024000000 
6.2100000 0.00080000000 
6.2200000 0.0031800000  
6.2300000 0.0068000000  
6.2400000 0.0087700000  
6.2500000 0.0053200000  
6.2600000 0.0071500000  
6.2700000 0.0088700000  
6.2800000 0.010090000   
6.2900000 0.0057500000  
6.3000000 0.0071600000  
6.3100000 0.014590000   
6.3200000 0.015310000   
6.3300000 0.0086100000  
6.3400000 0.0094800000  
6.3500000 0.0070300000  
6.3600000 0.0017000000  
6.3700000 0.0028300000  
6.3800000 0.0059600000  
6.3900000 0.0052900000  
6.4000000 0.0070600000  
6.4100000 0.0055000000  
6.4200000 -0.0010100000 
6.4300000 0.0022200000  
6.4400000 0.0044400000  
6.4500000 0.0048900000  
6.4600000 0.0043300000  
6.4700000 0.0038300000  
6.4800000 0.00037000000 
6.4900000 0.0010300000  
6.5000000 0.0029300000  
6.5100000 0.0034300000  
6.5200000 0.0027800000  
6.5300000 0.00015000000 
6.5400000 -0.00025000000
6.5500000 0.00092000000 
6.5600000 0.0030000000  
6.5700000 0.0055100000  
6.5800000 0.0025700000  
6.5900000 0.0021500000  
6.6000000 0.0044100000  
6.6100000 0.0069100000  
6.6200000 0.0076000000  
6.6300000 0.0010500000  
6.6400000 -0.0015600000 
6.6500000 0.0041500000  
6.6600000 0.0077100000  
6.6700000 0.0071900000  
6.6800000 0.0038500000  
6.6900000 0.0043200000  
6.7000000 0.0085500000  
6.7100000 0.012910000   
6.7200000 0.0094800000  
6.7300000 0.0019300000  
6.7400000 0.0011700000  
6.7500000 -0.00051000000
6.7600000 -0.0021800000 
6.7700000 0.0019300000  
6.7800000 0.0044000000  
6.7900000 0.0029700000  
6.8000000 0.0023700000  
6.8100000 0.00090000000 
6.8200000 -0.0017800000 
6.8300000 -0.0011300000 
6.8400000 0.0016900000  
6.8500000 0.0036700000  
6.8600000 -0.00081000000
6.8700000 -0.0044500000 
6.8800000 -0.0030300000 
6.8900000 -0.00010000000
6.9000000 0.0017600000  
6.9100000 0.0016800000  
6.9200000 0.0010700000  
6.9300000 0.00079000000 
6.9400000 0.0015300000  
6.9500000 0.0017500000  
6.9600000 0.0014900000  
6.9700000 0.00085000000 
6.9800000 0.0010900000  
6.9900000 0.0014000000  
7.0000000 -0.00011000000
7.0100000 0.00010000000 
7.0200000 0.0015600000  
7.0300000 0.0044500000  
7.0400000 0.0073700000  
7.0500000 0.0054700000  
7.0600000 0.0026000000  
7.0700000 0.0024200000  
7.0800000 0.0041700000  
7.0900000 0.0051300000  
7.1000000 0.0023500000  
7.1100000 0.0012300000  
7.1200000 0.0056600000  
7.1300000 0.0057800000  
7.1400000 -0.00034000000
7.1500000 -0.0030400000 
7.1600000 -0.00087000000
7.1700000 -7.0000000e-05
7.1800000 -0.00056000000
7.1900000 0.00076000000 
7.2000000 0.00083000000 
7.2100000 -0.0018800000 
7.2200000 -0.0029700000 
7.2300000 -0.0015200000 
7.2400000 -0.00057000000
7.2500000 0.00022000000 
7.2600000 0.00087000000 
7.2700000 -0.0017300000 
7.2800000 -0.0046100000 
7.2900000 -0.0019200000 
7.3000000 0.0026600000  
7.3100000 0.0022800000  
7.3200000 -0.00011000000
7.3300000 -0.00011000000
7.3400000 -0.0013300000 
7.3500000 -0.00050000000
7.3600000 0.0020300000  
7.3700000 0.0028500000  
7.3800000 0.0014100000  
7.3900000 -0.0014900000 
7.4000000 -0.0027400000 
7.4100000 0.00071000000 
7.4200000 0.0046000000  
7.4300000 0.0040400000  
7.4400000 0.0023300000  
7.4500000 0.0014600000  
7.4600000 0.0012500000  
7.4700000 0.0010400000  
7.4800000 0.0011400000  
7.4900000 0.0024800000  
7.5000000 0.0044600000  
7.5100000 0.0044000000  
7.5200000 0.00087000000 
7.5300000 -0.0024200000 
7.5400000 -9.0000000e-05
7.5500000 0.0026900000  
7.5600000 0.0034000000  
7.5700000 0.0046100000  
7.5800000 0.0070300000  
7.5900000 0.0079600000  
7.6000000 0.0060100000  
7.6100000 0.0039000000  
7.6200000 0.0025300000  
7.6300000 0.0011800000  
7.6400000 0.00040000000 
7.6500000 0.0027200000  
7.6600000 0.0066300000  
7.6700000 0.0070400000  
7.6800000 0.0039000000  
7.6900000 0.0048400000  
7.7000000 0.0072900000  
7.7100000 0.0068600000  
7.7200000 0.0040100000  
7.7300000 0.0025800000  
7.7400000 0.0041700000  
7.7500000 0.0045700000  
7.7600000 0.0041000000  
7.7700000 0.0036500000  
7.7800000 0.0033500000  
7.7900000 0.0038600000  
7.8000000 0.0066500000  
7.8100000 0.0095900000  
7.8200000 0.0090700000  
7.8300000 0.0075600000  
7.8400000 0.0067300000  
7.8500000 0.0059200000  
7.8600000 0.0051800000  
7.8700000 0.0053200000  
7.8800000 0.0063100000  
7.8900000 0.0072700000  
7.9000000 0.0068700000  
7.9100000 0.0043700000  
7.9200000 0.0057300000  
7.9300000 0.0094500000  
7.9400000 0.010950000   
7.9500000 0.0086000000  
7.9600000 0.0083300000  
7.9700000 0.011220000   
7.9800000 0.012610000   
7.9900000 0.010840000   
8.0000000 0.0075200000  
8.0100000 0.0039000000  
8.0200000 0.0013500000  
8.0300000 0.0021700000  
8.0400000 0.0062800000  
8.0500000 0.010140000   
8.0600000 0.010360000   
8.0700000 0.010180000   
8.0800000 0.011130000   
8.0900000 0.012280000   
8.1000000 0.011350000   
8.1100000 0.010300000   
8.1200000 0.0097700000  
8.1300000 0.0094400000  
8.1400000 0.0082100000  
8.1500000 0.0090600000  
8.1600000 0.011910000   
8.1700000 0.014210000   
8.1800000 0.0099000000  
8.1900000 0.0050600000  
8.2000000 0.0045900000  
8.2100000 0.0099900000  
8.2200000 0.015130000   
8.2300000 0.017060000   
8.2400000 0.015150000   
8.2500000 0.010990000   
8.2600000 0.0090600000  
8.2700000 0.010060000   
8.2800000 0.012730000   
8.2900000 0.014480000   
8.3000000 0.012610000   
8.3100000 0.010530000   
8.3200000 0.0099700000  
8.3300000 0.0089100000  
8.3400000 0.0063300000  
8.3500000 0.0048200000  
8.3600000 0.0069200000  
8.3700000 0.0098700000  
8.3800000 0.011890000   
8.3900000 0.011870000   
8.4000000 0.0094200000  
8.4100000 0.0053400000  
8.4200000 0.0010700000  
8.4300000 -0.0013400000 
8.4400000 0.0024300000  
8.4500000 0.0086500000  
8.4600000 0.013280000   
8.4700000 0.012140000   
8.4800000 0.010140000   
8.4900000 0.0083400000  
8.5000000 0.0054000000  
8.5100000 0.0021400000  
8.5200000 0.00077000000 
8.5300000 0.0034400000  
8.5400000 0.0080400000  
8.5500000 0.011480000   
8.5600000 0.011680000   
8.5700000 0.011030000   
8.5800000 0.010040000   
8.5900000 0.0092300000  
8.6000000 0.0092000000  
8.6100000 0.012400000   
8.6200000 0.018230000   
8.6300000 0.020280000   
8.6400000 0.019130000   
8.6500000 0.015890000   
8.6600000 0.013180000   
8.6700000 0.011900000   
8.6800000 0.011880000   
8.6900000 0.011260000   
8.7000000 0.0093200000  
8.7100000 0.0063500000  
8.7200000 0.0042700000  
8.7300000 0.0043900000  
8.7400000 0.0067900000  
8.7500000 0.0090400000  
8.7600000 0.010870000   
8.7700000 0.012020000   
8.7800000 0.011900000   
8.7900000 0.010580000   
8.8000000 0.0087000000  
8.8100000 0.010180000   
8.8200000 0.013530000   
8.8300000 0.016090000   
8.8400000 0.016670000   
8.8500000 0.015620000   
8.8600000 0.014340000   
8.8700000 0.013060000   
8.8800000 0.011870000   
8.8900000 0.010460000   
8.9000000 0.0087100000  
8.9100000 0.0069000000  
8.9200000 0.0069600000  
8.9300000 0.0088200000  
8.9400000 0.012030000   
8.9500000 0.015610000   
8.9600000 0.018140000   
8.9700000 0.016990000   
8.9800000 0.013530000   
8.9900000 0.0093400000  
9.0000000 0.0090800000  
9.0100000 0.010600000   
9.0200000 0.0099300000  
9.0300000 0.0076700000  
9.0400000 0.0050400000  
9.0500000 0.0063700000  
9.0600000 0.0088400000  
9.0700000 0.0096600000  
9.0800000 0.0073100000  
9.0900000 0.0030400000  
9.1000000 0.0011600000  
9.1100000 0.0012500000  
9.1200000 0.0029200000  
9.1300000 0.0038900000  
9.1400000 0.0035700000  
9.1500000 0.0017000000  
9.1600000 0.00046000000 
9.1700000 0.0012900000  
9.1800000 0.0025700000  
9.1900000 0.0036400000  
9.2000000 0.0039200000  
9.2100000 0.0032400000  
9.2200000 0.0015400000  
9.2300000 0.0026300000  
9.2400000 0.0069800000  
9.2500000 0.012960000   
9.2600000 0.016840000   
9.2700000 0.013560000   
9.2800000 0.0082900000  
9.2900000 0.0037000000  
9.3000000 0.0025900000  
9.3100000 0.0036500000  
9.3200000 0.0028500000  
9.3300000 0.00043000000 
9.3400000 -0.0036900000 
9.3500000 -0.0065400000 
9.3600000 -0.0071600000 
9.3700000 -0.0068600000 
9.3800000 -0.0063500000 
9.3900000 -0.0068400000 
9.4000000 -0.0075300000 
9.4100000 -0.0078400000 
9.4200000 -0.0065100000 
9.4300000 -0.0031600000 
9.4400000 0.0013000000  
9.4500000 0.0051600000  
9.4600000 0.0051600000  
9.4700000 0.0018900000  
9.4800000 -0.0046600000 
9.4900000 -0.010910000  
9.5000000 -0.014380000  
9.5100000 -0.015360000  
9.5200000 -0.014550000  
9.5300000 -0.015760000  
9.5400000 -0.018150000  
9.5500000 -0.018350000  
9.5600000 -0.016330000  
9.5700000 -0.010880000  
9.5800000 -0.0067600000 
9.5900000 -0.0079100000 
9.6000000 -0.010910000  
9.6100000 -0.014140000  
9.6200000 -0.015290000  
9.6300000 -0.014220000  
9.6400000 -0.014210000  
9.6500000 -0.015510000  
9.6600000 -0.017550000  
9.6700000 -0.019210000  
9.6800000 -0.018410000  
9.6900000 -0.016490000  
9.7000000 -0.014680000  
9.7100000 -0.013280000  
9.7200000 -0.012990000  
9.7300000 -0.012100000  
9.7400000 -0.0097000000 
9.7500000 -0.0074800000 
9.7600000 -0.0059700000 
9.7700000 -0.0038000000 
9.7800000 -0.0011800000 
9.7900000 -0.00072000000
9.8000000 -0.0025500000 
9.8100000 -0.0052200000 
9.8200000 -0.0077800000 
9.8300000 -0.0087000000 
9.8400000 -0.0081300000 
9.8500000 -0.0066900000 
9.8600000 -0.0046400000 
9.8700000 -0.0018900000 
9.8800000 0.00037000000 
9.8900000 9.0000000e-05 
9.9000000 -0.0016400000 
9.9100000 -0.0041700000 
9.9200000 -0.0061700000 
9.9300000 -0.0054500000 
9.9400000 -0.0036900000 
9.9500000 -0.0023500000 
9.9600000 -0.00098000000
9.9700000 0.00081000000 
9.9800000 0.0021900000  
9.9900000 0.0023700000  
10.000000 0.0014800000  
10.010000 -0.00089000000
10.020000 -0.0038500000 
10.030000 -0.0070400000 
10.040000 -0.0093700000 
10.050000 -0.0089900000 
10.060000 -0.0077300000 
10.070000 -0.0070400000 
10.080000 -0.0064300000 
10.090000 -0.0060500000 
10.100000 -0.0051100000 
10.110000 -0.0021500000 
10.120000 0.0012200000  
10.130000 0.0033500000  
10.140000 0.0043300000  
10.150000 0.0038200000  
10.160000 0.0023700000  
10.170000 0.00039000000 
10.180000 -0.0013700000 
10.190000 -0.0015300000 
10.200000 -0.00057000000
10.210000 0.00025000000 
10.220000 0.00080000000 
10.230000 0.0014600000  
10.240000 0.0022900000  
10.250000 0.0032700000  
10.260000 0.0044300000  
10.270000 0.0058200000  
10.280000 0.0075100000  
10.290000 0.0098100000  
10.300000 0.013010000   
10.310000 0.016170000   
10.320000 0.018340000   
10.330000 0.020580000   
10.340000 0.023800000   
10.350000 0.027490000   
10.360000 0.031440000   
10.370000 0.035450000   
10.380000 0.039150000   
10.390000 0.042660000   
10.400000 0.046420000   
10.410000 0.050430000   
10.420000 0.054050000   
10.430000 0.057150000   
10.440000 0.060760000   
10.450000 0.065650000   
10.460000 0.071250000   
10.470000 0.077580000   
10.480000 0.083990000   
10.490000 0.089250000   
10.500000 0.094540000   
10.510000 0.10122000    
10.520000 0.11006000    
10.530000 0.12200000    
10.540000 0.13751000    
10.550000 0.15548000    
10.560000 0.17524000    
10.570000 0.19709000    
10.580000 0.22026000    
10.590000 0.24655000    
10.600000 0.27759000    
10.610000 0.31402000    
10.620000 0.35623000    
10.630000 0.40489000    
10.640000 0.46082000    
10.650000 0.52458000    
10.660000 0.59844000    
10.670000 0.68420000    
10.680000 0.78342000    
10.690000 0.89734000    
10.700000 1.0281600     
10.710000 1.1779100     
10.720000 1.3490600     
10.730000 1.5466700     
10.740000 1.7751100     
10.750000 2.0377700     
10.760000 2.3380000     
10.770000 2.6800400     
10.780000 3.0672400     
10.790000 3.5045100     
10.800000 3.9998000     
10.810000 4.5590500     
10.820000 5.1917300     
10.830000 5.9049800     
10.840000 6.7094600     
10.850000 7.6144300     
10.860000 8.6313400     
10.870000 9.7770700     
10.880000 11.063800     
10.890000 12.513160     
10.900000 14.144010     
10.910000 15.974810     
10.920000 18.025890     
10.930000 20.315970     
10.940000 22.851930     
10.950000 25.660240     
10.960000 28.720260     
10.970000 32.036700     
10.980000 35.583010     
10.990000 39.304530     
11.000000 43.176160     
11.010000 47.100890     
11.020000 51.003460     
11.030000 54.812840     
11.040000 58.451510     
11.050000 61.842800     
11.060000 64.966880     
11.070000 67.752150     
11.080000 70.215940     
11.090000 72.361480     
11.100000 74.194080     
11.110000 75.755080     
11.120000 77.064000     
11.130000 78.162450     
11.140000 79.093170     
11.150000 79.889190     
11.160000 80.566640     
11.170000 81.160630     
11.180000 81.670930     
11.190000 82.108090     
11.200000 82.479870     
11.210000 82.787640     
11.220000 83.039410     
11.230000 83.231790     
11.240000 83.361370     
11.250000 83.429290     
11.260000 83.445620     
11.270000 83.411320     
11.280000 83.342490     
11.290000 83.254930     
11.300000 83.161120     
11.310000 83.062230     
11.320000 82.966100     
11.330000 82.874910     
11.340000 82.789200     
11.350000 82.709340     
11.360000 82.652150     
11.370000 82.634030     
11.380000 82.658060     
11.390000 82.723680     
11.400000 82.841320     
11.410000 82.994230     
11.420000 83.172010     
11.430000 83.368950     
11.440000 83.586360     
11.450000 83.826800     
11.460000 84.080240     
11.470000 84.338840     
11.480000 84.596090     
11.490000 84.840680     
11.500000 85.065620     
11.510000 85.258530     
11.520000 85.404080     
11.530000 85.505800     
11.540000 85.518440     
11.550000 85.416120     
11.560000 85.172730     
11.570000 84.717370     
11.580000 83.996650     
11.590000 82.957590     
11.600000 81.547410     
11.610000 79.674210     
11.620000 77.355780     
11.630000 74.567050     
11.640000 71.267410     
11.650000 67.568020     
11.660000 63.494790     
11.670000 59.123460     
11.680000 54.580440     
11.690000 49.972320     
11.700000 45.386380     
11.710000 40.913200     
11.720000 36.690060     
11.730000 32.708310     
11.740000 29.026250     
11.750000 25.694290     
11.760000 22.673760     
11.770000 19.976670     
11.780000 17.588610     
11.790000 15.474260     
11.800000 13.612280     
11.810000 11.977200     
11.820000 10.543640     
11.830000 9.2802600     
11.840000 8.1741100     
11.850000 7.2053700     
11.860000 6.3518800     
11.870000 5.6049400     
11.880000 4.9486900     
11.890000 4.3692700     
11.900000 3.8607900     
11.910000 3.4115400     
11.920000 3.0139900     
11.930000 2.6640400     
11.940000 2.3540200     
11.950000 2.0797400     
11.960000 1.8375400     
11.970000 1.6209800     
11.980000 1.4288200     
11.990000 1.2590800     
12.000000 1.1087600     
12.010000 0.97632000    
12.020000 0.85977000    
12.030000 0.75687000    
12.040000 0.66609000    
12.050000 0.58532000    
12.060000 0.51204000    
12.070000 0.44688000    
12.080000 0.38938000    
12.090000 0.33905000    
12.100000 0.29452000    
12.110000 0.25450000    
12.120000 0.21796000    
12.130000 0.18499000    
12.140000 0.15471000    
12.150000 0.12684000    
12.160000 0.10238000    
12.170000 0.082230000   
12.180000 0.066480000   
12.190000 0.054030000   
12.200000 0.044590000   
12.210000 0.037600000   
12.220000 0.032160000   
12.230000 0.027000000   
12.240000 0.021810000   
12.250000 0.017190000   
12.260000 0.013390000   
12.270000 0.010340000   
12.280000 0.0076400000  
12.290000 0.0048300000  
12.300000 0.0018800000  
12.310000 -0.00079000000
12.320000 -0.0030800000 
12.330000 -0.0048000000 
12.340000 -0.0057100000 
12.350000 -0.0051300000 
12.360000 -0.0030100000 
12.370000 -0.00052000000
12.380000 0.0015500000  
12.390000 0.0026600000  
12.400000 0.0032100000  
12.410000 0.0029900000  
12.420000 0.0018600000  
12.430000 0.00044000000 
12.440000 -0.00095000000
12.450000 -0.0018900000 
12.460000 -0.0025700000 
12.470000 -0.0028700000 
12.480000 -0.0024600000 
12.490000 -0.0019000000 
12.500000 -0.0013800000 
12.510000 -0.0013600000 
12.520000 -0.0016300000 
12.530000 -0.0022300000 
12.540000 -0.0033400000 
12.550000 -0.0047800000 
12.560000 -0.0064300000 
12.570000 -0.0083700000 
12.580000 -0.010340000  
12.590000 -0.012070000  
12.600000 -0.012950000  
12.610000 -0.013100000  
12.620000 -0.013070000  
12.630000 -0.013320000  
12.640000 -0.014080000  
12.650000 -0.014880000  
12.660000 -0.015550000  
12.670000 -0.015870000  
12.680000 -0.015960000  
12.690000 -0.015800000  
12.700000 -0.014960000  
12.710000 -0.014070000  
12.720000 -0.013390000  
12.730000 -0.013760000  
12.740000 -0.014710000  
12.750000 -0.015790000  
12.760000 -0.016710000  
12.770000 -0.017270000  
12.780000 -0.017350000  
12.790000 -0.016590000  
12.800000 -0.014510000  
12.810000 -0.011980000  
12.820000 -0.0092800000 
12.830000 -0.0068200000 
12.840000 -0.0046900000 
12.850000 -0.0030800000 
12.860000 -0.0026900000 
12.870000 -0.0032100000 
12.880000 -0.0041500000 
12.890000 -0.0052200000 
12.900000 -0.0061700000 
12.910000 -0.0069600000 
12.920000 -0.0074700000 
12.930000 -0.0069500000 
12.940000 -0.0062300000 
12.950000 -0.0055400000 
12.960000 -0.0055000000 
12.970000 -0.0059400000 
12.980000 -0.0065200000 
12.990000 -0.0072300000 
13.000000 -0.0080100000 
13.010000 -0.0084600000 
13.020000 -0.0083500000 
13.030000 -0.0064600000 
13.040000 -0.0040000000 
13.050000 -0.0014200000 
13.060000 0.00059000000 
13.070000 0.0018500000  
13.080000 0.0026000000  
13.090000 0.0027500000  
13.100000 0.0018800000  
13.110000 0.00068000000 
13.120000 -0.00060000000
13.130000 -0.0011300000 
13.140000 -0.0012600000 
13.150000 -0.0015200000 
13.160000 -0.0022800000 
13.170000 -0.0040900000 
13.180000 -0.0062600000 
13.190000 -0.0086700000 
13.200000 -0.011360000  
13.210000 -0.013990000  
13.220000 -0.016200000  
13.230000 -0.017410000  
13.240000 -0.016960000  
13.250000 -0.015980000  
13.260000 -0.014750000  
13.270000 -0.013980000  
13.280000 -0.013520000  
13.290000 -0.013240000  
13.300000 -0.013220000  
13.310000 -0.013540000  
13.320000 -0.014040000  
13.330000 -0.014650000  
13.340000 -0.015190000  
13.350000 -0.015730000  
13.360000 -0.016370000  
13.370000 -0.017190000  
13.380000 -0.018460000  
13.390000 -0.019780000  
13.400000 -0.021050000  
13.410000 -0.021950000  
13.420000 -0.022480000  
13.430000 -0.022890000  
13.440000 -0.023230000  
13.450000 -0.023620000  
13.460000 -0.024060000  
13.470000 -0.024580000  
13.480000 -0.025400000  
13.490000 -0.026750000  
13.500000 -0.027910000  
13.510000 -0.028620000  
13.520000 -0.028020000  
13.530000 -0.026400000  
13.540000 -0.024240000  
13.550000 -0.021730000  
13.560000 -0.018680000  
13.570000 -0.015770000  
13.580000 -0.013340000  
13.590000 -0.012140000  
13.600000 -0.012810000  
13.610000 -0.014220000  
13.620000 -0.016110000  
13.630000 -0.018100000  
13.640000 -0.020040000  
13.650000 -0.021860000  
13.660000 -0.023400000  
13.670000 -0.023920000  
13.680000 -0.024030000  
13.690000 -0.023950000  
13.700000 -0.023900000  
13.710000 -0.024300000  
13.720000 -0.024730000  
13.730000 -0.025140000  
13.740000 -0.025500000  
13.750000 -0.025740000  
13.760000 -0.025800000  
13.770000 -0.025620000  
13.780000 -0.024850000  
13.790000 -0.023630000  
13.800000 -0.022290000  
13.810000 -0.020990000  
13.820000 -0.020020000  
13.830000 -0.019340000  
13.840000 -0.018940000  
13.850000 -0.018860000  
13.860000 -0.019550000  
13.870000 -0.020500000  
13.880000 -0.021550000  
13.890000 -0.022530000  
13.900000 -0.023190000  
13.910000 -0.023600000  
13.920000 -0.023690000  
13.930000 -0.023250000  
13.940000 -0.021970000  
13.950000 -0.020470000  
13.960000 -0.018940000  
13.970000 -0.017780000  
13.980000 -0.017230000  
13.990000 -0.016910000  
14.000000 -0.016760000  
14.010000 -0.016850000  
14.020000 -0.017110000  
14.030000 -0.017290000  
14.040000 -0.017280000  
14.050000 -0.016520000  
14.060000 -0.015060000  
14.070000 -0.013510000  
14.080000 -0.012060000  
14.090000 -0.011320000  
14.100000 -0.011270000  
14.110000 -0.011450000  
14.120000 -0.011760000  
14.130000 -0.012120000  
14.140000 -0.012400000  
14.150000 -0.012500000  
14.160000 -0.012300000  
14.170000 -0.011260000  
14.180000 -0.0095400000 
14.190000 -0.0076500000 
14.200000 -0.0057600000 
14.210000 -0.0043700000 
14.220000 -0.0034800000 
14.230000 -0.0028200000 
14.240000 -0.0023500000 
14.250000 -0.0020500000 
14.260000 -0.0019000000 
14.270000 -0.0018200000 
14.280000 -0.0017700000 
14.290000 -0.0016700000 
14.300000 -0.0014500000 
14.310000 -0.0012000000 
14.320000 -0.00089000000
14.330000 -0.00055000000
14.340000 -0.00018000000
14.350000 0.00027000000 
14.360000 0.00083000000 
14.370000 0.0016500000  
14.380000 0.0029800000  
14.390000 0.0042600000  
14.400000 0.0053200000  
14.410000 0.0059300000  
14.420000 0.0051600000  
14.430000 0.0040400000  
14.440000 0.0027500000  
14.450000 0.0014700000  
14.460000 0.00024000000 
14.470000 -0.00059000000
14.480000 -0.00080000000
14.490000 -0.00017000000
14.500000 0.0030900000  
14.510000 0.0077200000  
14.520000 0.012580000   
14.530000 0.017140000   
14.540000 0.020030000   
14.550000 0.021040000   
14.560000 0.021050000   
14.570000 0.020090000   
14.580000 0.017950000   
14.590000 0.014340000   
14.600000 0.010320000   
14.610000 0.0062400000  
14.620000 0.0025000000  
14.630000 0.00089000000 
14.640000 -0.00019000000
14.650000 -0.00088000000
14.660000 -0.0013100000 
14.670000 -0.0017800000 
14.680000 -0.0023000000 
14.690000 -0.0028600000 
14.700000 -0.0035400000 
14.710000 -0.0046900000 
14.720000 -0.0064100000 
14.730000 -0.0081300000 
14.740000 -0.0097000000 
14.750000 -0.010880000  
14.760000 -0.010690000  
14.770000 -0.010230000  
14.780000 -0.0096800000 
14.790000 -0.0092000000 
14.800000 -0.0093500000 
14.810000 -0.0099700000 
14.820000 -0.010920000  
14.830000 -0.012200000  
14.840000 -0.014180000  
14.850000 -0.017150000  
14.860000 -0.020040000  
14.870000 -0.022540000  
14.880000 -0.024320000  
14.890000 -0.023550000  
14.900000 -0.021720000  
14.910000 -0.019180000  
14.920000 -0.016150000  
14.930000 -0.012830000  
14.940000 -0.0094000000 
14.950000 -0.0060800000 
14.960000 -0.0030700000 
14.970000 -0.00056000000
14.980000 0.00017000000 
14.990000 0.00032000000 
15.000000 2.0000000e-05 
15.010000 -0.00060000000
15.020000 -0.0012900000 
15.030000 -0.0019700000 
15.040000 -0.0026300000 
15.050000 -0.0032100000 
15.060000 -0.0036100000 
15.070000 -0.0035200000 
15.080000 -0.0031700000 
15.090000 -0.0025500000 
15.100000 -0.0016600000 
15.110000 -0.00043000000
15.120000 0.0011600000  
15.130000 0.0029700000  
15.140000 0.0049400000  
15.150000 0.0070300000  
15.160000 0.0095000000  
15.170000 0.011970000   
15.180000 0.014230000   
15.190000 0.016120000   
15.200000 0.017300000   
15.210000 0.017290000   
15.220000 0.016730000   
15.230000 0.015690000   
15.240000 0.014230000   
15.250000 0.012430000   
15.260000 0.010360000   
15.270000 0.0080800000  
15.280000 0.0056600000  
15.290000 0.0031700000  
15.300000 0.00049000000 
15.310000 -0.0020900000 
15.320000 -0.0044200000 
15.330000 -0.0063900000 
15.340000 -0.0076400000 
15.350000 -0.0077100000 
15.360000 -0.0073200000 
15.370000 -0.0065900000 
15.380000 -0.0056100000 
15.390000 -0.0045800000 
15.400000 -0.0035600000 
15.410000 -0.0025500000 
15.420000 -0.0016000000 
15.430000 -0.00076000000
15.440000 -0.00045000000
15.450000 -0.00038000000
15.460000 -0.00038000000
15.470000 -0.00040000000
15.480000 -0.00037000000
15.490000 9.0000000e-05 
15.500000 0.00063000000 
15.510000 0.0012400000  
15.520000 0.0018800000  
15.530000 0.0025000000  
15.540000 0.0030300000  
15.550000 0.0035500000  
15.560000 0.0040700000  
15.570000 0.0046000000  
15.580000 0.0051200000  
15.590000 0.0056600000  
15.600000 0.0062100000  
15.610000 0.0067800000  
15.620000 0.0073900000  
15.630000 0.0080600000  
15.640000 0.0087800000  
15.650000 0.0095400000  
15.660000 0.010330000   
15.670000 0.011150000   
15.680000 0.011990000   
15.690000 0.012860000   
15.700000 0.013740000   
15.710000 0.014620000   
15.720000 0.015520000   
15.730000 0.016660000   
15.740000 0.017870000   
15.750000 0.018900000   
15.760000 0.019670000   
15.770000 0.020060000   
15.780000 0.019460000   
15.790000 0.018200000   
15.800000 0.016590000   
15.810000 0.014710000   
15.820000 0.012650000   
15.830000 0.010450000   
15.840000 0.0082400000  
15.850000 0.0061300000  
15.860000 0.0042200000  
15.870000 0.0026200000  
15.880000 0.0020300000  
15.890000 0.0020800000  
15.900000 0.0023800000  
15.910000 0.0028300000  
15.920000 0.0033200000  
15.930000 0.0034200000  
15.940000 0.0032400000  
15.950000 0.0029700000  
15.960000 0.0026400000  
15.970000 0.0022600000  
15.980000 0.0017900000  
15.990000 0.0012700000  
16.000000 0.00078000000 
16.010000 0.00034000000 
16.020000 0.0000000     
16.030000 -7.0000000e-05
16.040000 0.00018000000 
16.050000 0.00052000000 
16.060000 0.00091000000 
16.070000 0.0013000000  
16.080000 0.0015500000  
16.090000 0.0015200000  
16.100000 0.0014600000  
16.110000 0.0014000000  
16.120000 0.0013800000  
16.130000 0.0014400000  
16.140000 0.0017400000  
16.150000 0.0021400000  
16.160000 0.0026100000  
16.170000 0.0031600000  
16.180000 0.0037800000  
16.190000 0.0045000000  
16.200000 0.0052800000  
16.210000 0.0060700000  
16.220000 0.0068800000  
16.230000 0.0076600000  
16.240000 0.0083700000  
16.250000 0.0090200000  
16.260000 0.0096100000  
16.270000 0.010140000   
16.280000 0.010610000   
16.290000 0.011010000   
16.300000 0.011340000   
16.310000 0.011590000   
16.320000 0.011750000   
16.330000 0.011820000   
16.340000 0.011770000   
16.350000 0.011390000   
16.360000 0.010950000   
16.370000 0.010470000   
16.380000 0.010020000   
16.390000 0.0096300000  
16.400000 0.0095300000  
16.410000 0.0096500000  
16.420000 0.0098600000  
16.430000 0.010130000   
16.440000 0.010440000   
16.450000 0.010770000   
16.460000 0.011100000   
16.470000 0.011410000   
16.480000 0.011700000   
16.490000 0.011940000   
16.500000 0.012130000   
16.510000 0.012100000   
16.520000 0.011990000   
16.530000 0.011820000   
16.540000 0.011630000   
16.550000 0.011430000   
16.560000 0.011220000   
16.570000 0.011030000   
16.580000 0.010890000   
16.590000 0.010800000   
16.600000 0.010800000   
16.610000 0.010900000   
16.620000 0.011400000   
16.630000 0.012040000   
16.640000 0.012710000   
16.650000 0.013380000   
16.660000 0.014000000   
16.670000 0.014440000   
16.680000 0.014620000   
16.690000 0.014660000   
16.700000 0.014560000   
16.710000 0.014310000   
16.720000 0.013910000   
16.730000 0.013320000   
16.740000 0.012570000   
16.750000 0.011660000   
16.760000 0.010580000   
16.770000 0.0093300000  
16.780000 0.0078600000  
16.790000 0.0059000000  
16.800000 0.0038600000  
16.810000 0.0018000000  
16.820000 -0.00019000000
16.830000 -0.0020500000 
16.840000 -0.0035400000 
16.850000 -0.0046200000 
16.860000 -0.0054400000 
16.870000 -0.0059800000 
16.880000 -0.0062300000 
16.890000 -0.0062000000 
16.900000 -0.0053400000 
16.910000 -0.0041300000 
16.920000 -0.0028100000 
16.930000 -0.0014800000 
16.940000 -0.00025000000
16.950000 0.00069000000 
16.960000 0.00044000000 
16.970000 -5.0000000e-05
16.980000 -0.00068000000
16.990000 -0.0013900000 
17.000000 -0.0021000000 
17.010000 -0.0025500000 
17.020000 -0.0024900000 
17.030000 -0.0023400000 
17.040000 -0.0021300000 
17.050000 -0.0018800000 
17.060000 -0.0016200000 
17.070000 -0.0014700000 
17.080000 -0.0014300000 
17.090000 -0.0014100000 
17.100000 -0.0014300000 
17.110000 -0.0014700000 
17.120000 -0.0015300000 
17.130000 -0.0016600000 
17.140000 -0.0018400000 
17.150000 -0.0020000000 
17.160000 -0.0021400000 
17.170000 -0.0022300000 
17.180000 -0.0022600000 
17.190000 -0.0021100000 
17.200000 -0.0018600000 
17.210000 -0.0015300000 
17.220000 -0.0011300000 
17.230000 -0.00066000000
17.240000 -0.00012000000
17.250000 0.00043000000 
17.260000 0.0010500000  
17.270000 0.0017300000  
17.280000 0.0024900000  
17.290000 0.0033100000  
17.300000 0.0042200000  
17.310000 0.0054700000  
17.320000 0.0067800000  
17.330000 0.0081000000  
17.340000 0.0093700000  
17.350000 0.010540000   
17.360000 0.011580000   
17.370000 0.012120000   
17.380000 0.012450000   
17.390000 0.012610000   
17.400000 0.012620000   
17.410000 0.012500000   
17.420000 0.012260000   
17.430000 0.011950000   
17.440000 0.011540000   
17.450000 0.011050000   
17.460000 0.010470000   
17.470000 0.0098100000  
17.480000 0.0090700000  
17.490000 0.0083100000  
17.500000 0.0075000000  
17.510000 0.0066100000  
17.520000 0.0056600000  
17.530000 0.0046400000  
17.540000 0.0035400000  
17.550000 0.0022100000  
17.560000 0.00074000000 
17.570000 -0.00075000000
17.580000 -0.0022200000 
17.590000 -0.0036300000 
17.600000 -0.0049500000 
17.610000 -0.0060100000 
17.620000 -0.0067700000 
17.630000 -0.0073800000 
17.640000 -0.0078500000 
17.650000 -0.0081700000 
17.660000 -0.0083500000 
17.670000 -0.0083600000 
17.680000 -0.0080900000 
17.690000 -0.0077200000 
17.700000 -0.0073000000 
17.710000 -0.0068600000 
17.720000 -0.0064200000 
17.730000 -0.0060200000 
17.740000 -0.0059400000 
17.750000 -0.0059400000 
17.760000 -0.0060100000 
17.770000 -0.0061400000 
17.780000 -0.0063300000 
17.790000 -0.0065700000 
17.800000 -0.0068100000 
17.810000 -0.0070900000 
17.820000 -0.0074100000 
17.830000 -0.0077700000 
17.840000 -0.0081800000 
17.850000 -0.0086500000 
17.860000 -0.0092300000 
17.870000 -0.010040000  
17.880000 -0.010860000  
17.890000 -0.011650000  
17.900000 -0.012370000  
17.910000 -0.012990000  
17.920000 -0.013470000  
17.930000 -0.013610000  
17.940000 -0.013550000  
17.950000 -0.013290000  
17.960000 -0.012820000  
17.970000 -0.012130000  
17.980000 -0.011220000  
17.990000 -0.0098200000 
18.000000 -0.0078900000 
18.010000 -0.0058200000 
18.020000 -0.0036900000 
18.030000 -0.0015600000 
18.040000 0.00049000000 
18.050000 0.0023900000  
18.060000 0.0034400000  
18.070000 0.0042500000  
18.080000 0.0048700000  
18.090000 0.0053300000  
18.100000 0.0056500000  
18.110000 0.0058400000  
18.120000 0.0060400000  
18.130000 0.0063100000  
18.140000 0.0064700000  
18.150000 0.0065100000  
18.160000 0.0064200000  
18.170000 0.0061700000  
18.180000 0.0057700000  
18.190000 0.0048600000  
18.200000 0.0037300000  
18.210000 0.0024800000  
18.220000 0.0011700000  
18.230000 -0.00018000000
18.240000 -0.0015200000 
18.250000 -0.0028000000 
18.260000 -0.0039900000 
18.270000 -0.0050500000 
18.280000 -0.0059500000 
18.290000 -0.0066600000 
18.300000 -0.0071400000 
18.310000 -0.0073600000 
18.320000 -0.0067000000 
18.330000 -0.0052000000 
18.340000 -0.0035500000 
18.350000 -0.0018900000 
18.360000 -0.00033000000
18.370000 0.0010200000  
18.380000 0.0020300000  
18.390000 0.0019100000  
18.400000 0.0011000000  
18.410000 -0.00021000000
18.420000 -0.0020200000 
18.430000 -0.0043400000 
18.440000 -0.0071700000 
18.450000 -0.010520000  
18.460000 -0.016040000  
18.470000 -0.021900000  
18.480000 -0.027850000  
18.490000 -0.033690000  
18.500000 -0.039180000  
18.510000 -0.044110000  
18.520000 -0.047940000  
18.530000 -0.048960000  
18.540000 -0.049080000  
18.550000 -0.048380000  
18.560000 -0.046920000  
18.570000 -0.044770000  
18.580000 -0.041980000  
18.590000 -0.038520000  
18.600000 -0.034270000  
18.610000 -0.029650000  
18.620000 -0.024770000  
18.630000 -0.019760000  
18.640000 -0.014730000  
18.650000 -0.0098000000 
18.660000 -0.0053600000 
18.670000 -0.0017800000 
18.680000 0.0014900000  
18.690000 0.0044300000  
18.700000 0.0070200000  
18.710000 0.0092400000  
18.720000 0.011090000   
18.730000 0.012400000   
18.740000 0.013010000   
18.750000 0.013280000   
18.760000 0.013240000   
18.770000 0.012930000   
18.780000 0.012390000   
18.790000 0.011660000   
18.800000 0.010740000   
18.810000 0.0096300000  
18.820000 0.0084700000  
18.830000 0.0073100000  
18.840000 0.0062200000  
18.850000 0.0052300000  
18.860000 0.0044200000  
18.870000 0.0040400000  
18.880000 0.0046700000  
18.890000 0.0055000000  
18.900000 0.0064800000  
18.910000 0.0075200000  
18.920000 0.0085900000  
18.930000 0.0096100000  
18.940000 0.010490000   
18.950000 0.010560000   
18.960000 0.010500000   
18.970000 0.010310000   
18.980000 0.010030000   
18.990000 0.0096700000  
19.000000 0.0092500000  
19.010000 0.0088000000  
19.020000 0.0084200000  
19.030000 0.0080500000  
19.040000 0.0076800000  
19.050000 0.0073200000  
19.060000 0.0069800000  
19.070000 0.0066600000  
19.080000 0.0063700000  
19.090000 0.0063300000  
19.100000 0.0064500000  
19.110000 0.0065700000  
19.120000 0.0066400000  
19.130000 0.0066500000  
19.140000 0.0065400000  
19.150000 0.0063000000  
19.160000 0.0056900000  
19.170000 0.0044100000  
19.180000 0.0030000000  
19.190000 0.0015000000  
19.200000 -5.0000000e-05
19.210000 -0.0016000000 
19.220000 -0.0031000000 
19.230000 -0.0045200000 
19.240000 -0.0053300000 
19.250000 -0.0059600000 
19.260000 -0.0064800000 
19.270000 -0.0069000000 
19.280000 -0.0072200000 
19.290000 -0.0074600000 
19.300000 -0.0076300000 
19.310000 -0.0076800000 
19.320000 -0.0076200000 
19.330000 -0.0075400000 
19.340000 -0.0074800000 
19.350000 -0.0074600000 
19.360000 -0.0075100000 
19.370000 -0.0076400000 
19.380000 -0.0079000000 
19.390000 -0.0088800000 
19.400000 -0.0099600000 
19.410000 -0.011120000  
19.420000 -0.012310000  
19.430000 -0.013490000  
19.440000 -0.014630000  
19.450000 -0.015700000  
19.460000 -0.016460000  
19.470000 -0.016890000  
19.480000 -0.017180000  
19.490000 -0.017350000  
19.500000 -0.017410000  
19.510000 -0.017350000  
19.520000 -0.017190000  
19.530000 -0.016920000  
19.540000 -0.016350000  
19.550000 -0.015680000  
19.560000 -0.014970000  
19.570000 -0.014240000  
19.580000 -0.013520000  
19.590000 -0.012840000  
19.600000 -0.012230000  
19.610000 -0.011860000  
19.620000 -0.012070000  
19.630000 -0.012360000  
19.640000 -0.012700000  
19.650000 -0.013060000  
19.660000 -0.013400000  
19.670000 -0.013690000  
19.680000 -0.013900000  
19.690000 -0.014110000  
19.700000 -0.014270000  
19.710000 -0.014220000  
19.720000 -0.013890000  
19.730000 -0.013240000  
19.740000 -0.012200000  
19.750000 -0.010720000  
19.760000 -0.0087400000 
19.770000 -0.0048500000 
19.780000 6.0000000e-05 
19.790000 0.0053100000  
19.800000 0.010790000   
19.810000 0.016350000   
19.820000 0.021870000   
19.830000 0.027220000   
19.840000 0.032260000   
19.850000 0.035730000   
19.860000 0.038570000   
19.870000 0.040950000   
19.880000 0.042870000   
19.890000 0.044320000   
19.900000 0.045300000   
19.910000 0.045810000   
19.920000 0.045840000   
19.930000 0.044360000   
19.940000 0.042460000   
19.950000 0.040280000   
19.960000 0.037920000   
19.970000 0.035480000   
19.980000 0.033050000   
19.990000 0.030750000   
20.000000 0.028680000   
20.010000 0.028690000   
20.020000 0.028970000   
20.030000 0.029440000   
20.040000 0.030030000   
20.050000 0.030670000   
20.060000 0.031310000   
20.070000 0.031860000   
20.080000 0.032270000   
20.090000 0.030920000   
20.100000 0.029370000   
20.110000 0.027770000   
20.120000 0.026180000   
20.130000 0.024700000   
20.140000 0.023390000   
20.150000 0.022350000   
20.160000 0.021650000   
20.170000 0.023180000   
20.180000 0.025330000   
20.190000 0.027710000   
20.200000 0.030220000   
20.210000 0.032730000   
20.220000 0.035140000   
20.230000 0.037350000   
20.240000 0.039240000   
20.250000 0.039780000   
20.260000 0.039470000   
20.270000 0.038720000   
20.280000 0.037520000   
20.290000 0.035870000   
20.300000 0.033800000   
20.310000 0.031290000   
20.320000 0.028370000   
20.330000 0.024400000   
20.340000 0.019390000   
20.350000 0.014150000   
20.360000 0.0087900000  
20.370000 0.0034500000  
20.380000 -0.0017600000 
20.390000 -0.0067100000 
20.400000 -0.011290000  
20.410000 -0.014980000  
20.420000 -0.016370000  
20.430000 -0.017240000  
20.440000 -0.017630000  
20.450000 -0.017610000  
20.460000 -0.017230000  
20.470000 -0.016570000  
20.480000 -0.015660000  
20.490000 -0.014590000  
20.500000 -0.013780000  
20.510000 -0.012970000  
20.520000 -0.012100000  
20.530000 -0.011170000  
20.540000 -0.010220000  
20.550000 -0.0092600000 
20.560000 -0.0083100000 
20.570000 -0.0073900000 
20.580000 -0.0066200000 
20.590000 -0.0060800000 
20.600000 -0.0055900000 
20.610000 -0.0051500000 
20.620000 -0.0047700000 
20.630000 -0.0044500000 
20.640000 -0.0041700000 
20.650000 -0.0039300000 
20.660000 -0.0037400000 
20.670000 -0.0036400000 
20.680000 -0.0035700000 
20.690000 -0.0035300000 
20.700000 -0.0035200000 
20.710000 -0.0035200000 
20.720000 -0.0035200000 
20.730000 -0.0035300000 
20.740000 -0.0035400000 
20.750000 -0.0034300000 
20.760000 -0.0030800000 
20.770000 -0.0027500000 
20.780000 -0.0024400000 
20.790000 -0.0021800000 
20.800000 -0.0020000000 
20.810000 -0.0019000000 
20.820000 -0.0019200000 
20.830000 -0.0020600000 
20.840000 -0.0026600000 
20.850000 -0.0035600000 
20.860000 -0.0045900000 
20.870000 -0.0057400000 
20.880000 -0.0069800000 
20.890000 -0.0083000000 
20.900000 -0.0096900000 
20.910000 -0.011130000  
20.920000 -0.012590000  
20.930000 -0.014150000  
20.940000 -0.015700000  
20.950000 -0.017220000  
20.960000 -0.018690000  
20.970000 -0.020090000  
20.980000 -0.021380000  
20.990000 -0.022560000  
21.000000 -0.023600000  
21.010000 -0.024390000  
21.020000 -0.024610000  
21.030000 -0.024660000  
21.040000 -0.024550000  
21.050000 -0.024300000  
21.060000 -0.023930000  
21.070000 -0.023440000  
21.080000 -0.022840000  
21.090000 -0.022160000  
21.100000 -0.021360000  
21.110000 -0.020370000  
21.120000 -0.019350000  
21.130000 -0.018330000  
21.140000 -0.017340000  
21.150000 -0.016400000  
21.160000 -0.015540000  
21.170000 -0.014790000  
21.180000 -0.014180000  
21.190000 -0.013910000  
21.200000 -0.014170000  
21.210000 -0.014590000  
21.220000 -0.015170000  
21.230000 -0.015890000  
21.240000 -0.016740000  
21.250000 -0.017710000  
21.260000 -0.018780000  
21.270000 -0.019950000  
21.280000 -0.021310000  
21.290000 -0.022940000  
21.300000 -0.024590000  
21.310000 -0.026240000  
21.320000 -0.027850000  
21.330000 -0.029380000  
21.340000 -0.030800000  
21.350000 -0.032070000  
21.360000 -0.033160000  
21.370000 -0.033840000  
21.380000 -0.033710000  
21.390000 -0.033360000  
21.400000 -0.032800000  
21.410000 -0.032070000  
21.420000 -0.031190000  
21.430000 -0.030170000  
21.440000 -0.029030000  
21.450000 -0.027800000  
21.460000 -0.026490000  
21.470000 -0.025080000  
21.480000 -0.023640000  
21.490000 -0.022200000  
21.500000 -0.020780000  
21.510000 -0.019400000  
21.520000 -0.018100000  
21.530000 -0.016890000  
21.540000 -0.015810000  
21.550000 -0.014870000  
21.560000 -0.014660000  
21.570000 -0.014730000  
21.580000 -0.014940000  
21.590000 -0.015260000  
21.600000 -0.015660000  
21.610000 -0.016130000  
21.620000 -0.016650000  
21.630000 -0.017180000  
21.640000 -0.017720000  
21.650000 -0.018220000  
21.660000 -0.018660000  
21.670000 -0.019030000  
21.680000 -0.019310000  
21.690000 -0.019480000  
21.700000 -0.019520000  
21.710000 -0.019400000  
21.720000 -0.019110000  
21.730000 -0.018620000  
21.740000 -0.017810000  
21.750000 -0.015790000  
21.760000 -0.013590000  
21.770000 -0.011250000  
21.780000 -0.0088300000 
21.790000 -0.0063700000 
21.800000 -0.0039400000 
21.810000 -0.0015800000 
21.820000 0.00066000000 
21.830000 0.0027300000  
21.840000 0.0039200000  
21.850000 0.0044300000  
21.860000 0.0047200000  
21.870000 0.0048300000  
21.880000 0.0047600000  
21.890000 0.0045400000  
21.900000 0.0042000000  
21.910000 0.0037500000  
21.920000 0.0032200000  
21.930000 0.0026300000  
21.940000 0.0025600000  
21.950000 0.0024300000  
21.960000 0.0022300000  
21.970000 0.0019400000  
21.980000 0.0015500000  
21.990000 0.0010300000  
22.000000 0.00039000000 
22.010000 -0.00041000000
22.020000 -0.0013700000 
22.030000 -0.0029000000 
22.040000 -0.0052900000 
22.050000 -0.0078100000 
22.060000 -0.010390000  
22.070000 -0.012990000  
22.080000 -0.015550000  
22.090000 -0.018010000  
22.100000 -0.020330000  
22.110000 -0.022450000  
22.120000 -0.024320000  
22.130000 -0.025450000  
22.140000 -0.025950000  
22.150000 -0.026120000  
22.160000 -0.025940000  
22.170000 -0.025410000  
22.180000 -0.024510000  
22.190000 -0.023240000  
22.200000 -0.021600000  
22.210000 -0.019560000  
22.220000 -0.017140000  
22.230000 -0.013430000  
22.240000 -0.0091100000 
22.250000 -0.0044900000 
22.260000 0.00035000000 
22.270000 0.0053700000  
22.280000 0.010500000   
22.290000 0.015680000   
22.300000 0.020840000   
22.310000 0.025920000   
22.320000 0.030860000   
22.330000 0.034870000   
22.340000 0.038550000   
22.350000 0.041990000   
22.360000 0.045190000   
22.370000 0.048130000   
22.380000 0.050810000   
22.390000 0.053220000   
22.400000 0.055340000   
22.410000 0.057160000   
22.420000 0.058680000   
22.430000 0.059670000   
22.440000 0.060320000   
22.450000 0.060650000   
22.460000 0.060670000   
22.470000 0.060380000   
22.480000 0.059790000   
22.490000 0.058900000   
22.500000 0.057720000   
22.510000 0.056250000   
22.520000 0.054480000   
22.530000 0.052230000   
22.540000 0.049630000   
22.550000 0.046780000   
22.560000 0.043710000   
22.570000 0.040420000   
22.580000 0.036940000   
22.590000 0.033300000   
22.600000 0.029500000   
22.610000 0.025570000   
22.620000 0.021530000   
22.630000 0.017170000   
22.640000 0.012550000   
22.650000 0.0079200000  
22.660000 0.0033200000  
22.670000 -0.0012100000 
22.680000 -0.0056100000 
22.690000 -0.0098500000 
22.700000 -0.013880000  
22.710000 -0.017660000  
22.720000 -0.021140000  
22.730000 -0.023960000  
22.740000 -0.025550000  
22.750000 -0.026800000  
22.760000 -0.027710000  
22.770000 -0.028330000  
22.780000 -0.028650000  
22.790000 -0.028720000  
22.800000 -0.028550000  
22.810000 -0.028160000  
22.820000 -0.027570000  
22.830000 -0.026800000  
22.840000 -0.026100000  
22.850000 -0.025280000  
22.860000 -0.024320000  
22.870000 -0.023240000  
22.880000 -0.022040000  
22.890000 -0.020730000  
22.900000 -0.019330000  
22.910000 -0.017830000  
22.920000 -0.016250000  
22.930000 -0.014600000  
22.940000 -0.012960000  
22.950000 -0.011380000  
22.960000 -0.0097400000 
22.970000 -0.0080300000 
22.980000 -0.0062600000 
22.990000 -0.0044100000 
23.000000 0.0000000     
23.010000 0.0000000     
23.020000 0.0000000     
23.030000 0.0000000     
23.040000 0.0000000     
23.050000 0.0000000     
23.060000 0.0000000     
23.070000 0.0000000     
23.080000 0.0000000     
23.090000 0.0000000     
23.100000 0.0000000     
23.110000 0.0000000     
23.120000 0.0000000     
23.130000 0.0000000     
23.140000 0.0000000     
23.150000 0.0000000     
23.160000 0.0000000     
23.170000 0.0000000     
23.180000 0.0000000     
23.190000 0.0000000     
23.200000 0.0000000     
23.210000 0.0000000     
23.220000 0.0000000     
23.230000 0.0000000     
23.240000 0.0000000     
23.250000 0.0000000     
23.260000 0.0000000     
23.270000 0.0000000     
23.280000 0.0000000     
23.290000 0.0000000     
23.300000 0.0000000     
23.310000 0.0000000     
23.320000 0.0000000     
23.330000 0.0000000     
23.340000 0.0000000     
23.350000 0.0000000     
23.360000 0.0000000     
23.370000 0.0000000     
23.380000 0.0000000     
23.390000 0.0000000     
23.400000 0.0000000     
23.410000 0.0000000     
23.420000 0.0000000     
23.430000 0.0000000     
23.440000 0.0000000     
23.450000 0.0000000     
23.460000 0.0000000     
23.470000 0.0000000     
23.480000 0.0000000     
23.490000 0.0000000     
23.500000 0.0000000     
23.510000 0.0000000     
23.520000 0.0000000     
23.530000 0.0000000     
23.540000 0.0000000     
23.550000 0.0000000     
23.560000 0.0000000     
23.570000 0.0000000     
23.580000 0.0000000     
23.590000 0.0000000     
23.600000 0.0000000     
23.610000 0.0000000     
23.620000 0.0000000     
23.630000 0.0000000     
23.640000 0.0000000     
23.650000 0.0000000     
23.660000 0.0000000     
23.670000 0.0000000     
23.680000 0.0000000     
23.690000 0.0000000     
23.700000 0.0000000     
23.710000 0.0000000     
23.720000 0.0000000     
23.730000 0.0000000     
23.740000 0.0000000     
23.750000 0.0000000     
23.760000 0.0000000     
23.770000 0.0000000     
23.780000 0.0000000     
23.790000 0.0000000     
23.800000 0.0000000     
23.810000 0.0000000     
23.820000 0.0000000     
23.830000 0.0000000     
23.840000 0.0000000     
23.850000 0.0000000     
23.860000 0.0000000     
23.870000 0.0000000     
23.880000 0.0000000     
23.890000 0.0000000     
23.900000 0.0000000     
23.910000 0.0000000     
23.920000 0.0000000     
23.930000 0.0000000     
23.940000 0.0000000     
23.950000 0.0000000     
23.960000 0.0000000     
23.970000 0.0000000     
23.980000 0.0000000     
23.990000 0.0000000     
24.000000 0.0000000     
24.010000 0.0000000     
24.020000 0.0000000     
24.030000 0.0000000     
24.040000 0.0000000     
24.050000 0.0000000     
24.060000 0.0000000     
24.070000 0.0000000     
24.080000 0.0000000     
24.090000 0.0000000     
24.100000 0.0000000     
24.110000 0.0000000     
24.120000 0.0000000     
24.130000 0.0000000     
24.140000 0.0000000     
24.150000 0.0000000     
24.160000 0.0000000     
24.170000 0.0000000     
24.180000 0.0000000     
24.190000 0.0000000     
24.200000 0.0000000     
24.210000 0.0000000     
24.220000 0.0000000     
24.230000 0.0000000     
24.240000 0.0000000     
24.250000 0.0000000     
24.260000 0.0000000     
24.270000 0.0000000     
24.280000 0.0000000     
24.290000 0.0000000     
24.300000 0.0000000     
24.310000 0.0000000     
24.320000 0.0000000     
24.330000 0.0000000     
24.340000 0.0000000     
24.350000 0.0000000     
24.360000 0.0000000     
24.370000 0.0000000     
24.380000 0.0000000     
24.390000 0.0000000     
24.400000 0.0000000     
24.410000 0.0000000     
24.420000 0.0000000     
24.430000 0.0000000     
24.440000 0.0000000     
24.450000 0.0000000     
24.460000 0.0000000     
24.470000 0.0000000     
24.480000 0.0000000     
24.490000 0.0000000     
24.500000 0.0000000     
24.510000 0.0000000     
24.520000 0.0000000     
24.530000 0.0000000     
24.540000 0.0000000     
24.550000 0.0000000     
24.560000 0.0000000     
24.570000 0.0000000     
24.580000 0.0000000     
24.590000 0.0000000     
24.600000 0.0000000     
24.610000 0.0000000     
24.620000 0.0000000     
24.630000 0.0000000     
24.640000 0.0000000     
24.650000 0.0000000     
24.660000 0.0000000     
24.670000 0.0000000     
24.680000 0.0000000     
24.690000 0.0000000     
24.700000 0.0000000     
24.710000 0.0000000     
24.720000 0.0000000     
24.730000 0.0000000     
24.740000 0.0000000     
24.750000 0.0000000     
24.760000 0.0000000     
24.770000 0.0000000     
24.780000 0.0000000     
24.790000 0.0000000     
24.800000 0.0000000     
24.810000 0.0000000     
24.820000 0.0000000     
24.830000 0.0000000     
24.840000 0.0000000     
24.850000 0.0000000     
24.860000 0.0000000     
24.870000 0.0000000     
24.880000 0.0000000     
24.890000 0.0000000     
24.900000 0.0000000     
24.910000 0.0000000     
24.920000 0.0000000     
24.930000 0.0000000     
24.940000 0.0000000     
24.950000 0.0000000     
24.960000 0.0000000     
24.970000 0.0000000     
24.980000 0.0000000     
24.990000 0.0000000     
25.000000 0.0000000     
25.010000 0.0000000     
25.020000 0.0000000     
25.030000 0.0000000     
25.040000 0.0000000     
25.050000 0.0000000     
25.060000 0.0000000     
25.070000 0.0000000     
25.080000 0.0000000     
25.090000 0.0000000     
25.100000 0.0000000     
25.110000 0.0000000     
25.120000 0.0000000     
25.130000 0.0000000     
25.140000 0.0000000     
25.150000 0.0000000     
25.160000 0.0000000     
25.170000 0.0000000     
25.180000 0.0000000     
25.190000 0.0000000     
25.200000 0.0000000     
25.210000 0.0000000     
25.220000 0.0000000     
25.230000 0.0000000     
25.240000 0.0000000     
25.250000 0.0000000     
25.260000 0.0000000     
25.270000 0.0000000     
25.280000 0.0000000     
25.290000 0.0000000     
25.300000 0.0000000     
25.310000 0.0000000     
25.320000 0.0000000     
25.330000 0.0000000     
25.340000 0.0000000     
25.350000 0.0000000     
25.360000 0.0000000     
25.370000 0.0000000     
25.380000 0.0000000     
25.390000 0.0000000     
25.400000 0.0000000     
25.410000 0.0000000     
25.420000 0.0000000     
25.430000 0.0000000     
25.440000 0.0000000     
25.450000 0.0000000     
25.460000 0.0000000     
25.470000 0.0000000     
25.480000 0.0000000     
25.490000 0.0000000     
25.500000 0.0000000     
25.510000 0.0000000     
25.520000 0.0000000     
25.530000 0.0000000     
25.540000 0.0000000     
25.550000 0.0000000     
25.560000 0.0000000     
25.570000 0.0000000     
25.580000 0.0000000     
25.590000 0.0000000     
25.600000 0.0000000     
25.610000 0.0000000     
25.620000 0.0000000     
25.630000 0.0000000     
25.640000 0.0000000     
25.650000 0.0000000     
25.660000 0.0000000     
25.670000 0.0000000     
25.680000 0.0000000     
25.690000 0.0000000     
25.700000 0.0000000     
25.710000 0.0000000     
25.720000 0.0000000     
25.730000 0.0000000     
25.740000 0.0000000     
25.750000 0.0000000     
25.760000 0.0000000     
25.770000 0.0000000     
25.780000 0.0000000     
25.790000 0.0000000     
25.800000 0.0000000     
25.810000 0.0000000     
25.820000 0.0000000     
25.830000 0.0000000     
25.840000 0.0000000     
25.850000 0.0000000     
25.860000 0.0000000     
25.870000 0.0000000     
25.880000 0.0000000     
25.890000 0.0000000     
25.900000 0.0000000     
25.910000 0.0000000     
25.920000 0.0000000     
25.930000 0.0000000     
25.940000 0.0000000     
25.950000 0.0000000     
25.960000 0.0000000     
25.970000 0.0000000     
25.980000 0.0000000     
25.990000 0.0000000     
26.000000 0.0000000     
26.010000 0.0000000     
26.020000 0.0000000     
26.030000 0.0000000     
26.040000 0.0000000     
26.050000 0.0000000     
26.060000 0.0000000     
26.070000 0.0000000     
26.080000 0.0000000     
26.090000 0.0000000     
26.100000 0.0000000     
26.110000 0.0000000     
26.120000 0.0000000     
26.130000 0.0000000     
26.140000 0.0000000     
26.150000 0.0000000     
26.160000 0.0000000     
26.170000 0.0000000     
26.180000 0.0000000     
26.190000 0.0000000     
26.200000 0.0000000     
26.210000 0.0000000     
26.220000 0.0000000     
26.230000 0.0000000     
26.240000 0.0000000     
26.250000 0.0000000     
26.260000 0.0000000     
26.270000 0.0000000     
26.280000 0.0000000     
26.290000 0.0000000     
26.300000 0.0000000     
26.310000 0.0000000     
26.320000 0.0000000     
26.330000 0.0000000     
26.340000 0.0000000     
26.350000 0.0000000     
26.360000 0.0000000     
26.370000 0.0000000     
26.380000 0.0000000     
26.390000 0.0000000     
26.400000 0.0000000     
26.410000 0.0000000     
26.420000 0.0000000     
26.430000 0.0000000     
26.440000 0.0000000     
26.450000 0.0000000     
26.460000 0.0000000     
26.470000 0.0000000     
26.480000 0.0000000     
26.490000 0.0000000     
26.500000 0.0000000     
26.510000 0.0000000     
26.520000 0.0000000     
26.530000 0.0000000     
26.540000 0.0000000     
26.550000 0.0000000     
26.560000 0.0000000     
26.570000 0.0000000     
26.580000 0.0000000     
26.590000 0.0000000     
26.600000 0.0000000     
26.610000 0.0000000     
26.620000 0.0000000     
26.630000 0.0000000     
26.640000 0.0000000     
26.650000 0.0000000     
26.660000 0.0000000     
26.670000 0.0000000     
26.680000 0.0000000     
26.690000 0.0000000     
26.700000 0.0000000     
26.710000 0.0000000     
26.720000 0.0000000     
26.730000 0.0000000     
26.740000 0.0000000     
26.750000 0.0000000     
26.760000 0.0000000     
26.770000 0.0000000     
26.780000 0.0000000     
26.790000 0.0000000     
26.800000 0.0000000     
26.810000 0.0000000     
26.820000 0.0000000     
26.830000 0.0000000     
26.840000 0.0000000     
26.850000 0.0000000     
26.860000 0.0000000     
26.870000 0.0000000     
26.880000 0.0000000     
26.890000 0.0000000     
26.900000 0.0000000     
26.910000 0.0000000     
26.920000 0.0000000     
26.930000 0.0000000     
26.940000 0.0000000     
26.950000 0.0000000     
26.960000 0.0000000     
26.970000 0.0000000     
26.980000 0.0000000     
26.990000 0.0000000     
27.000000 0.0000000     
27.010000 0.0000000     
27.020000 0.0000000     
27.030000 0.0000000     
27.040000 0.0000000     
27.050000 0.0000000     
27.060000 0.0000000     
27.070000 0.0000000     
27.080000 0.0000000     
27.090000 0.0000000     
27.100000 0.0000000     
27.110000 0.0000000     
27.120000 0.0000000     
27.130000 0.0000000     
27.140000 0.0000000     
27.150000 0.0000000     
27.160000 0.0000000     
27.170000 0.0000000     
27.180000 0.0000000     
27.190000 0.0000000     
27.200000 0.0000000     
27.210000 0.0000000     
27.220000 0.0000000     
27.230000 0.0000000     
27.240000 0.0000000     
27.250000 0.0000000     
27.260000 0.0000000     
27.270000 0.0000000     
27.280000 0.0000000     
27.290000 0.0000000     
27.300000 0.0000000     
