# WAVE    T            
1.4300000 0.0000000    
1.4400000 0.0000000    
1.4500000 0.0000000    
1.4600000 0.0000000    
1.4700000 0.0000000    
1.4800000 0.0000000    
1.4900000 0.0000000    
1.5000000 0.0000000    
1.5100000 0.0000000    
1.5200000 0.0000000    
1.5300000 0.0000000    
1.5400000 0.0000000    
1.5500000 0.0000000    
1.5600000 0.0000000    
1.5700000 0.0000000    
1.5800000 0.0000000    
1.5900000 0.0000000    
1.6000000 0.0000000    
1.6100000 0.0000000    
1.6200000 0.0000000    
1.6300000 0.0000000    
1.6400000 0.0000000    
1.6500000 0.0000000    
1.6600000 0.0000000    
1.6700000 0.0000000    
1.6800000 -0.45700000  
1.6900000 -0.14200000  
1.7000000 0.27700000   
1.7100000 -0.26700000  
1.7200000 0.36000000   
1.7300000 0.079000000  
1.7400000 0.0090000000 
1.7500000 0.43100000   
1.7600000 -0.13900000  
1.7700000 0.22800000   
1.7800000 -0.017000000 
1.7900000 0.10600000   
1.8000000 -0.17400000  
1.8100000 0.21600000   
1.8200000 -0.010000000 
1.8300000 -0.010000000 
1.8400000 -0.044000000 
1.8500000 0.15100000   
1.8600000 0.0050000000 
1.8700000 0.10200000   
1.8800000 -0.047000000 
1.8900000 0.085000000  
1.9000000 -0.17100000  
1.9100000 -0.022000000 
1.9200000 0.13000000   
1.9300000 0.074000000  
1.9400000 0.24200000   
1.9500000 -0.11800000  
1.9600000 0.30500000   
1.9700000 -0.027000000 
1.9800000 0.058000000  
1.9900000 0.24400000   
2.0000000 0.11100000   
2.0100000 0.22000000   
2.0200000 -0.063000000 
2.0300000 -0.0090000000
2.0400000 -0.26700000  
2.0500000 0.018000000  
2.0600000 -0.033000000 
2.0700000 -0.011000000 
2.0800000 -0.017000000 
2.0900000 0.10800000   
2.1000000 0.21800000   
2.1100000 -0.098000000 
2.1200000 0.0080000000 
2.1300000 -0.10900000  
2.1400000 0.14600000   
2.1500000 -0.013000000 
2.1600000 0.10200000   
2.1700000 -0.013000000 
2.1800000 -0.017000000 
2.1900000 -0.063000000 
2.2000000 0.087000000  
2.2100000 0.033000000  
2.2200000 0.028000000  
2.2300000 -0.023000000 
2.2400000 0.076000000  
2.2500000 0.019000000  
2.2600000 0.047000000  
2.2700000 0.025000000  
2.2800000 0.024000000  
2.2900000 -0.019000000 
2.3000000 0.038000000  
2.3100000 -0.062000000 
2.3200000 -0.053000000 
2.3300000 -0.0020000000
2.3400000 -0.0030000000
2.3500000 -0.019000000 
2.3600000 -0.0020000000
2.3700000 -0.044000000 
2.3800000 -0.013000000 
2.3900000 0.0020000000 
2.4000000 0.033000000  
2.4100000 -0.0040000000
2.4200000 -0.022000000 
2.4300000 -0.0030000000
2.4400000 0.081000000  
2.4500000 0.017000000  
2.4600000 0.051000000  
2.4700000 -0.0060000000
2.4800000 0.0020000000 
2.4900000 -0.012000000 
2.5000000 -0.058000000 
2.5100000 0.13500000   
2.5200000 0.018000000  
2.5300000 0.0080000000 
2.5400000 0.041000000  
2.5500000 0.014000000  
2.5600000 0.0090000000 
2.5700000 0.043000000  
2.5800000 0.018000000  
2.5900000 -0.085000000 
2.6000000 0.071000000  
2.6100000 0.032000000  
2.6200000 0.069000000  
2.6300000 0.031000000  
2.6400000 0.025000000  
2.6500000 -0.017000000 
2.6600000 -0.027000000 
2.6700000 -0.083000000 
2.6800000 -0.018000000 
2.6900000 0.081000000  
2.7000000 -0.089000000 
2.7100000 0.010000000  
2.7200000 0.048000000  
2.7300000 0.043000000  
2.7400000 -0.012000000 
2.7500000 -0.024000000 
2.7600000 0.060000000  
2.7700000 0.059000000  
2.7800000 0.034000000  
2.7900000 -0.0050000000
2.8000000 0.030000000  
2.8100000 0.025000000  
2.8200000 0.0090000000 
2.8300000 0.013000000  
2.8400000 -0.011000000 
2.8500000 0.034000000  
2.8600000 0.028000000  
2.8700000 0.0090000000 
2.8800000 0.027000000  
2.8900000 -0.0080000000
2.9000000 -0.016000000 
2.9100000 0.0020000000 
2.9200000 -0.0030000000
2.9300000 0.041000000  
2.9400000 -0.031000000 
2.9500000 0.0010000000 
2.9600000 0.063000000  
2.9700000 0.028000000  
2.9800000 0.010000000  
2.9900000 -0.019000000 
3.0000000 -0.0080000000
3.0100000 0.020000000  
3.0200000 -0.0090000000
3.0300000 0.017000000  
3.0400000 0.017000000  
3.0500000 0.0050000000 
3.0600000 0.014000000  
3.0700000 -0.0030000000
3.0800000 0.017000000  
3.0900000 -0.0030000000
3.1000000 0.025000000  
3.1100000 0.0030000000 
3.1200000 0.0090000000 
3.1300000 0.0020000000 
3.1400000 0.043000000  
3.1500000 0.0010000000 
3.1600000 -0.015000000 
3.1700000 0.025000000  
3.1800000 0.024000000  
3.1900000 0.012000000  
3.2000000 0.035000000  
3.2100000 0.014000000  
3.2200000 0.024000000  
3.2300000 0.029000000  
3.2400000 0.0090000000 
3.2500000 0.038000000  
3.2600000 0.0020000000 
3.2700000 0.016000000  
3.2800000 0.038000000  
3.2900000 0.0070000000 
3.3000000 -0.020000000 
3.3100000 0.011000000  
3.3200000 0.031000000  
3.3300000 0.022000000  
3.3400000 0.0020000000 
3.3500000 -0.012000000 
3.3600000 0.0020000000 
3.3700000 -0.0060000000
3.3800000 -0.0020000000
3.3900000 0.0040000000 
3.4000000 -0.0050000000
3.4100000 -0.010000000 
3.4200000 0.012000000  
3.4300000 0.0060000000 
3.4400000 -0.010000000 
3.4500000 0.019000000  
3.4600000 -0.0050000000
3.4700000 0.023000000  
3.4800000 0.018000000  
3.4900000 -0.0020000000
3.5000000 -0.0080000000
3.5100000 0.014000000  
3.5200000 0.011000000  
3.5300000 -0.0080000000
3.5400000 0.0050000000 
3.5500000 -0.0070000000
3.5600000 0.016000000  
3.5700000 0.0020000000 
3.5800000 0.0060000000 
3.5900000 -0.0080000000
3.6000000 0.011000000  
3.6100000 0.0090000000 
3.6200000 0.0060000000 
3.6300000 0.012000000  
3.6400000 0.0000000    
3.6500000 0.0000000    
3.6600000 0.017000000  
3.6700000 0.034000000  
3.6800000 0.030000000  
3.6900000 0.017000000  
3.7000000 0.016000000  
3.7100000 -0.0060000000
3.7200000 -0.0020000000
3.7300000 -0.0040000000
3.7400000 0.011000000  
3.7500000 -0.0010000000
3.7600000 0.0080000000 
3.7700000 0.0010000000 
3.7800000 0.0090000000 
3.7900000 -0.0030000000
3.8000000 0.0050000000 
3.8100000 0.0030000000 
3.8200000 -0.0030000000
3.8300000 0.012000000  
3.8400000 0.0060000000 
3.8500000 -0.0060000000
3.8600000 0.0090000000 
3.8700000 0.010000000  
3.8800000 0.0010000000 
3.8900000 0.010000000  
3.9000000 -0.0030000000
3.9100000 0.0040000000 
3.9200000 0.0070000000 
3.9300000 0.0090000000 
3.9400000 0.0050000000 
3.9500000 0.0020000000 
3.9600000 -0.012000000 
3.9700000 -0.0040000000
3.9800000 0.0040000000 
3.9900000 0.0050000000 
4.0000000 0.015000000  
4.0100000 0.0020000000 
4.0200000 0.010000000  
4.0300000 0.013000000  
4.0400000 -0.0020000000
4.0500000 0.0050000000 
4.0600000 0.0000000    
4.0700000 0.016000000  
4.0800000 -0.0020000000
4.0900000 0.0000000    
4.1000000 0.0000000    
4.1100000 -0.022000000 
4.1200000 0.0060000000 
4.1300000 0.0030000000 
4.1400000 0.0030000000 
4.1500000 -0.0020000000
4.1600000 0.0010000000 
4.1700000 0.013000000  
4.1800000 0.0030000000 
4.1900000 0.0070000000 
4.2000000 0.0090000000 
4.2100000 0.015000000  
4.2200000 -0.0060000000
4.2300000 0.0040000000 
4.2400000 0.0060000000 
4.2500000 -0.0090000000
4.2600000 0.0030000000 
4.2700000 0.0090000000 
4.2800000 -0.0070000000
4.2900000 0.0070000000 
4.3000000 -0.016000000 
4.3100000 0.012000000  
4.3200000 -0.0030000000
4.3300000 0.0060000000 
4.3400000 0.0010000000 
4.3500000 0.0050000000 
4.3600000 0.0070000000 
4.3700000 -0.0070000000
4.3800000 0.0090000000 
4.3900000 0.0040000000 
4.4000000 0.0020000000 
4.4100000 0.015000000  
4.4200000 -0.0010000000
4.4300000 -0.010000000 
4.4400000 -0.0010000000
4.4500000 -0.0060000000
4.4600000 0.0070000000 
4.4700000 -0.028000000 
4.4800000 -0.10800000  
4.4900000 0.098000000  
4.5000000 -0.011000000 
4.5100000 0.019000000  
4.5200000 0.074000000  
4.5300000 0.012000000  
4.5400000 0.0030000000 
4.5500000 0.014000000  
4.5600000 0.0060000000 
4.5700000 0.020000000  
4.5800000 0.024000000  
4.5900000 0.020000000  
4.6000000 0.0080000000 
4.6100000 -0.0030000000
4.6200000 0.014000000  
4.6300000 0.027000000  
4.6400000 0.0060000000 
4.6500000 0.0040000000 
4.6600000 -0.0020000000
4.6700000 0.0010000000 
4.6800000 0.0010000000 
4.6900000 0.013000000  
4.7000000 -0.0010000000
4.7100000 0.010000000  
4.7200000 0.0050000000 
4.7300000 0.0010000000 
4.7400000 -0.026000000 
4.7500000 0.0040000000 
4.7600000 0.0070000000 
4.7700000 0.0040000000 
4.7800000 -0.010000000 
4.7900000 0.021000000  
4.8000000 -0.0020000000
4.8100000 0.0080000000 
4.8200000 0.0050000000 
4.8300000 -0.0050000000
4.8400000 0.013000000  
4.8500000 0.016000000  
4.8600000 0.021000000  
4.8700000 0.014000000  
4.8800000 0.012000000  
4.8900000 0.0020000000 
4.9000000 -0.0010000000
4.9100000 -0.0050000000
4.9200000 0.024000000  
4.9300000 0.0050000000 
4.9400000 0.015000000  
4.9500000 -0.0080000000
4.9600000 0.0050000000 
4.9700000 0.0070000000 
4.9800000 0.030000000  
4.9900000 0.022000000  
5.0000000 0.0050000000 
5.0100000 0.019000000  
5.0200000 0.012000000  
5.0300000 0.027000000  
5.0400000 0.036000000  
5.0500000 0.014000000  
5.0600000 0.0020000000 
5.0700000 0.014000000  
5.0800000 0.027000000  
5.0900000 0.019000000  
5.1000000 0.0080000000 
5.1100000 -0.014000000 
5.1200000 0.0000000    
5.1300000 0.011000000  
5.1400000 0.011000000  
5.1500000 -0.0040000000
5.1600000 -0.0070000000
5.1700000 0.0050000000 
5.1800000 0.0030000000 
5.1900000 0.0070000000 
5.2000000 0.0050000000 
5.2100000 0.0070000000 
5.2200000 0.0020000000 
5.2300000 -0.010000000 
5.2400000 0.0060000000 
5.2500000 0.0030000000 
5.2600000 -0.0060000000
5.2700000 0.034000000  
5.2800000 0.023000000  
5.2900000 0.040000000  
5.3000000 0.056000000  
5.3100000 0.038000000  
5.3200000 0.010000000  
5.3300000 0.014000000  
5.3400000 0.011000000  
5.3500000 0.020000000  
5.3600000 0.027000000  
5.3700000 0.022000000  
5.3800000 0.013000000  
5.3900000 0.014000000  
5.4000000 0.011000000  
5.4100000 0.015000000  
5.4200000 0.010000000  
5.4300000 -0.0050000000
5.4400000 -0.011000000 
5.4500000 0.020000000  
5.4600000 0.025000000  
5.4700000 0.012000000  
5.4800000 0.013000000  
5.4900000 0.0060000000 
5.5000000 0.011000000  
5.5100000 0.016000000  
5.5200000 0.023000000  
5.5300000 0.021000000  
5.5400000 0.011000000  
5.5500000 0.013000000  
5.5600000 0.020000000  
5.5700000 0.0020000000 
5.5800000 0.0060000000 
5.5900000 0.010000000  
5.6000000 -0.0050000000
5.6100000 -0.0010000000
5.6200000 -0.0040000000
5.6300000 0.0060000000 
5.6400000 -0.013000000 
5.6500000 -0.0050000000
5.6600000 0.014000000  
5.6700000 0.0000000    
5.6800000 0.0080000000 
5.6900000 -0.0050000000
5.7000000 0.0080000000 
5.7100000 0.038000000  
5.7200000 0.038000000  
5.7300000 0.019000000  
5.7400000 -0.011000000 
5.7500000 0.0070000000 
5.7600000 0.019000000  
5.7700000 0.021000000  
5.7800000 0.027000000  
5.7900000 0.012000000  
5.8000000 -0.0070000000
5.8100000 -0.0050000000
5.8200000 0.0000000    
5.8300000 -0.027000000 
5.8400000 -0.0050000000
5.8500000 -0.0070000000
5.8600000 0.0040000000 
5.8700000 0.015000000  
5.8800000 0.017000000  
5.8900000 0.029000000  
5.9000000 0.013000000  
5.9100000 -0.0090000000
5.9200000 -0.012000000 
5.9300000 0.0030000000 
5.9400000 0.018000000  
5.9500000 0.011000000  
5.9600000 0.0060000000 
5.9700000 -0.0090000000
5.9800000 -0.0010000000
5.9900000 -0.0070000000
6.0000000 -0.0010000000
6.0100000 -0.028000000 
6.0200000 -0.055000000 
6.0300000 -0.040000000 
6.0400000 -0.022000000 
6.0500000 -0.0010000000
6.0600000 0.027000000  
6.0700000 0.024000000  
6.0800000 -0.0010000000
6.0900000 -0.0020000000
6.1000000 0.0070000000 
6.1100000 0.014000000  
6.1200000 0.015000000  
6.1300000 -0.026000000 
6.1400000 -0.036000000 
6.1500000 -0.0060000000
6.1600000 0.0010000000 
6.1700000 0.0090000000 
6.1800000 0.040000000  
6.1900000 0.030000000  
6.2000000 0.014000000  
6.2100000 -0.017000000 
6.2200000 -0.026000000 
6.2300000 0.017000000  
6.2400000 0.020000000  
6.2500000 0.0020000000 
6.2600000 0.0090000000 
6.2700000 0.0040000000 
6.2800000 0.0000000    
6.2900000 0.0040000000 
6.3000000 0.018000000  
6.3100000 -0.0080000000
6.3200000 -0.0070000000
6.3300000 0.0040000000 
6.3400000 0.0040000000 
6.3500000 -0.0020000000
6.3600000 -0.013000000 
6.3700000 -0.0080000000
6.3800000 -0.0080000000
6.3900000 -0.0010000000
6.4000000 0.023000000  
6.4100000 0.035000000  
6.4200000 0.028000000  
6.4300000 0.013000000  
6.4400000 -0.0090000000
6.4500000 -0.028000000 
6.4600000 -0.023000000 
6.4700000 0.013000000  
6.4800000 0.019000000  
6.4900000 0.017000000  
6.5000000 0.0080000000 
6.5100000 0.0060000000 
6.5200000 0.0040000000 
6.5300000 -0.0050000000
6.5400000 -0.0010000000
6.5500000 0.0020000000 
6.5600000 0.011000000  
6.5700000 0.0050000000 
6.5800000 -0.0050000000
6.5900000 0.010000000  
6.6000000 0.015000000  
6.6100000 0.012000000  
6.6200000 0.027000000  
6.6300000 0.024000000  
6.6400000 0.011000000  
6.6500000 -0.0030000000
6.6600000 -0.0010000000
6.6700000 0.0070000000 
6.6800000 -0.0030000000
6.6900000 0.010000000  
6.7000000 0.016000000  
6.7100000 -0.0040000000
6.7200000 -0.022000000 
6.7300000 -0.0080000000
6.7400000 0.021000000  
6.7500000 0.013000000  
6.7600000 0.0000000    
6.7700000 -0.0080000000
6.7800000 -0.0060000000
6.7900000 -0.010000000 
6.8000000 -0.0090000000
6.8100000 0.0060000000 
6.8200000 -0.0060000000
6.8300000 0.0040000000 
6.8400000 0.050000000  
6.8500000 0.040000000  
6.8600000 0.028000000  
6.8700000 0.053000000  
6.8800000 0.069000000  
6.8900000 0.049000000  
6.9000000 0.011000000  
6.9100000 -0.019000000 
6.9200000 -0.0080000000
6.9300000 0.020000000  
6.9400000 0.0020000000 
6.9500000 -0.0050000000
6.9600000 0.011000000  
6.9700000 0.028000000  
6.9800000 0.026000000  
6.9900000 0.024000000  
7.0000000 0.024000000  
7.0100000 0.020000000  
7.0200000 0.023000000  
7.0300000 0.014000000  
7.0400000 -0.0010000000
7.0500000 -0.0030000000
7.0600000 -0.0040000000
7.0700000 0.015000000  
7.0800000 0.047000000  
7.0900000 0.051000000  
7.1000000 0.047000000  
7.1100000 0.037000000  
7.1200000 0.022000000  
7.1300000 0.025000000  
7.1400000 0.029000000  
7.1500000 0.017000000  
7.1600000 -0.0060000000
7.1700000 -0.0060000000
7.1800000 0.0090000000 
7.1900000 0.018000000  
7.2000000 0.021000000  
7.2100000 0.012000000  
7.2200000 0.0020000000 
7.2300000 -0.0020000000
7.2400000 -0.010000000 
7.2500000 0.0000000    
7.2600000 0.018000000  
7.2700000 0.020000000  
7.2800000 0.020000000  
7.2900000 0.025000000  
7.3000000 0.023000000  
7.3100000 0.021000000  
7.3200000 0.023000000  
7.3300000 0.021000000  
7.3400000 0.0090000000 
7.3500000 0.0000000    
7.3600000 0.0010000000 
7.3700000 0.0000000    
7.3800000 -0.0070000000
7.3900000 -0.0060000000
7.4000000 0.010000000  
7.4100000 0.022000000  
7.4200000 0.021000000  
7.4300000 0.014000000  
7.4400000 0.010000000  
7.4500000 0.011000000  
7.4600000 0.0080000000 
7.4700000 0.0080000000 
7.4800000 0.011000000  
7.4900000 0.013000000  
7.5000000 0.016000000  
7.5100000 0.019000000  
7.5200000 0.028000000  
7.5300000 0.037000000  
7.5400000 0.033000000  
7.5500000 0.023000000  
7.5600000 0.016000000  
7.5700000 0.014000000  
7.5800000 0.023000000  
7.5900000 0.027000000  
7.6000000 0.021000000  
7.6100000 0.022000000  
7.6200000 0.025000000  
7.6300000 0.021000000  
7.6400000 0.013000000  
7.6500000 0.0010000000 
7.6600000 -0.0060000000
7.6700000 -0.0040000000
7.6800000 -0.0020000000
7.6900000 -0.0030000000
7.7000000 0.0040000000 
7.7100000 0.0080000000 
7.7200000 -0.0010000000
7.7300000 -0.013000000 
7.7400000 -0.019000000 
7.7500000 -0.014000000 
7.7600000 -0.0010000000
7.7700000 0.013000000  
7.7800000 0.021000000  
7.7900000 0.015000000  
7.8000000 -0.0030000000
7.8100000 -0.0090000000
7.8200000 0.0010000000 
7.8300000 0.0070000000 
7.8400000 0.0060000000 
7.8500000 0.0040000000 
7.8600000 -0.0010000000
7.8700000 -0.010000000 
7.8800000 -0.018000000 
7.8900000 -0.019000000 
7.9000000 -0.0080000000
7.9100000 0.0060000000 
7.9200000 0.010000000  
7.9300000 0.0040000000 
7.9400000 -0.0050000000
7.9500000 -0.010000000 
7.9600000 -0.0090000000
7.9700000 -0.0060000000
7.9800000 -0.0050000000
7.9900000 -0.0070000000
8.0000000 -0.0090000000
8.0100000 -0.0080000000
8.0200000 -0.0060000000
8.0300000 -0.0060000000
8.0400000 -0.0080000000
8.0500000 -0.0080000000
8.0600000 -0.0050000000
8.0700000 0.0000000    
8.0800000 0.0030000000 
8.0900000 0.0010000000 
8.1000000 0.0010000000 
8.1100000 0.0090000000 
8.1200000 0.017000000  
8.1300000 0.010000000  
8.1400000 -0.0030000000
8.1500000 -0.0060000000
8.1600000 -0.0030000000
8.1700000 -0.0010000000
8.1800000 0.0050000000 
8.1900000 0.016000000  
8.2000000 0.024000000  
8.2100000 0.021000000  
8.2200000 0.015000000  
8.2300000 0.011000000  
8.2400000 0.012000000  
8.2500000 0.015000000  
8.2600000 0.018000000  
8.2700000 0.017000000  
8.2800000 0.015000000  
8.2900000 0.016000000  
8.3000000 0.016000000  
8.3100000 0.014000000  
8.3200000 0.012000000  
8.3300000 0.012000000  
8.3400000 0.010000000  
8.3500000 0.0060000000 
8.3600000 0.0020000000 
8.3700000 0.0030000000 
8.3800000 0.0070000000 
8.3900000 0.012000000  
8.4000000 0.014000000  
8.4100000 0.012000000  
8.4200000 0.0090000000 
8.4300000 0.0060000000 
8.4400000 0.0040000000 
8.4500000 0.0030000000 
8.4600000 0.0080000000 
8.4700000 0.015000000  
8.4800000 0.019000000  
8.4900000 0.017000000  
8.5000000 0.010000000  
8.5100000 0.0020000000 
8.5200000 -0.0010000000
8.5300000 0.0070000000 
8.5400000 0.018000000  
8.5500000 0.023000000  
8.5600000 0.020000000  
8.5700000 0.012000000  
8.5800000 0.0030000000 
8.5900000 -0.0070000000
8.6000000 -0.012000000 
8.6100000 -0.011000000 
8.6200000 -0.0070000000
8.6300000 -0.0030000000
8.6400000 -0.0040000000
8.6500000 -0.0070000000
8.6600000 -0.0090000000
8.6700000 -0.0060000000
8.6800000 0.0020000000 
8.6900000 0.0080000000 
8.7000000 0.0070000000 
8.7100000 -0.0020000000
8.7200000 -0.010000000 
8.7300000 -0.013000000 
8.7400000 -0.014000000 
8.7500000 -0.014000000 
8.7600000 -0.010000000 
8.7700000 -0.0050000000
8.7800000 -0.0030000000
8.7900000 -0.0030000000
8.8000000 -0.0030000000
8.8100000 -0.0030000000
8.8200000 -0.0050000000
8.8300000 -0.010000000 
8.8400000 -0.011000000 
8.8500000 -0.0070000000
8.8600000 -0.0020000000
8.8700000 -0.0040000000
8.8800000 -0.010000000 
8.8900000 -0.013000000 
8.9000000 -0.010000000 
8.9100000 -0.0060000000
8.9200000 -0.0040000000
8.9300000 -0.0040000000
8.9400000 -0.0060000000
8.9500000 -0.0080000000
8.9600000 -0.010000000 
8.9700000 -0.012000000 
8.9800000 -0.012000000 
8.9900000 -0.011000000 
9.0000000 -0.011000000 
9.0100000 -0.011000000 
9.0200000 -0.010000000 
9.0300000 -0.0070000000
9.0400000 -0.0020000000
9.0500000 0.0020000000 
9.0600000 0.0040000000 
9.0700000 0.0030000000 
9.0800000 0.0010000000 
9.0900000 0.0010000000 
9.1000000 0.0020000000 
9.1100000 0.0030000000 
9.1200000 0.0060000000 
9.1300000 0.010000000  
9.1400000 0.0090000000 
9.1500000 0.0010000000 
9.1600000 -0.0060000000
9.1700000 -0.0050000000
9.1800000 0.0060000000 
9.1900000 0.019000000  
9.2000000 0.024000000  
9.2100000 0.019000000  
9.2200000 0.011000000  
9.2300000 0.0060000000 
9.2400000 0.0050000000 
9.2500000 0.0080000000 
9.2600000 0.010000000  
9.2700000 0.010000000  
9.2800000 0.0080000000 
9.2900000 0.0090000000 
9.3000000 0.010000000  
9.3100000 0.0090000000 
9.3200000 0.0060000000 
9.3300000 0.0020000000 
9.3400000 0.0000000    
9.3500000 -0.0010000000
9.3600000 -0.0010000000
9.3700000 -0.0010000000
9.3800000 0.0010000000 
9.3900000 0.0030000000 
9.4000000 0.0050000000 
9.4100000 0.0060000000 
9.4200000 0.0050000000 
9.4300000 0.0040000000 
9.4400000 0.0050000000 
9.4500000 0.010000000  
9.4600000 0.016000000  
9.4700000 0.020000000  
9.4800000 0.020000000  
9.4900000 0.018000000  
9.5000000 0.014000000  
9.5100000 0.011000000  
9.5200000 0.0090000000 
9.5300000 0.0080000000 
9.5400000 0.0080000000 
9.5500000 0.0090000000 
9.5600000 0.0080000000 
9.5700000 0.0080000000 
9.5800000 0.0060000000 
9.5900000 0.0040000000 
9.6000000 0.0000000    
9.6100000 -0.0030000000
9.6200000 -0.0020000000
9.6300000 0.0050000000 
9.6400000 0.016000000  
9.6500000 0.025000000  
9.6600000 0.028000000  
9.6700000 0.022000000  
9.6800000 0.010000000  
9.6900000 0.0010000000 
9.7000000 0.0000000    
9.7100000 0.0040000000 
9.7200000 0.0090000000 
9.7300000 0.013000000  
9.7400000 0.015000000  
9.7500000 0.017000000  
9.7600000 0.020000000  
9.7700000 0.021000000  
9.7800000 0.020000000  
9.7900000 0.019000000  
9.8000000 0.018000000  
9.8100000 0.018000000  
9.8200000 0.018000000  
9.8300000 0.015000000  
9.8400000 0.013000000  
9.8500000 0.013000000  
9.8600000 0.017000000  
9.8700000 0.022000000  
9.8800000 0.027000000  
9.8900000 0.028000000  
9.9000000 0.028000000  
9.9100000 0.027000000  
9.9200000 0.026000000  
9.9300000 0.024000000  
9.9400000 0.022000000  
9.9500000 0.020000000  
9.9600000 0.016000000  
9.9700000 0.014000000  
9.9800000 0.015000000  
9.9900000 0.016000000  
10.000000 0.017000000  
10.010000 0.015000000  
10.020000 0.014000000  
10.030000 0.015000000  
10.040000 0.018000000  
10.050000 0.021000000  
10.060000 0.021000000  
10.070000 0.018000000  
10.080000 0.014000000  
10.090000 0.011000000  
10.100000 0.0080000000 
10.110000 0.0040000000 
10.120000 0.0000000    
10.130000 -0.0040000000
10.140000 -0.0050000000
10.150000 -0.0050000000
10.160000 -0.0040000000
10.170000 -0.0040000000
10.180000 -0.0030000000
10.190000 0.0000000    
10.200000 0.0060000000 
10.210000 0.012000000  
10.220000 0.016000000  
10.230000 0.016000000  
10.240000 0.013000000  
10.250000 0.0080000000 
10.260000 0.0010000000 
10.270000 -0.0050000000
10.280000 -0.0080000000
10.290000 -0.0080000000
10.300000 -0.0050000000
10.310000 0.0010000000 
10.320000 0.0050000000 
10.330000 0.0080000000 
10.340000 0.0080000000 
10.350000 0.0080000000 
10.360000 0.0080000000 
10.370000 0.0080000000 
10.380000 0.0090000000 
10.390000 0.011000000  
10.400000 0.014000000  
10.410000 0.019000000  
10.420000 0.024000000  
10.430000 0.030000000  
10.440000 0.035000000  
10.450000 0.039000000  
10.460000 0.040000000  
10.470000 0.038000000  
10.480000 0.035000000  
10.490000 0.031000000  
10.500000 0.027000000  
10.510000 0.023000000  
10.520000 0.021000000  
10.530000 0.019000000  
10.540000 0.017000000  
10.550000 0.014000000  
10.560000 0.012000000  
10.570000 0.010000000  
10.580000 0.0090000000 
10.590000 0.010000000  
10.600000 0.011000000  
10.610000 0.013000000  
10.620000 0.016000000  
10.630000 0.019000000  
10.640000 0.020000000  
10.650000 0.020000000  
10.660000 0.018000000  
10.670000 0.015000000  
10.680000 0.013000000  
10.690000 0.012000000  
10.700000 0.012000000  
10.710000 0.012000000  
10.720000 0.012000000  
10.730000 0.011000000  
10.740000 0.011000000  
10.750000 0.011000000  
10.760000 0.011000000  
10.770000 0.013000000  
10.780000 0.015000000  
10.790000 0.019000000  
10.800000 0.024000000  
10.810000 0.027000000  
10.820000 0.029000000  
10.830000 0.030000000  
10.840000 0.030000000  
10.850000 0.030000000  
10.860000 0.032000000  
10.870000 0.033000000  
10.880000 0.034000000  
10.890000 0.032000000  
10.900000 0.027000000  
10.910000 0.020000000  
10.920000 0.013000000  
10.930000 0.0080000000 
10.940000 0.0060000000 
10.950000 0.0040000000 
10.960000 0.0040000000 
10.970000 0.0030000000 
10.980000 0.0010000000 
10.990000 0.0000000    
11.000000 0.0010000000 
11.010000 0.0030000000 
11.020000 0.0060000000 
11.030000 0.011000000  
11.040000 0.015000000  
11.050000 0.019000000  
11.060000 0.023000000  
11.070000 0.025000000  
11.080000 0.027000000  
11.090000 0.027000000  
11.100000 0.028000000  
11.110000 0.030000000  
11.120000 0.033000000  
11.130000 0.037000000  
11.140000 0.041000000  
11.150000 0.042000000  
11.160000 0.040000000  
11.170000 0.034000000  
11.180000 0.028000000  
11.190000 0.023000000  
11.200000 0.021000000  
11.210000 0.020000000  
11.220000 0.019000000  
11.230000 0.016000000  
11.240000 0.012000000  
11.250000 0.0070000000 
11.260000 0.0030000000 
11.270000 0.0010000000 
11.280000 0.0020000000 
11.290000 0.0050000000 
11.300000 0.0090000000 
11.310000 0.013000000  
11.320000 0.014000000  
11.330000 0.012000000  
11.340000 0.0080000000 
11.350000 0.0020000000 
11.360000 -0.0040000000
11.370000 -0.0070000000
11.380000 -0.010000000 
11.390000 -0.010000000 
11.400000 -0.010000000 
11.410000 -0.010000000 
11.420000 -0.011000000 
11.430000 -0.013000000 
11.440000 -0.016000000 
11.450000 -0.019000000 
11.460000 -0.022000000 
11.470000 -0.025000000 
11.480000 -0.027000000 
11.490000 -0.028000000 
11.500000 -0.029000000 
11.510000 -0.029000000 
11.520000 -0.026000000 
11.530000 -0.021000000 
11.540000 -0.013000000 
11.550000 -0.0040000000
11.560000 0.0040000000 
11.570000 0.0090000000 
11.580000 0.0090000000 
11.590000 0.0050000000 
11.600000 -0.0020000000
11.610000 -0.010000000 
11.620000 -0.016000000 
11.630000 -0.018000000 
11.640000 -0.014000000 
11.650000 -0.0060000000
11.660000 0.0010000000 
11.670000 0.0060000000 
11.680000 0.0050000000 
11.690000 -0.0020000000
11.700000 -0.011000000 
11.710000 -0.020000000 
11.720000 -0.024000000 
11.730000 -0.023000000 
11.740000 -0.017000000 
11.750000 -0.0090000000
11.760000 -0.0020000000
11.770000 0.0010000000 
11.780000 0.0010000000 
11.790000 -0.0010000000
11.800000 -0.0040000000
11.810000 -0.0060000000
11.820000 -0.0050000000
11.830000 -0.0020000000
11.840000 0.0020000000 
11.850000 0.0070000000 
11.860000 0.011000000  
11.870000 0.010000000  
11.880000 0.0060000000 
11.890000 -0.0010000000
11.900000 -0.010000000 
11.910000 -0.018000000 
11.920000 -0.024000000 
11.930000 -0.025000000 
11.940000 -0.023000000 
11.950000 -0.018000000 
11.960000 -0.013000000 
11.970000 -0.0090000000
11.980000 -0.0060000000
11.990000 -0.0050000000
12.000000 -0.0060000000
12.010000 -0.0080000000
12.020000 -0.011000000 
12.030000 -0.014000000 
12.040000 -0.019000000 
12.050000 -0.024000000 
12.060000 -0.029000000 
12.070000 -0.033000000 
12.080000 -0.035000000 
12.090000 -0.036000000 
12.100000 -0.036000000 
12.110000 -0.036000000 
12.120000 -0.035000000 
12.130000 -0.035000000 
12.140000 -0.034000000 
12.150000 -0.032000000 
12.160000 -0.029000000 
12.170000 -0.024000000 
12.180000 -0.018000000 
12.190000 -0.013000000 
12.200000 -0.0090000000
12.210000 -0.0070000000
12.220000 -0.0080000000
12.230000 -0.011000000 
12.240000 -0.014000000 
12.250000 -0.016000000 
12.260000 -0.017000000 
12.270000 -0.018000000 
12.280000 -0.019000000 
12.290000 -0.025000000 
12.300000 -0.035000000 
12.310000 -0.049000000 
12.320000 -0.064000000 
12.330000 -0.076000000 
12.340000 -0.082000000 
12.350000 -0.081000000 
12.360000 -0.074000000 
12.370000 -0.065000000 
12.380000 -0.056000000 
12.390000 -0.048000000 
12.400000 -0.042000000 
12.410000 -0.036000000 
12.420000 -0.029000000 
12.430000 -0.020000000 
12.440000 -0.010000000 
12.450000 0.0000000    
12.460000 0.0080000000 
12.470000 0.013000000  
12.480000 0.016000000  
12.490000 0.014000000  
12.500000 0.011000000  
12.510000 0.0050000000 
12.520000 -0.0010000000
12.530000 -0.0080000000
12.540000 -0.013000000 
12.550000 -0.019000000 
12.560000 -0.024000000 
12.570000 -0.030000000 
12.580000 -0.035000000 
12.590000 -0.040000000 
12.600000 -0.042000000 
12.610000 -0.041000000 
12.620000 -0.035000000 
12.630000 -0.028000000 
12.640000 -0.019000000 
12.650000 -0.011000000 
12.660000 -0.0060000000
12.670000 -0.0050000000
12.680000 -0.0060000000
12.690000 -0.0080000000
12.700000 -0.010000000 
12.710000 -0.012000000 
12.720000 -0.012000000 
12.730000 -0.012000000 
12.740000 -0.013000000 
12.750000 -0.016000000 
12.760000 -0.021000000 
12.770000 -0.027000000 
12.780000 -0.033000000 
12.790000 -0.036000000 
12.800000 -0.034000000 
12.810000 -0.027000000 
12.820000 -0.014000000 
12.830000 0.0030000000 
12.840000 0.023000000  
12.850000 0.042000000  
12.860000 0.059000000  
12.870000 0.070000000  
12.880000 0.076000000  
12.890000 0.077000000  
12.900000 0.077000000  
12.910000 0.077000000  
12.920000 0.081000000  
12.930000 0.089000000  
12.940000 0.10100000   
12.950000 0.11700000   
12.960000 0.13500000   
12.970000 0.15300000   
12.980000 0.17000000   
12.990000 0.18700000   
13.000000 0.20200000   
13.010000 0.21600000   
13.020000 0.23100000   
13.030000 0.24900000   
13.040000 0.27200000   
13.050000 0.30300000   
13.060000 0.34300000   
13.070000 0.39000000   
13.080000 0.44300000   
13.090000 0.49500000   
13.100000 0.54500000   
13.110000 0.58900000   
13.120000 0.63000000   
13.130000 0.66900000   
13.140000 0.71000000   
13.150000 0.75800000   
13.160000 0.81500000   
13.170000 0.88200000   
13.180000 0.96000000   
13.190000 1.0480000    
13.200000 1.1440000    
13.210000 1.2490000    
13.220000 1.3650000    
13.230000 1.4970000    
13.240000 1.6470000    
13.250000 1.8180000    
13.260000 2.0180000    
13.270000 2.2470000    
13.280000 2.5060000    
13.290000 2.8010000    
13.300000 3.1330000    
13.310000 3.5040000    
13.320000 3.9150000    
13.330000 4.3800000    
13.340000 4.9020000    
13.350000 5.4850000    
13.360000 6.1480000    
13.370000 6.9000000    
13.380000 7.7540000    
13.390000 8.7190000    
13.400000 9.8170000    
13.410000 11.055000    
13.420000 12.441000    
13.430000 13.989000    
13.440000 15.703000    
13.450000 17.592000    
13.460000 19.656000    
13.470000 21.903000    
13.480000 24.329000    
13.490000 26.935000    
13.500000 29.709000    
13.510000 32.647000    
13.520000 35.725000    
13.530000 38.924000    
13.540000 42.213000    
13.550000 45.545000    
13.560000 48.896000    
13.570000 52.187000    
13.580000 55.403000    
13.590000 58.466000    
13.600000 61.365000    
13.610000 64.048000    
13.620000 66.511000    
13.630000 68.738000    
13.640000 70.734000    
13.650000 72.498000    
13.660000 74.043000    
13.670000 75.372000    
13.680000 76.500000    
13.690000 77.435000    
13.700000 78.191000    
13.710000 78.786000    
13.720000 79.233000    
13.730000 79.558000    
13.740000 79.767000    
13.750000 79.893000    
13.760000 79.941000    
13.770000 79.933000    
13.780000 79.874000    
13.790000 79.787000    
13.800000 79.673000    
13.810000 79.540000    
13.820000 79.396000    
13.830000 79.249000    
13.840000 79.100000    
13.850000 78.948000    
13.860000 78.802000    
13.870000 78.663000    
13.880000 78.527000    
13.890000 78.394000    
13.900000 78.269000    
13.910000 78.151000    
13.920000 78.036000    
13.930000 77.929000    
13.940000 77.831000    
13.950000 77.743000    
13.960000 77.662000    
13.970000 77.595000    
13.980000 77.543000    
13.990000 77.510000    
14.000000 77.497000    
14.010000 77.508000    
14.020000 77.544000    
14.030000 77.600000    
14.040000 77.677000    
14.050000 77.763000    
14.060000 77.858000    
14.070000 77.954000    
14.080000 78.053000    
14.090000 78.154000    
14.100000 78.266000    
14.110000 78.394000    
14.120000 78.546000    
14.130000 78.729000    
14.140000 78.941000    
14.150000 79.186000    
14.160000 79.451000    
14.170000 79.734000    
14.180000 80.019000    
14.190000 80.302000    
14.200000 80.575000    
14.210000 80.837000    
14.220000 81.088000    
14.230000 81.328000    
14.240000 81.561000    
14.250000 81.789000    
14.260000 82.011000    
14.270000 82.229000    
14.280000 82.442000    
14.290000 82.650000    
14.300000 82.851000    
14.310000 83.046000    
14.320000 83.230000    
14.330000 83.405000    
14.340000 83.565000    
14.350000 83.712000    
14.360000 83.840000    
14.370000 83.951000    
14.380000 84.045000    
14.390000 84.121000    
14.400000 84.182000    
14.410000 84.229000    
14.420000 84.265000    
14.430000 84.291000    
14.440000 84.308000    
14.450000 84.316000    
14.460000 84.315000    
14.470000 84.304000    
14.480000 84.275000    
14.490000 84.230000    
14.500000 84.162000    
14.510000 84.070000    
14.520000 83.951000    
14.530000 83.805000    
14.540000 83.638000    
14.550000 83.449000    
14.560000 83.250000    
14.570000 83.041000    
14.580000 82.837000    
14.590000 82.640000    
14.600000 82.461000    
14.610000 82.302000    
14.620000 82.165000    
14.630000 82.054000    
14.640000 81.962000    
14.650000 81.888000    
14.660000 81.824000    
14.670000 81.765000    
14.680000 81.706000    
14.690000 81.639000    
14.700000 81.567000    
14.710000 81.489000    
14.720000 81.409000    
14.730000 81.338000    
14.740000 81.277000    
14.750000 81.244000    
14.760000 81.237000    
14.770000 81.268000    
14.780000 81.335000    
14.790000 81.435000    
14.800000 81.567000    
14.810000 81.716000    
14.820000 81.884000    
14.830000 82.054000    
14.840000 82.225000    
14.850000 82.392000    
14.860000 82.551000    
14.870000 82.704000    
14.880000 82.849000    
14.890000 82.988000    
14.900000 83.121000    
14.910000 83.248000    
14.920000 83.371000    
14.930000 83.491000    
14.940000 83.606000    
14.950000 83.717000    
14.960000 83.823000    
14.970000 83.923000    
14.980000 84.019000    
14.990000 84.110000    
15.000000 84.200000    
15.010000 84.292000    
15.020000 84.383000    
15.030000 84.474000    
15.040000 84.563000    
15.050000 84.642000    
15.060000 84.714000    
15.070000 84.772000    
15.080000 84.819000    
15.090000 84.851000    
15.100000 84.870000    
15.110000 84.860000    
15.120000 84.818000    
15.130000 84.736000    
15.140000 84.597000    
15.150000 84.416000    
15.160000 84.211000    
15.170000 83.986000    
15.180000 83.803000    
15.190000 83.656000    
15.200000 83.580000    
15.210000 83.590000    
15.220000 83.654000    
15.230000 83.772000    
15.240000 83.918000    
15.250000 84.048000    
15.260000 84.167000    
15.270000 84.242000    
15.280000 84.273000    
15.290000 84.265000    
15.300000 84.214000    
15.310000 84.134000    
15.320000 84.030000    
15.330000 83.906000    
15.340000 83.773000    
15.350000 83.629000    
15.360000 83.480000    
15.370000 83.325000    
15.380000 83.165000    
15.390000 83.000000    
15.400000 82.829000    
15.410000 82.654000    
15.420000 82.473000    
15.430000 82.288000    
15.440000 82.099000    
15.450000 81.903000    
15.460000 81.701000    
15.470000 81.493000    
15.480000 81.278000    
15.490000 81.057000    
15.500000 80.833000    
15.510000 80.605000    
15.520000 80.379000    
15.530000 80.155000    
15.540000 79.936000    
15.550000 79.725000    
15.560000 79.522000    
15.570000 79.332000    
15.580000 79.154000    
15.590000 78.991000    
15.600000 78.845000    
15.610000 78.716000    
15.620000 78.607000    
15.630000 78.517000    
15.640000 78.449000    
15.650000 78.402000    
15.660000 78.376000    
15.670000 78.372000    
15.680000 78.386000    
15.690000 78.415000    
15.700000 78.459000    
15.710000 78.510000    
15.720000 78.570000    
15.730000 78.633000    
15.740000 78.694000    
15.750000 78.755000    
15.760000 78.810000    
15.770000 78.860000    
15.780000 78.903000    
15.790000 78.938000    
15.800000 78.965000    
15.810000 78.984000    
15.820000 78.995000    
15.830000 78.999000    
15.840000 78.996000    
15.850000 78.987000    
15.860000 78.974000    
15.870000 78.957000    
15.880000 78.939000    
15.890000 78.920000    
15.900000 78.904000    
15.910000 78.891000    
15.920000 78.882000    
15.930000 78.880000    
15.940000 78.884000    
15.950000 78.898000    
15.960000 78.922000    
15.970000 78.957000    
15.980000 79.006000    
15.990000 79.068000    
16.000000 79.146000    
16.010000 79.242000    
16.020000 79.354000    
16.030000 79.484000    
16.040000 79.632000    
16.050000 79.794000    
16.060000 79.973000    
16.070000 80.165000    
16.080000 80.366000    
16.090000 80.577000    
16.100000 80.792000    
16.110000 81.012000    
16.120000 81.232000    
16.130000 81.450000    
16.140000 81.667000    
16.150000 81.878000    
16.160000 82.083000    
16.170000 82.283000    
16.180000 82.475000    
16.190000 82.661000    
16.200000 82.838000    
16.210000 83.007000    
16.220000 83.167000    
16.230000 83.316000    
16.240000 83.456000    
16.250000 83.582000    
16.260000 83.695000    
16.270000 83.794000    
16.280000 83.876000    
16.290000 83.941000    
16.300000 83.990000    
16.310000 84.021000    
16.320000 84.035000    
16.330000 84.031000    
16.340000 84.010000    
16.350000 83.973000    
16.360000 83.923000    
16.370000 83.860000    
16.380000 83.787000    
16.390000 83.702000    
16.400000 83.611000    
16.410000 83.525000    
16.420000 83.439000    
16.430000 83.363000    
16.440000 83.299000    
16.450000 83.246000    
16.460000 83.214000    
16.470000 83.205000    
16.480000 83.214000    
16.490000 83.237000    
16.500000 83.276000    
16.510000 83.326000    
16.520000 83.388000    
16.530000 83.459000    
16.540000 83.530000    
16.550000 83.602000    
16.560000 83.673000    
16.570000 83.739000    
16.580000 83.803000    
16.590000 83.854000    
16.600000 83.891000    
16.610000 83.911000    
16.620000 83.904000    
16.630000 83.876000    
16.640000 83.811000    
16.650000 83.697000    
16.660000 83.542000    
16.670000 83.320000    
16.680000 83.028000    
16.690000 82.665000    
16.700000 82.198000    
16.710000 81.636000    
16.720000 80.964000    
16.730000 80.158000    
16.740000 79.229000    
16.750000 78.160000    
16.760000 76.940000    
16.770000 75.577000    
16.780000 74.067000    
16.790000 72.405000    
16.800000 70.600000    
16.810000 68.666000    
16.820000 66.593000    
16.830000 64.404000    
16.840000 62.117000    
16.850000 59.720000    
16.860000 57.254000    
16.870000 54.731000    
16.880000 52.146000    
16.890000 49.552000    
16.900000 46.944000    
16.910000 44.336000    
16.920000 41.777000    
16.930000 39.253000    
16.940000 36.786000    
16.950000 34.406000    
16.960000 32.101000    
16.970000 29.890000    
16.980000 27.785000    
16.990000 25.781000    
17.000000 23.883000    
17.010000 22.096000    
17.020000 20.416000    
17.030000 18.840000    
17.040000 17.370000    
17.050000 16.003000    
17.060000 14.728000    
17.070000 13.549000    
17.080000 12.458000    
17.090000 11.445000    
17.100000 10.514000    
17.110000 9.6540000    
17.120000 8.8580000    
17.130000 8.1290000    
17.140000 7.4570000    
17.150000 6.8350000    
17.160000 6.2670000    
17.170000 5.7440000    
17.180000 5.2650000    
17.190000 4.8310000    
17.200000 4.4320000    
17.210000 4.0680000    
17.220000 3.7390000    
17.230000 3.4380000    
17.240000 3.1680000    
17.250000 2.9250000    
17.260000 2.7010000    
17.270000 2.4980000    
17.280000 2.3130000    
17.290000 2.1430000    
17.300000 1.9910000    
17.310000 1.8510000    
17.320000 1.7200000    
17.330000 1.5990000    
17.340000 1.4870000    
17.350000 1.3820000    
17.360000 1.2850000    
17.370000 1.1960000    
17.380000 1.1110000    
17.390000 1.0320000    
17.400000 0.96000000   
17.410000 0.89400000   
17.420000 0.83500000   
17.430000 0.78300000   
17.440000 0.73600000   
17.450000 0.69500000   
17.460000 0.65900000   
17.470000 0.62700000   
17.480000 0.60100000   
17.490000 0.57600000   
17.500000 0.55200000   
17.510000 0.53000000   
17.520000 0.50800000   
17.530000 0.48300000   
17.540000 0.45900000   
17.550000 0.43200000   
17.560000 0.40400000   
17.570000 0.37400000   
17.580000 0.34200000   
17.590000 0.30900000   
17.600000 0.27500000   
17.610000 0.24200000   
17.620000 0.20900000   
17.630000 0.17700000   
17.640000 0.14600000   
17.650000 0.11800000   
17.660000 0.091000000  
17.670000 0.066000000  
17.680000 0.044000000  
17.690000 0.023000000  
17.700000 0.0050000000 
17.710000 -0.012000000 
17.720000 -0.027000000 
17.730000 -0.040000000 
17.740000 -0.051000000 
17.750000 -0.060000000 
17.760000 -0.068000000 
17.770000 -0.073000000 
17.780000 -0.076000000 
17.790000 -0.076000000 
17.800000 -0.074000000 
17.810000 -0.069000000 
17.820000 -0.063000000 
17.830000 -0.054000000 
17.840000 -0.044000000 
17.850000 -0.033000000 
17.860000 -0.022000000 
17.870000 -0.011000000 
17.880000 -0.0010000000
17.890000 0.0060000000 
17.900000 0.010000000  
17.910000 0.013000000  
17.920000 0.013000000  
17.930000 0.0090000000 
17.940000 0.0040000000 
17.950000 -0.0040000000
17.960000 -0.014000000 
17.970000 -0.025000000 
17.980000 -0.037000000 
17.990000 -0.049000000 
18.000000 -0.062000000 
18.010000 -0.075000000 
18.020000 -0.087000000 
18.030000 -0.098000000 
18.040000 -0.11000000  
18.050000 -0.12200000  
18.060000 -0.13300000  
18.070000 -0.14500000  
18.080000 -0.15600000  
18.090000 -0.16700000  
18.100000 -0.17900000  
18.110000 -0.18800000  
18.120000 -0.19800000  
18.130000 -0.20600000  
18.140000 -0.21100000  
18.150000 -0.21500000  
18.160000 -0.21600000  
18.170000 -0.21500000  
18.180000 -0.21100000  
18.190000 -0.20400000  
18.200000 -0.19500000  
18.210000 -0.18500000  
18.220000 -0.17300000  
18.230000 -0.16000000  
18.240000 -0.14900000  
18.250000 -0.13700000  
18.260000 -0.12600000  
18.270000 -0.11800000  
18.280000 -0.11300000  
18.290000 -0.10900000  
18.300000 -0.10800000  
18.310000 -0.11000000  
18.320000 -0.11500000  
18.330000 -0.12200000  
18.340000 -0.13100000  
18.350000 -0.14300000  
18.360000 -0.15700000  
18.370000 -0.17200000  
18.380000 -0.18800000  
18.390000 -0.20500000  
18.400000 -0.22100000  
18.410000 -0.23700000  
18.420000 -0.25300000  
18.430000 -0.26600000  
18.440000 -0.27600000  
18.450000 -0.28500000  
18.460000 -0.29000000  
18.470000 -0.29200000  
18.480000 -0.29000000  
18.490000 -0.28500000  
18.500000 -0.27800000  
18.510000 -0.26700000  
18.520000 -0.25300000  
18.530000 -0.23800000  
18.540000 -0.22200000  
18.550000 -0.20500000  
18.560000 -0.18800000  
18.570000 -0.17200000  
18.580000 -0.15700000  
18.590000 -0.14400000  
18.600000 -0.13400000  
18.610000 -0.12600000  
18.620000 -0.12100000  
18.630000 -0.11800000  
18.640000 -0.11800000  
18.650000 -0.12100000  
18.660000 -0.12500000  
18.670000 -0.12900000  
18.680000 -0.13400000  
18.690000 -0.14000000  
18.700000 -0.14500000  
18.710000 -0.14800000  
18.720000 -0.15100000  
18.730000 -0.15100000  
18.740000 -0.14900000  
18.750000 -0.14400000  
18.760000 -0.13700000  
18.770000 -0.12900000  
18.780000 -0.11800000  
18.790000 -0.10500000  
18.800000 -0.092000000 
18.810000 -0.079000000 
18.820000 -0.065000000 
18.830000 -0.052000000 
18.840000 -0.040000000 
18.850000 -0.029000000 
18.860000 -0.020000000 
18.870000 -0.012000000 
18.880000 -0.0060000000
18.890000 -0.0020000000
18.900000 0.0010000000 
18.910000 0.0020000000 
18.920000 0.0010000000 
18.930000 -0.0010000000
18.940000 -0.0040000000
18.950000 -0.0080000000
18.960000 -0.013000000 
18.970000 -0.019000000 
18.980000 -0.025000000 
18.990000 -0.033000000 
19.000000 -0.041000000 
19.010000 -0.051000000 
19.020000 -0.061000000 
19.030000 -0.072000000 
19.040000 -0.084000000 
19.050000 -0.096000000 
19.060000 -0.11000000  
19.070000 -0.12400000  
19.080000 -0.13800000  
19.090000 -0.15200000  
19.100000 -0.16700000  
19.110000 -0.18100000  
19.120000 -0.19400000  
19.130000 -0.20600000  
19.140000 -0.21700000  
19.150000 -0.22600000  
19.160000 -0.23300000  
19.170000 -0.23800000  
19.180000 -0.24000000  
19.190000 -0.24000000  
19.200000 -0.23700000  
19.210000 -0.23200000  
19.220000 -0.22400000  
19.230000 -0.21400000  
19.240000 -0.20100000  
19.250000 -0.18700000  
19.260000 -0.17200000  
19.270000 -0.15600000  
19.280000 -0.13900000  
19.290000 -0.12200000  
19.300000 -0.10600000  
19.310000 -0.092000000 
19.320000 -0.078000000 
19.330000 -0.066000000 
19.340000 -0.057000000 
19.350000 -0.050000000 
19.360000 -0.044000000 
19.370000 -0.041000000 
19.380000 -0.039000000 
19.390000 -0.040000000 
19.400000 -0.042000000 
19.410000 -0.045000000 
19.420000 -0.050000000 
19.430000 -0.055000000 
19.440000 -0.061000000 
19.450000 -0.066000000 
19.460000 -0.071000000 
19.470000 -0.076000000 
19.480000 -0.080000000 
19.490000 -0.082000000 
19.500000 -0.084000000 
19.510000 -0.084000000 
19.520000 -0.084000000 
19.530000 -0.082000000 
19.540000 -0.079000000 
19.550000 -0.075000000 
19.560000 -0.072000000 
19.570000 -0.069000000 
19.580000 -0.065000000 
19.590000 -0.063000000 
19.600000 -0.062000000 
19.610000 -0.061000000 
19.620000 -0.062000000 
19.630000 -0.063000000 
19.640000 -0.065000000 
19.650000 -0.068000000 
19.660000 -0.072000000 
19.670000 -0.075000000 
19.680000 -0.078000000 
19.690000 -0.081000000 
19.700000 -0.084000000 
19.710000 -0.085000000 
19.720000 -0.086000000 
19.730000 -0.086000000 
19.740000 -0.085000000 
19.750000 -0.083000000 
19.760000 -0.081000000 
19.770000 -0.078000000 
19.780000 -0.076000000 
19.790000 -0.074000000 
19.800000 -0.073000000 
19.810000 -0.071000000 
19.820000 -0.071000000 
19.830000 -0.071000000 
19.840000 -0.073000000 
19.850000 -0.074000000 
19.860000 -0.076000000 
19.870000 -0.078000000 
19.880000 -0.080000000 
19.890000 -0.082000000 
19.900000 -0.083000000 
19.910000 -0.084000000 
19.920000 -0.083000000 
19.930000 -0.082000000 
19.940000 -0.080000000 
19.950000 -0.076000000 
19.960000 -0.072000000 
19.970000 -0.068000000 
19.980000 -0.064000000 
19.990000 -0.059000000 
20.000000 -0.054000000 
20.010000 -0.051000000 
20.020000 -0.048000000 
20.030000 -0.047000000 
20.040000 -0.046000000 
20.050000 -0.046000000 
20.060000 -0.047000000 
20.070000 -0.050000000 
20.080000 -0.053000000 
20.090000 -0.056000000 
20.100000 -0.059000000 
20.110000 -0.062000000 
20.120000 -0.065000000 
20.130000 -0.067000000 
20.140000 -0.067000000 
20.150000 -0.067000000 
20.160000 -0.066000000 
20.170000 -0.064000000 
20.180000 -0.061000000 
20.190000 -0.057000000 
20.200000 -0.052000000 
20.210000 -0.048000000 
20.220000 -0.043000000 
20.230000 -0.037000000 
20.240000 -0.032000000 
20.250000 -0.028000000 
20.260000 -0.025000000 
20.270000 -0.022000000 
20.280000 -0.020000000 
20.290000 -0.020000000 
20.300000 -0.020000000 
20.310000 -0.021000000 
20.320000 -0.023000000 
20.330000 -0.026000000 
20.340000 -0.030000000 
20.350000 -0.034000000 
20.360000 -0.039000000 
20.370000 -0.045000000 
20.380000 -0.050000000 
20.390000 -0.056000000 
20.400000 -0.063000000 
20.410000 -0.069000000 
20.420000 -0.076000000 
20.430000 -0.082000000 
20.440000 -0.089000000 
20.450000 -0.095000000 
20.460000 -0.10100000  
20.470000 -0.10700000  
20.480000 -0.11300000  
20.490000 -0.11800000  
20.500000 -0.12100000  
20.510000 -0.12400000  
20.520000 -0.12600000  
20.530000 -0.12700000  
20.540000 -0.12500000  
20.550000 -0.12300000  
20.560000 -0.11800000  
20.570000 -0.11200000  
20.580000 -0.10500000  
20.590000 -0.095000000 
20.600000 -0.084000000 
20.610000 -0.072000000 
20.620000 -0.060000000 
20.630000 -0.046000000 
20.640000 -0.032000000 
20.650000 -0.017000000 
20.660000 -0.0040000000
20.670000 0.010000000  
20.680000 0.023000000  
20.690000 0.035000000  
20.700000 0.046000000  
20.710000 0.055000000  
20.720000 0.063000000  
20.730000 0.070000000  
20.740000 0.075000000  
20.750000 0.079000000  
20.760000 0.081000000  
20.770000 0.083000000  
20.780000 0.083000000  
20.790000 0.083000000  
20.800000 0.082000000  
20.810000 0.080000000  
20.820000 0.078000000  
20.830000 0.075000000  
20.840000 0.072000000  
20.850000 0.069000000  
20.860000 0.066000000  
20.870000 0.062000000  
20.880000 0.058000000  
20.890000 0.054000000  
20.900000 0.050000000  
20.910000 0.046000000  
20.920000 0.041000000  
20.930000 0.037000000  
20.940000 0.032000000  
20.950000 0.028000000  
20.960000 0.024000000  
20.970000 0.021000000  
20.980000 0.018000000  
20.990000 0.016000000  
21.000000 0.014000000  
21.010000 0.014000000  
21.020000 0.015000000  
21.030000 0.016000000  
21.040000 0.019000000  
21.050000 0.023000000  
21.060000 0.027000000  
21.070000 0.033000000  
21.080000 0.039000000  
21.090000 0.044000000  
21.100000 0.051000000  
21.110000 0.057000000  
21.120000 0.063000000  
21.130000 0.068000000  
21.140000 0.071000000  
21.150000 0.074000000  
21.160000 0.075000000  
21.170000 0.075000000  
21.180000 0.072000000  
21.190000 0.068000000  
21.200000 0.062000000  
21.210000 0.054000000  
21.220000 0.045000000  
21.230000 0.034000000  
21.240000 0.021000000  
21.250000 0.0080000000 
21.260000 -0.0050000000
21.270000 -0.019000000 
21.280000 -0.034000000 
21.290000 -0.049000000 
21.300000 -0.061000000 
21.310000 -0.072000000 
21.320000 -0.082000000 
21.330000 -0.090000000 
21.340000 -0.095000000 
21.350000 -0.096000000 
21.360000 -0.094000000 
21.370000 -0.089000000 
21.380000 -0.080000000 
21.390000 -0.067000000 
21.400000 -0.050000000 
21.410000 -0.029000000 
21.420000 -0.0050000000
21.430000 0.023000000  
21.440000 0.051000000  
21.450000 0.084000000  
21.460000 0.11900000   
21.470000 0.15500000   
21.480000 0.18900000   
21.490000 0.22300000   
21.500000 0.25800000   
21.510000 0.29200000   
21.520000 0.32300000   
21.530000 0.35000000   
21.540000 0.37500000   
21.550000 0.39600000   
21.560000 0.41500000   
21.570000 0.42900000   
21.580000 0.43900000   
21.590000 0.44400000   
21.600000 0.44600000   
21.610000 0.44400000   
21.620000 0.43800000   
21.630000 0.42900000   
21.640000 0.41600000   
21.650000 0.40000000   
21.660000 0.38200000   
21.670000 0.36300000   
21.680000 0.34000000   
21.690000 0.31600000   
21.700000 0.29200000   
21.710000 0.26800000   
21.720000 0.24300000   
21.730000 0.21900000   
21.740000 0.19400000   
21.750000 0.17100000   
21.760000 0.14900000   
21.770000 0.12900000   
21.780000 0.11000000   
21.790000 0.092000000  
21.800000 0.075000000  
21.810000 0.059000000  
21.820000 0.045000000  
21.830000 0.031000000  
21.840000 0.017000000  
21.850000 0.0030000000 
21.860000 -0.012000000 
21.870000 -0.027000000 
21.880000 -0.043000000 
21.890000 -0.061000000 
21.900000 -0.082000000 
21.910000 -0.10500000  
21.920000 -0.12900000  
21.930000 -0.15600000  
21.940000 -0.18400000  
21.950000 -0.21400000  
21.960000 -0.24800000  
21.970000 -0.28200000  
21.980000 -0.31600000  
21.990000 -0.34900000  
22.000000 -0.38200000  
22.010000 -0.41400000  
22.020000 -0.44500000  
22.030000 -0.47300000  
22.040000 -0.49500000  
22.050000 -0.51300000  
22.060000 -0.52700000  
22.070000 -0.53700000  
22.080000 -0.54200000  
22.090000 -0.54100000  
22.100000 -0.53300000  
22.110000 -0.52000000  
22.120000 -0.50300000  
22.130000 -0.48300000  
22.140000 -0.46000000  
22.150000 -0.43200000  
22.160000 -0.40100000  
22.170000 -0.36900000  
22.180000 -0.33900000  
22.190000 -0.30900000  
22.200000 -0.27800000  
22.210000 -0.24900000  
22.220000 -0.22100000  
22.230000 -0.19600000  
22.240000 -0.17500000  
22.250000 -0.15600000  
22.260000 -0.13900000  
22.270000 -0.12300000  
22.280000 -0.10900000  
22.290000 -0.098000000 
22.300000 -0.089000000 
22.310000 -0.081000000 
22.320000 -0.072000000 
22.330000 -0.062000000 
22.340000 -0.052000000 
22.350000 -0.042000000 
22.360000 -0.031000000 
22.370000 -0.019000000 
22.380000 -0.0050000000
22.390000 0.011000000  
22.400000 0.029000000  
22.410000 0.047000000  
22.420000 0.066000000  
22.430000 0.086000000  
22.440000 0.10700000   
22.450000 0.12900000   
22.460000 0.15100000   
22.470000 0.17200000   
22.480000 0.19100000   
22.490000 0.21100000   
22.500000 0.23000000   
22.510000 0.24700000   
22.520000 0.26200000   
22.530000 0.27500000   
22.540000 0.28500000   
22.550000 0.29400000   
22.560000 0.30000000   
22.570000 0.30500000   
22.580000 0.30600000   
22.590000 0.30500000   
22.600000 0.30200000   
22.610000 0.29800000   
22.620000 0.29200000   
22.630000 0.28600000   
22.640000 0.27700000   
22.650000 0.26700000   
22.660000 0.25800000   
22.670000 0.24900000   
22.680000 0.24100000   
22.690000 0.23200000   
22.700000 0.22400000   
22.710000 0.21700000   
22.720000 0.21100000   
22.730000 0.20700000   
22.740000 0.20500000   
22.750000 0.20300000   
22.760000 0.20200000   
22.770000 0.20100000   
22.780000 0.20000000   
22.790000 0.20100000   
22.800000 0.20300000   
22.810000 0.20300000   
22.820000 0.20300000   
22.830000 0.20000000   
22.840000 0.19700000   
22.850000 0.19300000   
22.860000 0.18700000   
22.870000 0.17900000   
22.880000 0.16900000   
22.890000 0.15600000   
22.900000 0.14100000   
22.910000 0.12400000   
22.920000 0.10600000   
22.930000 0.087000000  
22.940000 0.066000000  
22.950000 0.043000000  
22.960000 0.020000000  
22.970000 -0.0030000000
22.980000 -0.023000000 
22.990000 -0.043000000 
23.000000 -0.063000000 
23.010000 -0.081000000 
23.020000 -0.097000000 
23.030000 -0.11000000  
23.040000 -0.12000000  
23.050000 -0.12700000  
23.060000 -0.13200000  
23.070000 -0.13500000  
23.080000 -0.13600000  
23.090000 -0.13500000  
23.100000 -0.13100000  
23.110000 -0.12400000  
23.120000 -0.11700000  
23.130000 -0.11100000  
23.140000 -0.10400000  
23.150000 -0.097000000 
23.160000 -0.090000000 
23.170000 -0.083000000 
23.180000 -0.077000000 
23.190000 -0.074000000 
23.200000 -0.072000000 
23.210000 -0.071000000 
23.220000 -0.072000000 
23.230000 -0.074000000 
23.240000 -0.077000000 
23.250000 -0.082000000 
23.260000 -0.089000000 
23.270000 -0.096000000 
23.280000 -0.10400000  
23.290000 -0.11000000  
23.300000 -0.11700000  
23.310000 -0.12300000  
23.320000 -0.12900000  
23.330000 -0.13400000  
23.340000 -0.13800000  
23.350000 -0.13900000  
23.360000 -0.13800000  
23.370000 -0.13600000  
23.380000 -0.13200000  
23.390000 -0.12600000  
23.400000 -0.11900000  
23.410000 -0.11000000  
23.420000 -0.099000000 
23.430000 -0.086000000 
23.440000 -0.073000000 
23.450000 -0.059000000 
23.460000 -0.044000000 
23.470000 -0.029000000 
23.480000 -0.013000000 
23.490000 0.0030000000 
23.500000 0.019000000  
23.510000 0.033000000  
23.520000 0.047000000  
23.530000 0.060000000  
23.540000 0.073000000  
23.550000 0.084000000  
23.560000 0.094000000  
23.570000 0.10200000   
23.580000 0.11000000   
23.590000 0.11500000   
23.600000 0.12000000   
23.610000 0.12200000   
23.620000 0.12300000   
23.630000 0.12300000   
23.640000 0.12000000   
23.650000 0.11700000   
23.660000 0.11200000   
23.670000 0.10600000   
23.680000 0.098000000  
23.690000 0.089000000  
23.700000 0.079000000  
23.710000 0.068000000  
23.720000 0.057000000  
23.730000 0.046000000  
23.740000 0.034000000  
23.750000 0.021000000  
23.760000 0.0080000000 
23.770000 -0.0040000000
23.780000 -0.015000000 
23.790000 -0.026000000 
23.800000 -0.036000000 
23.810000 -0.046000000 
23.820000 -0.054000000 
23.830000 -0.062000000 
23.840000 -0.068000000 
23.850000 -0.072000000 
23.860000 -0.076000000 
23.870000 -0.079000000 
23.880000 -0.080000000 
23.890000 -0.082000000 
23.900000 -0.082000000 
23.910000 -0.081000000 
23.920000 -0.080000000 
23.930000 -0.078000000 
23.940000 -0.076000000 
23.950000 -0.076000000 
23.960000 -0.075000000 
23.970000 -0.074000000 
23.980000 -0.074000000 
23.990000 -0.074000000 
24.000000 -0.074000000 
24.010000 -0.075000000 
24.020000 -0.077000000 
24.030000 -0.080000000 
24.040000 -0.082000000 
24.050000 -0.085000000 
24.060000 -0.086000000 
24.070000 -0.088000000 
24.080000 -0.090000000 
24.090000 -0.091000000 
24.100000 -0.092000000 
24.110000 -0.091000000 
24.120000 -0.089000000 
24.130000 -0.085000000 
24.140000 -0.081000000 
24.150000 -0.075000000 
24.160000 -0.068000000 
24.170000 -0.061000000 
24.180000 -0.053000000 
24.190000 -0.043000000 
24.200000 -0.032000000 
24.210000 -0.021000000 
24.220000 -0.010000000 
24.230000 0.0010000000 
24.240000 0.010000000  
24.250000 0.020000000  
24.260000 0.030000000  
24.270000 0.039000000  
24.280000 0.047000000  
24.290000 0.053000000  
24.300000 0.059000000  
24.310000 0.063000000  
24.320000 0.066000000  
24.330000 0.069000000  
24.340000 0.071000000  
24.350000 0.072000000  
24.360000 0.073000000  
24.370000 0.073000000  
24.380000 0.072000000  
24.390000 0.072000000  
24.400000 0.072000000  
24.410000 0.074000000  
24.420000 0.075000000  
24.430000 0.077000000  
24.440000 0.079000000  
24.450000 0.083000000  
24.460000 0.088000000  
24.470000 0.095000000  
24.480000 0.10300000   
24.490000 0.11200000   
24.500000 0.12300000   
24.510000 0.13500000   
24.520000 0.14900000   
24.530000 0.16400000   
24.540000 0.18200000   
24.550000 0.20000000   
24.560000 0.22000000   
24.570000 0.24000000   
24.580000 0.26000000   
24.590000 0.28200000   
24.600000 0.30400000   
24.610000 0.32700000   
24.620000 0.35000000   
24.630000 0.37200000   
24.640000 0.39300000   
24.650000 0.41300000   
24.660000 0.43300000   
24.670000 0.45300000   
24.680000 0.47000000   
24.690000 0.48600000   
24.700000 0.50000000   
24.710000 0.51000000   
24.720000 0.52000000   
24.730000 0.52700000   
24.740000 0.53200000   
24.750000 0.53400000   
24.760000 0.53400000   
24.770000 0.53200000   
24.780000 0.52600000   
24.790000 0.51800000   
24.800000 0.50900000   
24.810000 0.49800000   
24.820000 0.48500000   
24.830000 0.47200000   
24.840000 0.45600000   
24.850000 0.43800000   
24.860000 0.42000000   
24.870000 0.40100000   
24.880000 0.38400000   
24.890000 0.36700000   
24.900000 0.34900000   
24.910000 0.33000000   
24.920000 0.31300000   
24.930000 0.29700000   
24.940000 0.28200000   
24.950000 0.26900000   
24.960000 0.25700000   
24.970000 0.24500000   
24.980000 0.23500000   
24.990000 0.22800000   
25.000000 0.22300000   
25.010000 0.22000000   
25.020000 0.21900000   
25.030000 0.22000000   
25.040000 0.22300000   
25.050000 0.23000000   
25.060000 0.24100000   
25.070000 0.25700000   
25.080000 0.27600000   
25.090000 0.29800000   
25.100000 0.32400000   
25.110000 0.35500000   
25.120000 0.39000000   
25.130000 0.43000000   
25.140000 0.47600000   
25.150000 0.52800000   
25.160000 0.58300000   
25.170000 0.64100000   
25.180000 0.70000000   
25.190000 0.75900000   
25.200000 0.82300000   
25.210000 0.89000000   
25.220000 0.95900000   
25.230000 1.0260000    
25.240000 1.0890000    
25.250000 1.1450000    
25.260000 1.1960000    
25.270000 1.2460000    
25.280000 1.2920000    
25.290000 1.3330000    
25.300000 1.3650000    
25.310000 1.3880000    
25.320000 1.4000000    
25.330000 1.4030000    
25.340000 1.3980000    
25.350000 1.3850000    
25.360000 1.3660000    
25.370000 1.3400000    
25.380000 1.3070000    
25.390000 1.2640000    
25.400000 1.2130000    
25.410000 1.1570000    
25.420000 1.0970000    
25.430000 1.0370000    
25.440000 0.97900000   
25.450000 0.91900000   
25.460000 0.85700000   
25.470000 0.79300000   
25.480000 0.73100000   
25.490000 0.67300000   
25.500000 0.62100000   
25.510000 0.57500000   
25.520000 0.53400000   
25.530000 0.49600000   
25.540000 0.46300000   
25.550000 0.43400000   
25.560000 0.40900000   
25.570000 0.38900000   
25.580000 0.37500000   
25.590000 0.36700000   
25.600000 0.36300000   
25.610000 0.36100000   
25.620000 0.36000000   
25.630000 0.35900000   
25.640000 0.35800000   
25.650000 0.36000000   
25.660000 0.36300000   
25.670000 0.36600000   
25.680000 0.36800000   
25.690000 0.36800000   
25.700000 0.36400000   
25.710000 0.35800000   
25.720000 0.35100000   
25.730000 0.34200000   
25.740000 0.33100000   
25.750000 0.31900000   
25.760000 0.30600000   
25.770000 0.29100000   
25.780000 0.27300000   
25.790000 0.25400000   
25.800000 0.23400000   
25.810000 0.21400000   
25.820000 0.19500000   
25.830000 0.17800000   
25.840000 0.16000000   
25.850000 0.14200000   
25.860000 0.12500000   
25.870000 0.10900000   
25.880000 0.095000000  
25.890000 0.083000000  
25.900000 0.073000000  
25.910000 0.065000000  
25.920000 0.059000000  
25.930000 0.055000000  
25.940000 0.052000000  
25.950000 0.053000000  
25.960000 0.056000000  
25.970000 0.061000000  
25.980000 0.069000000  
25.990000 0.080000000  
26.000000 0.092000000  
26.010000 0.10700000   
26.020000 0.12300000   
26.030000 0.14100000   
26.040000 0.16300000   
26.050000 0.18600000   
26.060000 0.21100000   
26.070000 0.23800000   
26.080000 0.26400000   
26.090000 0.29100000   
26.100000 0.31900000   
26.110000 0.34900000   
26.120000 0.37900000   
26.130000 0.40900000   
26.140000 0.43900000   
26.150000 0.46700000   
26.160000 0.49200000   
26.170000 0.51700000   
26.180000 0.54100000   
26.190000 0.56400000   
26.200000 0.58500000   
26.210000 0.60400000   
26.220000 0.61900000   
26.230000 0.63200000   
26.240000 0.64100000   
26.250000 0.64800000   
26.260000 0.65300000   
26.270000 0.65400000   
26.280000 0.65400000   
26.290000 0.65100000   
26.300000 0.64500000   
26.310000 0.63600000   
26.320000 0.62400000   
26.330000 0.61000000   
26.340000 0.59400000   
26.350000 0.57700000   
26.360000 0.56000000   
26.370000 0.54100000   
26.380000 0.52000000   
26.390000 0.49800000   
26.400000 0.47500000   
26.410000 0.45200000   
26.420000 0.42900000   
26.430000 0.40800000   
26.440000 0.38700000   
26.450000 0.36500000   
26.460000 0.34400000   
26.470000 0.32400000   
26.480000 0.30400000   
26.490000 0.28600000   
26.500000 0.26900000   
26.510000 0.25400000   
26.520000 0.24000000   
26.530000 0.22700000   
26.540000 0.21400000   
26.550000 0.20400000   
26.560000 0.19400000   
26.570000 0.18500000   
26.580000 0.17700000   
26.590000 0.17100000   
26.600000 0.16600000   
26.610000 0.16200000   
26.620000 0.15800000   
26.630000 0.15500000   
26.640000 0.15200000   
26.650000 0.15100000   
26.660000 0.15000000   
26.670000 0.15000000   
26.680000 0.15000000   
26.690000 0.15000000   
26.700000 0.15000000   
26.710000 0.15000000   
26.720000 0.15100000   
26.730000 0.15100000   
26.740000 0.15200000   
26.750000 0.15300000   
26.760000 0.15300000   
26.770000 0.15300000   
26.780000 0.15200000   
26.790000 0.15100000   
26.800000 0.15000000   
26.810000 0.14800000   
26.820000 0.14600000   
26.830000 0.14400000   
26.840000 0.14100000   
26.850000 0.13800000   
26.860000 0.13400000   
26.870000 0.13000000   
26.880000 0.12500000   
26.890000 0.12100000   
26.900000 0.11600000   
26.910000 0.11200000   
26.920000 0.10900000   
26.930000 0.10500000   
26.940000 0.10100000   
26.950000 0.098000000  
26.960000 0.095000000  
26.970000 0.093000000  
26.980000 0.092000000  
26.990000 0.092000000  
27.000000 0.093000000  
27.010000 0.095000000  
27.020000 0.097000000  
27.030000 0.10100000   
27.040000 0.10500000   
27.050000 0.11100000   
27.060000 0.11700000   
27.070000 0.12500000   
27.080000 0.13400000   
27.090000 0.14400000   
27.100000 0.15500000   
27.110000 0.16600000   
27.120000 0.17800000   
27.130000 0.19000000   
27.140000 0.20200000   
27.150000 0.21600000   
27.160000 0.23000000   
27.170000 0.24400000   
27.180000 0.25800000   
27.190000 0.27100000   
27.200000 0.28300000   
27.210000 0.29400000   
27.220000 0.30500000   
27.230000 0.31500000   
27.240000 0.32500000   
27.250000 0.33400000   
27.260000 0.34100000   
27.270000 0.34700000   
27.280000 0.35100000   
27.290000 0.35300000   
27.300000 0.35400000   
27.310000 0.35300000   
27.320000 0.35100000   
27.330000 0.34700000   
27.340000 0.34200000   
27.350000 0.33600000   
27.360000 0.32800000   
27.370000 0.31800000   
27.380000 0.30600000   
27.390000 0.29300000   
27.400000 0.27900000   
27.410000 0.26500000   
27.420000 0.25100000   
27.430000 0.23700000   
27.440000 0.22200000   
27.450000 0.20700000   
27.460000 0.19100000   
27.470000 0.17500000   
27.480000 0.16000000   
27.490000 0.14600000   
27.500000 0.13400000   
27.510000 0.12300000   
27.520000 0.11300000   
27.530000 0.10300000   
27.540000 0.095000000  
27.550000 0.088000000  
27.560000 0.082000000  
27.570000 0.078000000  
27.580000 0.076000000  
27.590000 0.075000000  
27.600000 0.076000000  
27.610000 0.079000000  
27.620000 0.082000000  
27.630000 0.086000000  
27.640000 0.091000000  
27.650000 0.096000000  
27.660000 0.10200000   
27.670000 0.10800000   
27.680000 0.11600000   
27.690000 0.12400000   
27.700000 0.13300000   
27.710000 0.14100000   
27.720000 0.14800000   
27.730000 0.15500000   
27.740000 0.16200000   
27.750000 0.16900000   
27.760000 0.17500000   
27.770000 0.18200000   
27.780000 0.18800000   
27.790000 0.19500000   
27.800000 0.20200000   
27.810000 0.20800000   
27.820000 0.21400000   
27.830000 0.21900000   
27.840000 0.22500000   
27.850000 0.23200000   
27.860000 0.24000000   
27.870000 0.24900000   
27.880000 0.26000000   
27.890000 0.27200000   
27.900000 0.28400000   
27.910000 0.29700000   
27.920000 0.31200000   
27.930000 0.32800000   
27.940000 0.34700000   
27.950000 0.36700000   
27.960000 0.39000000   
27.970000 0.41500000   
27.980000 0.44200000   
27.990000 0.47100000   
28.000000 0.50100000   
28.010000 0.53200000   
28.020000 0.56400000   
28.030000 0.59700000   
28.040000 0.63300000   
28.050000 0.67000000   
28.060000 0.70900000   
28.070000 0.74800000   
28.080000 0.78700000   
28.090000 0.82500000   
28.100000 0.86200000   
28.110000 0.89600000   
28.120000 0.93000000   
28.130000 0.96400000   
28.140000 0.99800000   
28.150000 1.0290000    
28.160000 1.0590000    
28.170000 1.0850000    
28.180000 1.1070000    
28.190000 1.1260000    
28.200000 1.1410000    
28.210000 1.1540000    
28.220000 1.1630000    
28.230000 1.1700000    
28.240000 1.1740000    
28.250000 1.1760000    
28.260000 1.1750000    
28.270000 1.1700000    
28.280000 1.1610000    
28.290000 1.1490000    
28.300000 1.1350000    
28.310000 1.1190000    
28.320000 1.1020000    
28.330000 1.0840000    
28.340000 1.0680000    
28.350000 1.0500000    
28.360000 1.0310000    
28.370000 1.0120000    
28.380000 0.99100000   
28.390000 0.97100000   
28.400000 0.95100000   
28.410000 0.93200000   
28.420000 0.91500000   
28.430000 0.90000000   
28.440000 0.88500000   
28.450000 0.87100000   
28.460000 0.85800000   
28.470000 0.84500000   
28.480000 0.83300000   
28.490000 0.82000000   
28.500000 0.80600000   
28.510000 0.79300000   
28.520000 0.78100000   
28.530000 0.76900000   
28.540000 0.75600000   
28.550000 0.74300000   
28.560000 0.72900000   
28.570000 0.71400000   
28.580000 0.69700000   
28.590000 0.67800000   
28.600000 0.65700000   
28.610000 0.63500000   
28.620000 0.61300000   
28.630000 0.58900000   
28.640000 0.56600000   
28.650000 0.54200000   
28.660000 0.51800000   
28.670000 0.49200000   
28.680000 0.46600000   
28.690000 0.43800000   
28.700000 0.41000000   
28.710000 0.38300000   
28.720000 0.35700000   
28.730000 0.33300000   
28.740000 0.31200000   
28.750000 0.29200000   
28.760000 0.27400000   
28.770000 0.25600000   
28.780000 0.24000000   
28.790000 0.22600000   
28.800000 0.21400000   
28.810000 0.20400000   
28.820000 0.19700000   
28.830000 0.19300000   
28.840000 0.19200000   
28.850000 0.19300000   
28.860000 0.19700000   
28.870000 0.20200000   
28.880000 0.20900000   
28.890000 0.21800000   
28.900000 0.22700000   
28.910000 0.23800000   
28.920000 0.25100000   
28.930000 0.26500000   
28.940000 0.28200000   
28.950000 0.29900000   
28.960000 0.31700000   
28.970000 0.33500000   
28.980000 0.35200000   
28.990000 0.36900000   
29.000000 0.38600000   
29.010000 0.40400000   
29.020000 0.42200000   
29.030000 0.44000000   
29.040000 0.45700000   
29.050000 0.47500000   
29.060000 0.49200000   
29.070000 0.50800000   
29.080000 0.52400000   
29.090000 0.53800000   
29.100000 0.55300000   
29.110000 0.56700000   
29.120000 0.58100000   
29.130000 0.59500000   
29.140000 0.61000000   
29.150000 0.62500000   
29.160000 0.64100000   
29.170000 0.65600000   
29.180000 0.67100000   
29.190000 0.68600000   
29.200000 0.70200000   
29.210000 0.71900000   
29.220000 0.73800000   
29.230000 0.75800000   
29.240000 0.78100000   
29.250000 0.80600000   
29.260000 0.83100000   
29.270000 0.85800000   
29.280000 0.88700000   
29.290000 0.91700000   
29.300000 0.94900000   
29.310000 0.98300000   
29.320000 1.0200000    
29.330000 1.0590000    
29.340000 1.1010000    
29.350000 1.1450000    
29.360000 1.1910000    
29.370000 1.2380000    
29.380000 1.2870000    
29.390000 1.3360000    
29.400000 1.3850000    
29.410000 1.4340000    
29.420000 1.4860000    
29.430000 1.5400000    
29.440000 1.5940000    
29.450000 1.6490000    
29.460000 1.7030000    
29.470000 1.7560000    
29.480000 1.8070000    
29.490000 1.8550000    
29.500000 1.9020000    
29.510000 1.9480000    
29.520000 1.9940000    
29.530000 2.0380000    
29.540000 2.0800000    
29.550000 2.1190000    
29.560000 2.1560000    
29.570000 2.1890000    
29.580000 2.2190000    
29.590000 2.2460000    
29.600000 2.2700000    
29.610000 2.2910000    
29.620000 2.3100000    
29.630000 2.3260000    
29.640000 2.3390000    
29.650000 2.3490000    
29.660000 2.3560000    
29.670000 2.3590000    
29.680000 2.3600000    
29.690000 2.3570000    
29.700000 2.3510000    
29.710000 2.3430000    
29.720000 2.3320000    
29.730000 2.3190000    
29.740000 2.3030000    
29.750000 2.2860000    
29.760000 2.2660000    
29.770000 2.2420000    
29.780000 2.2160000    
29.790000 2.1880000    
29.800000 2.1590000    
29.810000 2.1270000    
29.820000 2.0950000    
29.830000 2.0630000    
29.840000 2.0300000    
29.850000 1.9950000    
29.860000 1.9580000    
29.870000 1.9200000    
29.880000 1.8810000    
29.890000 1.8410000    
29.900000 1.8030000    
29.910000 1.7660000    
29.920000 1.7310000    
29.930000 1.6980000    
29.940000 1.6640000    
29.950000 1.6310000    
29.960000 1.5990000    
29.970000 1.5680000    
29.980000 1.5390000    
29.990000 1.5120000    
30.000000 1.4890000    
