# WAVE    T            
1.4400000 -0.052000000 
1.4500000 0.032000000  
1.4600000 0.019000000  
1.4700000 0.060000000  
1.4800000 0.064000000  
1.4900000 0.11000000   
1.5000000 0.012000000  
1.5100000 0.019000000  
1.5200000 0.022000000  
1.5300000 0.16900000   
1.5400000 0.095000000  
1.5500000 -0.15700000  
1.5600000 0.038000000  
1.5700000 -0.11100000  
1.5800000 0.011000000  
1.5900000 0.045000000  
1.6000000 0.13200000   
1.6100000 0.030000000  
1.6200000 0.12000000   
1.6300000 0.12700000   
1.6400000 0.043000000  
1.6500000 0.096000000  
1.6600000 0.16200000   
1.6700000 0.0090000000 
1.6800000 0.021000000  
1.6900000 0.0070000000 
1.7000000 0.072000000  
1.7100000 0.093000000  
1.7200000 0.060000000  
1.7300000 -0.052000000 
1.7400000 0.064000000  
1.7500000 -0.058000000 
1.7600000 0.0090000000 
1.7700000 0.081000000  
1.7800000 0.042000000  
1.7900000 0.020000000  
1.8000000 0.070000000  
1.8100000 0.13100000   
1.8200000 -0.059000000 
1.8300000 0.020000000  
1.8400000 0.043000000  
1.8500000 -0.035000000 
1.8600000 -0.010000000 
1.8700000 0.047000000  
1.8800000 0.049000000  
1.8900000 0.011000000  
1.9000000 0.0050000000 
1.9100000 0.053000000  
1.9200000 -0.024000000 
1.9300000 0.058000000  
1.9400000 0.017000000  
1.9500000 0.0050000000 
1.9600000 -0.024000000 
1.9700000 0.031000000  
1.9800000 0.046000000  
1.9900000 0.033000000  
2.0000000 0.050000000  
2.0100000 0.023000000  
2.0200000 0.015000000  
2.0300000 0.0020000000 
2.0400000 0.0090000000 
2.0500000 0.052000000  
2.0600000 -0.0080000000
2.0700000 0.0070000000 
2.0800000 0.010000000  
2.0900000 -0.020000000 
2.1000000 -0.015000000 
2.1100000 0.017000000  
2.1200000 -0.018000000 
2.1300000 0.021000000  
2.1400000 0.024000000  
2.1500000 0.035000000  
2.1600000 0.0090000000 
2.1700000 0.010000000  
2.1800000 0.042000000  
2.1900000 0.018000000  
2.2000000 0.0050000000 
2.2100000 0.031000000  
2.2200000 0.0050000000 
2.2300000 0.031000000  
2.2400000 -0.036000000 
2.2500000 0.052000000  
2.2600000 0.064000000  
2.2700000 0.019000000  
2.2800000 0.060000000  
2.2900000 -0.0020000000
2.3000000 0.010000000  
2.3100000 -0.0050000000
2.3200000 0.056000000  
2.3300000 0.022000000  
2.3400000 0.018000000  
2.3500000 0.071000000  
2.3600000 -0.0010000000
2.3700000 0.055000000  
2.3800000 -0.021000000 
2.3900000 0.050000000  
2.4000000 0.046000000  
2.4100000 0.011000000  
2.4200000 0.0050000000 
2.4300000 0.029000000  
2.4400000 0.012000000  
2.4500000 0.017000000  
2.4600000 0.028000000  
2.4700000 -0.011000000 
2.4800000 -0.026000000 
2.4900000 0.018000000  
2.5000000 0.019000000  
2.5100000 0.043000000  
2.5200000 -0.016000000 
2.5300000 0.044000000  
2.5400000 0.015000000  
2.5500000 0.0000000    
2.5600000 0.032000000  
2.5700000 0.019000000  
2.5800000 0.068000000  
2.5900000 0.014000000  
2.6000000 0.019000000  
2.6100000 0.0040000000 
2.6200000 -0.0010000000
2.6300000 0.016000000  
2.6400000 -0.024000000 
2.6500000 0.015000000  
2.6600000 0.037000000  
2.6700000 -0.025000000 
2.6800000 -0.011000000 
2.6900000 0.0070000000 
2.7000000 -0.0080000000
2.7100000 0.0060000000 
2.7200000 0.018000000  
2.7300000 0.0070000000 
2.7400000 -0.0060000000
2.7500000 0.019000000  
2.7600000 0.017000000  
2.7700000 0.0040000000 
2.7800000 0.017000000  
2.7900000 -0.014000000 
2.8000000 0.0060000000 
2.8100000 0.0050000000 
2.8200000 -0.0060000000
2.8300000 -0.0040000000
2.8400000 0.0040000000 
2.8500000 0.0010000000 
2.8600000 -0.0010000000
2.8700000 0.0030000000 
2.8800000 0.015000000  
2.8900000 0.0000000    
2.9000000 -0.010000000 
2.9100000 0.011000000  
2.9200000 0.010000000  
2.9300000 -0.014000000 
2.9400000 0.0050000000 
2.9500000 -0.0060000000
2.9600000 -0.0010000000
2.9700000 0.0060000000 
2.9800000 0.0080000000 
2.9900000 -0.0030000000
3.0000000 -0.0020000000
3.0100000 0.014000000  
3.0200000 0.0030000000 
3.0300000 -0.014000000 
3.0400000 0.010000000  
3.0500000 0.0060000000 
3.0600000 0.0060000000 
3.0700000 -0.014000000 
3.0800000 -0.0060000000
3.0900000 -0.0020000000
3.1000000 -0.0060000000
3.1100000 0.0000000    
3.1200000 0.0080000000 
3.1300000 -0.0070000000
3.1400000 0.0010000000 
3.1500000 0.0060000000 
3.1600000 0.0060000000 
3.1700000 0.0000000    
3.1800000 0.0070000000 
3.1900000 0.0000000    
3.2000000 0.0070000000 
3.2100000 -0.0060000000
3.2200000 0.012000000  
3.2300000 -0.0010000000
3.2400000 -0.0070000000
3.2500000 0.0000000    
3.2600000 0.0010000000 
3.2700000 0.0050000000 
3.2800000 0.0030000000 
3.2900000 -0.0030000000
3.3000000 0.0040000000 
3.3100000 0.018000000  
3.3200000 -0.0030000000
3.3300000 0.0020000000 
3.3400000 -0.0040000000
3.3500000 -0.0020000000
3.3600000 -0.0010000000
3.3700000 -0.0050000000
3.3800000 0.0010000000 
3.3900000 0.016000000  
3.4000000 0.0080000000 
3.4100000 -0.0020000000
3.4200000 0.0000000    
3.4300000 -0.0040000000
3.4400000 0.0010000000 
3.4500000 0.0030000000 
3.4600000 0.0000000    
3.4700000 0.0050000000 
3.4800000 0.011000000  
3.4900000 0.0060000000 
3.5000000 0.0040000000 
3.5100000 0.0030000000 
3.5200000 0.0060000000 
3.5300000 -0.0050000000
3.5400000 0.014000000  
3.5500000 0.0020000000 
3.5600000 -0.0030000000
3.5700000 0.0010000000 
3.5800000 -0.0010000000
3.5900000 0.0060000000 
3.6000000 -0.0030000000
3.6100000 -0.0030000000
3.6200000 0.0080000000 
3.6300000 0.0010000000 
3.6400000 0.0010000000 
3.6500000 0.0040000000 
3.6600000 0.0060000000 
3.6700000 0.0020000000 
3.6800000 0.0010000000 
3.6900000 -0.0070000000
3.7000000 0.010000000  
3.7100000 0.0000000    
3.7200000 0.0000000    
3.7300000 -0.0030000000
3.7400000 0.0000000    
3.7500000 0.0000000    
3.7600000 0.0000000    
3.7700000 -0.0040000000
3.7800000 -0.0010000000
3.7900000 0.0010000000 
3.8000000 0.0080000000 
3.8100000 -0.0060000000
3.8200000 0.0000000    
3.8300000 0.0060000000 
3.8400000 0.0000000    
3.8500000 0.0060000000 
3.8600000 -0.0030000000
3.8700000 -0.0050000000
3.8800000 0.0010000000 
3.8900000 0.0070000000 
3.9000000 -0.0060000000
3.9100000 0.0010000000 
3.9200000 -0.0040000000
3.9300000 0.0040000000 
3.9400000 -0.0030000000
3.9500000 0.0090000000 
3.9600000 0.0040000000 
3.9700000 0.017000000  
3.9800000 -0.0050000000
3.9900000 0.0020000000 
4.0000000 -0.0010000000
4.0100000 -0.0050000000
4.0200000 -0.0030000000
4.0300000 0.0080000000 
4.0400000 0.0060000000 
4.0500000 0.0070000000 
4.0600000 0.0050000000 
4.0700000 0.0040000000 
4.0800000 -0.0010000000
4.0900000 0.0080000000 
4.1000000 0.0000000    
4.1100000 -0.011000000 
4.1200000 -0.013000000 
4.1300000 -0.036000000 
4.1400000 -0.074000000 
4.1500000 -0.077000000 
4.1600000 -0.012000000 
4.1700000 0.048000000  
4.1800000 -0.051000000 
4.1900000 0.043000000  
4.2000000 -0.038000000 
4.2100000 0.026000000  
4.2200000 0.017000000  
4.2300000 0.014000000  
4.2400000 0.0040000000 
4.2500000 0.0000000    
4.2600000 0.0020000000 
4.2700000 0.0040000000 
4.2800000 0.0060000000 
4.2900000 0.0040000000 
4.3000000 0.012000000  
4.3100000 -0.0060000000
4.3200000 0.010000000  
4.3300000 0.0060000000 
4.3400000 0.018000000  
4.3500000 0.0050000000 
4.3600000 0.0010000000 
4.3700000 -0.0030000000
4.3800000 0.0030000000 
4.3900000 0.0080000000 
4.4000000 0.0040000000 
4.4100000 -0.0020000000
4.4200000 0.0060000000 
4.4300000 0.0060000000 
4.4400000 0.011000000  
4.4500000 0.0080000000 
4.4600000 -0.0030000000
4.4700000 0.0020000000 
4.4800000 -0.0040000000
4.4900000 0.0070000000 
4.5000000 0.0060000000 
4.5100000 0.0080000000 
4.5200000 -0.0040000000
4.5300000 -0.0050000000
4.5400000 -0.016000000 
4.5500000 -0.0050000000
4.5600000 -0.0040000000
4.5700000 0.015000000  
4.5800000 0.0030000000 
4.5900000 0.0000000    
4.6000000 -0.0010000000
4.6100000 0.0030000000 
4.6200000 -0.0090000000
4.6300000 0.012000000  
4.6400000 0.0080000000 
4.6500000 0.016000000  
4.6600000 -0.0020000000
4.6700000 -0.0090000000
4.6800000 0.0040000000 
4.6900000 -0.0020000000
4.7000000 0.0010000000 
4.7100000 0.0090000000 
4.7200000 -0.0090000000
4.7300000 -0.0090000000
4.7400000 0.0050000000 
4.7500000 -0.0020000000
4.7600000 -0.012000000 
4.7700000 -0.0080000000
4.7800000 -0.022000000 
4.7900000 -0.0040000000
4.8000000 -0.0060000000
4.8100000 0.0070000000 
4.8200000 -0.0030000000
4.8300000 -0.0010000000
4.8400000 0.0070000000 
4.8500000 0.0070000000 
4.8600000 -0.0030000000
4.8700000 0.0000000    
4.8800000 0.013000000  
4.8900000 0.0020000000 
4.9000000 0.0030000000 
4.9100000 0.0020000000 
4.9200000 0.0080000000 
4.9300000 -0.0060000000
4.9400000 0.0070000000 
4.9500000 0.011000000  
4.9600000 0.0060000000 
4.9700000 0.0070000000 
4.9800000 0.018000000  
4.9900000 0.0000000    
5.0000000 0.0000000    
5.0100000 -0.0020000000
5.0200000 -0.015000000 
5.0300000 -0.0030000000
5.0400000 0.0040000000 
5.0500000 0.0050000000 
5.0600000 0.0030000000 
5.0700000 0.0000000    
5.0800000 0.0050000000 
5.0900000 -0.0070000000
5.1000000 0.0070000000 
5.1100000 0.020000000  
5.1200000 0.0080000000 
5.1300000 0.0010000000 
5.1400000 -0.0010000000
5.1500000 -0.0080000000
5.1600000 0.0000000    
5.1700000 0.0090000000 
5.1800000 0.0010000000 
5.1900000 0.011000000  
5.2000000 0.019000000  
5.2100000 0.016000000  
5.2200000 0.0070000000 
5.2300000 0.0060000000 
5.2400000 -0.0020000000
5.2500000 0.0000000    
5.2600000 0.0040000000 
5.2700000 0.0040000000 
5.2800000 0.026000000  
5.2900000 0.012000000  
5.3000000 0.0030000000 
5.3100000 0.0090000000 
5.3200000 0.0020000000 
5.3300000 0.0000000    
5.3400000 -0.0040000000
5.3500000 -0.0050000000
5.3600000 -0.0060000000
5.3700000 0.010000000  
5.3800000 0.023000000  
5.3900000 0.015000000  
5.4000000 0.011000000  
5.4100000 0.010000000  
5.4200000 -0.0050000000
5.4300000 0.0000000    
5.4400000 0.019000000  
5.4500000 0.015000000  
5.4600000 -0.0020000000
5.4700000 -0.0020000000
5.4800000 0.0010000000 
5.4900000 0.0020000000 
5.5000000 0.0070000000 
5.5100000 0.0080000000 
5.5200000 -0.0020000000
5.5300000 -0.0080000000
5.5400000 -0.015000000 
5.5500000 -0.025000000 
5.5600000 -0.0060000000
5.5700000 -0.0060000000
5.5800000 -0.0030000000
5.5900000 0.017000000  
5.6000000 0.0080000000 
5.6100000 0.0020000000 
5.6200000 0.020000000  
5.6300000 0.015000000  
5.6400000 0.0070000000 
5.6500000 0.010000000  
5.6600000 0.0010000000 
5.6700000 0.0080000000 
5.6800000 0.012000000  
5.6900000 0.011000000  
5.7000000 0.0020000000 
5.7100000 0.019000000  
5.7200000 -0.0060000000
5.7300000 -0.0090000000
5.7400000 -0.0030000000
5.7500000 0.0050000000 
5.7600000 0.010000000  
5.7700000 0.014000000  
5.7800000 0.0080000000 
5.7900000 0.015000000  
5.8000000 0.0060000000 
5.8100000 0.0030000000 
5.8200000 0.013000000  
5.8300000 0.039000000  
5.8400000 0.033000000  
5.8500000 0.0090000000 
5.8600000 0.0090000000 
5.8700000 0.011000000  
5.8800000 0.0060000000 
5.8900000 0.014000000  
5.9000000 0.020000000  
5.9100000 0.0040000000 
5.9200000 -0.0080000000
5.9300000 -0.0060000000
5.9400000 0.010000000  
5.9500000 0.017000000  
5.9600000 -0.0050000000
5.9700000 -0.012000000 
5.9800000 -0.0070000000
5.9900000 -0.0060000000
6.0000000 0.0000000    
6.0100000 -0.0030000000
6.0200000 0.0050000000 
6.0300000 0.012000000  
6.0400000 0.014000000  
6.0500000 0.0060000000 
6.0600000 0.0050000000 
6.0700000 0.0090000000 
6.0800000 0.0090000000 
6.0900000 0.0090000000 
6.1000000 0.013000000  
6.1100000 0.012000000  
6.1200000 0.0090000000 
6.1300000 0.015000000  
6.1400000 0.014000000  
6.1500000 0.0000000    
6.1600000 -0.0090000000
6.1700000 0.0040000000 
6.1800000 0.013000000  
6.1900000 0.0000000    
6.2000000 0.0020000000 
6.2100000 0.0050000000 
6.2200000 0.0000000    
6.2300000 0.015000000  
6.2400000 0.021000000  
6.2500000 0.0060000000 
6.2600000 0.0000000    
6.2700000 0.0090000000 
6.2800000 0.017000000  
6.2900000 0.0090000000 
6.3000000 0.0030000000 
6.3100000 -0.0080000000
6.3200000 -0.0060000000
6.3300000 0.0090000000 
6.3400000 0.0090000000 
6.3500000 -0.0030000000
6.3600000 -0.0070000000
6.3700000 0.0010000000 
6.3800000 0.0020000000 
6.3900000 -0.0030000000
6.4000000 0.0000000    
6.4100000 0.0020000000 
6.4200000 -0.0020000000
6.4300000 -0.0030000000
6.4400000 -0.013000000 
6.4500000 -0.023000000 
6.4600000 -0.028000000 
6.4700000 -0.029000000 
6.4800000 0.0050000000 
6.4900000 0.044000000  
6.5000000 0.048000000  
6.5100000 0.040000000  
6.5200000 0.028000000  
6.5300000 0.022000000  
6.5400000 0.053000000  
6.5500000 0.039000000  
6.5600000 0.024000000  
6.5700000 0.027000000  
6.5800000 0.030000000  
6.5900000 0.012000000  
6.6000000 0.014000000  
6.6100000 0.010000000  
6.6200000 -0.017000000 
6.6300000 -0.019000000 
6.6400000 -0.0060000000
6.6500000 -0.0040000000
6.6600000 -0.0070000000
6.6700000 -0.0030000000
6.6800000 -0.0010000000
6.6900000 -0.0060000000
6.7000000 -0.0020000000
6.7100000 -0.0010000000
6.7200000 -0.010000000 
6.7300000 -0.0050000000
6.7400000 0.0030000000 
6.7500000 0.0000000    
6.7600000 -0.014000000 
6.7700000 -0.016000000 
6.7800000 -0.0020000000
6.7900000 0.0070000000 
6.8000000 0.0010000000 
6.8100000 -0.0090000000
6.8200000 -0.011000000 
6.8300000 -0.010000000 
6.8400000 -0.0070000000
6.8500000 -0.0060000000
6.8600000 0.0020000000 
6.8700000 0.017000000  
6.8800000 0.024000000  
6.8900000 0.020000000  
6.9000000 0.014000000  
6.9100000 0.016000000  
6.9200000 0.022000000  
6.9300000 0.031000000  
6.9400000 0.034000000  
6.9500000 0.023000000  
6.9600000 0.014000000  
6.9700000 0.015000000  
6.9800000 0.014000000  
6.9900000 0.012000000  
7.0000000 0.0060000000 
7.0100000 0.0050000000 
7.0200000 0.0090000000 
7.0300000 0.0050000000 
7.0400000 -0.010000000 
7.0500000 -0.022000000 
7.0600000 -0.019000000 
7.0700000 -0.013000000 
7.0800000 -0.013000000 
7.0900000 -0.0080000000
7.1000000 0.0080000000 
7.1100000 0.022000000  
7.1200000 0.024000000  
7.1300000 0.019000000  
7.1400000 0.018000000  
7.1500000 0.023000000  
7.1600000 0.024000000  
7.1700000 0.015000000  
7.1800000 0.0070000000 
7.1900000 0.0090000000 
7.2000000 0.013000000  
7.2100000 0.017000000  
7.2200000 0.018000000  
7.2300000 0.014000000  
7.2400000 0.0070000000 
7.2500000 0.0010000000 
7.2600000 -0.0030000000
7.2700000 -0.0040000000
7.2800000 -0.0020000000
7.2900000 -0.0020000000
7.3000000 -0.0080000000
7.3100000 -0.015000000 
7.3200000 -0.016000000 
7.3300000 -0.0080000000
7.3400000 -0.0010000000
7.3500000 0.0000000    
7.3600000 0.0030000000 
7.3700000 0.012000000  
7.3800000 0.020000000  
7.3900000 0.024000000  
7.4000000 0.028000000  
7.4100000 0.031000000  
7.4200000 0.032000000  
7.4300000 0.033000000  
7.4400000 0.035000000  
7.4500000 0.033000000  
7.4600000 0.030000000  
7.4700000 0.029000000  
7.4800000 0.027000000  
7.4900000 0.024000000  
7.5000000 0.019000000  
7.5100000 0.013000000  
7.5200000 0.011000000  
7.5300000 0.014000000  
7.5400000 0.017000000  
7.5500000 0.016000000  
7.5600000 0.018000000  
7.5700000 0.021000000  
7.5800000 0.023000000  
7.5900000 0.021000000  
7.6000000 0.016000000  
7.6100000 0.011000000  
7.6200000 0.012000000  
7.6300000 0.013000000  
7.6400000 0.010000000  
7.6500000 0.0060000000 
7.6600000 0.0080000000 
7.6700000 0.015000000  
7.6800000 0.019000000  
7.6900000 0.016000000  
7.7000000 0.010000000  
7.7100000 0.0050000000 
7.7200000 0.0020000000 
7.7300000 0.0000000    
7.7400000 -0.0030000000
7.7500000 -0.0050000000
7.7600000 -0.0020000000
7.7700000 0.0080000000 
7.7800000 0.015000000  
7.7900000 0.016000000  
7.8000000 0.015000000  
7.8100000 0.017000000  
7.8200000 0.015000000  
7.8300000 0.0070000000 
7.8400000 0.0030000000 
7.8500000 0.0050000000 
7.8600000 0.010000000  
7.8700000 0.010000000  
7.8800000 0.0090000000 
7.8900000 0.0060000000 
7.9000000 0.0030000000 
7.9100000 0.0000000    
7.9200000 -0.0030000000
7.9300000 -0.0040000000
7.9400000 -0.0050000000
7.9500000 -0.0050000000
7.9600000 -0.0040000000
7.9700000 -0.0030000000
7.9800000 -0.0010000000
7.9900000 0.0000000    
8.0000000 0.0000000    
8.0100000 -0.0010000000
8.0200000 -0.0040000000
8.0300000 -0.0050000000
8.0400000 -0.0010000000
8.0500000 0.0040000000 
8.0600000 0.0050000000 
8.0700000 0.0050000000 
8.0800000 0.0040000000 
8.0900000 0.0030000000 
8.1000000 0.0020000000 
8.1100000 0.0010000000 
8.1200000 0.0030000000 
8.1300000 0.0040000000 
8.1400000 0.0040000000 
8.1500000 0.0050000000 
8.1600000 0.0070000000 
8.1700000 0.0080000000 
8.1800000 0.0080000000 
8.1900000 0.0090000000 
8.2000000 0.0080000000 
8.2100000 0.0070000000 
8.2200000 0.0090000000 
8.2300000 0.015000000  
8.2400000 0.021000000  
8.2500000 0.022000000  
8.2600000 0.021000000  
8.2700000 0.023000000  
8.2800000 0.025000000  
8.2900000 0.026000000  
8.3000000 0.023000000  
8.3100000 0.021000000  
8.3200000 0.020000000  
8.3300000 0.020000000  
8.3400000 0.022000000  
8.3500000 0.024000000  
8.3600000 0.024000000  
8.3700000 0.021000000  
8.3800000 0.018000000  
8.3900000 0.018000000  
8.4000000 0.021000000  
8.4100000 0.024000000  
8.4200000 0.021000000  
8.4300000 0.014000000  
8.4400000 0.0070000000 
8.4500000 0.0080000000 
8.4600000 0.015000000  
8.4700000 0.020000000  
8.4800000 0.018000000  
8.4900000 0.012000000  
8.5000000 0.0080000000 
8.5100000 0.0070000000 
8.5200000 0.0090000000 
8.5300000 0.010000000  
8.5400000 0.012000000  
8.5500000 0.016000000  
8.5600000 0.022000000  
8.5700000 0.028000000  
8.5800000 0.032000000  
8.5900000 0.032000000  
8.6000000 0.030000000  
8.6100000 0.025000000  
8.6200000 0.018000000  
8.6300000 0.012000000  
8.6400000 0.011000000  
8.6500000 0.014000000  
8.6600000 0.017000000  
8.6700000 0.018000000  
8.6800000 0.018000000  
8.6900000 0.019000000  
8.7000000 0.021000000  
8.7100000 0.022000000  
8.7200000 0.023000000  
8.7300000 0.023000000  
8.7400000 0.022000000  
8.7500000 0.020000000  
8.7600000 0.016000000  
8.7700000 0.013000000  
8.7800000 0.012000000  
8.7900000 0.012000000  
8.8000000 0.013000000  
8.8100000 0.015000000  
8.8200000 0.018000000  
8.8300000 0.020000000  
8.8400000 0.021000000  
8.8500000 0.018000000  
8.8600000 0.015000000  
8.8700000 0.014000000  
8.8800000 0.014000000  
8.8900000 0.013000000  
8.9000000 0.0090000000 
8.9100000 0.0060000000 
8.9200000 0.0080000000 
8.9300000 0.011000000  
8.9400000 0.014000000  
8.9500000 0.013000000  
8.9600000 0.011000000  
8.9700000 0.011000000  
8.9800000 0.012000000  
8.9900000 0.015000000  
9.0000000 0.017000000  
9.0100000 0.017000000  
9.0200000 0.016000000  
9.0300000 0.014000000  
9.0400000 0.014000000  
9.0500000 0.015000000  
9.0600000 0.015000000  
9.0700000 0.014000000  
9.0800000 0.0090000000 
9.0900000 0.0030000000 
9.1000000 -0.0030000000
9.1100000 -0.0040000000
9.1200000 -0.0010000000
9.1300000 0.0060000000 
9.1400000 0.012000000  
9.1500000 0.017000000  
9.1600000 0.018000000  
9.1700000 0.017000000  
9.1800000 0.016000000  
9.1900000 0.014000000  
9.2000000 0.013000000  
9.2100000 0.011000000  
9.2200000 0.0090000000 
9.2300000 0.0070000000 
9.2400000 0.0050000000 
9.2500000 0.0040000000 
9.2600000 0.0060000000 
9.2700000 0.0090000000 
9.2800000 0.014000000  
9.2900000 0.018000000  
9.3000000 0.021000000  
9.3100000 0.022000000  
9.3200000 0.021000000  
9.3300000 0.018000000  
9.3400000 0.014000000  
9.3500000 0.012000000  
9.3600000 0.012000000  
9.3700000 0.015000000  
9.3800000 0.020000000  
9.3900000 0.025000000  
9.4000000 0.028000000  
9.4100000 0.026000000  
9.4200000 0.022000000  
9.4300000 0.017000000  
9.4400000 0.013000000  
9.4500000 0.011000000  
9.4600000 0.010000000  
9.4700000 0.0090000000 
9.4800000 0.010000000  
9.4900000 0.011000000  
9.5000000 0.013000000  
9.5100000 0.015000000  
9.5200000 0.014000000  
9.5300000 0.012000000  
9.5400000 0.010000000  
9.5500000 0.0090000000 
9.5600000 0.010000000  
9.5700000 0.012000000  
9.5800000 0.012000000  
9.5900000 0.013000000  
9.6000000 0.014000000  
9.6100000 0.014000000  
9.6200000 0.013000000  
9.6300000 0.011000000  
9.6400000 0.0080000000 
9.6500000 0.0060000000 
9.6600000 0.0080000000 
9.6700000 0.011000000  
9.6800000 0.017000000  
9.6900000 0.021000000  
9.7000000 0.023000000  
9.7100000 0.022000000  
9.7200000 0.017000000  
9.7300000 0.011000000  
9.7400000 0.0070000000 
9.7500000 0.0050000000 
9.7600000 0.0050000000 
9.7700000 0.0040000000 
9.7800000 0.0010000000 
9.7900000 -0.0020000000
9.8000000 -0.0050000000
9.8100000 -0.0060000000
9.8200000 -0.0070000000
9.8300000 -0.0060000000
9.8400000 -0.0040000000
9.8500000 -0.0010000000
9.8600000 0.0030000000 
9.8700000 0.0060000000 
9.8800000 0.0080000000 
9.8900000 0.0090000000 
9.9000000 0.0080000000 
9.9100000 0.0060000000 
9.9200000 0.0050000000 
9.9300000 0.0070000000 
9.9400000 0.012000000  
9.9500000 0.017000000  
9.9600000 0.018000000  
9.9700000 0.017000000  
9.9800000 0.014000000  
9.9900000 0.013000000  
10.000000 0.014000000  
10.010000 0.015000000  
10.020000 0.013000000  
10.030000 0.0080000000 
10.040000 0.0030000000 
10.050000 0.0010000000 
10.060000 0.0010000000 
10.070000 0.0040000000 
10.080000 0.0060000000 
10.090000 0.0060000000 
10.100000 0.0030000000 
10.110000 -0.0020000000
10.120000 -0.0060000000
10.130000 -0.0070000000
10.140000 -0.0070000000
10.150000 -0.0040000000
10.160000 -0.0010000000
10.170000 0.0010000000 
10.180000 0.0020000000 
10.190000 0.0020000000 
10.200000 0.0000000    
10.210000 -0.0010000000
10.220000 0.0000000    
10.230000 0.0010000000 
10.240000 0.0040000000 
10.250000 0.0060000000 
10.260000 0.0080000000 
10.270000 0.0080000000 
10.280000 0.0070000000 
10.290000 0.0050000000 
10.300000 0.0030000000 
10.310000 0.0000000    
10.320000 -0.0020000000
10.330000 -0.0040000000
10.340000 -0.0030000000
10.350000 -0.0020000000
10.360000 0.0010000000 
10.370000 0.0020000000 
10.380000 0.0020000000 
10.390000 -0.0010000000
10.400000 -0.0040000000
10.410000 -0.0060000000
10.420000 -0.0070000000
10.430000 -0.0040000000
10.440000 -0.0010000000
10.450000 0.0030000000 
10.460000 0.0050000000 
10.470000 0.0050000000 
10.480000 0.0040000000 
10.490000 0.0020000000 
10.500000 0.0010000000 
10.510000 0.0000000    
10.520000 -0.0020000000
10.530000 -0.0040000000
10.540000 -0.0070000000
10.550000 -0.0080000000
10.560000 -0.0070000000
10.570000 -0.0060000000
10.580000 -0.0040000000
10.590000 -0.0020000000
10.600000 -0.0010000000
10.610000 0.0010000000 
10.620000 0.0030000000 
10.630000 0.0050000000 
10.640000 0.0060000000 
10.650000 0.0060000000 
10.660000 0.0050000000 
10.670000 0.0040000000 
10.680000 0.0010000000 
10.690000 -0.0010000000
10.700000 -0.0030000000
10.710000 -0.0040000000
10.720000 -0.0030000000
10.730000 -0.0030000000
10.740000 -0.0020000000
10.750000 -0.0010000000
10.760000 0.0000000    
10.770000 -0.0010000000
10.780000 -0.0010000000
10.790000 -0.0020000000
10.800000 -0.0030000000
10.810000 -0.0040000000
10.820000 -0.0050000000
10.830000 -0.0050000000
10.840000 -0.0050000000
10.850000 -0.0040000000
10.860000 -0.0050000000
10.870000 -0.0050000000
10.880000 -0.0050000000
10.890000 -0.0040000000
10.900000 -0.0010000000
10.910000 0.0020000000 
10.920000 0.0060000000 
10.930000 0.0090000000 
10.940000 0.010000000  
10.950000 0.0090000000 
10.960000 0.0080000000 
10.970000 0.0070000000 
10.980000 0.0060000000 
10.990000 0.0060000000 
11.000000 0.0070000000 
11.010000 0.0090000000 
11.020000 0.010000000  
11.030000 0.010000000  
11.040000 0.0090000000 
11.050000 0.0080000000 
11.060000 0.0080000000 
11.070000 0.0070000000 
11.080000 0.0070000000 
11.090000 0.0070000000 
11.100000 0.0060000000 
11.110000 0.0040000000 
11.120000 0.0020000000 
11.130000 0.0000000    
11.140000 0.0000000    
11.150000 0.0010000000 
11.160000 0.0040000000 
11.170000 0.0070000000 
11.180000 0.010000000  
11.190000 0.010000000  
11.200000 0.0080000000 
11.210000 0.0050000000 
11.220000 0.0000000    
11.230000 -0.0030000000
11.240000 -0.0050000000
11.250000 -0.0060000000
11.260000 -0.0040000000
11.270000 -0.0020000000
11.280000 0.0010000000 
11.290000 0.0030000000 
11.300000 0.0050000000 
11.310000 0.0050000000 
11.320000 0.0060000000 
11.330000 0.0060000000 
11.340000 0.0070000000 
11.350000 0.0080000000 
11.360000 0.0080000000 
11.370000 0.0080000000 
11.380000 0.0080000000 
11.390000 0.0060000000 
11.400000 0.0050000000 
11.410000 0.0050000000 
11.420000 0.0050000000 
11.430000 0.0070000000 
11.440000 0.010000000  
11.450000 0.013000000  
11.460000 0.016000000  
11.470000 0.018000000  
11.480000 0.020000000  
11.490000 0.020000000  
11.500000 0.019000000  
11.510000 0.017000000  
11.520000 0.015000000  
11.530000 0.012000000  
11.540000 0.0090000000 
11.550000 0.0070000000 
11.560000 0.0050000000 
11.570000 0.0030000000 
11.580000 0.0030000000 
11.590000 0.0030000000 
11.600000 0.0040000000 
11.610000 0.0050000000 
11.620000 0.0050000000 
11.630000 0.0060000000 
11.640000 0.0060000000 
11.650000 0.0060000000 
11.660000 0.0060000000 
11.670000 0.0040000000 
11.680000 0.0020000000 
11.690000 0.0000000    
11.700000 -0.0030000000
11.710000 -0.0040000000
11.720000 -0.0040000000
11.730000 -0.0030000000
11.740000 -0.0010000000
11.750000 0.0020000000 
11.760000 0.0040000000 
11.770000 0.0070000000 
11.780000 0.010000000  
11.790000 0.014000000  
11.800000 0.017000000  
11.810000 0.019000000  
11.820000 0.020000000  
11.830000 0.019000000  
11.840000 0.016000000  
11.850000 0.012000000  
11.860000 0.0080000000 
11.870000 0.0040000000 
11.880000 0.0010000000 
11.890000 -0.0020000000
11.900000 -0.0040000000
11.910000 -0.0060000000
11.920000 -0.0060000000
11.930000 -0.0040000000
11.940000 0.0000000    
11.950000 0.0050000000 
11.960000 0.011000000  
11.970000 0.015000000  
11.980000 0.018000000  
11.990000 0.019000000  
12.000000 0.018000000  
12.010000 0.016000000  
12.020000 0.013000000  
12.030000 0.012000000  
12.040000 0.012000000  
12.050000 0.013000000  
12.060000 0.015000000  
12.070000 0.016000000  
12.080000 0.016000000  
12.090000 0.016000000  
12.100000 0.015000000  
12.110000 0.015000000  
12.120000 0.015000000  
12.130000 0.016000000  
12.140000 0.017000000  
12.150000 0.018000000  
12.160000 0.020000000  
12.170000 0.021000000  
12.180000 0.023000000  
12.190000 0.025000000  
12.200000 0.027000000  
12.210000 0.029000000  
12.220000 0.030000000  
12.230000 0.030000000  
12.240000 0.029000000  
12.250000 0.027000000  
12.260000 0.025000000  
12.270000 0.021000000  
12.280000 0.015000000  
12.290000 0.0090000000 
12.300000 0.0020000000 
12.310000 -0.0040000000
12.320000 -0.010000000 
12.330000 -0.013000000 
12.340000 -0.015000000 
12.350000 -0.015000000 
12.360000 -0.012000000 
12.370000 -0.0060000000
12.380000 0.0030000000 
12.390000 0.015000000  
12.400000 0.028000000  
12.410000 0.039000000  
12.420000 0.046000000  
12.430000 0.047000000  
12.440000 0.039000000  
12.450000 0.026000000  
12.460000 0.0080000000 
12.470000 -0.010000000 
12.480000 -0.025000000 
12.490000 -0.035000000 
12.500000 -0.040000000 
12.510000 -0.041000000 
12.520000 -0.037000000 
12.530000 -0.033000000 
12.540000 -0.027000000 
12.550000 -0.022000000 
12.560000 -0.017000000 
12.570000 -0.014000000 
12.580000 -0.010000000 
12.590000 -0.0080000000
12.600000 -0.0050000000
12.610000 -0.0020000000
12.620000 0.0010000000 
12.630000 0.0030000000 
12.640000 0.0060000000 
12.650000 0.0070000000 
12.660000 0.0060000000 
12.670000 0.0040000000 
12.680000 0.0010000000 
12.690000 -0.0030000000
12.700000 -0.0080000000
12.710000 -0.015000000 
12.720000 -0.022000000 
12.730000 -0.031000000 
12.740000 -0.040000000 
12.750000 -0.049000000 
12.760000 -0.056000000 
12.770000 -0.060000000 
12.780000 -0.058000000 
12.790000 -0.051000000 
12.800000 -0.038000000 
12.810000 -0.022000000 
12.820000 -0.0050000000
12.830000 0.012000000  
12.840000 0.026000000  
12.850000 0.035000000  
12.860000 0.040000000  
12.870000 0.041000000  
12.880000 0.040000000  
12.890000 0.037000000  
12.900000 0.034000000  
12.910000 0.031000000  
12.920000 0.030000000  
12.930000 0.029000000  
12.940000 0.027000000  
12.950000 0.025000000  
12.960000 0.022000000  
12.970000 0.018000000  
12.980000 0.014000000  
12.990000 0.0080000000 
13.000000 0.0040000000 
13.010000 0.0020000000 
13.020000 0.0030000000 
13.030000 0.0090000000 
13.040000 0.019000000  
13.050000 0.036000000  
13.060000 0.054000000  
13.070000 0.074000000  
13.080000 0.090000000  
13.090000 0.10000000   
13.100000 0.10000000   
13.110000 0.093000000  
13.120000 0.076000000  
13.130000 0.056000000  
13.140000 0.034000000  
13.150000 0.014000000  
13.160000 -0.0020000000
13.170000 -0.014000000 
13.180000 -0.021000000 
13.190000 -0.025000000 
13.200000 -0.027000000 
13.210000 -0.028000000 
13.220000 -0.029000000 
13.230000 -0.030000000 
13.240000 -0.031000000 
13.250000 -0.032000000 
13.260000 -0.032000000 
13.270000 -0.029000000 
13.280000 -0.025000000 
13.290000 -0.019000000 
13.300000 -0.011000000 
13.310000 -0.0030000000
13.320000 0.0070000000 
13.330000 0.015000000  
13.340000 0.022000000  
13.350000 0.026000000  
13.360000 0.028000000  
13.370000 0.027000000  
13.380000 0.025000000  
13.390000 0.022000000  
13.400000 0.021000000  
13.410000 0.021000000  
13.420000 0.023000000  
13.430000 0.026000000  
13.440000 0.031000000  
13.450000 0.034000000  
13.460000 0.037000000  
13.470000 0.036000000  
13.480000 0.033000000  
13.490000 0.028000000  
13.500000 0.021000000  
13.510000 0.013000000  
13.520000 0.0060000000 
13.530000 0.0000000    
13.540000 -0.0040000000
13.550000 -0.0060000000
13.560000 -0.0050000000
13.570000 -0.0030000000
13.580000 0.0010000000 
13.590000 0.0060000000 
13.600000 0.011000000  
13.610000 0.016000000  
13.620000 0.020000000  
13.630000 0.023000000  
13.640000 0.024000000  
13.650000 0.025000000  
13.660000 0.024000000  
13.670000 0.023000000  
13.680000 0.022000000  
13.690000 0.021000000  
13.700000 0.020000000  
13.710000 0.020000000  
13.720000 0.019000000  
13.730000 0.018000000  
13.740000 0.018000000  
13.750000 0.018000000  
13.760000 0.019000000  
13.770000 0.021000000  
13.780000 0.023000000  
13.790000 0.026000000  
13.800000 0.028000000  
13.810000 0.029000000  
13.820000 0.029000000  
13.830000 0.026000000  
13.840000 0.022000000  
13.850000 0.016000000  
13.860000 0.010000000  
13.870000 0.0050000000 
13.880000 0.0010000000 
13.890000 -0.0020000000
13.900000 -0.0030000000
13.910000 -0.0030000000
13.920000 -0.0020000000
13.930000 0.0000000    
13.940000 0.0010000000 
13.950000 0.0020000000 
13.960000 0.0020000000 
13.970000 0.0020000000 
13.980000 0.0010000000 
13.990000 0.0000000    
14.000000 -0.0020000000
14.010000 -0.0040000000
14.020000 -0.0060000000
14.030000 -0.0080000000
14.040000 -0.011000000 
14.050000 -0.013000000 
14.060000 -0.016000000 
14.070000 -0.018000000 
14.080000 -0.019000000 
14.090000 -0.020000000 
14.100000 -0.020000000 
14.110000 -0.020000000 
14.120000 -0.019000000 
14.130000 -0.018000000 
14.140000 -0.016000000 
14.150000 -0.015000000 
14.160000 -0.014000000 
14.170000 -0.013000000 
14.180000 -0.013000000 
14.190000 -0.014000000 
14.200000 -0.016000000 
14.210000 -0.017000000 
14.220000 -0.019000000 
14.230000 -0.021000000 
14.240000 -0.021000000 
14.250000 -0.022000000 
14.260000 -0.021000000 
14.270000 -0.019000000 
14.280000 -0.017000000 
14.290000 -0.015000000 
14.300000 -0.013000000 
14.310000 -0.011000000 
14.320000 -0.010000000 
14.330000 -0.0090000000
14.340000 -0.0080000000
14.350000 -0.0070000000
14.360000 -0.0070000000
14.370000 -0.0060000000
14.380000 -0.0050000000
14.390000 -0.0040000000
14.400000 -0.0030000000
14.410000 -0.0020000000
14.420000 -0.0010000000
14.430000 0.0010000000 
14.440000 0.0020000000 
14.450000 0.0030000000 
14.460000 0.0040000000 
14.470000 0.0050000000 
14.480000 0.0060000000 
14.490000 0.0060000000 
14.500000 0.0060000000 
14.510000 0.0060000000 
14.520000 0.0070000000 
14.530000 0.0070000000 
14.540000 0.0080000000 
14.550000 0.0090000000 
14.560000 0.011000000  
14.570000 0.013000000  
14.580000 0.014000000  
14.590000 0.015000000  
14.600000 0.015000000  
14.610000 0.015000000  
14.620000 0.014000000  
14.630000 0.012000000  
14.640000 0.0090000000 
14.650000 0.0060000000 
14.660000 0.0020000000 
14.670000 -0.0020000000
14.680000 -0.0060000000
14.690000 -0.011000000 
14.700000 -0.015000000 
14.710000 -0.018000000 
14.720000 -0.021000000 
14.730000 -0.024000000 
14.740000 -0.025000000 
14.750000 -0.026000000 
14.760000 -0.026000000 
14.770000 -0.026000000 
14.780000 -0.025000000 
14.790000 -0.025000000 
14.800000 -0.024000000 
14.810000 -0.023000000 
14.820000 -0.022000000 
14.830000 -0.022000000 
14.840000 -0.021000000 
14.850000 -0.020000000 
14.860000 -0.020000000 
14.870000 -0.020000000 
14.880000 -0.019000000 
14.890000 -0.019000000 
14.900000 -0.018000000 
14.910000 -0.018000000 
14.920000 -0.017000000 
14.930000 -0.015000000 
14.940000 -0.012000000 
14.950000 -0.0090000000
14.960000 -0.0060000000
14.970000 -0.0020000000
14.980000 0.0030000000 
14.990000 0.0070000000 
15.000000 0.012000000  
15.010000 0.016000000  
15.020000 0.021000000  
15.030000 0.025000000  
15.040000 0.028000000  
15.050000 0.032000000  
15.060000 0.035000000  
15.070000 0.039000000  
15.080000 0.041000000  
15.090000 0.043000000  
15.100000 0.045000000  
15.110000 0.045000000  
15.120000 0.045000000  
15.130000 0.043000000  
15.140000 0.041000000  
15.150000 0.039000000  
15.160000 0.036000000  
15.170000 0.034000000  
15.180000 0.032000000  
15.190000 0.030000000  
15.200000 0.029000000  
15.210000 0.029000000  
15.220000 0.029000000  
15.230000 0.029000000  
15.240000 0.030000000  
15.250000 0.031000000  
15.260000 0.032000000  
15.270000 0.033000000  
15.280000 0.034000000  
15.290000 0.035000000  
15.300000 0.035000000  
15.310000 0.035000000  
15.320000 0.035000000  
15.330000 0.034000000  
15.340000 0.032000000  
15.350000 0.030000000  
15.360000 0.028000000  
15.370000 0.025000000  
15.380000 0.022000000  
15.390000 0.019000000  
15.400000 0.016000000  
15.410000 0.014000000  
15.420000 0.013000000  
15.430000 0.012000000  
15.440000 0.012000000  
15.450000 0.013000000  
15.460000 0.014000000  
15.470000 0.016000000  
15.480000 0.018000000  
15.490000 0.021000000  
15.500000 0.023000000  
15.510000 0.025000000  
15.520000 0.027000000  
15.530000 0.029000000  
15.540000 0.031000000  
15.550000 0.032000000  
15.560000 0.034000000  
15.570000 0.037000000  
15.580000 0.040000000  
15.590000 0.045000000  
15.600000 0.051000000  
15.610000 0.059000000  
15.620000 0.068000000  
15.630000 0.078000000  
15.640000 0.089000000  
15.650000 0.10100000   
15.660000 0.11300000   
15.670000 0.12500000   
15.680000 0.13600000   
15.690000 0.14700000   
15.700000 0.15700000   
15.710000 0.16500000   
15.720000 0.17300000   
15.730000 0.18100000   
15.740000 0.18800000   
15.750000 0.19600000   
15.760000 0.20300000   
15.770000 0.21100000   
15.780000 0.22100000   
15.790000 0.23100000   
15.800000 0.24300000   
15.810000 0.25600000   
15.820000 0.27100000   
15.830000 0.28800000   
15.840000 0.30800000   
15.850000 0.32900000   
15.860000 0.35100000   
15.870000 0.37500000   
15.880000 0.40100000   
15.890000 0.43100000   
15.900000 0.46100000   
15.910000 0.49300000   
15.920000 0.52500000   
15.930000 0.56200000   
15.940000 0.60200000   
15.950000 0.64400000   
15.960000 0.68800000   
15.970000 0.73300000   
15.980000 0.78400000   
15.990000 0.84100000   
16.000000 0.90200000   
16.010000 0.96600000   
16.020000 1.0330000    
16.030000 1.1090000    
16.040000 1.1940000    
16.050000 1.2880000    
16.060000 1.3890000    
16.070000 1.4970000    
16.080000 1.6150000    
16.090000 1.7470000    
16.100000 1.8900000    
16.110000 2.0460000    
16.120000 2.2100000    
16.130000 2.3890000    
16.140000 2.5870000    
16.150000 2.8030000    
16.160000 3.0380000    
16.170000 3.2930000    
16.180000 3.5690000    
16.190000 3.8760000    
16.200000 4.2110000    
16.210000 4.5780000    
16.220000 4.9830000    
16.230000 5.4230000    
16.240000 5.9080000    
16.250000 6.4410000    
16.260000 7.0230000    
16.270000 7.6640000    
16.280000 8.3610000    
16.290000 9.1230000    
16.300000 9.9610000    
16.310000 10.869000    
16.320000 11.864000    
16.330000 12.948000    
16.340000 14.122000    
16.350000 15.404000    
16.360000 16.790000    
16.370000 18.285000    
16.380000 19.899000    
16.390000 21.628000    
16.400000 23.470000    
16.410000 25.428000    
16.420000 27.498000    
16.430000 29.660000    
16.440000 31.921000    
16.450000 34.268000    
16.460000 36.671000    
16.470000 39.143000    
16.480000 41.658000    
16.490000 44.188000    
16.500000 46.748000    
16.510000 49.298000    
16.520000 51.823000    
16.530000 54.329000    
16.540000 56.767000    
16.550000 59.140000    
16.560000 61.438000    
16.570000 63.618000    
16.580000 65.691000    
16.590000 67.644000    
16.600000 69.450000    
16.610000 71.120000    
16.620000 72.647000    
16.630000 74.024000    
16.640000 75.254000    
16.650000 76.349000    
16.660000 77.306000    
16.670000 78.130000    
16.680000 78.843000    
16.690000 79.441000    
16.700000 79.934000    
16.710000 80.347000    
16.720000 80.671000    
16.730000 80.924000    
16.740000 81.130000    
16.750000 81.277000    
16.760000 81.383000    
16.770000 81.465000    
16.780000 81.513000    
16.790000 81.545000    
16.800000 81.571000    
16.810000 81.586000    
16.820000 81.597000    
16.830000 81.607000    
16.840000 81.615000    
16.850000 81.625000    
16.860000 81.640000    
16.870000 81.657000    
16.880000 81.673000    
16.890000 81.689000    
16.900000 81.706000    
16.910000 81.724000    
16.920000 81.745000    
16.930000 81.767000    
16.940000 81.791000    
16.950000 81.815000    
16.960000 81.842000    
16.970000 81.875000    
16.980000 81.914000    
16.990000 81.956000    
17.000000 82.002000    
17.010000 82.053000    
17.020000 82.107000    
17.030000 82.165000    
17.040000 82.226000    
17.050000 82.289000    
17.060000 82.351000    
17.070000 82.414000    
17.080000 82.477000    
17.090000 82.539000    
17.100000 82.602000    
17.110000 82.662000    
17.120000 82.721000    
17.130000 82.778000    
17.140000 82.832000    
17.150000 82.882000    
17.160000 82.929000    
17.170000 82.973000    
17.180000 83.012000    
17.190000 83.048000    
17.200000 83.083000    
17.210000 83.118000    
17.220000 83.153000    
17.230000 83.190000    
17.240000 83.233000    
17.250000 83.278000    
17.260000 83.327000    
17.270000 83.381000    
17.280000 83.440000    
17.290000 83.498000    
17.300000 83.556000    
17.310000 83.615000    
17.320000 83.669000    
17.330000 83.717000    
17.340000 83.760000    
17.350000 83.798000    
17.360000 83.827000    
17.370000 83.849000    
17.380000 83.866000    
17.390000 83.877000    
17.400000 83.883000    
17.410000 83.887000    
17.420000 83.889000    
17.430000 83.890000    
17.440000 83.891000    
17.450000 83.896000    
17.460000 83.902000    
17.470000 83.912000    
17.480000 83.925000    
17.490000 83.942000    
17.500000 83.963000    
17.510000 83.986000    
17.520000 84.012000    
17.530000 84.040000    
17.540000 84.068000    
17.550000 84.099000    
17.560000 84.129000    
17.570000 84.160000    
17.580000 84.191000    
17.590000 84.221000    
17.600000 84.251000    
17.610000 84.281000    
17.620000 84.310000    
17.630000 84.340000    
17.640000 84.369000    
17.650000 84.398000    
17.660000 84.426000    
17.670000 84.455000    
17.680000 84.484000    
17.690000 84.513000    
17.700000 84.542000    
17.710000 84.571000    
17.720000 84.600000    
17.730000 84.628000    
17.740000 84.656000    
17.750000 84.683000    
17.760000 84.709000    
17.770000 84.733000    
17.780000 84.756000    
17.790000 84.777000    
17.800000 84.796000    
17.810000 84.813000    
17.820000 84.829000    
17.830000 84.843000    
17.840000 84.856000    
17.850000 84.868000    
17.860000 84.879000    
17.870000 84.889000    
17.880000 84.899000    
17.890000 84.909000    
17.900000 84.918000    
17.910000 84.927000    
17.920000 84.936000    
17.930000 84.944000    
17.940000 84.952000    
17.950000 84.960000    
17.960000 84.967000    
17.970000 84.974000    
17.980000 84.981000    
17.990000 84.989000    
18.000000 84.996000    
18.010000 85.003000    
18.020000 85.011000    
18.030000 85.021000    
18.040000 85.031000    
18.050000 85.042000    
18.060000 85.056000    
18.070000 85.070000    
18.080000 85.086000    
18.090000 85.104000    
18.100000 85.123000    
18.110000 85.143000    
18.120000 85.162000    
18.130000 85.182000    
18.140000 85.202000    
18.150000 85.221000    
18.160000 85.239000    
18.170000 85.256000    
18.180000 85.274000    
18.190000 85.291000    
18.200000 85.307000    
18.210000 85.325000    
18.220000 85.344000    
18.230000 85.364000    
18.240000 85.386000    
18.250000 85.410000    
18.260000 85.437000    
18.270000 85.465000    
18.280000 85.496000    
18.290000 85.529000    
18.300000 85.564000    
18.310000 85.600000    
18.320000 85.638000    
18.330000 85.676000    
18.340000 85.716000    
18.350000 85.755000    
18.360000 85.795000    
18.370000 85.834000    
18.380000 85.872000    
18.390000 85.909000    
18.400000 85.945000    
18.410000 85.978000    
18.420000 86.007000    
18.430000 86.033000    
18.440000 86.055000    
18.450000 86.072000    
18.460000 86.082000    
18.470000 86.087000    
18.480000 86.085000    
18.490000 86.078000    
18.500000 86.064000    
18.510000 86.045000    
18.520000 86.021000    
18.530000 85.994000    
18.540000 85.963000    
18.550000 85.929000    
18.560000 85.893000    
18.570000 85.855000    
18.580000 85.816000    
18.590000 85.774000    
18.600000 85.731000    
18.610000 85.686000    
18.620000 85.640000    
18.630000 85.592000    
18.640000 85.542000    
18.650000 85.491000    
18.660000 85.438000    
18.670000 85.385000    
18.680000 85.331000    
18.690000 85.277000    
18.700000 85.223000    
18.710000 85.170000    
18.720000 85.116000    
18.730000 85.062000    
18.740000 85.009000    
18.750000 84.956000    
18.760000 84.903000    
18.770000 84.850000    
18.780000 84.797000    
18.790000 84.744000    
18.800000 84.692000    
18.810000 84.643000    
18.820000 84.595000    
18.830000 84.550000    
18.840000 84.512000    
18.850000 84.478000    
18.860000 84.450000    
18.870000 84.429000    
18.880000 84.419000    
18.890000 84.419000    
18.900000 84.428000    
18.910000 84.445000    
18.920000 84.472000    
18.930000 84.510000    
18.940000 84.554000    
18.950000 84.603000    
18.960000 84.661000    
18.970000 84.723000    
18.980000 84.785000    
18.990000 84.845000    
19.000000 84.905000    
19.010000 84.961000    
19.020000 85.010000    
19.030000 85.050000    
19.040000 85.085000    
19.050000 85.107000    
19.060000 85.111000    
19.070000 85.101000    
19.080000 85.075000    
19.090000 85.028000    
19.100000 84.956000    
19.110000 84.866000    
19.120000 84.750000    
19.130000 84.602000    
19.140000 84.421000    
19.150000 84.212000    
19.160000 83.966000    
19.170000 83.672000    
19.180000 83.340000    
19.190000 82.966000    
19.200000 82.538000    
19.210000 82.048000    
19.220000 81.504000    
19.230000 80.903000    
19.240000 80.234000    
19.250000 79.496000    
19.260000 78.692000    
19.270000 77.821000    
19.280000 76.878000    
19.290000 75.864000    
19.300000 74.779000    
19.310000 73.626000    
19.320000 72.402000    
19.330000 71.108000    
19.340000 69.745000    
19.350000 68.317000    
19.360000 66.827000    
19.370000 65.267000    
19.380000 63.647000    
19.390000 61.980000    
19.400000 60.268000    
19.410000 58.500000    
19.420000 56.693000    
19.430000 54.871000    
19.440000 53.031000    
19.450000 51.164000    
19.460000 49.291000    
19.470000 47.434000    
19.480000 45.588000    
19.490000 43.747000    
19.500000 41.928000    
19.510000 40.147000    
19.520000 38.394000    
19.530000 36.671000    
19.540000 34.987000    
19.550000 33.352000    
19.560000 31.758000    
19.570000 30.207000    
19.580000 28.707000    
19.590000 27.263000    
19.600000 25.870000    
19.610000 24.530000    
19.620000 23.247000    
19.630000 22.024000    
19.640000 20.860000    
19.650000 19.753000    
19.660000 18.700000    
19.670000 17.702000    
19.680000 16.762000    
19.690000 15.873000    
19.700000 15.027000    
19.710000 14.224000    
19.720000 13.468000    
19.730000 12.753000    
19.740000 12.068000    
19.750000 11.412000    
19.760000 10.790000    
19.770000 10.199000    
19.780000 9.6340000    
19.790000 9.0940000    
19.800000 8.5810000    
19.810000 8.0950000    
19.820000 7.6370000    
19.830000 7.2060000    
19.840000 6.8020000    
19.850000 6.4250000    
19.860000 6.0750000    
19.870000 5.7550000    
19.880000 5.4630000    
19.890000 5.1940000    
19.900000 4.9450000    
19.910000 4.7180000    
19.920000 4.5140000    
19.930000 4.3260000    
19.940000 4.1480000    
19.950000 3.9810000    
19.960000 3.8290000    
19.970000 3.6840000    
19.980000 3.5420000    
19.990000 3.4020000    
20.000000 3.2670000    
20.010000 3.1350000    
20.020000 3.0050000    
20.030000 2.8750000    
20.040000 2.7480000    
20.050000 2.6230000    
20.060000 2.5000000    
20.070000 2.3790000    
20.080000 2.2590000    
20.090000 2.1430000    
20.100000 2.0320000    
20.110000 1.9270000    
20.120000 1.8270000    
20.130000 1.7330000    
20.140000 1.6430000    
20.150000 1.5580000    
20.160000 1.4780000    
20.170000 1.4030000    
20.180000 1.3310000    
20.190000 1.2640000    
20.200000 1.2020000    
20.210000 1.1440000    
20.220000 1.0880000    
20.230000 1.0310000    
20.240000 0.97600000   
20.250000 0.92300000   
20.260000 0.87100000   
20.270000 0.82100000   
20.280000 0.77300000   
20.290000 0.72600000   
20.300000 0.68100000   
20.310000 0.63900000   
20.320000 0.59700000   
20.330000 0.55800000   
20.340000 0.52100000   
20.350000 0.48700000   
20.360000 0.45800000   
20.370000 0.43300000   
20.380000 0.41000000   
20.390000 0.39100000   
20.400000 0.37400000   
20.410000 0.36000000   
20.420000 0.34900000   
20.430000 0.34000000   
20.440000 0.33300000   
20.450000 0.32900000   
20.460000 0.32700000   
20.470000 0.32600000   
20.480000 0.32400000   
20.490000 0.32200000   
20.500000 0.32100000   
20.510000 0.32000000   
20.520000 0.31700000   
20.530000 0.31400000   
20.540000 0.31100000   
20.550000 0.30600000   
20.560000 0.30000000   
20.570000 0.29300000   
20.580000 0.28300000   
20.590000 0.27300000   
20.600000 0.26200000   
20.610000 0.25000000   
20.620000 0.23700000   
20.630000 0.22300000   
20.640000 0.20800000   
20.650000 0.19400000   
20.660000 0.17800000   
20.670000 0.16200000   
20.680000 0.14600000   
20.690000 0.13100000   
20.700000 0.11700000   
20.710000 0.10300000   
20.720000 0.089000000  
20.730000 0.077000000  
20.740000 0.066000000  
20.750000 0.056000000  
20.760000 0.047000000  
20.770000 0.040000000  
20.780000 0.034000000  
20.790000 0.029000000  
20.800000 0.027000000  
20.810000 0.025000000  
20.820000 0.024000000  
20.830000 0.023000000  
20.840000 0.024000000  
20.850000 0.026000000  
20.860000 0.027000000  
20.870000 0.028000000  
20.880000 0.029000000  
20.890000 0.030000000  
20.900000 0.031000000  
20.910000 0.031000000  
20.920000 0.031000000  
20.930000 0.030000000  
20.940000 0.029000000  
20.950000 0.027000000  
20.960000 0.025000000  
20.970000 0.022000000  
20.980000 0.019000000  
20.990000 0.015000000  
21.000000 0.011000000  
21.010000 0.0070000000 
21.020000 0.0030000000 
21.030000 -0.0030000000
21.040000 -0.0090000000
21.050000 -0.017000000 
21.060000 -0.026000000 
21.070000 -0.035000000 
21.080000 -0.046000000 
21.090000 -0.059000000 
21.100000 -0.074000000 
21.110000 -0.091000000 
21.120000 -0.10900000  
21.130000 -0.12800000  
21.140000 -0.14800000  
21.150000 -0.17000000  
21.160000 -0.19300000  
21.170000 -0.21500000  
21.180000 -0.23500000  
21.190000 -0.25500000  
21.200000 -0.27500000  
21.210000 -0.29200000  
21.220000 -0.30600000  
21.230000 -0.31700000  
21.240000 -0.32400000  
21.250000 -0.32800000  
21.260000 -0.32900000  
21.270000 -0.32600000  
21.280000 -0.31900000  
21.290000 -0.30700000  
21.300000 -0.29300000  
21.310000 -0.27700000  
21.320000 -0.25900000  
21.330000 -0.23800000  
21.340000 -0.21500000  
21.350000 -0.19200000  
21.360000 -0.17000000  
21.370000 -0.14900000  
21.380000 -0.12800000  
21.390000 -0.10800000  
21.400000 -0.090000000 
21.410000 -0.075000000 
21.420000 -0.063000000 
21.430000 -0.052000000 
21.440000 -0.044000000 
21.450000 -0.038000000 
21.460000 -0.033000000 
21.470000 -0.032000000 
21.480000 -0.032000000 
21.490000 -0.033000000 
21.500000 -0.034000000 
21.510000 -0.036000000 
21.520000 -0.039000000 
21.530000 -0.041000000 
21.540000 -0.044000000 
21.550000 -0.044000000 
21.560000 -0.045000000 
21.570000 -0.044000000 
21.580000 -0.043000000 
21.590000 -0.041000000 
21.600000 -0.037000000 
21.610000 -0.032000000 
21.620000 -0.026000000 
21.630000 -0.019000000 
21.640000 -0.012000000 
21.650000 -0.0040000000
21.660000 0.0040000000 
21.670000 0.013000000  
21.680000 0.022000000  
21.690000 0.029000000  
21.700000 0.036000000  
21.710000 0.043000000  
21.720000 0.049000000  
21.730000 0.054000000  
21.740000 0.057000000  
21.750000 0.059000000  
21.760000 0.060000000  
21.770000 0.060000000  
21.780000 0.058000000  
21.790000 0.055000000  
21.800000 0.051000000  
21.810000 0.045000000  
21.820000 0.038000000  
21.830000 0.031000000  
21.840000 0.023000000  
21.850000 0.014000000  
21.860000 0.0050000000 
21.870000 -0.0040000000
21.880000 -0.013000000 
21.890000 -0.022000000 
21.900000 -0.030000000 
21.910000 -0.038000000 
21.920000 -0.045000000 
21.930000 -0.051000000 
21.940000 -0.056000000 
21.950000 -0.060000000 
21.960000 -0.062000000 
21.970000 -0.063000000 
21.980000 -0.063000000 
21.990000 -0.060000000 
22.000000 -0.057000000 
22.010000 -0.051000000 
22.020000 -0.044000000 
22.030000 -0.035000000 
22.040000 -0.025000000 
22.050000 -0.012000000 
22.060000 0.0010000000 
22.070000 0.015000000  
22.080000 0.030000000  
22.090000 0.047000000  
22.100000 0.064000000  
22.110000 0.081000000  
22.120000 0.097000000  
22.130000 0.11200000   
22.140000 0.12700000   
22.150000 0.14100000   
22.160000 0.15400000   
22.170000 0.16400000   
22.180000 0.17200000   
22.190000 0.17800000   
22.200000 0.18200000   
22.210000 0.18400000   
22.220000 0.18300000   
22.230000 0.18000000   
22.240000 0.17400000   
22.250000 0.16700000   
22.260000 0.15700000   
22.270000 0.14700000   
22.280000 0.13500000   
22.290000 0.12100000   
22.300000 0.10600000   
22.310000 0.091000000  
22.320000 0.077000000  
22.330000 0.063000000  
22.340000 0.048000000  
22.350000 0.034000000  
22.360000 0.021000000  
22.370000 0.010000000  
22.380000 0.0010000000 
22.390000 -0.0070000000
22.400000 -0.014000000 
22.410000 -0.019000000 
22.420000 -0.023000000 
22.430000 -0.025000000 
22.440000 -0.024000000 
22.450000 -0.023000000 
22.460000 -0.020000000 
22.470000 -0.016000000 
22.480000 -0.011000000 
22.490000 -0.0050000000
22.500000 0.0020000000 
22.510000 0.010000000  
22.520000 0.018000000  
22.530000 0.025000000  
22.540000 0.033000000  
22.550000 0.041000000  
22.560000 0.049000000  
22.570000 0.056000000  
22.580000 0.062000000  
22.590000 0.068000000  
22.600000 0.074000000  
22.610000 0.078000000  
22.620000 0.082000000  
22.630000 0.085000000  
22.640000 0.086000000  
22.650000 0.087000000  
22.660000 0.087000000  
22.670000 0.085000000  
22.680000 0.083000000  
22.690000 0.080000000  
22.700000 0.076000000  
22.710000 0.071000000  
22.720000 0.065000000  
22.730000 0.059000000  
22.740000 0.053000000  
22.750000 0.046000000  
22.760000 0.038000000  
22.770000 0.030000000  
22.780000 0.022000000  
22.790000 0.015000000  
22.800000 0.0070000000 
22.810000 -0.0010000000
22.820000 -0.0080000000
22.830000 -0.014000000 
22.840000 -0.020000000 
22.850000 -0.024000000 
22.860000 -0.028000000 
22.870000 -0.032000000 
22.880000 -0.034000000 
22.890000 -0.036000000 
22.900000 -0.037000000 
22.910000 -0.037000000 
22.920000 -0.036000000 
22.930000 -0.034000000 
22.940000 -0.033000000 
22.950000 -0.031000000 
22.960000 -0.029000000 
22.970000 -0.026000000 
22.980000 -0.023000000 
22.990000 -0.022000000 
23.000000 -0.021000000 
23.010000 -0.020000000 
23.020000 -0.019000000 
23.030000 -0.020000000 
23.040000 -0.021000000 
23.050000 -0.023000000 
23.060000 -0.027000000 
23.070000 -0.031000000 
23.080000 -0.037000000 
23.090000 -0.043000000 
23.100000 -0.049000000 
23.110000 -0.056000000 
23.120000 -0.063000000 
23.130000 -0.072000000 
23.140000 -0.080000000 
23.150000 -0.087000000 
23.160000 -0.094000000 
23.170000 -0.10100000  
23.180000 -0.10800000  
23.190000 -0.11400000  
23.200000 -0.11900000  
23.210000 -0.12200000  
23.220000 -0.12500000  
23.230000 -0.12600000  
23.240000 -0.12700000  
23.250000 -0.12600000  
23.260000 -0.12500000  
23.270000 -0.12200000  
23.280000 -0.11800000  
23.290000 -0.11400000  
23.300000 -0.10800000  
23.310000 -0.10200000  
23.320000 -0.096000000 
23.330000 -0.090000000 
23.340000 -0.083000000 
23.350000 -0.075000000 
23.360000 -0.068000000 
23.370000 -0.060000000 
23.380000 -0.053000000 
23.390000 -0.047000000 
23.400000 -0.040000000 
23.410000 -0.033000000 
23.420000 -0.027000000 
23.430000 -0.021000000 
23.440000 -0.015000000 
23.450000 -0.010000000 
23.460000 -0.0050000000
23.470000 0.0000000    
23.480000 0.0040000000 
23.490000 0.0070000000 
23.500000 0.010000000  
23.510000 0.013000000  
23.520000 0.016000000  
23.530000 0.017000000  
23.540000 0.017000000  
23.550000 0.017000000  
23.560000 0.015000000  
23.570000 0.013000000  
23.580000 0.0090000000 
23.590000 0.0040000000 
23.600000 -0.0030000000
23.610000 -0.012000000 
23.620000 -0.023000000 
23.630000 -0.035000000 
23.640000 -0.049000000 
23.650000 -0.064000000 
23.660000 -0.080000000 
23.670000 -0.099000000 
23.680000 -0.11900000  
23.690000 -0.13900000  
23.700000 -0.15900000  
23.710000 -0.17800000  
23.720000 -0.19700000  
23.730000 -0.21500000  
23.740000 -0.23400000  
23.750000 -0.25000000  
23.760000 -0.26400000  
23.770000 -0.27400000  
23.780000 -0.28100000  
23.790000 -0.28600000  
23.800000 -0.28900000  
23.810000 -0.28900000  
23.820000 -0.28700000  
23.830000 -0.28100000  
23.840000 -0.27300000  
23.850000 -0.26100000  
23.860000 -0.24800000  
23.870000 -0.23400000  
23.880000 -0.21900000  
23.890000 -0.20400000  
23.900000 -0.18800000  
23.910000 -0.17000000  
23.920000 -0.15300000  
23.930000 -0.13600000  
23.940000 -0.12000000  
23.950000 -0.10500000  
23.960000 -0.091000000 
23.970000 -0.077000000 
23.980000 -0.064000000 
23.990000 -0.052000000 
24.000000 -0.041000000 
24.010000 -0.031000000 
24.020000 -0.023000000 
24.030000 -0.014000000 
24.040000 -0.0070000000
24.050000 -0.0010000000
24.060000 0.0050000000 
24.070000 0.010000000  
24.080000 0.015000000  
24.090000 0.018000000  
24.100000 0.021000000  
24.110000 0.023000000  
24.120000 0.024000000  
24.130000 0.025000000  
24.140000 0.025000000  
24.150000 0.024000000  
24.160000 0.023000000  
24.170000 0.021000000  
24.180000 0.019000000  
24.190000 0.017000000  
24.200000 0.013000000  
24.210000 0.010000000  
24.220000 0.0060000000 
24.230000 0.0030000000 
24.240000 0.0000000    
24.250000 -0.0030000000
24.260000 -0.0070000000
24.270000 -0.010000000 
24.280000 -0.013000000 
24.290000 -0.015000000 
24.300000 -0.018000000 
24.310000 -0.020000000 
24.320000 -0.022000000 
24.330000 -0.024000000 
24.340000 -0.025000000 
24.350000 -0.027000000 
24.360000 -0.029000000 
24.370000 -0.030000000 
24.380000 -0.032000000 
24.390000 -0.034000000 
24.400000 -0.035000000 
24.410000 -0.037000000 
24.420000 -0.039000000 
24.430000 -0.042000000 
24.440000 -0.044000000 
24.450000 -0.046000000 
24.460000 -0.049000000 
24.470000 -0.051000000 
24.480000 -0.054000000 
24.490000 -0.057000000 
24.500000 -0.060000000 
24.510000 -0.063000000 
24.520000 -0.065000000 
24.530000 -0.068000000 
24.540000 -0.070000000 
24.550000 -0.072000000 
24.560000 -0.074000000 
24.570000 -0.076000000 
24.580000 -0.078000000 
24.590000 -0.080000000 
24.600000 -0.081000000 
24.610000 -0.083000000 
24.620000 -0.084000000 
24.630000 -0.085000000 
24.640000 -0.085000000 
24.650000 -0.086000000 
24.660000 -0.087000000 
24.670000 -0.087000000 
24.680000 -0.087000000 
24.690000 -0.088000000 
24.700000 -0.087000000 
24.710000 -0.086000000 
24.720000 -0.085000000 
24.730000 -0.084000000 
24.740000 -0.082000000 
24.750000 -0.080000000 
24.760000 -0.076000000 
24.770000 -0.072000000 
24.780000 -0.065000000 
24.790000 -0.058000000 
24.800000 -0.050000000 
24.810000 -0.040000000 
24.820000 -0.029000000 
24.830000 -0.016000000 
24.840000 0.0000000    
24.850000 0.018000000  
24.860000 0.039000000  
24.870000 0.061000000  
24.880000 0.085000000  
24.890000 0.11000000   
24.900000 0.13600000   
24.910000 0.16400000   
24.920000 0.19500000   
24.930000 0.22700000   
24.940000 0.25900000   
24.950000 0.29000000   
24.960000 0.31900000   
24.970000 0.34600000   
24.980000 0.37300000   
24.990000 0.40000000   
25.000000 0.42400000   
25.010000 0.44600000   
25.020000 0.46300000   
25.030000 0.47400000   
25.040000 0.48100000   
25.050000 0.48500000   
25.060000 0.48500000   
25.070000 0.48100000   
25.080000 0.47300000   
25.090000 0.46200000   
25.100000 0.44500000   
25.110000 0.42400000   
25.120000 0.39900000   
25.130000 0.37200000   
25.140000 0.34400000   
25.150000 0.31600000   
25.160000 0.28700000   
25.170000 0.25700000   
25.180000 0.22500000   
25.190000 0.19300000   
25.200000 0.16200000   
25.210000 0.13300000   
25.220000 0.10800000   
25.230000 0.084000000  
25.240000 0.062000000  
25.250000 0.041000000  
25.260000 0.023000000  
25.270000 0.0070000000 
25.280000 -0.0070000000
25.290000 -0.018000000 
25.300000 -0.027000000 
25.310000 -0.033000000 
25.320000 -0.038000000 
25.330000 -0.041000000 
25.340000 -0.044000000 
25.350000 -0.046000000 
25.360000 -0.046000000 
25.370000 -0.045000000 
25.380000 -0.043000000 
25.390000 -0.040000000 
25.400000 -0.037000000 
25.410000 -0.034000000 
25.420000 -0.032000000 
25.430000 -0.029000000 
25.440000 -0.025000000 
25.450000 -0.022000000 
25.460000 -0.018000000 
25.470000 -0.015000000 
25.480000 -0.013000000 
25.490000 -0.010000000 
25.500000 -0.0080000000
25.510000 -0.0060000000
25.520000 -0.0040000000
25.530000 -0.0020000000
25.540000 -0.0010000000
25.550000 0.0010000000 
25.560000 0.0020000000 
25.570000 0.0020000000 
25.580000 0.0030000000 
25.590000 0.0040000000 
25.600000 0.0050000000 
25.610000 0.0060000000 
25.620000 0.0070000000 
25.630000 0.0090000000 
25.640000 0.010000000  
25.650000 0.012000000  
25.660000 0.013000000  
25.670000 0.016000000  
25.680000 0.018000000  
25.690000 0.021000000  
25.700000 0.025000000  
25.710000 0.028000000  
25.720000 0.032000000  
25.730000 0.036000000  
25.740000 0.040000000  
25.750000 0.045000000  
25.760000 0.050000000  
25.770000 0.055000000  
25.780000 0.059000000  
25.790000 0.064000000  
25.800000 0.069000000  
25.810000 0.073000000  
25.820000 0.076000000  
25.830000 0.080000000  
25.840000 0.083000000  
25.850000 0.087000000  
25.860000 0.089000000  
25.870000 0.091000000  
25.880000 0.092000000  
25.890000 0.093000000  
25.900000 0.093000000  
25.910000 0.092000000  
25.920000 0.092000000  
25.930000 0.090000000  
25.940000 0.088000000  
25.950000 0.086000000  
25.960000 0.083000000  
25.970000 0.079000000  
25.980000 0.075000000  
25.990000 0.071000000  
26.000000 0.067000000  
26.010000 0.062000000  
26.020000 0.058000000  
26.030000 0.053000000  
26.040000 0.048000000  
26.050000 0.042000000  
26.060000 0.038000000  
26.070000 0.033000000  
26.080000 0.029000000  
26.090000 0.026000000  
26.100000 0.022000000  
26.110000 0.019000000  
26.120000 0.017000000  
26.130000 0.015000000  
26.140000 0.013000000  
26.150000 0.013000000  
26.160000 0.013000000  
26.170000 0.014000000  
26.180000 0.016000000  
26.190000 0.018000000  
26.200000 0.020000000  
26.210000 0.023000000  
26.220000 0.027000000  
26.230000 0.031000000  
26.240000 0.036000000  
26.250000 0.041000000  
26.260000 0.047000000  
26.270000 0.053000000  
26.280000 0.058000000  
26.290000 0.063000000  
26.300000 0.068000000  
26.310000 0.074000000  
26.320000 0.079000000  
26.330000 0.084000000  
26.340000 0.087000000  
26.350000 0.090000000  
26.360000 0.091000000  
26.370000 0.091000000  
26.380000 0.090000000  
26.390000 0.088000000  
26.400000 0.085000000  
26.410000 0.081000000  
26.420000 0.075000000  
26.430000 0.067000000  
26.440000 0.057000000  
26.450000 0.045000000  
26.460000 0.032000000  
26.470000 0.018000000  
26.480000 0.0040000000 
26.490000 -0.011000000 
26.500000 -0.025000000 
26.510000 -0.042000000 
26.520000 -0.059000000 
26.530000 -0.077000000 
26.540000 -0.094000000 
26.550000 -0.11100000  
26.560000 -0.12500000  
26.570000 -0.13800000  
26.580000 -0.14900000  
26.590000 -0.15900000  
26.600000 -0.16800000  
26.610000 -0.17500000  
26.620000 -0.18100000  
26.630000 -0.18400000  
26.640000 -0.18400000  
26.650000 -0.18100000  
26.660000 -0.17600000  
26.670000 -0.16900000  
26.680000 -0.15900000  
26.690000 -0.14800000  
26.700000 -0.13600000  
26.710000 -0.12300000  
26.720000 -0.10800000  
26.730000 -0.090000000 
26.740000 -0.072000000 
26.750000 -0.052000000 
26.760000 -0.031000000 
26.770000 -0.011000000 
26.780000 0.0090000000 
26.790000 0.029000000  
26.800000 0.049000000  
26.810000 0.069000000  
26.820000 0.090000000  
26.830000 0.11000000   
26.840000 0.12900000   
26.850000 0.14700000   
26.860000 0.16500000   
26.870000 0.18100000   
26.880000 0.19800000   
26.890000 0.21300000   
26.900000 0.22800000   
26.910000 0.24200000   
26.920000 0.25500000   
26.930000 0.26700000   
26.940000 0.27900000   
26.950000 0.28900000   
26.960000 0.29900000   
26.970000 0.30800000   
26.980000 0.31600000   
26.990000 0.32300000   
27.000000 0.32800000   
27.010000 0.33300000   
27.020000 0.33600000   
27.030000 0.33900000   
27.040000 0.34000000   
27.050000 0.34000000   
27.060000 0.33900000   
27.070000 0.33600000   
27.080000 0.33300000   
27.090000 0.32700000   
27.100000 0.32000000   
27.110000 0.31300000   
27.120000 0.30400000   
27.130000 0.29300000   
27.140000 0.28200000   
27.150000 0.27000000   
27.160000 0.25700000   
27.170000 0.24200000   
27.180000 0.22600000   
27.190000 0.21000000   
27.200000 0.19200000   
27.210000 0.17500000   
27.220000 0.15700000   
27.230000 0.14000000   
27.240000 0.12200000   
27.250000 0.10300000   
27.260000 0.083000000  
27.270000 0.064000000  
27.280000 0.046000000  
27.290000 0.028000000  
27.300000 0.012000000  
27.310000 -0.0030000000
27.320000 -0.019000000 
27.330000 -0.034000000 
27.340000 -0.047000000 
27.350000 -0.060000000 
27.360000 -0.071000000 
27.370000 -0.081000000 
27.380000 -0.089000000 
27.390000 -0.095000000 
27.400000 -0.10000000  
27.410000 -0.10400000  
27.420000 -0.10600000  
27.430000 -0.10700000  
27.440000 -0.10600000  
27.450000 -0.10400000  
27.460000 -0.10100000  
27.470000 -0.095000000 
27.480000 -0.088000000 
27.490000 -0.080000000 
27.500000 -0.071000000 
27.510000 -0.060000000 
27.520000 -0.050000000 
27.530000 -0.039000000 
27.540000 -0.027000000 
27.550000 -0.013000000 
27.560000 0.0010000000 
27.570000 0.016000000  
27.580000 0.030000000  
27.590000 0.045000000  
27.600000 0.059000000  
27.610000 0.073000000  
27.620000 0.087000000  
27.630000 0.10100000   
27.640000 0.11500000   
27.650000 0.12900000   
27.660000 0.14200000   
27.670000 0.15400000   
27.680000 0.16600000   
27.690000 0.17700000   
27.700000 0.18800000   
27.710000 0.19700000   
27.720000 0.20700000   
27.730000 0.21600000   
27.740000 0.22400000   
27.750000 0.23200000   
27.760000 0.23900000   
27.770000 0.24600000   
27.780000 0.25200000   
27.790000 0.25700000   
27.800000 0.26200000   
27.810000 0.26700000   
27.820000 0.27100000   
27.830000 0.27500000   
27.840000 0.27900000   
27.850000 0.28200000   
27.860000 0.28500000   
27.870000 0.28800000   
27.880000 0.29100000   
27.890000 0.29300000   
27.900000 0.29500000   
27.910000 0.29600000   
27.920000 0.29800000   
27.930000 0.29900000   
27.940000 0.29900000   
27.950000 0.30000000   
27.960000 0.30000000   
27.970000 0.30000000   
27.980000 0.29900000   
27.990000 0.29800000   
28.000000 0.29600000   
28.010000 0.29300000   
28.020000 0.29000000   
28.030000 0.28700000   
28.040000 0.28300000   
28.050000 0.27900000   
28.060000 0.27500000   
28.070000 0.27100000   
28.080000 0.26600000   
28.090000 0.26100000   
28.100000 0.25600000   
28.110000 0.25000000   
28.120000 0.24500000   
28.130000 0.24000000   
28.140000 0.23600000   
28.150000 0.23300000   
28.160000 0.23000000   
28.170000 0.22700000   
28.180000 0.22500000   
28.190000 0.22300000   
28.200000 0.22200000   
28.210000 0.22100000   
28.220000 0.22200000   
28.230000 0.22300000   
28.240000 0.22600000   
28.250000 0.23000000   
28.260000 0.23400000   
28.270000 0.24000000   
28.280000 0.24600000   
28.290000 0.25200000   
28.300000 0.25800000   
28.310000 0.26400000   
28.320000 0.27100000   
28.330000 0.27900000   
28.340000 0.28700000   
28.350000 0.29500000   
28.360000 0.30400000   
28.370000 0.31100000   
28.380000 0.31800000   
28.390000 0.32300000   
28.400000 0.32800000   
28.410000 0.33300000   
28.420000 0.33700000   
28.430000 0.34000000   
28.440000 0.34300000   
28.450000 0.34400000   
28.460000 0.34500000   
28.470000 0.34400000   
28.480000 0.34200000   
28.490000 0.33900000   
28.500000 0.33400000   
28.510000 0.32900000   
28.520000 0.32300000   
28.530000 0.31600000   
28.540000 0.30800000   
28.550000 0.30000000   
28.560000 0.29100000   
28.570000 0.28100000   
28.580000 0.27000000   
28.590000 0.25800000   
28.600000 0.24600000   
28.610000 0.23300000   
28.620000 0.22000000   
28.630000 0.20800000   
28.640000 0.19500000   
28.650000 0.18200000   
28.660000 0.16900000   
28.670000 0.15600000   
28.680000 0.14200000   
28.690000 0.12900000   
28.700000 0.11600000   
28.710000 0.10300000   
28.720000 0.091000000  
28.730000 0.078000000  
28.740000 0.066000000  
28.750000 0.054000000  
28.760000 0.043000000  
28.770000 0.032000000  
28.780000 0.021000000  
28.790000 0.011000000  
28.800000 0.0010000000 
28.810000 -0.0080000000
28.820000 -0.017000000 
28.830000 -0.025000000 
28.840000 -0.033000000 
28.850000 -0.040000000 
28.860000 -0.046000000 
28.870000 -0.052000000 
28.880000 -0.056000000 
28.890000 -0.060000000 
28.900000 -0.063000000 
28.910000 -0.065000000 
28.920000 -0.066000000 
28.930000 -0.066000000 
28.940000 -0.066000000 
28.950000 -0.065000000 
28.960000 -0.062000000 
28.970000 -0.059000000 
28.980000 -0.054000000 
28.990000 -0.049000000 
29.000000 -0.042000000 
29.010000 -0.034000000 
29.020000 -0.026000000 
29.030000 -0.017000000 
29.040000 -0.0080000000
29.050000 0.0020000000 
29.060000 0.012000000  
29.070000 0.023000000  
29.080000 0.035000000  
29.090000 0.048000000  
29.100000 0.061000000  
29.110000 0.074000000  
29.120000 0.086000000  
29.130000 0.098000000  
29.140000 0.10900000   
29.150000 0.12000000   
29.160000 0.13100000   
29.170000 0.14100000   
29.180000 0.15200000   
29.190000 0.16200000   
29.200000 0.17100000   
29.210000 0.17900000   
29.220000 0.18500000   
29.230000 0.19100000   
29.240000 0.19500000   
29.250000 0.19900000   
29.260000 0.20100000   
29.270000 0.20300000   
29.280000 0.20400000   
29.290000 0.20400000   
29.300000 0.20400000   
29.310000 0.20300000   
29.320000 0.20100000   
29.330000 0.19800000   
29.340000 0.19400000   
29.350000 0.19000000   
29.360000 0.18500000   
29.370000 0.18000000   
29.380000 0.17400000   
29.390000 0.16900000   
29.400000 0.16500000   
29.410000 0.16000000   
29.420000 0.15500000   
29.430000 0.15100000   
29.440000 0.14600000   
29.450000 0.14100000   
29.460000 0.13600000   
29.470000 0.13200000   
29.480000 0.12800000   
29.490000 0.12500000   
29.500000 0.12200000   
29.510000 0.12000000   
29.520000 0.11700000   
29.530000 0.11600000   
29.540000 0.11400000   
29.550000 0.11200000   
29.560000 0.11000000   
29.570000 0.10700000   
29.580000 0.10500000   
29.590000 0.10200000   
29.600000 0.10000000   
29.610000 0.097000000  
29.620000 0.094000000  
29.630000 0.091000000  
29.640000 0.087000000  
29.650000 0.083000000  
29.660000 0.077000000  
29.670000 0.070000000  
29.680000 0.063000000  
29.690000 0.055000000  
29.700000 0.046000000  
29.710000 0.037000000  
29.720000 0.027000000  
29.730000 0.017000000  
29.740000 0.0060000000 
29.750000 -0.0050000000
29.760000 -0.017000000 
29.770000 -0.031000000 
29.780000 -0.044000000 
29.790000 -0.059000000 
29.800000 -0.073000000 
29.810000 -0.088000000 
29.820000 -0.10300000  
29.830000 -0.11700000  
29.840000 -0.13100000  
29.850000 -0.14500000  
29.860000 -0.15900000  
29.870000 -0.17200000  
29.880000 -0.18600000  
29.890000 -0.20000000  
29.900000 -0.21300000  
29.910000 -0.22500000  
29.920000 -0.23700000  
29.930000 -0.24800000  
29.940000 -0.25800000  
29.950000 -0.26700000  
29.960000 -0.27600000  
29.970000 -0.28400000  
29.980000 -0.29100000  
29.990000 -0.29900000  
