# WAVE    T            
1.4400000 0.0000000    
1.4500000 0.0000000    
1.4600000 0.0000000    
1.4700000 0.0000000    
1.4800000 0.0000000    
1.4900000 0.0000000    
1.5000000 0.0000000    
1.5100000 0.0000000    
1.5200000 0.0000000    
1.5300000 0.0000000    
1.5400000 0.0000000    
1.5500000 0.0000000    
1.5600000 0.0000000    
1.5700000 0.0000000    
1.5800000 0.0000000    
1.5900000 0.0000000    
1.6000000 0.0000000    
1.6100000 0.0000000    
1.6200000 0.0000000    
1.6300000 0.0000000    
1.6400000 0.0000000    
1.6500000 0.0000000    
1.6600000 0.0000000    
1.6700000 0.0000000    
1.6800000 0.0000000    
1.6900000 -0.19200000  
1.7000000 -0.11000000  
1.7100000 0.19800000   
1.7200000 -0.0080000000
1.7300000 -0.041000000 
1.7400000 -0.12600000  
1.7500000 0.084000000  
1.7600000 0.18400000   
1.7700000 0.14600000   
1.7800000 -0.067000000 
1.7900000 0.19000000   
1.8000000 0.062000000  
1.8100000 0.043000000  
1.8200000 -0.13000000  
1.8300000 0.057000000  
1.8400000 -0.22800000  
1.8500000 0.11700000   
1.8600000 0.24000000   
1.8700000 -0.10500000  
1.8800000 0.11200000   
1.8900000 0.23000000   
1.9000000 -0.015000000 
1.9100000 -0.010000000 
1.9200000 0.26700000   
1.9300000 0.20500000   
1.9400000 -0.0070000000
1.9500000 0.017000000  
1.9600000 0.0020000000 
1.9700000 0.061000000  
1.9800000 0.12200000   
1.9900000 -0.11800000  
2.0000000 0.14600000   
2.0100000 -0.026000000 
2.0200000 -0.12900000  
2.0300000 0.23400000   
2.0400000 0.26100000   
2.0500000 0.21100000   
2.0600000 0.13300000   
2.0700000 0.011000000  
2.0800000 -0.064000000 
2.0900000 0.065000000  
2.1000000 -0.023000000 
2.1100000 0.045000000  
2.1200000 -0.14900000  
2.1300000 0.037000000  
2.1400000 -0.076000000 
2.1500000 -0.055000000 
2.1600000 -0.068000000 
2.1700000 0.050000000  
2.1800000 0.13100000   
2.1900000 -0.046000000 
2.2000000 -0.060000000 
2.2100000 -0.018000000 
2.2200000 0.020000000  
2.2300000 0.086000000  
2.2400000 -0.029000000 
2.2500000 -0.013000000 
2.2600000 0.049000000  
2.2700000 0.022000000  
2.2800000 -0.011000000 
2.2900000 0.020000000  
2.3000000 -0.030000000 
2.3100000 -0.021000000 
2.3200000 0.011000000  
2.3300000 0.088000000  
2.3400000 -0.0090000000
2.3500000 0.031000000  
2.3600000 0.048000000  
2.3700000 0.014000000  
2.3800000 -0.047000000 
2.3900000 0.058000000  
2.4000000 0.038000000  
2.4100000 0.015000000  
2.4200000 0.015000000  
2.4300000 0.053000000  
2.4400000 0.062000000  
2.4500000 0.023000000  
2.4600000 -0.014000000 
2.4700000 0.0020000000 
2.4800000 0.049000000  
2.4900000 0.058000000  
2.5000000 0.0080000000 
2.5100000 0.0070000000 
2.5200000 -0.0020000000
2.5300000 0.069000000  
2.5400000 -0.044000000 
2.5500000 0.067000000  
2.5600000 0.010000000  
2.5700000 -0.015000000 
2.5800000 0.0090000000 
2.5900000 -0.030000000 
2.6000000 0.085000000  
2.6100000 0.049000000  
2.6200000 -0.046000000 
2.6300000 0.054000000  
2.6400000 -0.034000000 
2.6500000 0.10000000   
2.6600000 0.076000000  
2.6700000 0.036000000  
2.6800000 0.057000000  
2.6900000 -0.0070000000
2.7000000 0.057000000  
2.7100000 -0.055000000 
2.7200000 0.095000000  
2.7300000 -0.065000000 
2.7400000 0.057000000  
2.7500000 0.072000000  
2.7600000 -0.030000000 
2.7700000 0.0020000000 
2.7800000 -0.0090000000
2.7900000 0.012000000  
2.8000000 0.0010000000 
2.8100000 0.013000000  
2.8200000 0.044000000  
2.8300000 0.0000000    
2.8400000 0.027000000  
2.8500000 0.014000000  
2.8600000 0.0020000000 
2.8700000 0.030000000  
2.8800000 0.014000000  
2.8900000 0.032000000  
2.9000000 0.016000000  
2.9100000 -0.0070000000
2.9200000 0.056000000  
2.9300000 0.014000000  
2.9400000 0.013000000  
2.9500000 -0.024000000 
2.9600000 0.039000000  
2.9700000 0.0010000000 
2.9800000 0.032000000  
2.9900000 -0.0060000000
3.0000000 0.015000000  
3.0100000 0.0080000000 
3.0200000 0.019000000  
3.0300000 0.041000000  
3.0400000 -0.0010000000
3.0500000 0.0010000000 
3.0600000 0.027000000  
3.0700000 0.027000000  
3.0800000 0.023000000  
3.0900000 0.0040000000 
3.1000000 -0.0040000000
3.1100000 0.021000000  
3.1200000 -0.011000000 
3.1300000 0.0080000000 
3.1400000 0.021000000  
3.1500000 0.0060000000 
3.1600000 0.011000000  
3.1700000 -0.014000000 
3.1800000 -0.014000000 
3.1900000 -0.024000000 
3.2000000 0.022000000  
3.2100000 0.020000000  
3.2200000 0.0020000000 
3.2300000 0.0060000000 
3.2400000 -0.0030000000
3.2500000 0.013000000  
3.2600000 -0.0090000000
3.2700000 0.014000000  
3.2800000 -0.0070000000
3.2900000 0.0060000000 
3.3000000 0.0050000000 
3.3100000 -0.0040000000
3.3200000 -0.013000000 
3.3300000 0.0050000000 
3.3400000 -0.014000000 
3.3500000 -0.0070000000
3.3600000 0.014000000  
3.3700000 0.0090000000 
3.3800000 0.0080000000 
3.3900000 0.014000000  
3.4000000 -0.010000000 
3.4100000 -0.0050000000
3.4200000 0.0020000000 
3.4300000 0.0060000000 
3.4400000 0.0060000000 
3.4500000 -0.0090000000
3.4600000 0.0030000000 
3.4700000 -0.0040000000
3.4800000 0.016000000  
3.4900000 0.0090000000 
3.5000000 0.0040000000 
3.5100000 -0.0030000000
3.5200000 -0.0020000000
3.5300000 -0.0060000000
3.5400000 -0.0020000000
3.5500000 0.0070000000 
3.5600000 0.011000000  
3.5700000 0.010000000  
3.5800000 0.0070000000 
3.5900000 0.0000000    
3.6000000 0.0000000    
3.6100000 0.019000000  
3.6200000 -0.0050000000
3.6300000 -0.013000000 
3.6400000 0.011000000  
3.6500000 -0.0080000000
3.6600000 0.012000000  
3.6700000 -0.019000000 
3.6800000 -0.018000000 
3.6900000 0.0010000000 
3.7000000 -0.0060000000
3.7100000 0.014000000  
3.7200000 -0.021000000 
3.7300000 0.0030000000 
3.7400000 0.0080000000 
3.7500000 0.0040000000 
3.7600000 -0.0050000000
3.7700000 -0.0070000000
3.7800000 -0.0020000000
3.7900000 0.010000000  
3.8000000 0.013000000  
3.8100000 0.0080000000 
3.8200000 0.011000000  
3.8300000 -0.0020000000
3.8400000 0.0090000000 
3.8500000 0.010000000  
3.8600000 0.0040000000 
3.8700000 0.0050000000 
3.8800000 0.012000000  
3.8900000 0.0010000000 
3.9000000 0.0070000000 
3.9100000 0.0040000000 
3.9200000 0.0060000000 
3.9300000 0.0020000000 
3.9400000 -0.0020000000
3.9500000 -0.0080000000
3.9600000 0.0020000000 
3.9700000 0.0010000000 
3.9800000 -0.013000000 
3.9900000 0.0020000000 
4.0000000 0.010000000  
4.0100000 0.0010000000 
4.0200000 -0.0050000000
4.0300000 0.0020000000 
4.0400000 0.010000000  
4.0500000 0.0050000000 
4.0600000 0.010000000  
4.0700000 0.0010000000 
4.0800000 -0.0060000000
4.0900000 -0.0010000000
4.1000000 -0.0070000000
4.1100000 0.0020000000 
4.1200000 0.0010000000 
4.1300000 -0.0040000000
4.1400000 -0.0080000000
4.1500000 0.0060000000 
4.1600000 0.0050000000 
4.1700000 0.0050000000 
4.1800000 0.0040000000 
4.1900000 0.0050000000 
4.2000000 -0.0020000000
4.2100000 0.0020000000 
4.2200000 0.011000000  
4.2300000 0.0020000000 
4.2400000 0.0000000    
4.2500000 -0.0060000000
4.2600000 0.0010000000 
4.2700000 0.0050000000 
4.2800000 0.0030000000 
4.2900000 -0.0020000000
4.3000000 0.0010000000 
4.3100000 0.010000000  
4.3200000 0.011000000  
4.3300000 0.0000000    
4.3400000 0.0050000000 
4.3500000 0.012000000  
4.3600000 0.0080000000 
4.3700000 0.017000000  
4.3800000 0.0040000000 
4.3900000 0.014000000  
4.4000000 0.0020000000 
4.4100000 0.0020000000 
4.4200000 0.0020000000 
4.4300000 0.0080000000 
4.4400000 0.0030000000 
4.4500000 -0.0010000000
4.4600000 0.0010000000 
4.4700000 0.0050000000 
4.4800000 0.019000000  
4.4900000 -0.020000000 
4.5000000 -0.0060000000
4.5100000 -0.010000000 
4.5200000 0.0090000000 
4.5300000 0.0020000000 
4.5400000 -0.0030000000
4.5500000 0.0020000000 
4.5600000 0.013000000  
4.5700000 0.0020000000 
4.5800000 -0.010000000 
4.5900000 0.0020000000 
4.6000000 0.0070000000 
4.6100000 -0.0030000000
4.6200000 0.0080000000 
4.6300000 0.014000000  
4.6400000 0.0080000000 
4.6500000 -0.0020000000
4.6600000 0.0010000000 
4.6700000 0.015000000  
4.6800000 0.011000000  
4.6900000 -0.0040000000
4.7000000 -0.0030000000
4.7100000 0.0050000000 
4.7200000 0.0060000000 
4.7300000 -0.0040000000
4.7400000 0.0020000000 
4.7500000 0.011000000  
4.7600000 0.017000000  
4.7700000 0.0030000000 
4.7800000 0.0050000000 
4.7900000 0.0040000000 
4.8000000 0.022000000  
4.8100000 -0.0050000000
4.8200000 0.0050000000 
4.8300000 0.010000000  
4.8400000 0.015000000  
4.8500000 -0.0020000000
4.8600000 -0.0010000000
4.8700000 0.021000000  
4.8800000 0.018000000  
4.8900000 0.010000000  
4.9000000 -0.017000000 
4.9100000 0.022000000  
4.9200000 0.015000000  
4.9300000 0.0050000000 
4.9400000 -0.0090000000
4.9500000 0.0060000000 
4.9600000 0.0010000000 
4.9700000 -0.022000000 
4.9800000 -0.0080000000
4.9900000 -0.0040000000
5.0000000 -0.013000000 
5.0100000 0.013000000  
5.0200000 0.0070000000 
5.0300000 0.0090000000 
5.0400000 0.0060000000 
5.0500000 0.0030000000 
5.0600000 -0.016000000 
5.0700000 0.0030000000 
5.0800000 0.010000000  
5.0900000 0.015000000  
5.1000000 0.011000000  
5.1100000 0.0030000000 
5.1200000 -0.0070000000
5.1300000 0.0010000000 
5.1400000 -0.0060000000
5.1500000 -0.0010000000
5.1600000 0.013000000  
5.1700000 -0.013000000 
5.1800000 -0.022000000 
5.1900000 -0.0010000000
5.2000000 0.019000000  
5.2100000 0.014000000  
5.2200000 0.0060000000 
5.2300000 0.0010000000 
5.2400000 -0.0020000000
5.2500000 0.0070000000 
5.2600000 0.011000000  
5.2700000 0.022000000  
5.2800000 0.0080000000 
5.2900000 0.020000000  
5.3000000 -0.0020000000
5.3100000 -0.012000000 
5.3200000 -0.013000000 
5.3300000 -0.017000000 
5.3400000 -0.020000000 
5.3500000 0.011000000  
5.3600000 0.019000000  
5.3700000 0.017000000  
5.3800000 -0.0080000000
5.3900000 -0.016000000 
5.4000000 -0.0030000000
5.4100000 0.0050000000 
5.4200000 0.021000000  
5.4300000 0.022000000  
5.4400000 0.0080000000 
5.4500000 -0.0020000000
5.4600000 -0.0070000000
5.4700000 -0.0080000000
5.4800000 -0.0030000000
5.4900000 0.012000000  
5.5000000 0.0090000000 
5.5100000 -0.0070000000
5.5200000 -0.013000000 
5.5300000 -0.013000000 
5.5400000 -0.0070000000
5.5500000 0.0030000000 
5.5600000 -0.010000000 
5.5700000 -0.0030000000
5.5800000 -0.010000000 
5.5900000 -0.022000000 
5.6000000 -0.0050000000
5.6100000 0.0030000000 
5.6200000 0.0090000000 
5.6300000 0.018000000  
5.6400000 0.0050000000 
5.6500000 0.011000000  
5.6600000 0.014000000  
5.6700000 0.020000000  
5.6800000 0.017000000  
5.6900000 0.0020000000 
5.7000000 -0.017000000 
5.7100000 0.011000000  
5.7200000 0.010000000  
5.7300000 0.0070000000 
5.7400000 0.0060000000 
5.7500000 -0.0020000000
5.7600000 -0.021000000 
5.7700000 0.0000000    
5.7800000 -0.0010000000
5.7900000 0.0040000000 
5.8000000 -0.0020000000
5.8100000 -0.0070000000
5.8200000 0.0010000000 
5.8300000 0.0070000000 
5.8400000 0.011000000  
5.8500000 -0.0050000000
5.8600000 0.0000000    
5.8700000 0.019000000  
5.8800000 0.0030000000 
5.8900000 0.0010000000 
5.9000000 0.0060000000 
5.9100000 -0.0030000000
5.9200000 -0.017000000 
5.9300000 -0.0080000000
5.9400000 0.018000000  
5.9500000 0.015000000  
5.9600000 -0.0090000000
5.9700000 -0.022000000 
5.9800000 0.014000000  
5.9900000 0.032000000  
6.0000000 0.021000000  
6.0100000 0.0090000000 
6.0200000 0.0020000000 
6.0300000 0.0050000000 
6.0400000 0.010000000  
6.0500000 0.021000000  
6.0600000 0.019000000  
6.0700000 -0.0030000000
6.0800000 -0.026000000 
6.0900000 -0.022000000 
6.1000000 -0.0060000000
6.1100000 0.0040000000 
6.1200000 0.024000000  
6.1300000 0.020000000  
6.1400000 0.023000000  
6.1500000 0.039000000  
6.1600000 0.0030000000 
6.1700000 -0.012000000 
6.1800000 0.0070000000 
6.1900000 0.015000000  
6.2000000 -0.0080000000
6.2100000 -0.0080000000
6.2200000 -0.010000000 
6.2300000 -0.0090000000
6.2400000 -0.0090000000
6.2500000 -0.014000000 
6.2600000 -0.0090000000
6.2700000 0.0020000000 
6.2800000 0.016000000  
6.2900000 0.018000000  
6.3000000 0.0030000000 
6.3100000 -0.014000000 
6.3200000 -0.023000000 
6.3300000 -0.013000000 
6.3400000 -0.0010000000
6.3500000 0.0050000000 
6.3600000 -0.0040000000
6.3700000 0.0020000000 
6.3800000 0.0020000000 
6.3900000 0.0070000000 
6.4000000 0.011000000  
6.4100000 -0.0040000000
6.4200000 -0.0090000000
6.4300000 -0.014000000 
6.4400000 -0.0070000000
6.4500000 0.0000000    
6.4600000 0.0060000000 
6.4700000 0.024000000  
6.4800000 0.023000000  
6.4900000 0.019000000  
6.5000000 0.014000000  
6.5100000 0.013000000  
6.5200000 0.021000000  
6.5300000 0.010000000  
6.5400000 0.0050000000 
6.5500000 0.0020000000 
6.5600000 -0.014000000 
6.5700000 -0.017000000 
6.5800000 -0.0070000000
6.5900000 0.0070000000 
6.6000000 0.0080000000 
6.6100000 0.0090000000 
6.6200000 0.010000000  
6.6300000 0.013000000  
6.6400000 0.015000000  
6.6500000 0.0020000000 
6.6600000 -0.0030000000
6.6700000 0.016000000  
6.6800000 0.027000000  
6.6900000 0.027000000  
6.7000000 0.016000000  
6.7100000 0.0060000000 
6.7200000 0.0090000000 
6.7300000 0.035000000  
6.7400000 0.034000000  
6.7500000 0.024000000  
6.7600000 0.017000000  
6.7700000 -0.014000000 
6.7800000 -0.021000000 
6.7900000 -0.0090000000
6.8000000 0.021000000  
6.8100000 0.064000000  
6.8200000 0.054000000  
6.8300000 0.0080000000 
6.8400000 -0.0040000000
6.8500000 0.0080000000 
6.8600000 0.015000000  
6.8700000 0.027000000  
6.8800000 0.031000000  
6.8900000 0.010000000  
6.9000000 -0.017000000 
6.9100000 -0.026000000 
6.9200000 -0.0050000000
6.9300000 0.043000000  
6.9400000 0.051000000  
6.9500000 0.026000000  
6.9600000 0.0030000000 
6.9700000 -0.014000000 
6.9800000 -0.019000000 
6.9900000 -0.0010000000
7.0000000 0.017000000  
7.0100000 0.0060000000 
7.0200000 0.0010000000 
7.0300000 -0.0070000000
7.0400000 -0.022000000 
7.0500000 -0.0090000000
7.0600000 -0.0040000000
7.0700000 -0.021000000 
7.0800000 -0.023000000 
7.0900000 -0.0060000000
7.1000000 0.0080000000 
7.1100000 0.038000000  
7.1200000 0.085000000  
7.1300000 0.084000000  
7.1400000 0.042000000  
7.1500000 0.012000000  
7.1600000 0.0030000000 
7.1700000 -0.0060000000
7.1800000 -0.0060000000
7.1900000 -0.0020000000
7.2000000 0.0040000000 
7.2100000 0.012000000  
7.2200000 0.0070000000 
7.2300000 0.0050000000 
7.2400000 0.012000000  
7.2500000 0.012000000  
7.2600000 0.0020000000 
7.2700000 -0.0070000000
7.2800000 -0.016000000 
7.2900000 -0.029000000 
7.3000000 -0.033000000 
7.3100000 -0.017000000 
7.3200000 -0.0010000000
7.3300000 0.0010000000 
7.3400000 -0.0080000000
7.3500000 -0.014000000 
7.3600000 -0.0060000000
7.3700000 0.0080000000 
7.3800000 0.019000000  
7.3900000 0.030000000  
7.4000000 0.039000000  
7.4100000 0.032000000  
7.4200000 0.015000000  
7.4300000 0.0010000000 
7.4400000 -0.0040000000
7.4500000 -0.0030000000
7.4600000 0.0010000000 
7.4700000 0.0070000000 
7.4800000 0.0050000000 
7.4900000 -0.0040000000
7.5000000 -0.0040000000
7.5100000 0.0040000000 
7.5200000 0.012000000  
7.5300000 0.012000000  
7.5400000 0.0000000    
7.5500000 -0.016000000 
7.5600000 -0.023000000 
7.5700000 -0.022000000 
7.5800000 -0.014000000 
7.5900000 0.0040000000 
7.6000000 0.019000000  
7.6100000 0.022000000  
7.6200000 0.015000000  
7.6300000 0.014000000  
7.6400000 0.024000000  
7.6500000 0.030000000  
7.6600000 0.017000000  
7.6700000 -0.0080000000
7.6800000 -0.017000000 
7.6900000 -0.0050000000
7.7000000 0.011000000  
7.7100000 0.016000000  
7.7200000 0.013000000  
7.7300000 0.010000000  
7.7400000 0.0050000000 
7.7500000 -0.0040000000
7.7600000 -0.0070000000
7.7700000 0.0000000    
7.7800000 0.0060000000 
7.7900000 0.0030000000 
7.8000000 0.0020000000 
7.8100000 0.0070000000 
7.8200000 0.0070000000 
7.8300000 0.0020000000 
7.8400000 0.0020000000 
7.8500000 0.0050000000 
7.8600000 0.0030000000 
7.8700000 0.0040000000 
7.8800000 0.011000000  
7.8900000 0.017000000  
7.9000000 0.013000000  
7.9100000 0.0020000000 
7.9200000 -0.0050000000
7.9300000 -0.0070000000
7.9400000 -0.0060000000
7.9500000 -0.0050000000
7.9600000 -0.0060000000
7.9700000 -0.010000000 
7.9800000 -0.012000000 
7.9900000 -0.0060000000
8.0000000 0.0020000000 
8.0100000 0.0040000000 
8.0200000 0.0020000000 
8.0300000 0.0040000000 
8.0400000 0.010000000  
8.0500000 0.013000000  
8.0600000 0.0090000000 
8.0700000 0.0050000000 
8.0800000 0.0040000000 
8.0900000 0.0070000000 
8.1000000 0.012000000  
8.1100000 0.017000000  
8.1200000 0.015000000  
8.1300000 0.010000000  
8.1400000 0.0080000000 
8.1500000 0.0070000000 
8.1600000 0.0040000000 
8.1700000 0.0030000000 
8.1800000 0.0040000000 
8.1900000 0.0010000000 
8.2000000 -0.0030000000
8.2100000 -0.0020000000
8.2200000 0.0040000000 
8.2300000 0.0070000000 
8.2400000 0.0050000000 
8.2500000 0.0020000000 
8.2600000 0.0030000000 
8.2700000 0.0090000000 
8.2800000 0.013000000  
8.2900000 0.010000000  
8.3000000 0.0060000000 
8.3100000 0.0040000000 
8.3200000 0.0040000000 
8.3300000 0.0040000000 
8.3400000 0.0040000000 
8.3500000 0.0020000000 
8.3600000 -0.0010000000
8.3700000 -0.0030000000
8.3800000 -0.0020000000
8.3900000 0.0000000    
8.4000000 -0.0020000000
8.4100000 -0.0060000000
8.4200000 -0.0070000000
8.4300000 -0.0040000000
8.4400000 0.0030000000 
8.4500000 0.011000000  
8.4600000 0.011000000  
8.4700000 0.0060000000 
8.4800000 -0.0020000000
8.4900000 -0.0080000000
8.5000000 -0.010000000 
8.5100000 -0.0080000000
8.5200000 -0.0020000000
8.5300000 0.0040000000 
8.5400000 0.0060000000 
8.5500000 0.0030000000 
8.5600000 -0.0020000000
8.5700000 -0.0080000000
8.5800000 -0.012000000 
8.5900000 -0.0090000000
8.6000000 0.0020000000 
8.6100000 0.017000000  
8.6200000 0.023000000  
8.6300000 0.017000000  
8.6400000 0.0090000000 
8.6500000 0.0050000000 
8.6600000 0.0050000000 
8.6700000 0.0030000000 
8.6800000 0.0000000    
8.6900000 0.0000000    
8.7000000 0.0050000000 
8.7100000 0.0080000000 
8.7200000 0.0070000000 
8.7300000 0.0030000000 
8.7400000 0.0020000000 
8.7500000 0.0040000000 
8.7600000 0.0060000000 
8.7700000 0.0040000000 
8.7800000 0.0000000    
8.7900000 -0.0040000000
8.8000000 -0.0060000000
8.8100000 -0.0060000000
8.8200000 -0.0050000000
8.8300000 -0.0040000000
8.8400000 -0.0020000000
8.8500000 0.0020000000 
8.8600000 0.0060000000 
8.8700000 0.010000000  
8.8800000 0.013000000  
8.8900000 0.011000000  
8.9000000 0.0030000000 
8.9100000 -0.0040000000
8.9200000 -0.0040000000
8.9300000 0.0000000    
8.9400000 0.0030000000 
8.9500000 0.0020000000 
8.9600000 0.0010000000 
8.9700000 0.0000000    
8.9800000 -0.0010000000
8.9900000 -0.0010000000
9.0000000 0.0000000    
9.0100000 0.0020000000 
9.0200000 0.0030000000 
9.0300000 0.0010000000 
9.0400000 -0.0010000000
9.0500000 0.0000000    
9.0600000 0.0010000000 
9.0700000 0.0000000    
9.0800000 -0.0030000000
9.0900000 -0.0050000000
9.1000000 -0.0020000000
9.1100000 0.0050000000 
9.1200000 0.010000000  
9.1300000 0.0080000000 
9.1400000 0.0010000000 
9.1500000 -0.0030000000
9.1600000 -0.0010000000
9.1700000 0.0050000000 
9.1800000 0.010000000  
9.1900000 0.011000000  
9.2000000 0.0060000000 
9.2100000 0.0000000    
9.2200000 -0.0040000000
9.2300000 -0.0030000000
9.2400000 0.0020000000 
9.2500000 0.0070000000 
9.2600000 0.0080000000 
9.2700000 0.0070000000 
9.2800000 0.0060000000 
9.2900000 0.0040000000 
9.3000000 -0.0010000000
9.3100000 -0.0060000000
9.3200000 -0.010000000 
9.3300000 -0.0080000000
9.3400000 -0.0030000000
9.3500000 0.0020000000 
9.3600000 0.0050000000 
9.3700000 0.0040000000 
9.3800000 0.0000000    
9.3900000 -0.0070000000
9.4000000 -0.013000000 
9.4100000 -0.013000000 
9.4200000 -0.0060000000
9.4300000 0.0040000000 
9.4400000 0.012000000  
9.4500000 0.013000000  
9.4600000 0.010000000  
9.4700000 0.0090000000 
9.4800000 0.0090000000 
9.4900000 0.010000000  
9.5000000 0.0060000000 
9.5100000 0.0000000    
9.5200000 -0.0010000000
9.5300000 0.0030000000 
9.5400000 0.010000000  
9.5500000 0.016000000  
9.5600000 0.019000000  
9.5700000 0.020000000  
9.5800000 0.017000000  
9.5900000 0.010000000  
9.6000000 0.0000000    
9.6100000 -0.0090000000
9.6200000 -0.013000000 
9.6300000 -0.012000000 
9.6400000 -0.0080000000
9.6500000 -0.0010000000
9.6600000 0.0050000000 
9.6700000 0.0090000000 
9.6800000 0.013000000  
9.6900000 0.015000000  
9.7000000 0.015000000  
9.7100000 0.012000000  
9.7200000 0.0070000000 
9.7300000 0.0020000000 
9.7400000 0.0010000000 
9.7500000 0.0040000000 
9.7600000 0.010000000  
9.7700000 0.015000000  
9.7800000 0.017000000  
9.7900000 0.016000000  
9.8000000 0.015000000  
9.8100000 0.014000000  
9.8200000 0.014000000  
9.8300000 0.017000000  
9.8400000 0.022000000  
9.8500000 0.027000000  
9.8600000 0.030000000  
9.8700000 0.029000000  
9.8800000 0.025000000  
9.8900000 0.018000000  
9.9000000 0.0090000000 
9.9100000 0.0000000    
9.9200000 -0.0080000000
9.9300000 -0.012000000 
9.9400000 -0.012000000 
9.9500000 -0.0090000000
9.9600000 -0.0050000000
9.9700000 -0.0040000000
9.9800000 -0.0030000000
9.9900000 -0.0030000000
10.000000 0.0000000    
10.010000 0.0050000000 
10.020000 0.011000000  
10.030000 0.017000000  
10.040000 0.021000000  
10.050000 0.021000000  
10.060000 0.016000000  
10.070000 0.0090000000 
10.080000 0.0030000000 
10.090000 -0.0010000000
10.100000 -0.0020000000
10.110000 -0.0030000000
10.120000 -0.0050000000
10.130000 -0.0070000000
10.140000 -0.0070000000
10.150000 -0.0040000000
10.160000 0.0000000    
10.170000 0.0020000000 
10.180000 0.0020000000 
10.190000 0.0010000000 
10.200000 0.0020000000 
10.210000 0.0050000000 
10.220000 0.0080000000 
10.230000 0.011000000  
10.240000 0.012000000  
10.250000 0.0090000000 
10.260000 0.0030000000 
10.270000 -0.0050000000
10.280000 -0.014000000 
10.290000 -0.018000000 
10.300000 -0.017000000 
10.310000 -0.013000000 
10.320000 -0.0080000000
10.330000 -0.0060000000
10.340000 -0.0050000000
10.350000 -0.0040000000
10.360000 -0.0040000000
10.370000 -0.0040000000
10.380000 -0.0030000000
10.390000 -0.0020000000
10.400000 0.0000000    
10.410000 0.0020000000 
10.420000 0.0050000000 
10.430000 0.0080000000 
10.440000 0.0090000000 
10.450000 0.0070000000 
10.460000 0.0020000000 
10.470000 -0.0040000000
10.480000 -0.0090000000
10.490000 -0.0090000000
10.500000 -0.0050000000
10.510000 0.0030000000 
10.520000 0.010000000  
10.530000 0.014000000  
10.540000 0.016000000  
10.550000 0.015000000  
10.560000 0.012000000  
10.570000 0.0080000000 
10.580000 0.0040000000 
10.590000 0.0010000000 
10.600000 -0.0020000000
10.610000 -0.0040000000
10.620000 -0.0040000000
10.630000 -0.0030000000
10.640000 -0.0020000000
10.650000 -0.0010000000
10.660000 0.0000000    
10.670000 -0.0010000000
10.680000 -0.0020000000
10.690000 -0.0020000000
10.700000 -0.0020000000
10.710000 -0.0020000000
10.720000 -0.0040000000
10.730000 -0.0080000000
10.740000 -0.011000000 
10.750000 -0.012000000 
10.760000 -0.0090000000
10.770000 -0.0030000000
10.780000 0.0040000000 
10.790000 0.010000000  
10.800000 0.012000000  
10.810000 0.010000000  
10.820000 0.0070000000 
10.830000 0.0020000000 
10.840000 -0.0010000000
10.850000 -0.0040000000
10.860000 -0.0070000000
10.870000 -0.0090000000
10.880000 -0.010000000 
10.890000 -0.011000000 
10.900000 -0.012000000 
10.910000 -0.013000000 
10.920000 -0.015000000 
10.930000 -0.018000000 
10.940000 -0.020000000 
10.950000 -0.021000000 
10.960000 -0.020000000 
10.970000 -0.018000000 
10.980000 -0.015000000 
10.990000 -0.012000000 
11.000000 -0.0090000000
11.010000 -0.0050000000
11.020000 0.0000000    
11.030000 0.0050000000 
11.040000 0.0080000000 
11.050000 0.010000000  
11.060000 0.0090000000 
11.070000 0.0070000000 
11.080000 0.0040000000 
11.090000 -0.0010000000
11.100000 -0.0050000000
11.110000 -0.010000000 
11.120000 -0.012000000 
11.130000 -0.011000000 
11.140000 -0.0070000000
11.150000 -0.0010000000
11.160000 0.0050000000 
11.170000 0.0080000000 
11.180000 0.0080000000 
11.190000 0.0040000000 
11.200000 0.0000000    
11.210000 -0.0060000000
11.220000 -0.010000000 
11.230000 -0.012000000 
11.240000 -0.011000000 
11.250000 -0.010000000 
11.260000 -0.0070000000
11.270000 -0.0060000000
11.280000 -0.0050000000
11.290000 -0.0030000000
11.300000 0.0000000    
11.310000 0.0040000000 
11.320000 0.0090000000 
11.330000 0.013000000  
11.340000 0.015000000  
11.350000 0.013000000  
11.360000 0.0090000000 
11.370000 0.0030000000 
11.380000 -0.0030000000
11.390000 -0.0080000000
11.400000 -0.012000000 
11.410000 -0.013000000 
11.420000 -0.015000000 
11.430000 -0.016000000 
11.440000 -0.017000000 
11.450000 -0.018000000 
11.460000 -0.017000000 
11.470000 -0.016000000 
11.480000 -0.015000000 
11.490000 -0.014000000 
11.500000 -0.013000000 
11.510000 -0.011000000 
11.520000 -0.0060000000
11.530000 -0.0020000000
11.540000 0.0020000000 
11.550000 0.0030000000 
11.560000 0.0010000000 
11.570000 -0.0020000000
11.580000 -0.0060000000
11.590000 -0.0090000000
11.600000 -0.010000000 
11.610000 -0.010000000 
11.620000 -0.010000000 
11.630000 -0.012000000 
11.640000 -0.015000000 
11.650000 -0.018000000 
11.660000 -0.019000000 
11.670000 -0.019000000 
11.680000 -0.015000000 
11.690000 -0.0090000000
11.700000 -0.0020000000
11.710000 0.0040000000 
11.720000 0.0080000000 
11.730000 0.0070000000 
11.740000 0.0040000000 
11.750000 0.0000000    
11.760000 -0.0040000000
11.770000 -0.0050000000
11.780000 -0.0030000000
11.790000 -0.0010000000
11.800000 0.0000000    
11.810000 0.0010000000 
11.820000 0.0010000000 
11.830000 0.0020000000 
11.840000 0.0070000000 
11.850000 0.016000000  
11.860000 0.027000000  
11.870000 0.038000000  
11.880000 0.045000000  
11.890000 0.047000000  
11.900000 0.044000000  
11.910000 0.038000000  
11.920000 0.032000000  
11.930000 0.028000000  
11.940000 0.027000000  
11.950000 0.027000000  
11.960000 0.028000000  
11.970000 0.027000000  
11.980000 0.024000000  
11.990000 0.019000000  
12.000000 0.014000000  
12.010000 0.010000000  
12.020000 0.0080000000 
12.030000 0.0080000000 
12.040000 0.010000000  
12.050000 0.012000000  
12.060000 0.016000000  
12.070000 0.019000000  
12.080000 0.022000000  
12.090000 0.025000000  
12.100000 0.026000000  
12.110000 0.026000000  
12.120000 0.023000000  
12.130000 0.020000000  
12.140000 0.016000000  
12.150000 0.015000000  
12.160000 0.016000000  
12.170000 0.020000000  
12.180000 0.025000000  
12.190000 0.028000000  
12.200000 0.028000000  
12.210000 0.025000000  
12.220000 0.021000000  
12.230000 0.015000000  
12.240000 0.011000000  
12.250000 0.0090000000 
12.260000 0.0080000000 
12.270000 0.010000000  
12.280000 0.014000000  
12.290000 0.019000000  
12.300000 0.026000000  
12.310000 0.034000000  
12.320000 0.042000000  
12.330000 0.048000000  
12.340000 0.051000000  
12.350000 0.047000000  
12.360000 0.040000000  
12.370000 0.031000000  
12.380000 0.023000000  
12.390000 0.019000000  
12.400000 0.021000000  
12.410000 0.031000000  
12.420000 0.045000000  
12.430000 0.062000000  
12.440000 0.078000000  
12.450000 0.092000000  
12.460000 0.10200000   
12.470000 0.10600000   
12.480000 0.10400000   
12.490000 0.097000000  
12.500000 0.086000000  
12.510000 0.072000000  
12.520000 0.057000000  
12.530000 0.042000000  
12.540000 0.030000000  
12.550000 0.021000000  
12.560000 0.017000000  
12.570000 0.018000000  
12.580000 0.023000000  
12.590000 0.032000000  
12.600000 0.041000000  
12.610000 0.051000000  
12.620000 0.058000000  
12.630000 0.061000000  
12.640000 0.060000000  
12.650000 0.055000000  
12.660000 0.049000000  
12.670000 0.042000000  
12.680000 0.036000000  
12.690000 0.033000000  
12.700000 0.033000000  
12.710000 0.034000000  
12.720000 0.035000000  
12.730000 0.034000000  
12.740000 0.030000000  
12.750000 0.023000000  
12.760000 0.013000000  
12.770000 0.0040000000 
12.780000 -0.0030000000
12.790000 -0.0060000000
12.800000 -0.0040000000
12.810000 0.0030000000 
12.820000 0.012000000  
12.830000 0.022000000  
12.840000 0.030000000  
12.850000 0.035000000  
12.860000 0.036000000  
12.870000 0.033000000  
12.880000 0.028000000  
12.890000 0.022000000  
12.900000 0.018000000  
12.910000 0.017000000  
12.920000 0.020000000  
12.930000 0.025000000  
12.940000 0.031000000  
12.950000 0.037000000  
12.960000 0.040000000  
12.970000 0.040000000  
12.980000 0.035000000  
12.990000 0.028000000  
13.000000 0.019000000  
13.010000 0.011000000  
13.020000 0.0040000000 
13.030000 -0.0010000000
13.040000 -0.0030000000
13.050000 -0.0030000000
13.060000 -0.0020000000
13.070000 -0.0010000000
13.080000 -0.0010000000
13.090000 -0.0010000000
13.100000 -0.0030000000
13.110000 -0.0060000000
13.120000 -0.011000000 
13.130000 -0.015000000 
13.140000 -0.019000000 
13.150000 -0.023000000 
13.160000 -0.025000000 
13.170000 -0.025000000 
13.180000 -0.024000000 
13.190000 -0.021000000 
13.200000 -0.017000000 
13.210000 -0.014000000 
13.220000 -0.011000000 
13.230000 -0.010000000 
13.240000 -0.011000000 
13.250000 -0.015000000 
13.260000 -0.018000000 
13.270000 -0.022000000 
13.280000 -0.023000000 
13.290000 -0.022000000 
13.300000 -0.018000000 
13.310000 -0.012000000 
13.320000 -0.0040000000
13.330000 0.0030000000 
13.340000 0.010000000  
13.350000 0.015000000  
13.360000 0.018000000  
13.370000 0.018000000  
13.380000 0.016000000  
13.390000 0.012000000  
13.400000 0.0060000000 
13.410000 0.0000000    
13.420000 -0.0080000000
13.430000 -0.015000000 
13.440000 -0.021000000 
13.450000 -0.025000000 
13.460000 -0.026000000 
13.470000 -0.025000000 
13.480000 -0.022000000 
13.490000 -0.017000000 
13.500000 -0.011000000 
13.510000 -0.0050000000
13.520000 0.0000000    
13.530000 0.0050000000 
13.540000 0.0090000000 
13.550000 0.011000000  
13.560000 0.011000000  
13.570000 0.010000000  
13.580000 0.0070000000 
13.590000 0.0050000000 
13.600000 0.0020000000 
13.610000 0.0010000000 
13.620000 0.0010000000 
13.630000 0.0030000000 
13.640000 0.0060000000 
13.650000 0.010000000  
13.660000 0.014000000  
13.670000 0.018000000  
13.680000 0.020000000  
13.690000 0.020000000  
13.700000 0.019000000  
13.710000 0.017000000  
13.720000 0.013000000  
13.730000 0.011000000  
13.740000 0.0080000000 
13.750000 0.0060000000 
13.760000 0.0060000000 
13.770000 0.0070000000 
13.780000 0.0090000000 
13.790000 0.012000000  
13.800000 0.015000000  
13.810000 0.018000000  
13.820000 0.020000000  
13.830000 0.020000000  
13.840000 0.019000000  
13.850000 0.017000000  
13.860000 0.014000000  
13.870000 0.010000000  
13.880000 0.0070000000 
13.890000 0.0050000000 
13.900000 0.0040000000 
13.910000 0.0030000000 
13.920000 0.0030000000 
13.930000 0.0020000000 
13.940000 0.0000000    
13.950000 -0.0030000000
13.960000 -0.0070000000
13.970000 -0.011000000 
13.980000 -0.014000000 
13.990000 -0.015000000 
14.000000 -0.013000000 
14.010000 -0.0090000000
14.020000 -0.0030000000
14.030000 0.0030000000 
14.040000 0.010000000  
14.050000 0.015000000  
14.060000 0.018000000  
14.070000 0.019000000  
14.080000 0.018000000  
14.090000 0.017000000  
14.100000 0.014000000  
14.110000 0.013000000  
14.120000 0.013000000  
14.130000 0.014000000  
14.140000 0.017000000  
14.150000 0.020000000  
14.160000 0.024000000  
14.170000 0.026000000  
14.180000 0.027000000  
14.190000 0.026000000  
14.200000 0.024000000  
14.210000 0.020000000  
14.220000 0.015000000  
14.230000 0.011000000  
14.240000 0.0070000000 
14.250000 0.0060000000 
14.260000 0.0060000000 
14.270000 0.0080000000 
14.280000 0.010000000  
14.290000 0.013000000  
14.300000 0.015000000  
14.310000 0.015000000  
14.320000 0.014000000  
14.330000 0.012000000  
14.340000 0.0090000000 
14.350000 0.0060000000 
14.360000 0.0040000000 
14.370000 0.0030000000 
14.380000 0.0030000000 
14.390000 0.0050000000 
14.400000 0.0060000000 
14.410000 0.0080000000 
14.420000 0.0070000000 
14.430000 0.0060000000 
14.440000 0.0030000000 
14.450000 -0.0020000000
14.460000 -0.0060000000
14.470000 -0.010000000 
14.480000 -0.013000000 
14.490000 -0.014000000 
14.500000 -0.014000000 
14.510000 -0.012000000 
14.520000 -0.0090000000
14.530000 -0.0060000000
14.540000 -0.0030000000
14.550000 0.0000000    
14.560000 0.0010000000 
14.570000 0.0000000    
14.580000 -0.0030000000
14.590000 -0.0070000000
14.600000 -0.012000000 
14.610000 -0.018000000 
14.620000 -0.023000000 
14.630000 -0.028000000 
14.640000 -0.032000000 
14.650000 -0.034000000 
14.660000 -0.035000000 
14.670000 -0.035000000 
14.680000 -0.033000000 
14.690000 -0.031000000 
14.700000 -0.028000000 
14.710000 -0.025000000 
14.720000 -0.021000000 
14.730000 -0.017000000 
14.740000 -0.012000000 
14.750000 -0.0070000000
14.760000 0.0000000    
14.770000 0.0070000000 
14.780000 0.015000000  
14.790000 0.022000000  
14.800000 0.029000000  
14.810000 0.034000000  
14.820000 0.037000000  
14.830000 0.038000000  
14.840000 0.037000000  
14.850000 0.035000000  
14.860000 0.030000000  
14.870000 0.026000000  
14.880000 0.020000000  
14.890000 0.016000000  
14.900000 0.012000000  
14.910000 0.0090000000 
14.920000 0.0080000000 
14.930000 0.0090000000 
14.940000 0.011000000  
14.950000 0.015000000  
14.960000 0.019000000  
14.970000 0.023000000  
14.980000 0.026000000  
14.990000 0.029000000  
15.000000 0.031000000  
15.010000 0.032000000  
15.020000 0.031000000  
15.030000 0.031000000  
15.040000 0.029000000  
15.050000 0.028000000  
15.060000 0.026000000  
15.070000 0.024000000  
15.080000 0.023000000  
15.090000 0.021000000  
15.100000 0.020000000  
15.110000 0.018000000  
15.120000 0.015000000  
15.130000 0.011000000  
15.140000 0.0060000000 
15.150000 0.0000000    
15.160000 -0.0050000000
15.170000 -0.011000000 
15.180000 -0.017000000 
15.190000 -0.022000000 
15.200000 -0.025000000 
15.210000 -0.027000000 
15.220000 -0.027000000 
15.230000 -0.026000000 
15.240000 -0.024000000 
15.250000 -0.023000000 
15.260000 -0.021000000 
15.270000 -0.019000000 
15.280000 -0.019000000 
15.290000 -0.020000000 
15.300000 -0.021000000 
15.310000 -0.023000000 
15.320000 -0.025000000 
15.330000 -0.026000000 
15.340000 -0.026000000 
15.350000 -0.025000000 
15.360000 -0.023000000 
15.370000 -0.020000000 
15.380000 -0.017000000 
15.390000 -0.014000000 
15.400000 -0.012000000 
15.410000 -0.010000000 
15.420000 -0.010000000 
15.430000 -0.0090000000
15.440000 -0.010000000 
15.450000 -0.010000000 
15.460000 -0.011000000 
15.470000 -0.010000000 
15.480000 -0.0080000000
15.490000 -0.0060000000
15.500000 -0.0020000000
15.510000 0.0020000000 
15.520000 0.0070000000 
15.530000 0.011000000  
15.540000 0.016000000  
15.550000 0.020000000  
15.560000 0.023000000  
15.570000 0.025000000  
15.580000 0.026000000  
15.590000 0.026000000  
15.600000 0.024000000  
15.610000 0.022000000  
15.620000 0.020000000  
15.630000 0.017000000  
15.640000 0.014000000  
15.650000 0.012000000  
15.660000 0.010000000  
15.670000 0.010000000  
15.680000 0.010000000  
15.690000 0.011000000  
15.700000 0.013000000  
15.710000 0.016000000  
15.720000 0.019000000  
15.730000 0.022000000  
15.740000 0.026000000  
15.750000 0.029000000  
15.760000 0.032000000  
15.770000 0.035000000  
15.780000 0.037000000  
15.790000 0.039000000  
15.800000 0.040000000  
15.810000 0.040000000  
15.820000 0.038000000  
15.830000 0.035000000  
15.840000 0.031000000  
15.850000 0.025000000  
15.860000 0.018000000  
15.870000 0.011000000  
15.880000 0.0030000000 
15.890000 -0.0040000000
15.900000 -0.010000000 
15.910000 -0.015000000 
15.920000 -0.018000000 
15.930000 -0.019000000 
15.940000 -0.019000000 
15.950000 -0.017000000 
15.960000 -0.014000000 
15.970000 -0.011000000 
15.980000 -0.0080000000
15.990000 -0.0050000000
16.000000 -0.0020000000
16.010000 0.0010000000 
16.020000 0.0040000000 
16.030000 0.0070000000 
16.040000 0.010000000  
16.050000 0.014000000  
16.060000 0.020000000  
16.070000 0.026000000  
16.080000 0.035000000  
16.090000 0.044000000  
16.100000 0.054000000  
16.110000 0.064000000  
16.120000 0.074000000  
16.130000 0.083000000  
16.140000 0.091000000  
16.150000 0.097000000  
16.160000 0.10100000   
16.170000 0.10300000   
16.180000 0.10200000   
16.190000 0.099000000  
16.200000 0.095000000  
16.210000 0.089000000  
16.220000 0.082000000  
16.230000 0.075000000  
16.240000 0.068000000  
16.250000 0.061000000  
16.260000 0.054000000  
16.270000 0.048000000  
16.280000 0.043000000  
16.290000 0.039000000  
16.300000 0.036000000  
16.310000 0.033000000  
16.320000 0.031000000  
16.330000 0.029000000  
16.340000 0.028000000  
16.350000 0.027000000  
16.360000 0.025000000  
16.370000 0.024000000  
16.380000 0.024000000  
16.390000 0.023000000  
16.400000 0.023000000  
16.410000 0.023000000  
16.420000 0.023000000  
16.430000 0.022000000  
16.440000 0.022000000  
16.450000 0.021000000  
16.460000 0.019000000  
16.470000 0.016000000  
16.480000 0.013000000  
16.490000 0.0090000000 
16.500000 0.0040000000 
16.510000 -0.0020000000
16.520000 -0.0070000000
16.530000 -0.014000000 
16.540000 -0.019000000 
16.550000 -0.025000000 
16.560000 -0.030000000 
16.570000 -0.034000000 
16.580000 -0.037000000 
16.590000 -0.039000000 
16.600000 -0.040000000 
16.610000 -0.039000000 
16.620000 -0.037000000 
16.630000 -0.034000000 
16.640000 -0.030000000 
16.650000 -0.025000000 
16.660000 -0.019000000 
16.670000 -0.012000000 
16.680000 -0.0060000000
16.690000 0.0000000    
16.700000 0.0050000000 
16.710000 0.010000000  
16.720000 0.013000000  
16.730000 0.015000000  
16.740000 0.015000000  
16.750000 0.015000000  
16.760000 0.013000000  
16.770000 0.011000000  
16.780000 0.0080000000 
16.790000 0.0050000000 
16.800000 0.0030000000 
16.810000 0.0010000000 
16.820000 0.0000000    
16.830000 0.0000000    
16.840000 -0.0010000000
16.850000 0.0000000    
16.860000 0.0000000    
16.870000 -0.0010000000
16.880000 -0.0010000000
16.890000 -0.0030000000
16.900000 -0.0050000000
16.910000 -0.0080000000
16.920000 -0.011000000 
16.930000 -0.015000000 
16.940000 -0.020000000 
16.950000 -0.024000000 
16.960000 -0.029000000 
16.970000 -0.033000000 
16.980000 -0.036000000 
16.990000 -0.039000000 
17.000000 -0.041000000 
17.010000 -0.043000000 
17.020000 -0.044000000 
17.030000 -0.045000000 
17.040000 -0.045000000 
17.050000 -0.046000000 
17.060000 -0.047000000 
17.070000 -0.048000000 
17.080000 -0.050000000 
17.090000 -0.052000000 
17.100000 -0.054000000 
17.110000 -0.057000000 
17.120000 -0.059000000 
17.130000 -0.061000000 
17.140000 -0.062000000 
17.150000 -0.063000000 
17.160000 -0.062000000 
17.170000 -0.061000000 
17.180000 -0.059000000 
17.190000 -0.056000000 
17.200000 -0.053000000 
17.210000 -0.049000000 
17.220000 -0.046000000 
17.230000 -0.042000000 
17.240000 -0.039000000 
17.250000 -0.037000000 
17.260000 -0.035000000 
17.270000 -0.034000000 
17.280000 -0.033000000 
17.290000 -0.033000000 
17.300000 -0.033000000 
17.310000 -0.033000000 
17.320000 -0.033000000 
17.330000 -0.032000000 
17.340000 -0.032000000 
17.350000 -0.031000000 
17.360000 -0.030000000 
17.370000 -0.028000000 
17.380000 -0.026000000 
17.390000 -0.023000000 
17.400000 -0.019000000 
17.410000 -0.014000000 
17.420000 -0.0080000000
17.430000 -0.0010000000
17.440000 0.0090000000 
17.450000 0.020000000  
17.460000 0.032000000  
17.470000 0.046000000  
17.480000 0.062000000  
17.490000 0.077000000  
17.500000 0.091000000  
17.510000 0.10400000   
17.520000 0.11600000   
17.530000 0.12300000   
17.540000 0.12800000   
17.550000 0.12900000   
17.560000 0.12600000   
17.570000 0.11900000   
17.580000 0.11000000   
17.590000 0.099000000  
17.600000 0.085000000  
17.610000 0.071000000  
17.620000 0.059000000  
17.630000 0.047000000  
17.640000 0.037000000  
17.650000 0.030000000  
17.660000 0.024000000  
17.670000 0.020000000  
17.680000 0.018000000  
17.690000 0.016000000  
17.700000 0.015000000  
17.710000 0.012000000  
17.720000 0.0090000000 
17.730000 0.0040000000 
17.740000 -0.0020000000
17.750000 -0.0090000000
17.760000 -0.018000000 
17.770000 -0.026000000 
17.780000 -0.034000000 
17.790000 -0.041000000 
17.800000 -0.046000000 
17.810000 -0.049000000 
17.820000 -0.050000000 
17.830000 -0.047000000 
17.840000 -0.042000000 
17.850000 -0.035000000 
17.860000 -0.026000000 
17.870000 -0.015000000 
17.880000 -0.0040000000
17.890000 0.0060000000 
17.900000 0.016000000  
17.910000 0.025000000  
17.920000 0.030000000  
17.930000 0.033000000  
17.940000 0.034000000  
17.950000 0.032000000  
17.960000 0.026000000  
17.970000 0.019000000  
17.980000 0.0090000000 
17.990000 -0.0020000000
18.000000 -0.014000000 
18.010000 -0.027000000 
18.020000 -0.038000000 
18.030000 -0.050000000 
18.040000 -0.060000000 
18.050000 -0.067000000 
18.060000 -0.072000000 
18.070000 -0.075000000 
18.080000 -0.075000000 
18.090000 -0.072000000 
18.100000 -0.066000000 
18.110000 -0.059000000 
18.120000 -0.049000000 
18.130000 -0.038000000 
18.140000 -0.027000000 
18.150000 -0.015000000 
18.160000 -0.0030000000
18.170000 0.0070000000 
18.180000 0.016000000  
18.190000 0.023000000  
18.200000 0.028000000  
18.210000 0.031000000  
18.220000 0.032000000  
18.230000 0.031000000  
18.240000 0.029000000  
18.250000 0.025000000  
18.260000 0.020000000  
18.270000 0.016000000  
18.280000 0.011000000  
18.290000 0.0070000000 
18.300000 0.0030000000 
18.310000 0.0010000000 
18.320000 -0.0010000000
18.330000 -0.0010000000
18.340000 0.0000000    
18.350000 0.0020000000 
18.360000 0.0040000000 
18.370000 0.0070000000 
18.380000 0.010000000  
18.390000 0.014000000  
18.400000 0.016000000  
18.410000 0.017000000  
18.420000 0.018000000  
18.430000 0.016000000  
18.440000 0.013000000  
18.450000 0.0080000000 
18.460000 0.0020000000 
18.470000 -0.0060000000
18.480000 -0.015000000 
18.490000 -0.025000000 
18.500000 -0.035000000 
18.510000 -0.045000000 
18.520000 -0.054000000 
18.530000 -0.062000000 
18.540000 -0.068000000 
18.550000 -0.073000000 
18.560000 -0.076000000 
18.570000 -0.077000000 
18.580000 -0.077000000 
18.590000 -0.075000000 
18.600000 -0.073000000 
18.610000 -0.070000000 
18.620000 -0.066000000 
18.630000 -0.062000000 
18.640000 -0.058000000 
18.650000 -0.055000000 
18.660000 -0.051000000 
18.670000 -0.047000000 
18.680000 -0.044000000 
18.690000 -0.040000000 
18.700000 -0.036000000 
18.710000 -0.032000000 
18.720000 -0.027000000 
18.730000 -0.022000000 
18.740000 -0.016000000 
18.750000 -0.010000000 
18.760000 -0.0040000000
18.770000 0.0020000000 
18.780000 0.0070000000 
18.790000 0.012000000  
18.800000 0.017000000  
18.810000 0.020000000  
18.820000 0.023000000  
18.830000 0.025000000  
18.840000 0.026000000  
18.850000 0.026000000  
18.860000 0.025000000  
18.870000 0.024000000  
18.880000 0.023000000  
18.890000 0.020000000  
18.900000 0.018000000  
18.910000 0.015000000  
18.920000 0.013000000  
18.930000 0.010000000  
18.940000 0.0070000000 
18.950000 0.0040000000 
18.960000 0.0010000000 
18.970000 -0.0020000000
18.980000 -0.0040000000
18.990000 -0.0060000000
19.000000 -0.0080000000
19.010000 -0.0090000000
19.020000 -0.0090000000
19.030000 -0.010000000 
19.040000 -0.0090000000
19.050000 -0.0090000000
19.060000 -0.0090000000
19.070000 -0.0090000000
19.080000 -0.0090000000
19.090000 -0.010000000 
19.100000 -0.011000000 
19.110000 -0.014000000 
19.120000 -0.017000000 
19.130000 -0.021000000 
19.140000 -0.026000000 
19.150000 -0.031000000 
19.160000 -0.036000000 
19.170000 -0.042000000 
19.180000 -0.048000000 
19.190000 -0.053000000 
19.200000 -0.057000000 
19.210000 -0.061000000 
19.220000 -0.064000000 
19.230000 -0.066000000 
19.240000 -0.067000000 
19.250000 -0.068000000 
19.260000 -0.069000000 
19.270000 -0.069000000 
19.280000 -0.070000000 
19.290000 -0.070000000 
19.300000 -0.071000000 
19.310000 -0.073000000 
19.320000 -0.075000000 
19.330000 -0.077000000 
19.340000 -0.080000000 
19.350000 -0.083000000 
19.360000 -0.087000000 
19.370000 -0.089000000 
19.380000 -0.091000000 
19.390000 -0.092000000 
19.400000 -0.093000000 
19.410000 -0.092000000 
19.420000 -0.089000000 
19.430000 -0.085000000 
19.440000 -0.080000000 
19.450000 -0.074000000 
19.460000 -0.067000000 
19.470000 -0.058000000 
19.480000 -0.050000000 
19.490000 -0.042000000 
19.500000 -0.033000000 
19.510000 -0.025000000 
19.520000 -0.017000000 
19.530000 -0.011000000 
19.540000 -0.0050000000
19.550000 0.0000000    
19.560000 0.0040000000 
19.570000 0.0060000000 
19.580000 0.0080000000 
19.590000 0.0090000000 
19.600000 0.0090000000 
19.610000 0.0090000000 
19.620000 0.0090000000 
19.630000 0.0090000000 
19.640000 0.0090000000 
19.650000 0.010000000  
19.660000 0.011000000  
19.670000 0.013000000  
19.680000 0.016000000  
19.690000 0.020000000  
19.700000 0.024000000  
19.710000 0.029000000  
19.720000 0.035000000  
19.730000 0.041000000  
19.740000 0.048000000  
19.750000 0.054000000  
19.760000 0.060000000  
19.770000 0.066000000  
19.780000 0.071000000  
19.790000 0.076000000  
19.800000 0.080000000  
19.810000 0.083000000  
19.820000 0.086000000  
19.830000 0.087000000  
19.840000 0.087000000  
19.850000 0.086000000  
19.860000 0.084000000  
19.870000 0.080000000  
19.880000 0.076000000  
19.890000 0.070000000  
19.900000 0.063000000  
19.910000 0.055000000  
19.920000 0.046000000  
19.930000 0.036000000  
19.940000 0.026000000  
19.950000 0.014000000  
19.960000 0.0020000000 
19.970000 -0.010000000 
19.980000 -0.022000000 
19.990000 -0.035000000 
20.000000 -0.047000000 
20.010000 -0.058000000 
20.020000 -0.068000000 
20.030000 -0.078000000 
20.040000 -0.086000000 
20.050000 -0.093000000 
20.060000 -0.099000000 
20.070000 -0.10300000  
20.080000 -0.10600000  
20.090000 -0.10700000  
20.100000 -0.10800000  
20.110000 -0.10700000  
20.120000 -0.10500000  
20.130000 -0.10300000  
20.140000 -0.10100000  
20.150000 -0.098000000 
20.160000 -0.095000000 
20.170000 -0.093000000 
20.180000 -0.091000000 
20.190000 -0.090000000 
20.200000 -0.090000000 
20.210000 -0.091000000 
20.220000 -0.093000000 
20.230000 -0.096000000 
20.240000 -0.10000000  
20.250000 -0.10400000  
20.260000 -0.10900000  
20.270000 -0.11500000  
20.280000 -0.12100000  
20.290000 -0.12700000  
20.300000 -0.13200000  
20.310000 -0.13700000  
20.320000 -0.14100000  
20.330000 -0.14400000  
20.340000 -0.14500000  
20.350000 -0.14500000  
20.360000 -0.14400000  
20.370000 -0.14200000  
20.380000 -0.13800000  
20.390000 -0.13300000  
20.400000 -0.12600000  
20.410000 -0.11900000  
20.420000 -0.11100000  
20.430000 -0.10200000  
20.440000 -0.092000000 
20.450000 -0.083000000 
20.460000 -0.073000000 
20.470000 -0.064000000 
20.480000 -0.054000000 
20.490000 -0.046000000 
20.500000 -0.039000000 
20.510000 -0.032000000 
20.520000 -0.027000000 
20.530000 -0.023000000 
20.540000 -0.021000000 
20.550000 -0.020000000 
20.560000 -0.021000000 
20.570000 -0.024000000 
20.580000 -0.028000000 
20.590000 -0.035000000 
20.600000 -0.042000000 
20.610000 -0.051000000 
20.620000 -0.060000000 
20.630000 -0.071000000 
20.640000 -0.082000000 
20.650000 -0.092000000 
20.660000 -0.10100000  
20.670000 -0.10900000  
20.680000 -0.11700000  
20.690000 -0.12200000  
20.700000 -0.12600000  
20.710000 -0.12600000  
20.720000 -0.12500000  
20.730000 -0.12100000  
20.740000 -0.11600000  
20.750000 -0.10800000  
20.760000 -0.098000000 
20.770000 -0.087000000 
20.780000 -0.075000000 
20.790000 -0.064000000 
20.800000 -0.051000000 
20.810000 -0.039000000 
20.820000 -0.028000000 
20.830000 -0.019000000 
20.840000 -0.011000000 
20.850000 -0.0050000000
20.860000 -0.0010000000
20.870000 0.0020000000 
20.880000 0.0010000000 
20.890000 -0.0010000000
20.900000 -0.0040000000
20.910000 -0.0090000000
20.920000 -0.013000000 
20.930000 -0.020000000 
20.940000 -0.026000000 
20.950000 -0.032000000 
20.960000 -0.035000000 
20.970000 -0.039000000 
20.980000 -0.041000000 
20.990000 -0.041000000 
21.000000 -0.040000000 
21.010000 -0.036000000 
21.020000 -0.030000000 
21.030000 -0.023000000 
21.040000 -0.014000000 
21.050000 -0.0040000000
21.060000 0.0070000000 
21.070000 0.019000000  
21.080000 0.031000000  
21.090000 0.043000000  
21.100000 0.054000000  
21.110000 0.066000000  
21.120000 0.076000000  
21.130000 0.083000000  
21.140000 0.090000000  
21.150000 0.095000000  
21.160000 0.098000000  
21.170000 0.10000000   
21.180000 0.099000000  
21.190000 0.096000000  
21.200000 0.092000000  
21.210000 0.087000000  
21.220000 0.080000000  
21.230000 0.072000000  
21.240000 0.063000000  
21.250000 0.054000000  
21.260000 0.045000000  
21.270000 0.036000000  
21.280000 0.027000000  
21.290000 0.018000000  
21.300000 0.011000000  
21.310000 0.0050000000 
21.320000 0.0000000    
21.330000 -0.0040000000
21.340000 -0.0070000000
21.350000 -0.0080000000
21.360000 -0.0070000000
21.370000 -0.0040000000
21.380000 -0.0010000000
21.390000 0.0040000000 
21.400000 0.010000000  
21.410000 0.017000000  
21.420000 0.026000000  
21.430000 0.034000000  
21.440000 0.043000000  
21.450000 0.052000000  
21.460000 0.062000000  
21.470000 0.071000000  
21.480000 0.079000000  
21.490000 0.087000000  
21.500000 0.094000000  
21.510000 0.10000000   
21.520000 0.10500000   
21.530000 0.10800000   
21.540000 0.11100000   
21.550000 0.11200000   
21.560000 0.11300000   
21.570000 0.11300000   
21.580000 0.11100000   
21.590000 0.10900000   
21.600000 0.10600000   
21.610000 0.10200000   
21.620000 0.099000000  
21.630000 0.095000000  
21.640000 0.091000000  
21.650000 0.086000000  
21.660000 0.083000000  
21.670000 0.079000000  
21.680000 0.076000000  
21.690000 0.074000000  
21.700000 0.072000000  
21.710000 0.071000000  
21.720000 0.070000000  
21.730000 0.071000000  
21.740000 0.072000000  
21.750000 0.074000000  
21.760000 0.077000000  
21.770000 0.080000000  
21.780000 0.084000000  
21.790000 0.089000000  
21.800000 0.095000000  
21.810000 0.10100000   
21.820000 0.10800000   
21.830000 0.11600000   
21.840000 0.12400000   
21.850000 0.13300000   
21.860000 0.14200000   
21.870000 0.15200000   
21.880000 0.16200000   
21.890000 0.17300000   
21.900000 0.18400000   
21.910000 0.19600000   
21.920000 0.20900000   
21.930000 0.22200000   
21.940000 0.23500000   
21.950000 0.24800000   
21.960000 0.26100000   
21.970000 0.27400000   
21.980000 0.28700000   
21.990000 0.30000000   
22.000000 0.31200000   
22.010000 0.32500000   
22.020000 0.33700000   
22.030000 0.34800000   
22.040000 0.35800000   
22.050000 0.36600000   
22.060000 0.37400000   
22.070000 0.38100000   
22.080000 0.38800000   
22.090000 0.39300000   
22.100000 0.39800000   
22.110000 0.40200000   
22.120000 0.40500000   
22.130000 0.40800000   
22.140000 0.41000000   
22.150000 0.41200000   
22.160000 0.41300000   
22.170000 0.41400000   
22.180000 0.41700000   
22.190000 0.42000000   
22.200000 0.42300000   
22.210000 0.42700000   
22.220000 0.43200000   
22.230000 0.43900000   
22.240000 0.44700000   
22.250000 0.45600000   
22.260000 0.46600000   
22.270000 0.47800000   
22.280000 0.49400000   
22.290000 0.51100000   
22.300000 0.53100000   
22.310000 0.55300000   
22.320000 0.57700000   
22.330000 0.60400000   
22.340000 0.63400000   
22.350000 0.66600000   
22.360000 0.70100000   
22.370000 0.73900000   
22.380000 0.78000000   
22.390000 0.82400000   
22.400000 0.87100000   
22.410000 0.92000000   
22.420000 0.97000000   
22.430000 1.0220000    
22.440000 1.0760000    
22.450000 1.1320000    
22.460000 1.1890000    
22.470000 1.2470000    
22.480000 1.3050000    
22.490000 1.3640000    
22.500000 1.4230000    
22.510000 1.4830000    
22.520000 1.5430000    
22.530000 1.6030000    
22.540000 1.6620000    
22.550000 1.7220000    
22.560000 1.7820000    
22.570000 1.8440000    
22.580000 1.9070000    
22.590000 1.9710000    
22.600000 2.0360000    
22.610000 2.1040000    
22.620000 2.1770000    
22.630000 2.2540000    
22.640000 2.3330000    
22.650000 2.4160000    
22.660000 2.5060000    
22.670000 2.6030000    
22.680000 2.7070000    
22.690000 2.8180000    
22.700000 2.9350000    
22.710000 3.0600000    
22.720000 3.1940000    
22.730000 3.3370000    
22.740000 3.4890000    
22.750000 3.6490000    
22.760000 3.8190000    
22.770000 3.9970000    
22.780000 4.1850000    
22.790000 4.3830000    
22.800000 4.5890000    
22.810000 4.8050000    
22.820000 5.0300000    
22.830000 5.2660000    
22.840000 5.5100000    
22.850000 5.7640000    
22.860000 6.0270000    
22.870000 6.3010000    
22.880000 6.5850000    
22.890000 6.8770000    
22.900000 7.1800000    
22.910000 7.4930000    
22.920000 7.8180000    
22.930000 8.1550000    
22.940000 8.5020000    
22.950000 8.8590000    
22.960000 9.2300000    
22.970000 9.6160000    
22.980000 10.018000    
22.990000 10.434000    
23.000000 10.862000    
23.010000 11.308000    
23.020000 11.773000    
23.030000 12.260000    
23.040000 12.767000    
23.050000 13.292000    
23.060000 13.838000    
23.070000 14.407000    
23.080000 15.000000    
23.090000 15.619000    
23.100000 16.261000    
23.110000 16.926000    
23.120000 17.614000    
23.130000 18.325000    
23.140000 19.059000    
23.150000 19.818000    
23.160000 20.599000    
23.170000 21.401000    
23.180000 22.220000    
23.190000 23.054000    
23.200000 23.908000    
23.210000 24.781000    
23.220000 25.669000    
23.230000 26.568000    
23.240000 27.475000    
23.250000 28.393000    
23.260000 29.324000    
23.270000 30.264000    
23.280000 31.211000    
23.290000 32.160000    
23.300000 33.114000    
23.310000 34.075000    
23.320000 35.041000    
23.330000 36.008000    
23.340000 36.975000    
23.350000 37.941000    
23.360000 38.909000    
23.370000 39.878000    
23.380000 40.845000    
23.390000 41.806000    
23.400000 42.759000    
23.410000 43.709000    
23.420000 44.655000    
23.430000 45.595000    
23.440000 46.522000    
23.450000 47.433000    
23.460000 48.330000    
23.470000 49.217000    
23.480000 50.090000    
23.490000 50.946000    
23.500000 51.780000    
23.510000 52.589000    
23.520000 53.377000    
23.530000 54.146000    
23.540000 54.893000    
23.550000 55.614000    
23.560000 56.307000    
23.570000 56.973000    
23.580000 57.613000    
23.590000 58.228000    
23.600000 58.817000    
23.610000 59.381000    
23.620000 59.919000    
23.630000 60.430000    
23.640000 60.914000    
23.650000 61.375000    
23.660000 61.815000    
23.670000 62.234000    
23.680000 62.631000    
23.690000 63.005000    
23.700000 63.358000    
23.710000 63.693000    
23.720000 64.013000    
23.730000 64.319000    
23.740000 64.607000    
23.750000 64.877000    
23.760000 65.133000    
23.770000 65.377000    
23.780000 65.610000    
23.790000 65.831000    
23.800000 66.039000    
23.810000 66.235000    
23.820000 66.421000    
23.830000 66.597000    
23.840000 66.765000    
23.850000 66.923000    
23.860000 67.070000    
23.870000 67.209000    
23.880000 67.341000    
23.890000 67.465000    
23.900000 67.582000    
23.910000 67.691000    
23.920000 67.792000    
23.930000 67.887000    
23.940000 67.978000    
23.950000 68.065000    
23.960000 68.147000    
23.970000 68.223000    
23.980000 68.294000    
23.990000 68.363000    
24.000000 68.430000    
24.010000 68.497000    
24.020000 68.560000    
24.030000 68.621000    
24.040000 68.680000    
24.050000 68.737000    
24.060000 68.795000    
24.070000 68.851000    
24.080000 68.907000    
24.090000 68.962000    
24.100000 69.015000    
24.110000 69.068000    
24.120000 69.119000    
24.130000 69.169000    
24.140000 69.218000    
24.150000 69.266000    
24.160000 69.313000    
24.170000 69.358000    
24.180000 69.402000    
24.190000 69.444000    
24.200000 69.484000    
24.210000 69.523000    
24.220000 69.561000    
24.230000 69.599000    
24.240000 69.635000    
24.250000 69.670000    
24.260000 69.705000    
24.270000 69.739000    
24.280000 69.773000    
24.290000 69.807000    
24.300000 69.841000    
24.310000 69.874000    
24.320000 69.907000    
24.330000 69.941000    
24.340000 69.976000    
24.350000 70.012000    
24.360000 70.049000    
24.370000 70.086000    
24.380000 70.124000    
24.390000 70.163000    
24.400000 70.203000    
24.410000 70.244000    
24.420000 70.285000    
24.430000 70.327000    
24.440000 70.370000    
24.450000 70.414000    
24.460000 70.458000    
24.470000 70.503000    
24.480000 70.549000    
24.490000 70.595000    
24.500000 70.642000    
24.510000 70.689000    
24.520000 70.735000    
24.530000 70.781000    
24.540000 70.828000    
24.550000 70.874000    
24.560000 70.919000    
24.570000 70.965000    
24.580000 71.009000    
24.590000 71.052000    
24.600000 71.095000    
24.610000 71.137000    
24.620000 71.178000    
24.630000 71.218000    
24.640000 71.256000    
24.650000 71.293000    
24.660000 71.328000    
24.670000 71.362000    
24.680000 71.395000    
24.690000 71.426000    
24.700000 71.456000    
24.710000 71.484000    
24.720000 71.511000    
24.730000 71.536000    
24.740000 71.560000    
24.750000 71.583000    
24.760000 71.604000    
24.770000 71.624000    
24.780000 71.642000    
24.790000 71.659000    
24.800000 71.675000    
24.810000 71.690000    
24.820000 71.703000    
24.830000 71.716000    
24.840000 71.728000    
24.850000 71.738000    
24.860000 71.747000    
24.870000 71.756000    
24.880000 71.763000    
24.890000 71.769000    
24.900000 71.774000    
24.910000 71.778000    
24.920000 71.781000    
24.930000 71.783000    
24.940000 71.784000    
24.950000 71.784000    
24.960000 71.783000    
24.970000 71.781000    
24.980000 71.778000    
24.990000 71.775000    
25.000000 71.771000    
25.010000 71.767000    
25.020000 71.761000    
25.030000 71.755000    
25.040000 71.749000    
25.050000 71.743000    
25.060000 71.737000    
25.070000 71.732000    
25.080000 71.727000    
25.090000 71.722000    
25.100000 71.717000    
25.110000 71.714000    
25.120000 71.711000    
25.130000 71.709000    
25.140000 71.708000    
25.150000 71.708000    
25.160000 71.708000    
25.170000 71.709000    
25.180000 71.711000    
25.190000 71.713000    
25.200000 71.717000    
25.210000 71.721000    
25.220000 71.725000    
25.230000 71.730000    
25.240000 71.734000    
25.250000 71.738000    
25.260000 71.741000    
25.270000 71.744000    
25.280000 71.747000    
25.290000 71.749000    
25.300000 71.750000    
25.310000 71.751000    
25.320000 71.751000    
25.330000 71.750000    
25.340000 71.749000    
25.350000 71.747000    
25.360000 71.744000    
25.370000 71.742000    
25.380000 71.740000    
25.390000 71.737000    
25.400000 71.734000    
25.410000 71.730000    
25.420000 71.727000    
25.430000 71.725000    
25.440000 71.724000    
25.450000 71.724000    
25.460000 71.724000    
25.470000 71.725000    
25.480000 71.726000    
25.490000 71.729000    
25.500000 71.732000    
25.510000 71.736000    
25.520000 71.742000    
25.530000 71.748000    
25.540000 71.755000    
25.550000 71.762000    
25.560000 71.769000    
25.570000 71.777000    
25.580000 71.785000    
25.590000 71.794000    
25.600000 71.802000    
25.610000 71.811000    
25.620000 71.820000    
25.630000 71.828000    
25.640000 71.836000    
25.650000 71.843000    
25.660000 71.850000    
25.670000 71.857000    
25.680000 71.864000    
25.690000 71.869000    
25.700000 71.874000    
25.710000 71.879000    
25.720000 71.883000    
25.730000 71.886000    
25.740000 71.889000    
25.750000 71.891000    
25.760000 71.892000    
25.770000 71.892000    
25.780000 71.892000    
25.790000 71.891000    
25.800000 71.889000    
25.810000 71.886000    
25.820000 71.881000    
25.830000 71.874000    
25.840000 71.867000    
25.850000 71.858000    
25.860000 71.848000    
25.870000 71.836000    
25.880000 71.821000    
25.890000 71.804000    
25.900000 71.783000    
25.910000 71.761000    
25.920000 71.736000    
25.930000 71.708000    
25.940000 71.678000    
25.950000 71.643000    
25.960000 71.605000    
25.970000 71.563000    
25.980000 71.518000    
25.990000 71.469000    
26.000000 71.417000    
26.010000 71.362000    
26.020000 71.302000    
26.030000 71.239000    
26.040000 71.171000    
26.050000 71.100000    
26.060000 71.025000    
26.070000 70.947000    
26.080000 70.866000    
26.090000 70.782000    
26.100000 70.695000    
26.110000 70.604000    
26.120000 70.510000    
26.130000 70.414000    
26.140000 70.316000    
26.150000 70.217000    
26.160000 70.118000    
26.170000 70.016000    
26.180000 69.912000    
26.190000 69.807000    
26.200000 69.702000    
26.210000 69.597000    
26.220000 69.494000    
26.230000 69.394000    
26.240000 69.293000    
26.250000 69.192000    
26.260000 69.093000    
26.270000 68.996000    
26.280000 68.902000    
26.290000 68.811000    
26.300000 68.724000    
26.310000 68.639000    
26.320000 68.557000    
26.330000 68.478000    
26.340000 68.402000    
26.350000 68.329000    
26.360000 68.261000    
26.370000 68.197000    
26.380000 68.136000    
26.390000 68.078000    
26.400000 68.024000    
26.410000 67.974000    
26.420000 67.926000    
26.430000 67.881000    
26.440000 67.841000    
26.450000 67.803000    
26.460000 67.769000    
26.470000 67.738000    
26.480000 67.709000    
26.490000 67.682000    
26.500000 67.656000    
26.510000 67.634000    
26.520000 67.614000    
26.530000 67.596000    
26.540000 67.580000    
26.550000 67.564000    
26.560000 67.547000    
26.570000 67.530000    
26.580000 67.514000    
26.590000 67.499000    
26.600000 67.484000    
26.610000 67.469000    
26.620000 67.451000    
26.630000 67.429000    
26.640000 67.404000    
26.650000 67.378000    
26.660000 67.350000    
26.670000 67.319000    
26.680000 67.285000    
26.690000 67.247000    
26.700000 67.204000    
26.710000 67.155000    
26.720000 67.101000    
26.730000 67.042000    
26.740000 66.979000    
26.750000 66.912000    
26.760000 66.841000    
26.770000 66.766000    
26.780000 66.687000    
26.790000 66.602000    
26.800000 66.511000    
26.810000 66.417000    
26.820000 66.320000    
26.830000 66.223000    
26.840000 66.127000    
26.850000 66.032000    
26.860000 65.934000    
26.870000 65.834000    
26.880000 65.733000    
26.890000 65.634000    
26.900000 65.539000    
26.910000 65.450000    
26.920000 65.367000    
26.930000 65.289000    
26.940000 65.214000    
26.950000 65.142000    
26.960000 65.076000    
26.970000 65.016000    
26.980000 64.963000    
26.990000 64.917000    
27.000000 64.879000    
27.010000 64.848000    
27.020000 64.824000    
27.030000 64.805000    
27.040000 64.791000    
27.050000 64.782000    
27.060000 64.777000    
27.070000 64.778000    
27.080000 64.785000    
27.090000 64.798000    
27.100000 64.815000    
27.110000 64.834000    
27.120000 64.856000    
27.130000 64.879000    
27.140000 64.903000    
27.150000 64.930000    
27.160000 64.960000    
27.170000 64.992000    
27.180000 65.025000    
27.190000 65.059000    
27.200000 65.092000    
27.210000 65.126000    
27.220000 65.160000    
27.230000 65.195000    
27.240000 65.231000    
27.250000 65.267000    
27.260000 65.303000    
27.270000 65.338000    
27.280000 65.372000    
27.290000 65.406000    
27.300000 65.440000    
27.310000 65.474000    
27.320000 65.507000    
27.330000 65.539000    
27.340000 65.570000    
27.350000 65.599000    
27.360000 65.626000    
27.370000 65.653000    
27.380000 65.678000    
27.390000 65.702000    
27.400000 65.724000    
27.410000 65.745000    
27.420000 65.765000    
27.430000 65.782000    
27.440000 65.797000    
27.450000 65.811000    
27.460000 65.823000    
27.470000 65.833000    
27.480000 65.843000    
27.490000 65.853000    
27.500000 65.862000    
27.510000 65.870000    
27.520000 65.876000    
27.530000 65.882000    
27.540000 65.887000    
27.550000 65.893000    
27.560000 65.899000    
27.570000 65.907000    
27.580000 65.915000    
27.590000 65.924000    
27.600000 65.933000    
27.610000 65.943000    
27.620000 65.953000    
27.630000 65.965000    
27.640000 65.979000    
27.650000 65.995000    
27.660000 66.012000    
27.670000 66.031000    
27.680000 66.051000    
27.690000 66.073000    
27.700000 66.096000    
27.710000 66.120000    
27.720000 66.146000    
27.730000 66.174000    
27.740000 66.203000    
27.750000 66.234000    
27.760000 66.266000    
27.770000 66.299000    
27.780000 66.333000    
27.790000 66.368000    
27.800000 66.403000    
27.810000 66.439000    
27.820000 66.476000    
27.830000 66.514000    
27.840000 66.553000    
27.850000 66.592000    
27.860000 66.630000    
27.870000 66.669000    
27.880000 66.707000    
27.890000 66.745000    
27.900000 66.784000    
27.910000 66.822000    
27.920000 66.860000    
27.930000 66.898000    
27.940000 66.936000    
27.950000 66.973000    
27.960000 67.009000    
27.970000 67.045000    
27.980000 67.081000    
27.990000 67.116000    
28.000000 67.151000    
28.010000 67.186000    
28.020000 67.220000    
28.030000 67.255000    
28.040000 67.289000    
28.050000 67.323000    
28.060000 67.356000    
28.070000 67.390000    
28.080000 67.423000    
28.090000 67.457000    
28.100000 67.491000    
28.110000 67.525000    
28.120000 67.560000    
28.130000 67.595000    
28.140000 67.630000    
28.150000 67.665000    
28.160000 67.701000    
28.170000 67.736000    
28.180000 67.772000    
28.190000 67.808000    
28.200000 67.845000    
28.210000 67.882000    
28.220000 67.919000    
28.230000 67.956000    
28.240000 67.993000    
28.250000 68.030000    
28.260000 68.067000    
28.270000 68.104000    
28.280000 68.142000    
28.290000 68.179000    
28.300000 68.217000    
28.310000 68.254000    
28.320000 68.291000    
28.330000 68.327000    
28.340000 68.362000    
28.350000 68.396000    
28.360000 68.430000    
28.370000 68.463000    
28.380000 68.496000    
28.390000 68.528000    
28.400000 68.559000    
28.410000 68.589000    
28.420000 68.618000    
28.430000 68.645000    
28.440000 68.672000    
28.450000 68.697000    
28.460000 68.722000    
28.470000 68.745000    
28.480000 68.767000    
28.490000 68.787000    
28.500000 68.806000    
28.510000 68.824000    
28.520000 68.839000    
28.530000 68.853000    
28.540000 68.866000    
28.550000 68.878000    
28.560000 68.889000    
28.570000 68.900000    
28.580000 68.910000    
28.590000 68.918000    
28.600000 68.926000    
28.610000 68.932000    
28.620000 68.938000    
28.630000 68.943000    
28.640000 68.948000    
28.650000 68.953000    
28.660000 68.959000    
28.670000 68.964000    
28.680000 68.969000    
28.690000 68.974000    
28.700000 68.979000    
28.710000 68.983000    
28.720000 68.989000    
28.730000 68.994000    
28.740000 69.001000    
28.750000 69.009000    
28.760000 69.017000    
28.770000 69.026000    
28.780000 69.035000    
28.790000 69.045000    
28.800000 69.054000    
28.810000 69.064000    
28.820000 69.074000    
28.830000 69.084000    
28.840000 69.095000    
28.850000 69.106000    
28.860000 69.117000    
28.870000 69.127000    
28.880000 69.138000    
28.890000 69.148000    
28.900000 69.157000    
28.910000 69.165000    
28.920000 69.173000    
28.930000 69.181000    
28.940000 69.189000    
28.950000 69.196000    
28.960000 69.201000    
28.970000 69.205000    
28.980000 69.208000    
28.990000 69.208000    
29.000000 69.207000    
29.010000 69.206000    
29.020000 69.203000    
29.030000 69.198000    
29.040000 69.192000    
29.050000 69.183000    
29.060000 69.171000    
29.070000 69.156000    
29.080000 69.139000    
29.090000 69.121000    
29.100000 69.101000    
29.110000 69.078000    
29.120000 69.052000    
29.130000 69.022000    
29.140000 68.988000    
29.150000 68.949000    
29.160000 68.907000    
29.170000 68.861000    
29.180000 68.812000    
29.190000 68.759000    
29.200000 68.701000    
29.210000 68.639000    
29.220000 68.572000    
29.230000 68.498000    
29.240000 68.419000    
29.250000 68.334000    
29.260000 68.245000    
29.270000 68.150000    
29.280000 68.051000    
29.290000 67.945000    
29.300000 67.834000    
29.310000 67.718000    
29.320000 67.595000    
29.330000 67.466000    
29.340000 67.331000    
29.350000 67.189000    
29.360000 67.042000    
29.370000 66.890000    
29.380000 66.734000    
29.390000 66.574000    
29.400000 66.410000    
29.410000 66.243000    
29.420000 66.069000    
29.430000 65.891000    
29.440000 65.707000    
29.450000 65.521000    
29.460000 65.332000    
29.470000 65.142000    
29.480000 64.952000    
29.490000 64.762000    
29.500000 64.571000    
29.510000 64.377000    
29.520000 64.181000    
29.530000 63.984000    
29.540000 63.787000    
29.550000 63.591000    
29.560000 63.398000    
29.570000 63.209000    
29.580000 63.023000    
29.590000 62.839000    
29.600000 62.656000    
29.610000 62.475000    
29.620000 62.296000    
29.630000 62.120000    
29.640000 61.948000    
29.650000 61.780000    
29.660000 61.617000    
29.670000 61.459000    
29.680000 61.304000    
29.690000 61.154000    
29.700000 61.008000    
29.710000 60.864000    
29.720000 60.725000    
29.730000 60.588000    
29.740000 60.455000    
29.750000 60.324000    
29.760000 60.198000    
29.770000 60.076000    
29.780000 59.958000    
29.790000 59.842000    
29.800000 59.729000    
29.810000 59.618000    
29.820000 59.507000    
29.830000 59.397000    
29.840000 59.286000    
29.850000 59.177000    
29.860000 59.070000    
29.870000 58.965000    
29.880000 58.861000    
29.890000 58.756000    
29.900000 58.651000    
29.910000 58.544000    
29.920000 58.434000    
29.930000 58.322000    
29.940000 58.209000    
29.950000 58.095000    
29.960000 57.980000    
29.970000 57.863000    
29.980000 57.745000    
29.990000 57.625000    
30.000000 57.504000    
30.010000 57.380000    
30.020000 57.254000    
30.030000 57.125000    
30.040000 56.993000    
30.050000 56.861000    
30.060000 56.726000    
30.070000 56.591000    
30.080000 56.455000    
30.090000 56.319000    
30.100000 56.184000    
30.110000 56.048000    
30.120000 55.909000    
30.130000 55.770000    
30.140000 55.630000    
30.150000 55.491000    
30.160000 55.352000    
30.170000 55.215000    
30.180000 55.081000    
30.190000 54.949000    
30.200000 54.820000    
30.210000 54.692000    
30.220000 54.565000    
30.230000 54.440000    
30.240000 54.317000    
30.250000 54.196000    
30.260000 54.078000    
30.270000 53.962000    
30.280000 53.850000    
30.290000 53.741000    
30.300000 53.635000    
30.310000 53.531000    
30.320000 53.430000    
30.330000 53.332000    
30.340000 53.235000    
30.350000 53.139000    
30.360000 53.045000    
30.370000 52.951000    
30.380000 52.860000    
30.390000 52.771000    
30.400000 52.685000    
30.410000 52.600000    
30.420000 52.516000    
30.430000 52.431000    
30.440000 52.346000    
30.450000 52.259000    
30.460000 52.170000    
30.470000 52.079000    
30.480000 51.989000    
30.490000 51.897000    
30.500000 51.805000    
30.510000 51.712000    
30.520000 51.617000    
30.530000 51.520000    
30.540000 51.420000    
30.550000 51.317000    
30.560000 51.210000    
30.570000 51.101000    
30.580000 50.990000    
30.590000 50.876000    
30.600000 50.760000    
30.610000 50.642000    
30.620000 50.522000    
30.630000 50.399000    
30.640000 50.275000    
30.650000 50.148000    
30.660000 50.018000    
30.670000 49.884000    
30.680000 49.748000    
30.690000 49.611000    
30.700000 49.472000    
30.710000 49.332000    
30.720000 49.193000    
30.730000 49.054000    
30.740000 48.916000    
30.750000 48.777000    
30.760000 48.637000    
30.770000 48.496000    
30.780000 48.354000    
30.790000 48.214000    
30.800000 48.074000    
30.810000 47.937000    
30.820000 47.802000    
30.830000 47.670000    
30.840000 47.540000    
30.850000 47.412000    
30.860000 47.285000    
30.870000 47.160000    
30.880000 47.037000    
30.890000 46.916000    
30.900000 46.798000    
30.910000 46.683000    
30.920000 46.570000    
30.930000 46.462000    
30.940000 46.356000    
30.950000 46.254000    
30.960000 46.155000    
30.970000 46.058000    
30.980000 45.963000    
30.990000 45.870000    
31.000000 45.779000    
31.010000 45.688000    
31.020000 45.599000    
31.030000 45.511000    
31.040000 45.427000    
31.050000 45.346000    
31.060000 45.266000    
31.070000 45.187000    
31.080000 45.107000    
31.090000 45.026000    
31.100000 44.943000    
31.110000 44.856000    
31.120000 44.767000    
31.130000 44.678000    
31.140000 44.590000    
31.150000 44.501000    
31.160000 44.411000    
31.170000 44.316000    
31.180000 44.217000    
31.190000 44.112000    
31.200000 43.999000    
31.210000 43.878000    
31.220000 43.752000    
31.230000 43.622000    
31.240000 43.488000    
31.250000 43.349000    
31.260000 43.203000    
31.270000 43.049000    
31.280000 42.886000    
31.290000 42.712000    
31.300000 42.526000    
31.310000 42.327000    
31.320000 42.120000    
31.330000 41.903000    
31.340000 41.677000    
31.350000 41.442000    
31.360000 41.196000    
31.370000 40.939000    
31.380000 40.670000    
31.390000 40.389000    
31.400000 40.095000    
31.410000 39.788000    
31.420000 39.468000    
31.430000 39.136000    
31.440000 38.792000    
31.450000 38.437000    
31.460000 38.071000    
31.470000 37.695000    
31.480000 37.309000    
31.490000 36.914000    
31.500000 36.511000    
31.510000 36.097000    
31.520000 35.670000    
31.530000 35.231000    
31.540000 34.783000    
31.550000 34.326000    
31.560000 33.862000    
31.570000 33.392000    
31.580000 32.919000    
31.590000 32.443000    
31.600000 31.966000    
31.610000 31.482000    
31.620000 30.991000    
31.630000 30.494000    
31.640000 29.992000    
31.650000 29.487000    
31.660000 28.979000    
31.670000 28.472000    
31.680000 27.965000    
31.690000 27.460000    
31.700000 26.959000    
31.710000 26.457000    
31.720000 25.953000    
31.730000 25.449000    
31.740000 24.944000    
31.750000 24.441000    
31.760000 23.939000    
31.770000 23.439000    
31.780000 22.943000    
31.790000 22.451000    
31.800000 21.963000    
31.810000 21.478000    
31.820000 20.994000    
31.830000 20.513000    
31.840000 20.035000    
31.850000 19.559000    
31.860000 19.087000    
31.870000 18.619000    
31.880000 18.155000    
31.890000 17.695000    
31.900000 17.239000    
31.910000 16.786000    
31.920000 16.337000    
31.930000 15.891000    
31.940000 15.448000    
31.950000 15.010000    
31.960000 14.576000    
31.970000 14.147000    
31.980000 13.724000    
31.990000 13.306000    
32.000000 12.894000    
32.010000 12.487000    
32.020000 12.083000    
32.030000 11.683000    
32.040000 11.289000    
32.050000 10.900000    
32.060000 10.517000    
32.070000 10.141000    
32.080000 9.7730000    
32.090000 9.4120000    
32.100000 9.0600000    
32.110000 8.7140000    
32.120000 8.3740000    
32.130000 8.0400000    
32.140000 7.7140000    
32.150000 7.3940000    
32.160000 7.0820000    
32.170000 6.7780000    
32.180000 6.4820000    
32.190000 6.1950000    
32.200000 5.9170000    
32.210000 5.6480000    
32.220000 5.3870000    
32.230000 5.1330000    
32.240000 4.8880000    
32.250000 4.6510000    
32.260000 4.4220000    
32.270000 4.2000000    
32.280000 3.9860000    
32.290000 3.7800000    
32.300000 3.5810000    
32.310000 3.3900000    
32.320000 3.2070000    
32.330000 3.0330000    
32.340000 2.8670000    
32.350000 2.7070000    
32.360000 2.5550000    
32.370000 2.4100000    
32.380000 2.2700000    
32.390000 2.1370000    
32.400000 2.0090000    
32.410000 1.8860000    
32.420000 1.7700000    
32.430000 1.6610000    
32.440000 1.5590000    
32.450000 1.4620000    
32.460000 1.3720000    
32.470000 1.2860000    
32.480000 1.2060000    
32.490000 1.1300000    
32.500000 1.0580000    
32.510000 0.99100000   
32.520000 0.92800000   
32.530000 0.87100000   
32.540000 0.82000000   
32.550000 0.77300000   
32.560000 0.73100000   
32.570000 0.69200000   
32.580000 0.65800000   
32.590000 0.62700000   
32.600000 0.59800000   
32.610000 0.57200000   
32.620000 0.54800000   
32.630000 0.53000000   
32.640000 0.51600000   
32.650000 0.50500000   
32.660000 0.49800000   
32.670000 0.49300000   
32.680000 0.49000000   
32.690000 0.48800000   
32.700000 0.48700000   
32.710000 0.48600000   
32.720000 0.48500000   
32.730000 0.48600000   
32.740000 0.48900000   
32.750000 0.49400000   
32.760000 0.50000000   
32.770000 0.50700000   
32.780000 0.51400000   
32.790000 0.52100000   
32.800000 0.52700000   
32.810000 0.53200000   
32.820000 0.53600000   
32.830000 0.53800000   
32.840000 0.53900000   
32.850000 0.53900000   
32.860000 0.53900000   
32.870000 0.53800000   
32.880000 0.53700000   
32.890000 0.53500000   
32.900000 0.53300000   
32.910000 0.53000000   
32.920000 0.52800000   
32.930000 0.52500000   
32.940000 0.52100000   
32.950000 0.51600000   
32.960000 0.51100000   
32.970000 0.50500000   
32.980000 0.49900000   
32.990000 0.49200000   
33.000000 0.48700000   
33.010000 0.48200000   
33.020000 0.47800000   
33.030000 0.47500000   
33.040000 0.47400000   
33.050000 0.47400000   
33.060000 0.47400000   
33.070000 0.47500000   
33.080000 0.47700000   
33.090000 0.48000000   
33.100000 0.48300000   
33.110000 0.48700000   
33.120000 0.49200000   
33.130000 0.49800000   
33.140000 0.50500000   
33.150000 0.51300000   
33.160000 0.52300000   
33.170000 0.53500000   
33.180000 0.54900000   
33.190000 0.56400000   
33.200000 0.57800000   
33.210000 0.59300000   
33.220000 0.60600000   
33.230000 0.61900000   
33.240000 0.62900000   
33.250000 0.63700000   
33.260000 0.64200000   
33.270000 0.64800000   
33.280000 0.65300000   
33.290000 0.65700000   
33.300000 0.66000000   
33.310000 0.66100000   
33.320000 0.66000000   
33.330000 0.65700000   
33.340000 0.65000000   
33.350000 0.64100000   
33.360000 0.62800000   
33.370000 0.61100000   
33.380000 0.59100000   
33.390000 0.56800000   
33.400000 0.54200000   
33.410000 0.51400000   
33.420000 0.48300000   
33.430000 0.45000000   
33.440000 0.41400000   
33.450000 0.37600000   
33.460000 0.33600000   
33.470000 0.29400000   
33.480000 0.24900000   
33.490000 0.19900000   
33.500000 0.14600000   
33.510000 0.090000000  
33.520000 0.032000000  
33.530000 -0.027000000 
33.540000 -0.088000000 
33.550000 -0.14800000  
33.560000 -0.20800000  
33.570000 -0.26600000  
33.580000 -0.32200000  
33.590000 -0.37700000  
33.600000 -0.43200000  
33.610000 -0.48800000  
33.620000 -0.54500000  
33.630000 -0.60100000  
33.640000 -0.65500000  
33.650000 -0.70900000  
33.660000 -0.76000000  
33.670000 -0.80800000  
33.680000 -0.85300000  
33.690000 -0.89400000  
33.700000 -0.93000000  
33.710000 -0.96500000  
33.720000 -0.99600000  
33.730000 -1.0260000   
33.740000 -1.0520000   
33.750000 -1.0760000   
33.760000 -1.0970000   
33.770000 -1.1150000   
33.780000 -1.1300000   
33.790000 -1.1420000   
33.800000 -1.1500000   
33.810000 -1.1550000   
33.820000 -1.1550000   
33.830000 -1.1510000   
33.840000 -1.1430000   
33.850000 -1.1320000   
33.860000 -1.1180000   
33.870000 -1.1020000   
33.880000 -1.0840000   
33.890000 -1.0640000   
33.900000 -1.0430000   
33.910000 -1.0220000   
33.920000 -1.0000000   
33.930000 -0.97700000  
33.940000 -0.95200000  
33.950000 -0.92400000  
33.960000 -0.89400000  
33.970000 -0.86300000  
33.980000 -0.83100000  
33.990000 -0.79900000  
34.000000 -0.76700000  
34.010000 -0.73600000  
34.020000 -0.70600000  
34.030000 -0.67700000  
34.040000 -0.65000000  
34.050000 -0.62300000  
34.060000 -0.59600000  
34.070000 -0.56900000  
34.080000 -0.54300000  
34.090000 -0.51700000  
34.100000 -0.49100000  
34.110000 -0.46700000  
34.120000 -0.44500000  
34.130000 -0.42400000  
34.140000 -0.40400000  
34.150000 -0.38700000  
34.160000 -0.37200000  
34.170000 -0.35800000  
34.180000 -0.34500000  
34.190000 -0.33400000  
34.200000 -0.32400000  
34.210000 -0.31500000  
34.220000 -0.30800000  
34.230000 -0.30200000  
34.240000 -0.29700000  
34.250000 -0.29200000  
