# Band 3C   Etalon 2A   Slice 9
# Distortion map version 7B.05.00 - date 2019-03-22
# Trace (isoalpha): Take pixel trace along specified slice, specified alpha position trace is built by taking the pixel in every detector row with alpha value closest to the one specified 
# xpos[i] = np.argmin(alpha_img[i,:])+funcs.find_nearest(alpha_img[i,:][(slice_img[i,:]!=0)],alpha_pos)
#    alpha       x  y      center         FWHM          skewness        wavelength
0.0  964  34  33.94760068010838  2.5317394639956206  -0.024267495530983837  18.085727135373546
0.0  965  75  74.73074905209816  2.638479168617323  -0.01559549738932039  17.983836096925636
0.0  967  115  114.57822554645186  2.550718458787344  -0.04270614952168175  17.88308839342046
0.0  969  154  153.70514529677214  2.539579217369578  -0.008860250505847702  17.783133573968403
0.0  970  192  192.02123054423228  2.5336786430894733  -0.03485361048908419  17.684421147647026
0.0  971  230  229.70107934445352  2.427228216847027  -0.02271496907401022  17.586758582364773
0.0  972  267  266.5936889712345  2.483763981504353  -0.03261561504958037  17.49042445217467
0.0  973  303  302.72327065393563  2.4372698938056487  -0.0506089174164173  17.394991588320053
0.0  974  338  338.26266539144996  2.4029523243674475  -0.015531352270111423  17.300579591226235
0.0  974  373  373.17677579375834  2.468444754164011  -0.010158637083616194  17.20729032963816
0.0  975  407  407.35744828894434  2.386006001876808  0.01868451123232307  17.115063856390428
0.0  975  441  440.98921532005835  2.4980977032031433  -0.012358843955247388  17.0236332081308
0.0  975  474  474.0098146564553  2.4319682379259575  -0.02275698146382603  16.93336145884987
0.0  975  506  506.453598655946  2.3744995434234397  -0.030722404754711757  16.843992056484296
0.0  975  538  538.3022318110435  2.4306900979117927  -0.029604813165513544  16.755532632424014
0.0  975  570  569.6119827235467  2.438484625887668  -0.019012059895388816  16.668111166977404
0.0  975  600  600.3279111614191  2.482477211492096  -0.02952345676390902  16.581521319063913
0.0  975  630  630.4911144053389  2.437436025613465  -0.04980924099578879  16.49588098337365
0.0  974  660  660.3496326251575  2.465317595391298  -0.02468576732275015  16.41109459228241
0.0  974  690  689.5127130027669  2.4873886476382268  0.0023956927719960613  16.327291332783286
0.0  973  718  718.3237308059623  2.511651986935476  -0.018095254771564446  16.244189672054947
0.0  973  746  746.4368194325299  2.472199218604487  -0.039321381135992456  16.162158593220852
0.0  972  774  774.3007849002537  2.4906123245530125  -0.022765723496902975  16.08079771524595
0.0  971  802  801.6701761437639  2.532430429198257  -0.021064845104694772  16.000330226931936
0.0  971  828  828.4050013828295  2.4976067286313537  -0.030476525951721744  15.92083335712673
0.0  970  855  854.8452832917658  2.5985358989240694  -0.04163079712052733  15.841890575848382
0.0  969  881  880.9083431322821  2.615812266060857  -0.019753693967002744  15.764109487972428
0.0  968  906  906.4803848794736  2.5276344198116476  -0.04185037678625208  15.686793604965871
0.0  967  932  931.6927203275686  2.500252759709383  -0.0024535347665860783  15.610557377671974
0.0  966  956  956.3994330502344  2.5203451848569784  -0.040278349977894  15.534859792547497
0.0  965  981  980.7909550646343  2.6062643066601368  -0.04022333898181316  15.46016712791969
0.0  963  1005  1004.9562771390465  2.7398035556254854  0.026532238633269766  15.386084610113443
-2.3595236138054796  972  33  32.7092362039196  2.630523986932399  0.013360584679823583  18.085727135373546
-2.3595236138054796  974  73  73.38567597955588  2.5860936853554506  -0.007209324587666872  17.983836096925636
-2.3595236138054796  976  113  113.25379065018458  2.555740982844071  -0.010938352357319162  17.88308839342046
-2.3595236138054796  977  152  152.39649602528033  2.480380998113219  -0.036244788268953436  17.783133573968403
-2.3595236138054796  979  191  190.58290513825725  2.358092797451093  -0.08338057898858135  17.684421147647026
-2.3595236138054796  980  228  228.25171056676638  2.3758822619675186  -0.02743066754697881  17.586758582364773
-2.3595236138054796  981  265  265.11617799002477  2.4826064394253535  -0.012994161151082491  17.49042445217467
-2.3595236138054796  982  301  301.26956371408613  2.4084249165779283  -0.0028861026418425264  17.394991588320053
-2.3595236138054796  982  337  336.855179422553  2.4888866426087475  -0.03865089692838801  17.300579591226235
-2.3595236138054796  983  372  371.6031012790938  2.3327806804172724  -0.01194084080007116  17.20729032963816
-2.3595236138054796  983  406  405.9410193709597  2.383723323606887  -0.018229394956705343  17.115063856390428
-2.3595236138054796  984  439  439.3842798627739  2.4116486278687717  -0.008038950746942601  17.0236332081308
-2.3595236138054796  984  472  472.3709971811581  2.2973312833873933  -0.050824762756235785  16.93336145884987
-2.3595236138054796  984  505  504.7910439451795  2.4350556476402403  -0.04941930077480649  16.843992056484296
-2.3595236138054796  984  537  536.6123898978643  2.4045143174668056  -0.06867073955698566  16.755532632424014
-2.3595236138054796  984  568  567.9285665519521  2.3997907278821913  -0.02234341171464979  16.668111166977404
-2.3595236138054796  984  599  598.6014370448878  2.4420033740751705  -0.04682945132276751  16.581521319063913
-2.3595236138054796  983  629  628.9738998135186  2.5162053451922475  -0.029194363322527877  16.49588098337365
-2.3595236138054796  983  659  658.5760790140374  2.4324694221242  -0.05729344295143932  16.41109459228241
-2.3595236138054796  983  688  687.7088475531224  2.4196260042431277  -0.0883681379616174  16.327291332783286
-2.3595236138054796  982  717  716.5220844430137  2.510264936575595  -0.04739597503778715  16.244189672054947
-2.3595236138054796  981  745  744.8301902911146  2.570018455459035  -0.04141293283780315  16.162158593220852
-2.3595236138054796  981  772  772.4637385835132  2.433365448564473  -0.03668273457147243  16.08079771524595
-2.3595236138054796  980  800  799.8381655809558  2.4770499943870163  -0.023466696255332545  16.000330226931936
-2.3595236138054796  979  827  826.73112535799  2.5571143417464555  -0.04069708935253254  15.92083335712673
-2.3595236138054796  978  853  853.235126492816  2.5240302567574417  0.0033739425634899244  15.841890575848382
-2.3595236138054796  977  879  879.2489420951995  2.5467059214722667  0.0038108531768250072  15.764109487972428
-2.3595236138054796  976  905  904.7545694985449  2.5576216532376748  -0.043067447486613376  15.686793604965871
-2.3595236138054796  975  930  929.9752646638573  2.511284315224657  -0.005201287736153163  15.610557377671974
-2.3595236138054796  974  955  954.6752334782893  2.5087244484726625  -0.04329460097541793  15.534859792547497
-2.3595236138054796  973  979  979.0643199281994  2.5940028955944854  -0.00890693257220086  15.46016712791969
-2.3595236138054796  972  1003  1002.9667279886789  2.575413635005816  -0.03273963361304032  15.386084610113443
-2.11207361380548  971  33  32.88762765311532  2.70741104702266  0.048125522063573525  18.085727135373546
-2.11207361380548  973  74  73.5020306980749  2.589777979877937  -0.022384383149699455  17.983836096925636
-2.11207361380548  975  113  113.40828125084028  2.5224570615934567  -0.004031731750522326  17.88308839342046
-2.11207361380548  976  153  152.54995352259124  2.4994607735207808  -0.03761851200028193  17.783133573968403
-2.11207361380548  978  191  190.71242254639625  2.494434775653559  -0.06757289551307383  17.684421147647026
-2.11207361380548  979  228  228.4178773921742  2.423235971954796  -0.022901688467361313  17.586758582364773
-2.11207361380548  980  265  265.29545681937276  2.4947934099961913  0.0022991307768798147  17.49042445217467
-2.11207361380548  981  301  301.4431591121853  2.3693141643506124  0.009252786665358715  17.394991588320053
-2.11207361380548  981  337  337.05770999809846  2.4763877824403835  -0.012717860033991798  17.300579591226235
-2.11207361380548  982  372  371.75519182168006  2.342886698417715  -0.03994995648754401  17.20729032963816
-2.11207361380548  982  406  406.12289658721465  2.371985345526241  -0.005862349215588296  17.115063856390428
-2.11207361380548  983  440  439.5487620945438  2.3972544066845103  -0.022840739764522146  17.0236332081308
-2.11207361380548  983  473  472.55694674328504  2.34286194122609  -0.0521291168166902  16.93336145884987
-2.11207361380548  983  505  504.99687647478356  2.4632555584369697  -0.027237206273294248  16.843992056484296
-2.11207361380548  983  537  536.8132068722795  2.469666378333841  -0.0566978760326875  16.755532632424014
-2.11207361380548  983  568  568.1233006274415  2.4226009877338583  -0.02139782700286366  16.668111166977404
-2.11207361380548  983  599  598.8031154930636  2.5286680953209952  -0.041996035660908176  16.581521319063913
-2.11207361380548  982  629  629.197440989395  2.509079274873784  -0.00395605893245886  16.49588098337365
-2.11207361380548  982  659  658.783126684889  2.530944205475862  -0.044888758951998696  16.41109459228241
-2.11207361380548  982  688  687.918134950927  2.462992855575294  -0.034810747411485536  16.327291332783286
-2.11207361380548  981  717  716.7255159451311  2.570579183379891  -0.04895113252185411  16.244189672054947
-2.11207361380548  980  745  744.9676768568359  2.781859560364751  -0.02587359176618933  16.162158593220852
-2.11207361380548  980  773  772.6583679668112  2.5116099971733092  -0.04682931603618825  16.08079771524595
-2.11207361380548  979  800  800.0436708094775  2.496281851233789  -0.02810218845725604  16.000330226931936
-2.11207361380548  978  827  826.9632239933576  2.605143052142239  -0.016735065321044025  15.92083335712673
-2.11207361380548  977  853  853.432316320109  2.4667601546739206  -0.008160577448723397  15.841890575848382
-2.11207361380548  977  879  879.3548186804179  2.6932671877134453  -0.002961737195339479  15.764109487972428
-2.11207361380548  976  905  904.8763758320091  2.8592645308294777  -0.04441081826610618  15.686793604965871
-2.11207361380548  975  930  930.0974859342115  2.747338894673021  -0.007563572248315406  15.610557377671974
-2.11207361380548  973  955  954.9121260866423  2.642650072486731  0.02686584208484377  15.534859792547497
-2.11207361380548  972  979  979.3034961534231  2.577605570425021  0.0005152808633599754  15.46016712791969
-2.11207361380548  971  1003  1003.2000671025515  2.57063979584791  -0.024177713276652506  15.386084610113443
-1.8646236138054801  970  33  33.017865841661695  2.734102235987592  0.0061869089250641135  18.085727135373546
-1.8646236138054801  972  74  73.6536041117532  2.589059432728675  -0.014060154196604514  17.983836096925636
-1.8646236138054801  974  114  113.54707433566868  2.5201437576689045  -0.011535498054351424  17.88308839342046
-1.8646236138054801  975  153  152.705515173681  2.5616922684997974  -0.031180843687850165  17.783133573968403
-1.8646236138054801  977  191  190.8941314221919  2.570109447479041  -0.04563568023905226  17.684421147647026
-1.8646236138054801  978  229  228.5696451811459  2.4345357383516273  -0.043903845391230774  17.586758582364773
-1.8646236138054801  979  265  265.4550010915209  2.4485500356697685  -0.008252464660496013  17.49042445217467
-1.8646236138054801  980  302  301.59301958312113  2.359104945710669  -0.014348402112018252  17.394991588320053
-1.8646236138054801  981  337  337.1242639124362  2.3202289714981816  -0.022611032976577957  17.300579591226235
-1.8646236138054801  981  372  371.9587621875994  2.3703959991703414  -0.028075969226603253  17.20729032963816
-1.8646236138054801  982  406  406.1224245599821  2.374275021444646  -0.008954475616100792  17.115063856390428
-1.8646236138054801  982  440  439.7391508580684  2.395227607243669  -0.01468459715246667  17.0236332081308
-1.8646236138054801  982  473  472.7342351422179  2.4420087680639995  -0.05541674592518723  16.93336145884987
-1.8646236138054801  982  505  505.2219435511688  2.455768034056632  0.00033891068679950674  16.843992056484296
-1.8646236138054801  982  537  537.0175104400338  2.49421179144656  -0.036229185071378414  16.755532632424014
-1.8646236138054801  982  568  568.3034627582447  2.413323654208398  -0.02426086851196956  16.668111166977404
-1.8646236138054801  982  599  598.9749903438757  2.517872093722872  -0.0423413758861857  16.581521319063913
-1.8646236138054801  982  629  629.1971131279489  2.511422930281242  -0.006185873780328661  16.49588098337365
-1.8646236138054801  981  659  659.0168662131356  2.5955218821418384  -0.02103353116208779  16.41109459228241
-1.8646236138054801  981  688  688.1345459576974  2.491195952043199  -0.0255511972727129  16.327291332783286
-1.8646236138054801  980  717  716.9456979756662  2.6406017729400446  -0.021940278335337075  16.244189672054947
-1.8646236138054801  980  745  745.0765707813363  2.60492347761965  -0.017953900137598407  16.162158593220852
-1.8646236138054801  979  773  772.8704244782534  2.5603927562328863  -0.039344471336307335  16.08079771524595
-1.8646236138054801  978  800  800.2606319485304  2.451460105957949  -0.025985430381411854  16.000330226931936
-1.8646236138054801  977  827  827.1980667422837  2.5752763858188246  -0.0007904099398070205  15.92083335712673
-1.8646236138054801  977  853  853.4416808786565  2.6961177940413563  -0.07241821357442185  15.841890575848382
-1.8646236138054801  976  879  879.4534548382221  2.5311606387840584  -0.010923740012264862  15.764109487972428
-1.8646236138054801  975  905  905.0144151205828  2.580308196121223  -0.023763072010527117  15.686793604965871
-1.8646236138054801  974  930  930.1834366806544  2.4934392556116336  -0.03641135200931428  15.610557377671974
-1.8646236138054801  973  955  955.0065132189352  2.7708966059300337  -0.0289436515255882  15.534859792547497
-1.8646236138054801  971  980  979.5259984041267  2.552736198227194  0.025522801155632262  15.46016712791969
-1.8646236138054801  970  1003  1003.4282076206739  2.5312803802289636  -0.022906874378524206  15.386084610113443
-1.6171736138054804  969  33  33.15998808018163  2.7504071515656214  -0.013763713882570512  18.085727135373546
-1.6171736138054804  971  74  73.81605609356212  2.6296847141858564  -0.013931313576847123  17.983836096925636
-1.6171736138054804  973  114  113.70759524915115  2.506208788570831  -0.011507168098922533  17.88308839342046
-1.6171736138054804  975  153  152.78443192865396  2.4518381756227825  -0.03406425575722413  17.783133573968403
-1.6171736138054804  976  191  191.0798952091708  2.5556085549966383  -0.0264884009033187  17.684421147647026
-1.6171736138054804  977  229  228.7304369112159  2.464302305531106  -0.04124204002584725  17.586758582364773
-1.6171736138054804  978  266  265.59422992876443  2.39751350693939  -0.02572143438661683  17.49042445217467
-1.6171736138054804  979  302  301.7410763089003  2.3524480497554237  -0.030040323395925127  17.394991588320053
-1.6171736138054804  980  337  337.243607998729  2.4647165170475773  -0.0020833740536094904  17.300579591226235
-1.6171736138054804  980  372  372.16425263836504  2.3824886577135658  -0.012423774618556859  17.20729032963816
-1.6171736138054804  981  406  406.2811463813201  2.3430124198957856  -0.018505485673873102  17.115063856390428
-1.6171736138054804  981  440  439.9232649452543  2.4122877325809213  -0.015388159684820112  17.0236332081308
-1.6171736138054804  981  473  472.96077334531856  2.4511860883427516  -0.025043607844797512  16.93336145884987
-1.6171736138054804  981  505  505.42541189530533  2.4149260509149144  0.008958126000308696  16.843992056484296
-1.6171736138054804  981  537  537.2587810271701  2.4839716269616474  0.0010969475324182334  16.755532632424014
-1.6171736138054804  981  568  568.4902023060963  2.4016573123317357  -0.037704305953739546  16.668111166977404
-1.6171736138054804  981  599  599.2059937608217  2.531558193905312  -0.011786935851208883  16.581521319063913
-1.6171736138054804  981  629  629.3990501637959  2.4842593784826477  0.0013454223582930875  16.49588098337365
-1.6171736138054804  980  659  659.2325170875877  2.5448538827461107  -0.002868270159391907  16.41109459228241
-1.6171736138054804  980  688  688.3238556213751  2.4727819932064676  -0.03502298521666048  16.327291332783286
-1.6171736138054804  979  717  717.1724074630939  2.6222608876937556  -0.002179138486401701  16.244189672054947
-1.6171736138054804  979  745  745.2833933818937  2.588718082132118  -0.00888469661474011  16.162158593220852
-1.6171736138054804  978  773  773.1018518161131  2.5723795705448538  -0.014568736544253514  16.08079771524595
-1.6171736138054804  977  800  800.446357320254  2.4429766894293152  -0.04705957541050154  16.000330226931936
-1.6171736138054804  976  827  827.3634778039161  2.8217156434487833  0.03393218164907324  15.92083335712673
-1.6171736138054804  976  854  853.633425826628  2.4635997104123817  -0.020316381577165307  15.841890575848382
-1.6171736138054804  975  880  879.662707059334  2.5360853054455674  -0.011222438900707721  15.764109487972428
-1.6171736138054804  974  905  905.2409646263727  2.5722905311808972  -0.010172758385731989  15.686793604965871
-1.6171736138054804  973  930  930.4000825082775  2.4946064687385388  -0.024861185917705485  15.610557377671974
-1.6171736138054804  972  955  955.1293388649462  2.5705367426298835  -0.024105019592722463  15.534859792547497
-1.6171736138054804  971  980  979.5435476385944  2.7668396037960292  -0.047483486843327934  15.46016712791969
-1.6171736138054804  969  1004  1003.6565973684675  2.5440308658223785  -0.02090389505101399  15.386084610113443
-1.3697236138054807  968  33  33.31063223328984  2.6071371248735957  0.02802941992594355  18.085727135373546
-1.3697236138054807  970  74  73.96900669184403  2.6178450011014007  -0.023050719559317333  17.983836096925636
-1.3697236138054807  972  114  113.8357139221697  2.553490444174571  -0.023038811282469675  17.88308839342046
-1.3697236138054807  974  153  152.87874352927938  2.5805214084452643  -0.026083864524463728  17.783133573968403
-1.3697236138054807  975  191  191.2696577331454  2.5329187024100293  -0.013864610625281527  17.684421147647026
-1.3697236138054807  976  229  228.90700392279868  2.482114558850668  -0.03037835246909038  17.586758582364773
-1.3697236138054807  977  266  265.7648079876881  2.4572250681243304  -0.026907721962468347  17.49042445217467
-1.3697236138054807  978  302  301.91444767466027  2.3594150288191713  -0.02851260204242529  17.394991588320053
-1.3697236138054807  979  337  337.4249666237949  2.406942035379302  0.005057319897612615  17.300579591226235
-1.3697236138054807  979  372  372.3164222093066  2.3813369563929427  -0.02282468528959499  17.20729032963816
-1.3697236138054807  980  406  406.4520050496406  2.346236724468781  -0.02483458876092911  17.115063856390428
-1.3697236138054807  980  440  440.09765183918876  2.426804730064191  -0.01413354916988767  17.0236332081308
-1.3697236138054807  980  473  473.14709747221866  2.4834170277430303  -0.009651179253394322  16.93336145884987
-1.3697236138054807  980  506  505.5842333802615  2.3784468226327817  -0.009071265831516689  16.843992056484296
-1.3697236138054807  980  537  537.4476924249124  2.485182377688716  0.0038283417203266185  16.755532632424014
-1.3697236138054807  980  569  568.6649499867384  2.4638819599362023  -0.0427081036253626  16.668111166977404
-1.3697236138054807  980  599  599.4108634034596  2.4690436044434136  -0.002029296836534709  16.581521319063913
-1.3697236138054807  980  630  629.571418157652  2.449688801660841  -0.022665409668710324  16.49588098337365
-1.3697236138054807  979  659  659.4213651629013  2.4729003760724027  -0.0006446274215272213  16.41109459228241
-1.3697236138054807  979  688  688.4939514259705  2.4785658785068563  -0.05098151723700645  16.327291332783286
-1.3697236138054807  978  717  717.3651737863121  2.5715631801324434  0.004976003243189275  16.244189672054947
-1.3697236138054807  978  745  745.4822661430601  2.488284135894901  -0.005103256405064425  16.162158593220852
-1.3697236138054807  977  773  773.3313526685773  2.5351519122984882  0.0019104648362684561  16.08079771524595
-1.3697236138054807  976  801  800.63502450044  2.5197386770911407  -0.04484717342721146  16.000330226931936
-1.3697236138054807  976  827  827.4233869222959  2.5572773052549564  0.0018135305475088328  15.92083335712673
-1.3697236138054807  975  854  853.8398621871846  2.4825152305199936  -0.030027494312186973  15.841890575848382
-1.3697236138054807  974  880  879.8916695157003  2.5141931909040522  -0.0026226087029378514  15.764109487972428
-1.3697236138054807  973  905  905.4427547827371  2.495618065098597  -0.013054566784460236  15.686793604965871
-1.3697236138054807  972  931  930.5960927946071  2.526306266402571  -0.034852551881738095  15.610557377671974
-1.3697236138054807  971  955  955.3619321831374  2.5433922175523094  -0.011125739602236565  15.534859792547497
-1.3697236138054807  970  980  979.7117139585484  2.5387927738604503  -0.019909409464275694  15.46016712791969
-1.3697236138054807  968  1004  1003.7257700058797  2.735241950684099  -0.041286061102118535  15.386084610113443
-1.122273613805481  968  33  33.35060349569418  2.5031593609016483  -0.04600306065350405  18.085727135373546
-1.122273613805481  969  74  74.02707343129168  2.489973453323927  -0.04161555238539445  17.983836096925636
-1.122273613805481  971  114  113.9931272040161  2.547793508815147  -0.017937903660319443  17.88308839342046
-1.122273613805481  973  153  153.06636604872782  2.6126408628360878  -0.010571735490973002  17.783133573968403
-1.122273613805481  974  191  191.44035291762435  2.477153852588515  -0.00997939222449572  17.684421147647026
-1.122273613805481  975  229  229.10957290928314  2.536309678018938  0.00039402456654992235  17.586758582364773
-1.122273613805481  976  266  265.93915410526205  2.5071719362750855  -0.016403095929450613  17.49042445217467
-1.122273613805481  977  302  302.0903420515009  2.38851068256497  -0.028655630116433316  17.394991588320053
-1.122273613805481  978  338  337.5799726946121  2.402345931442369  -0.008179820803100374  17.300579591226235
-1.122273613805481  978  372  372.4728389542274  2.3986619333048225  -0.03837703763915046  17.20729032963816
-1.122273613805481  979  407  406.59839395550466  2.354265448551587  -0.05288617651648482  17.115063856390428
-1.122273613805481  979  440  440.27723331963193  2.3957159134384938  -0.010672402584675653  17.0236332081308
-1.122273613805481  979  473  473.34281428175024  2.428850640074643  0.008236928743231307  16.93336145884987
-1.122273613805481  979  506  505.7437588431632  2.3960782031835492  -0.027539766013108157  16.843992056484296
-1.122273613805481  979  538  537.5998113805384  2.4675408608040925  -0.01776707360133625  16.755532632424014
-1.122273613805481  979  569  568.8487048811969  2.4820735696217753  -0.036831917169855545  16.668111166977404
-1.122273613805481  979  600  599.594177402343  2.437646354955632  -0.013910533691389445  16.581521319063913
-1.122273613805481  979  630  629.7561717853201  2.4879284124974674  -0.02977677996844289  16.49588098337365
-1.122273613805481  978  660  659.5074952534951  2.5747045142115894  -0.006670048104410789  16.41109459228241
-1.122273613805481  978  689  688.6893406365938  2.556616135849822  -0.04916368944417828  16.327291332783286
-1.122273613805481  978  717  717.3791550660085  2.783918119751206  -0.058440143592533036  16.244189672054947
-1.122273613805481  977  746  745.6533320945111  2.5080131407994486  -0.0254287453925255  16.162158593220852
-1.122273613805481  976  774  773.5156118470604  2.5034286096436063  -0.008035125942211932  16.08079771524595
-1.122273613805481  975  801  800.7386351085125  2.7207374337598367  -0.04594059802349096  16.000330226931936
-1.122273613805481  975  828  827.6159280182818  2.5039713009264233  -0.002691056019719897  15.92083335712673
-1.122273613805481  974  854  854.033380960326  2.5028739310641868  -0.027049184882792527  15.841890575848382
-1.122273613805481  973  880  880.0969177626222  2.539729575380079  -0.004976459278253079  15.764109487972428
-1.122273613805481  972  906  905.6380151856401  2.4762664769991716  -0.026432308313562088  15.686793604965871
-1.122273613805481  971  931  930.8161150653616  2.570142542232361  -0.022768518516331236  15.610557377671974
-1.122273613805481  970  956  955.5861847003978  2.5027589934261414  -0.010745835989739482  15.534859792547497
-1.122273613805481  969  980  979.9409301779071  2.575617123027996  -0.010232235483888295  15.46016712791969
-1.122273613805481  968  1004  1003.8594966598604  2.619810519349926  -0.08243041111009551  15.386084610113443
-0.8748236138054812  967  34  33.48546454107558  2.672144819273967  -0.0006665581216409426  18.085727135373546
-0.8748236138054812  969  74  74.0980407609065  2.6112094551336753  -0.0652037619881419  17.983836096925636
-0.8748236138054812  970  114  114.15489008168157  2.5682121368118658  -0.015436749215480022  17.88308839342046
-0.8748236138054812  972  153  153.2650084884404  2.5856044890286967  0.013881539289240236  17.783133573968403
-0.8748236138054812  973  192  191.58611670103244  2.4883708553610404  -0.021180879434351298  17.684421147647026
-0.8748236138054812  974  229  229.25983382604673  2.472456725127529  0.0005697864628509281  17.586758582364773
-0.8748236138054812  975  266  266.1210109898889  2.5230601699058752  -0.00891318019435929  17.49042445217467
-0.8748236138054812  976  302  302.2551799039128  2.403515178212274  -0.02038455455486752  17.394991588320053
-0.8748236138054812  977  338  337.7540671217555  2.41536893130899  -0.007332616258173315  17.300579591226235
-0.8748236138054812  978  372  372.47524126273373  2.249397780636457  -0.11666312400924893  17.20729032963816
-0.8748236138054812  978  407  406.77361363312633  2.4208478703155834  -0.043874320486338686  17.115063856390428
-0.8748236138054812  978  440  440.438134902864  2.381478406083488  -0.02795509832294317  17.0236332081308
-0.8748236138054812  978  474  473.4941363529317  2.220221027165678  0.05790346171963174  16.93336145884987
-0.8748236138054812  979  506  505.7437588431632  2.3960782031835492  -0.027539766013108157  16.843992056484296
-0.8748236138054812  979  538  537.5998113805384  2.4675408608040925  -0.01776707360133625  16.755532632424014
-0.8748236138054812  978  569  569.0481463733263  2.531149860526739  -0.02204948735523773  16.668111166977404
-0.8748236138054812  978  600  599.7632804119892  2.4840367008312114  -0.025872626976535657  16.581521319063913
-0.8748236138054812  978  630  629.9393574202678  2.486105749745093  -0.03310243669451922  16.49588098337365
-0.8748236138054812  978  660  659.6059373376158  2.4510594428879813  -0.0077857492054438805  16.41109459228241
-0.8748236138054812  977  689  688.907226072855  2.598652854496436  -0.03180657991189639  16.327291332783286
-0.8748236138054812  977  718  717.558712874927  2.5587783737155405  -0.01139040003078016  16.244189672054947
-0.8748236138054812  976  746  745.8482900452283  2.518804024764677  -0.02693879938662346  16.162158593220852
-0.8748236138054812  975  774  773.7000660029502  2.5142702574028135  -0.019883651594094127  16.08079771524595
-0.8748236138054812  975  801  800.8542388322097  2.5866796550501476  -0.037442437328140184  16.000330226931936
-0.8748236138054812  974  828  827.8053884558354  2.5184038628401595  -0.0138444248695746  15.92083335712673
-0.8748236138054812  973  854  854.2415272622202  2.4900618153774303  -0.025729340074478635  15.841890575848382
-0.8748236138054812  972  880  880.3056388861667  2.517595425944819  -0.0025952937544267527  15.764109487972428
-0.8748236138054812  971  906  905.85308974418  2.4953080194159156  -0.02723190473466535  15.686793604965871
-0.8748236138054812  970  931  931.0482564885504  2.585091061014282  -0.0032727018649003794  15.610557377671974
-0.8748236138054812  969  956  955.7649400156483  2.520698909869111  -0.03266242995705513  15.534859792547497
-0.8748236138054812  968  980  980.1703836342148  2.5490214248582106  -0.007022617988368338  15.46016712791969
-0.8748236138054812  967  1004  1004.0844325558159  2.541608407083345  -0.03430665736006015  15.386084610113443
-0.6273736138054815  966  34  33.62343851864234  2.6555472037147325  -0.011678596546535231  18.085727135373546
-0.6273736138054815  968  74  74.27079635709813  2.6230288345030033  -0.03472374266525468  17.983836096925636
-0.6273736138054815  969  114  114.29484847942636  2.530128051818167  -0.021282009320237178  17.88308839342046
-0.6273736138054815  971  153  153.4085799209894  2.556984418806735  0.00723568452425266  17.783133573968403
-0.6273736138054815  972  192  191.72839442279556  2.511869421620162  -0.033799220220523  17.684421147647026
-0.6273736138054815  973  229  229.4153124209487  2.2758741605196064  0.06512103140749487  17.586758582364773
-0.6273736138054815  974  266  266.21706172814  2.358558906831263  -0.01070402510633004  17.49042445217467
-0.6273736138054815  975  302  302.4064540253216  2.366327928874341  -0.03479499242943141  17.394991588320053
-0.6273736138054815  976  338  337.9321185567564  2.4019816070047  -0.00838476739543785  17.300579591226235
-0.6273736138054815  977  373  372.6293605260667  2.4385567850749226  -0.0606758745642655  17.20729032963816
-0.6273736138054815  977  407  406.9477264814392  2.434072447293147  -0.0345157196792299  17.115063856390428
-0.6273736138054815  977  441  440.60559999616095  2.4175505055314943  -0.04422973262117583  17.0236332081308
-0.6273736138054815  978  474  473.4975177370265  2.379176707732313  -0.009969444764732993  16.93336145884987
-0.6273736138054815  978  506  505.9352386797733  2.4493818878356137  -0.020597494132678272  16.843992056484296
-0.6273736138054815  978  538  537.7508441462871  2.4377296646781588  -0.03758684349505475  16.755532632424014
-0.6273736138054815  978  569  569.048147488403  2.531182263057417  -0.022057467747738445  16.668111166977404
-0.6273736138054815  977  600  599.9697499708254  2.471548855214678  -0.018340985454513313  16.581521319063913
-0.6273736138054815  977  630  630.1393824073908  2.4707243046211715  -0.023895477572252005  16.49588098337365
-0.6273736138054815  977  660  659.7863513904031  2.496619102328168  -0.022212734981348715  16.41109459228241
-0.6273736138054815  976  689  689.114150005331  2.61132213571841  -0.017413654226742993  16.327291332783286
-0.6273736138054815  976  718  717.7530344737905  2.551572775362274  -0.021827027322242964  16.244189672054947
-0.6273736138054815  975  746  746.0626817628648  2.5488765371978843  -0.020602917398378072  16.162158593220852
-0.6273736138054815  974  774  773.9018235199084  2.5429749092850216  -0.022028310220349904  16.08079771524595
-0.6273736138054815  974  801  801.086898371057  2.5860353847804163  -0.009188498101084014  16.000330226931936
-0.6273736138054815  973  828  828.0149921279957  2.5225734120715515  -0.01686169565839413  15.92083335712673
-0.6273736138054815  972  854  854.4334680044743  2.5093471707448316  -0.03925368018037519  15.841890575848382
-0.6273736138054815  971  880  880.4821353773971  2.5050819109685563  -0.023689229765774672  15.764109487972428
-0.6273736138054815  970  906  906.0707823938116  2.5107517723413366  -0.023018356653423916  15.686793604965871
-0.6273736138054815  969  931  931.2873199103476  2.5589853793801467  0.01269625267699482  15.610557377671974
-0.6273736138054815  968  956  955.9976448199634  2.5585591414928786  -0.01850165255475652  15.534859792547497
-0.6273736138054815  967  980  980.3757370708797  2.5460863806999896  -0.020376477066691986  15.46016712791969
-0.6273736138054815  966  1004  1004.2931375836351  2.520043048286084  -0.040725884266276026  15.386084610113443
-0.3799236138054818  965  34  33.74940529289427  2.693157007928477  -0.019048570615987265  18.085727135373546
-0.3799236138054818  967  74  74.44233723118847  2.6319534699602656  -0.02530572893529246  17.983836096925636
-0.3799236138054818  969  114  114.32266284634592  2.3537172954144694  -0.06913968245221018  17.88308839342046
-0.3799236138054818  970  154  153.56574112761493  2.527837422738685  0.0021273843176075635  17.783133573968403
-0.3799236138054818  971  192  191.87160768250325  2.518429212028366  -0.032580235872380375  17.684421147647026
-0.3799236138054818  973  229  229.40565560802926  2.435157440742273  -0.011163871774004573  17.586758582364773
-0.3799236138054818  974  266  266.279379500845  2.4844066575491297  -0.02422059813043423  17.49042445217467
-0.3799236138054818  974  303  302.5483402406935  2.387009082522411  -0.04928627393839255  17.394991588320053
-0.3799236138054818  975  338  338.10819035251006  2.408660114913914  -0.004740199072767696  17.300579591226235
-0.3799236138054818  976  373  372.80948579692557  2.464074624435966  -0.04785995646578192  17.20729032963816
-0.3799236138054818  976  407  407.1691818067827  2.465640866249146  0.0028669128496289016  17.115063856390428
-0.3799236138054818  976  441  440.79445135504284  2.46753939660573  -0.003451090595321551  17.0236332081308
-0.3799236138054818  977  474  473.6799836604095  2.3950763775194446  -0.011391862973161568  16.93336145884987
-0.3799236138054818  977  506  506.1227107722706  2.4491748613532422  -0.011796270967232911  16.843992056484296
-0.3799236138054818  977  538  537.9566461871815  2.4624363600098604  -0.017271233631651135  16.755532632424014
-0.3799236138054818  977  569  569.2551329324853  2.5175639484500607  -0.00932171430297009  16.668111166977404
-0.3799236138054818  976  600  600.149322576408  2.453206426032125  -0.012931622821103175  16.581521319063913
-0.3799236138054818  976  630  630.3225540872356  2.4516606013544333  -0.024190281508506512  16.49588098337365
-0.3799236138054818  976  660  659.9690500932431  2.5074805632973494  -0.0232966020453452  16.41109459228241
-0.3799236138054818  975  689  689.3230793685901  2.5495416609253425  -0.001968227841796965  16.327291332783286
-0.3799236138054818  975  718  717.9316672945557  2.5179416873379523  -0.025980898229610565  16.244189672054947
-0.3799236138054818  974  746  746.251299050053  2.5096561534721786  -0.025683278926100735  16.162158593220852
-0.3799236138054818  974  774  774.0095500681055  2.775160704857626  -0.015082504199827774  16.08079771524595
-0.3799236138054818  973  801  801.3047596960064  2.5842948552110556  0.00847481860793138  16.000330226931936
-0.3799236138054818  972  828  828.2096184655824  2.5323356551632514  -0.01731124017365014  15.92083335712673
-0.3799236138054818  971  855  854.6324140414464  2.5679703627156414  -0.04773779829815991  15.841890575848382
-0.3799236138054818  970  881  880.6851099637458  2.569824203560529  -0.028197631166351572  15.764109487972428
-0.3799236138054818  969  906  906.2795986210263  2.5182540675209566  -0.029670609461057113  15.686793604965871
-0.3799236138054818  968  931  931.4901507616291  2.5143986261780356  0.008295479086502461  15.610557377671974
-0.3799236138054818  967  956  956.2101208418461  2.538508644545118  -0.023134586216557684  15.534859792547497
-0.3799236138054818  966  981  980.5811515152946  2.5597780911912196  -0.024000309277385407  15.46016712791969
-0.3799236138054818  965  1004  1004.5009601858518  2.5416125720937544  -0.04747154970876187  15.386084610113443
-0.13247361380548206  964  34  33.882625849269274  2.6300497535097733  -0.02260544352162654  18.085727135373546
-0.13247361380548206  966  75  74.5696316755592  2.6354639191745264  -0.03991411316826868  17.983836096925636
-0.13247361380548206  968  114  114.43448449991008  2.5198561726137854  -0.03271469950243245  17.88308839342046
-0.13247361380548206  969  154  153.70503960505866  2.5381908265906645  -0.00911858998268716  17.783133573968403
-0.13247361380548206  971  192  191.95180445599186  2.3730206343330735  -0.0396502881231958  17.684421147647026
-0.13247361380548206  972  230  229.56373875998716  2.4405370843237506  -0.01589117548828691  17.586758582364773
-0.13247361380548206  973  266  266.4484767488781  2.4592564995380144  -0.025937757660970055  17.49042445217467
-0.13247361380548206  974  303  302.5391591748221  2.386803324152254  -0.06718012753677366  17.394991588320053
-0.13247361380548206  974  338  338.2627656500359  2.402620799561987  -0.014843958575598377  17.300579591226235
-0.13247361380548206  975  373  372.99798122247876  2.4690652591686444  -0.027765981619804952  17.20729032963816
-0.13247361380548206  975  407  407.35744828894434  2.386006001876808  0.01868451123232307  17.115063856390428
-0.13247361380548206  976  441  440.781483499036  2.4640984318913866  -0.03759363768938194  17.0236332081308
-0.13247361380548206  976  474  473.8460865859855  2.426865488912881  -0.016029241705241132  16.93336145884987
-0.13247361380548206  976  506  506.29755092376945  2.4049018573272747  -0.017920880321804073  16.843992056484296
-0.13247361380548206  976  538  538.1358467026664  2.4617245021356666  -0.01870406307200462  16.755532632424014
-0.13247361380548206  976  569  569.4575836293842  2.478014609790307  3.033607043220064e-05  16.668111166977404
-0.13247361380548206  976  600  600.1490366121269  2.4543722370076466  -0.015202950098362384  16.581521319063913
-0.13247361380548206  975  630  630.4911144053389  2.437436025613465  -0.04980924099578879  16.49588098337365
-0.13247361380548206  975  660  660.1701788745124  2.514327340549471  -0.018299200703878558  16.41109459228241
-0.13247361380548206  974  690  689.5127339828549  2.4847104562779805  0.003984134725350059  16.327291332783286
-0.13247361380548206  974  718  718.1223771551148  2.5154875668199566  -0.025691911248852714  16.244189672054947
-0.13247361380548206  973  746  746.4368190081087  2.472193847933795  -0.03932734662265867  16.162158593220852
-0.13247361380548206  973  774  774.1086504761545  2.5259416090159448  -0.016917403791674848  16.08079771524595
-0.13247361380548206  972  802  801.4927086323023  2.5368969274127267  -0.0002262602599656199  16.000330226931936
-0.13247361380548206  971  828  828.404396478158  2.5083024525467863  -0.023952352859825516  15.92083335712673
-0.13247361380548206  970  855  854.8453301661702  2.59850781950729  -0.041288639112949055  15.841890575848382
-0.13247361380548206  969  881  880.9084741700374  2.615850092818391  -0.018862042574493396  15.764109487972428
-0.13247361380548206  968  906  906.4804205877479  2.5269797877575684  -0.04099913878402372  15.686793604965871
-0.13247361380548206  967  932  931.6927604220544  2.500734625299174  -0.0021382465742384705  15.610557377671974
-0.13247361380548206  966  956  956.3993988652238  2.521056122809682  -0.040391832746537584  15.534859792547497
-0.13247361380548206  965  981  980.7969753591826  2.613457397033585  -0.027853190921544584  15.46016712791969
-0.13247361380548206  964  1005  1004.7016126766463  2.588822299493131  -0.05150166087833183  15.386084610113443
0.11497638619451767  963  34  34.02673740256811  2.6833490041876686  -0.01968810546074459  18.085727135373546
0.11497638619451767  965  75  74.71894750867173  2.6482801117555397  -0.04214968723892201  17.983836096925636
0.11497638619451767  967  115  114.57842180499233  2.548595405932147  -0.040905137262770966  17.88308839342046
0.11497638619451767  968  154  153.85853736268038  2.5413006624983723  -0.005031278619614253  17.783133573968403
0.11497638619451767  970  192  192.01530380458874  2.5375760003709047  -0.04195156453643351  17.684421147647026
0.11497638619451767  971  230  229.70607423023273  2.4270856272037236  -0.021347369858223744  17.586758582364773
0.11497638619451767  972  267  266.5936250615164  2.4835229340114324  -0.033139915462056614  17.49042445217467
0.11497638619451767  973  303  302.7232763199911  2.437438764301646  -0.05066987059006156  17.394991588320053
0.11497638619451767  973  338  338.41205013132253  2.3793448782518  -0.020026835947673727  17.300579591226235
0.11497638619451767  974  373  373.1767289309851  2.468392475102519  -0.010490518573462265  17.20729032963816
0.11497638619451767  974  408  407.5080786725292  2.354027249476644  0.0034190727692176735  17.115063856390428
0.11497638619451767  975  441  440.98921532005835  2.4980977032031433  -0.012358843955247388  17.0236332081308
0.11497638619451767  975  474  474.0098146564553  2.4319682379259575  -0.02275698146382603  16.93336145884987
0.11497638619451767  975  506  506.453598655946  2.3744995434234397  -0.030722404754711757  16.843992056484296
0.11497638619451767  975  538  538.3022318110435  2.4306900979117927  -0.029604813165513544  16.755532632424014
0.11497638619451767  975  570  569.6119827235467  2.438484625887668  -0.019012059895388816  16.668111166977404
0.11497638619451767  975  600  600.3279111614191  2.482477211492096  -0.02952345676390902  16.581521319063913
0.11497638619451767  974  631  630.6524812966468  2.5012636590481634  -0.06500615613796085  16.49588098337365
0.11497638619451767  974  660  660.3496327011055  2.4653479920571044  -0.024680953070413642  16.41109459228241
0.11497638619451767  974  690  689.5421024032477  2.723642108584727  -0.04395681246115981  16.327291332783286
0.11497638619451767  973  718  718.3236095248161  2.513084387896015  -0.019229622522934406  16.244189672054947
0.11497638619451767  972  747  746.6271138224079  2.5395292367676348  -0.041159005296797  16.162158593220852
0.11497638619451767  972  774  774.2958117569227  2.4905542049616542  -0.022884764803290956  16.08079771524595
0.11497638619451767  971  802  801.6651841582933  2.534635871919363  -0.02299258357085845  16.000330226931936
0.11497638619451767  970  829  828.5652179415381  2.513265748648905  -0.04794911438441521  15.92083335712673
0.11497638619451767  969  855  855.054877899713  2.63472551470727  -0.02499444131281799  15.841890575848382
0.11497638619451767  968  881  881.1346261604995  2.6158040499933577  0.003410876190091729  15.764109487972428
0.11497638619451767  967  907  906.6868568520355  2.5740145835137582  -0.029600787375309474  15.686793604965871
0.11497638619451767  966  932  931.8825794762488  2.510211252411864  -0.0047040072688422875  15.610557377671974
0.11497638619451767  965  957  956.5998620025393  2.562925484472771  -0.04374958927328934  15.534859792547497
0.11497638619451767  964  981  981.0310244711837  2.612554239742394  0.0016406582663183846  15.46016712791969
0.11497638619451767  963  1005  1004.9428987079709  2.6420691951799427  -0.03539621628420974  15.386084610113443
0.3624263861945174  962  34  34.14972837722975  2.6213983006029693  -0.023668567768823236  18.085727135373546
0.3624263861945174  964  75  74.8643957673172  2.7059090866887203  -0.03221620397740919  17.983836096925636
0.3624263861945174  966  115  114.71398294372669  2.6017356415215716  -0.04853207706925396  17.88308839342046
0.3624263861945174  967  154  153.99285688488743  2.5410328867459384  -0.007343446421143666  17.783133573968403
0.3624263861945174  969  192  192.19013016679475  2.5070634177052966  -0.029990631051886863  17.684421147647026
0.3624263861945174  970  230  229.83552771103177  2.4298981442382797  -0.0313998263476436  17.586758582364773
0.3624263861945174  971  267  266.76225602630205  2.538196025570187  -0.02744546696897731  17.49042445217467
0.3624263861945174  972  303  302.8802042794048  2.476038211214018  -0.049047352441605185  17.394991588320053
0.3624263861945174  972  339  338.5582325172475  2.3865425360514223  -0.03095862433623133  17.300579591226235
0.3624263861945174  973  373  373.36236301791166  2.486721290111859  0.0006996772008939952  17.20729032963816
0.3624263861945174  973  408  407.64141080676484  2.3542311721856777  -0.017035039865556243  17.115063856390428
0.3624263861945174  974  441  441.1772163488715  2.4764463662386333  0.005705092365159994  17.0236332081308
0.3624263861945174  974  474  474.16591347754013  2.4231686283908402  -0.0264742796406148  16.93336145884987
0.3624263861945174  974  507  506.6058488612445  2.407906046580763  -0.04976230654991657  16.843992056484296
0.3624263861945174  974  538  538.4579957813604  2.4267844763342055  -0.04203028533030513  16.755532632424014
0.3624263861945174  974  570  569.7896550469544  2.452973403316264  -0.020280908847811866  16.668111166977404
0.3624263861945174  974  600  600.4906542940863  2.452210915135879  -0.04224347265481917  16.581521319063913
0.3624263861945174  973  631  630.85105329472  2.5506498590502815  -0.03809829201016827  16.49588098337365
0.3624263861945174  973  661  660.5216978838604  2.4768547747701177  -0.04044144532461507  16.41109459228241
0.3624263861945174  973  690  689.6918701158941  2.489458686099397  -0.014388481870128481  16.327291332783286
0.3624263861945174  972  718  718.4753123525754  2.4846036446117523  -0.038208451860004135  16.244189672054947
0.3624263861945174  971  747  746.8346123107867  2.747177784973019  0.02199810456621444  16.162158593220852
0.3624263861945174  971  774  774.4820131760976  2.497419483231056  -0.03273230704783226  16.08079771524595
0.3624263861945174  970  802  801.8528701730191  2.548310821422092  -0.018965413048694986  16.000330226931936
0.3624263861945174  969  829  828.793531888988  2.6127357643362075  -0.030296693693450963  15.92083335712673
0.3624263861945174  968  855  855.2644688210908  2.6031899996460197  -0.009757415495859872  15.841890575848382
0.3624263861945174  967  881  881.2599949207241  2.7965825605663213  0.01616289413725594  15.764109487972428
0.3624263861945174  966  907  906.7639571860799  2.7763441186692717  -0.05093284428783385  15.686793604965871
0.3624263861945174  965  932  931.998275873065  2.7388009175253956  -0.005665916030700021  15.610557377671974
0.3624263861945174  964  957  956.8187621755001  2.650832685270643  -0.018924031606008553  15.534859792547497
0.3624263861945174  963  981  981.2278333313996  2.5900595196656013  -0.0025255209333932336  15.46016712791969
0.3624263861945174  962  1005  1005.1581874453643  2.641674834333571  -0.021675422270612907  15.386084610113443
0.6098763861945171  961  34  34.270433027752034  2.6203723364703393  -0.036092968848739734  18.085727135373546
0.6098763861945171  963  75  75.0228622939945  2.7261543447670817  -0.014569769889841436  17.983836096925636
0.6098763861945171  965  115  114.85064077493921  2.617828869921624  -0.04418897037044871  17.88308839342046
0.6098763861945171  966  154  154.146478824248  2.4668345395776043  0.041221529874125105  17.783133573968403
0.6098763861945171  968  192  192.34946862807686  2.5172300903553264  -0.024096866868108968  17.684421147647026
0.6098763861945171  969  230  229.9810373194729  2.4374573386687928  -0.03238497817059422  17.586758582364773
0.6098763861945171  970  267  266.93048637605216  2.597179372807773  -0.018814087062210518  17.49042445217467
0.6098763861945171  971  303  303.0614966558424  2.531630765003456  -0.027063604653921405  17.394991588320053
0.6098763861945171  972  339  338.54945163097915  2.2770186682864733  -0.1007492600978899  17.300579591226235
0.6098763861945171  972  374  373.50794911069704  2.430247706075761  -0.006057642576319189  17.20729032963816
0.6098763861945171  973  408  407.6416699089813  2.3587828107934  -0.01745007456961032  17.115063856390428
0.6098763861945171  973  441  441.35660957453086  2.4947309202358383  0.011079456180410382  17.0236332081308
0.6098763861945171  973  474  474.33242824107225  2.3970120340732137  -0.033291007150534  16.93336145884987
0.6098763861945171  973  507  506.78837634313436  2.476518603478439  -0.03299078248583639  16.843992056484296
0.6098763861945171  973  539  538.6175353273236  2.4445631800483625  -0.05551161946932789  16.755532632424014
0.6098763861945171  973  570  569.9562099759678  2.4713724604262097  -0.01766172141508416  16.668111166977404
0.6098763861945171  973  601  600.669387807806  2.5299699968031746  -0.05087361072750129  16.581521319063913
0.6098763861945171  973  631  630.8451746899914  2.54614071725905  -0.05135023503174563  16.49588098337365
0.6098763861945171  972  661  660.7035213213684  2.5560818440723097  -0.03691428435942431  16.41109459228241
0.6098763861945171  972  690  689.8572102053594  2.5137246041108483  -0.023263061732206675  16.327291332783286
0.6098763861945171  971  719  718.6481539874329  2.559735410462963  -0.046127663097489065  16.244189672054947
0.6098763861945171  971  747  746.8203799443885  2.6116510753009834  -0.04826150430916214  16.162158593220852
0.6098763861945171  970  775  774.6503443887096  2.552193619132595  -0.04654606334872068  16.08079771524595
0.6098763861945171  969  802  802.0591784088333  2.565374060997783  -0.020539480580385575  16.000330226931936
0.6098763861945171  968  829  829.0045565440041  2.6213797584707663  -0.011093873556488878  15.92083335712673
0.6098763861945171  967  855  855.4337600857762  2.78908777628817  0.028966235701521507  15.841890575848382
0.6098763861945171  967  881  881.3253175020035  2.7120546169664976  -0.05472852083801007  15.764109487972428
0.6098763861945171  966  907  906.8864713433784  2.714078110287801  -0.0812870233079124  15.686793604965871
0.6098763861945171  965  932  932.079181039434  2.6139217577276668  -0.06557087668338234  15.610557377671974
0.6098763861945171  963  957  956.9195455445893  2.8471288245303867  -0.03338470018669841  15.534859792547497
0.6098763861945171  962  981  981.4447012715588  2.544029458560317  0.011611354203481814  15.46016712791969
0.6098763861945171  961  1005  1005.3668567340587  2.6006931083693416  -0.016681600406198073  15.386084610113443
0.8573263861945168  960  34  34.42621076222075  2.6177298040351076  -0.02406219135236897  18.085727135373546
0.8573263861945168  962  75  75.16136980015823  2.713596376002428  -0.006334114613090594  17.983836096925636
0.8573263861945168  964  115  114.99898838742804  2.6199217617095485  -0.033399108033436084  17.88308839342046
0.8573263861945168  966  154  154.11245331483175  2.508410304514342  -0.05299883947963192  17.783133573968403
0.8573263861945168  967  192  192.4863752790369  2.507479968321377  -0.03932502582790437  17.684421147647026
0.8573263861945168  968  230  230.15093952394932  2.4344023763882774  -0.0168712093736249  17.586758582364773
0.8573263861945168  969  267  267.09110046376617  2.5322862683117364  -0.0076729139432821164  17.49042445217467
0.8573263861945168  970  303  303.229293754335  2.4928177742541493  -0.009010325718048407  17.394991588320053
0.8573263861945168  971  339  338.7011386208926  2.425344873247184  -0.03596011562088747  17.300579591226235
0.8573263861945168  971  374  373.6693730033538  2.413957648719702  -0.018545523525039936  17.20729032963816
0.8573263861945168  972  408  407.8017927117293  2.4042851511302388  -0.019076822977154396  17.115063856390428
0.8573263861945168  972  442  441.5053270459201  2.4082941531274855  -0.00014970884255170052  17.0236332081308
0.8573263861945168  972  474  474.491672087713  2.4130725386251015  -0.040303548441233066  16.93336145884987
0.8573263861945168  972  507  506.9693859803249  2.541074838835357  -0.022836283456514752  16.843992056484296
0.8573263861945168  972  539  538.8082524448416  2.5062077420212745  -0.04502874107045161  16.755532632424014
0.8573263861945168  972  570  570.1251939307051  2.4502461314700668  -0.027111117672527985  16.668111166977404
0.8573263861945168  972  601  600.8583031694652  2.5416981780924743  -0.033550536657325485  16.581521319063913
0.8573263861945168  972  631  631.0538239454734  2.5745824511413957  -0.021857820623792698  16.49588098337365
0.8573263861945168  971  661  660.9007840416738  2.5995776120341816  -0.025865057920481466  16.41109459228241
0.8573263861945168  971  690  690.048132290563  2.55135845129098  -0.020142949344860973  16.327291332783286
0.8573263861945168  970  719  718.8447233840214  2.636301763263191  -0.03956831117479244  16.244189672054947
0.8573263861945168  970  747  747.0197045037821  2.6361860754063855  -0.023938700712611557  16.162158593220852
0.8573263861945168  969  775  774.8743104946506  2.641305592587628  -0.02659584670412678  16.08079771524595
0.8573263861945168  968  802  802.2580837556142  2.5260163261148136  -0.018474627758338375  16.000330226931936
0.8573263861945168  967  829  829.2304417600415  2.627098665876929  0.017125621669942272  15.92083335712673
0.8573263861945168  967  855  855.4953398740766  2.7454239075262876  -0.047060824377603956  15.841890575848382
0.8573263861945168  966  882  881.5106682834016  2.521064958103125  -0.012832562438373173  15.764109487972428
0.8573263861945168  965  907  907.1122949544101  2.633019607668757  -0.019448553230701816  15.686793604965871
0.8573263861945168  964  932  932.287544508141  2.4779422083570353  -0.018907536788435465  15.610557377671974
0.8573263861945168  963  957  957.0344968270505  2.754857043181687  -0.06850787299845759  15.534859792547497
0.8573263861945168  961  982  981.6418975829282  2.7328140231807083  0.06068975364271996  15.46016712791969
0.8573263861945168  960  1006  1005.572004180813  2.5873291732480084  -0.016843874635966705  15.386084610113443
1.1047763861945166  959  35  34.536873888645225  2.5062371060499373  -0.0009224329181274248  18.085727135373546
1.1047763861945166  961  75  75.3263550934762  2.6868759384955183  0.013624589593373782  17.983836096925636
1.1047763861945166  963  115  115.16850584312581  2.6098529440628795  -0.01691026825896561  17.88308839342046
1.1047763861945166  965  154  154.25844808326258  2.5285509146072513  -0.02564763804868742  17.783133573968403
1.1047763861945166  966  193  192.63143405705728  2.5286223527330094  -0.046121401738884835  17.684421147647026
1.1047763861945166  967  230  230.29867506509737  2.4523606988778965  -0.01693525828468923  17.586758582364773
1.1047763861945166  968  267  267.26258024598616  2.522416445623662  0.016646176735996058  17.49042445217467
1.1047763861945166  969  303  303.3717706996418  2.452487855774393  -0.0069132035679431636  17.394991588320053
1.1047763861945166  970  339  338.868010544462  2.450780626362018  -0.028951350975331844  17.300579591226235
1.1047763861945166  970  374  373.8188441372424  2.438564786578013  -0.0169738944757703  17.20729032963816
1.1047763861945166  971  408  407.95283079507726  2.408068870319653  -0.025263872101129067  17.115063856390428
1.1047763861945166  971  442  441.6601218057615  2.412840117669475  -0.012087503526455153  17.0236332081308
1.1047763861945166  971  475  474.66297930318416  2.4347033982271  -0.04361568204815023  16.93336145884987
1.1047763861945166  971  507  507.172783172818  2.5126207865486663  0.00033158360853275244  16.843992056484296
1.1047763861945166  971  539  539.0011684428498  2.5324096320171066  -0.026867513485195355  16.755532632424014
1.1047763861945166  971  570  570.2923458445571  2.4335345053520996  -0.032920033377928704  16.668111166977404
1.1047763861945166  971  601  601.04441970376  2.5441130365522895  -0.01752057755849863  16.581521319063913
1.1047763861945166  971  631  631.2489391236664  2.528826255948843  -0.003006174257399301  16.49588098337365
1.1047763861945166  970  661  661.0986028975036  2.5964960727681046  -0.01020252495033882  16.41109459228241
1.1047763861945166  970  690  690.2371573232984  2.552846438392862  -0.01815652062715465  16.327291332783286
1.1047763861945166  969  719  719.0626371116387  2.611419460172783  -0.013432804104530105  16.244189672054947
1.1047763861945166  969  747  747.2502039325642  2.6370573726910607  0.003455086768094304  16.162158593220852
1.1047763861945166  968  775  775.0743253614327  2.63561888545496  -0.012102253625742668  16.08079771524595
1.1047763861945166  967  802  802.4519542094008  2.519742424842889  -0.029147962764574636  16.000330226931936
1.1047763861945166  966  829  829.3379807911714  2.837620871960098  0.026401271708253918  15.92083335712673
1.1047763861945166  966  856  855.6441457284783  2.5535300473345615  -0.025021430815251818  15.841890575848382
1.1047763861945166  965  882  881.7189219842182  2.5214568817436884  -0.0065895442152127115  15.764109487972428
1.1047763861945166  964  907  907.341237460363  2.5975953629369997  0.008540541369946801  15.686793604965871
1.1047763861945166  963  932  932.4771921479455  2.4819959195421006  -0.03663702196205144  15.610557377671974
1.1047763861945166  962  957  957.2809888558044  2.6355129651958578  0.000962154291316333  15.534859792547497
1.1047763861945166  961  982  981.703500483582  2.7559432706166263  -0.027378998035315256  15.46016712791969
1.1047763861945166  959  1006  1005.7581037576437  2.5705645014479614  -0.02851305408342794  15.386084610113443
1.3522263861945163  959  35  34.55642097039902  2.489770840311998  -0.07912768457868614  18.085727135373546
1.3522263861945163  960  75  75.40739444602471  2.5674490863121093  0.006844130925014327  17.983836096925636
1.3522263861945163  962  115  115.3146297929524  2.625732616730545  -0.009765387503713812  17.88308839342046
1.3522263861945163  964  154  154.3839078716761  2.481174742863601  -0.024377011763664424  17.783133573968403
1.3522263861945163  965  193  192.77782936799304  2.591535895898545  -0.041899969855384196  17.684421147647026
1.3522263861945163  966  230  230.42552071534368  2.4026388498967037  -0.03643035491945084  17.586758582364773
1.3522263861945163  967  267  267.4180614468202  2.4493354745413853  0.014017689348240782  17.49042445217467
1.3522263861945163  968  304  303.52942425532564  2.4517272614468766  -0.0052727466350433105  17.394991588320053
1.3522263861945163  969  339  339.0351692900969  2.4675067186360593  -0.018627592404975264  17.300579591226235
1.3522263861945163  969  374  373.97856022591037  2.4793139617144107  -0.020684936755665004  17.20729032963816
1.3522263861945163  970  408  408.12679779215745  2.4210856698241514  -0.009911555188651123  17.115063856390428
1.3522263861945163  970  442  441.82176396206006  2.4340609015561085  -0.01913474329065591  17.0236332081308
1.3522263861945163  970  475  474.83148582438616  2.4930010329100014  -0.041373737563577304  16.93336145884987
1.3522263861945163  970  507  507.3608295775859  2.44872083495153  0.010186001117010842  16.843992056484296
1.3522263861945163  970  539  539.1857019353941  2.5191760470663667  -0.007631540526584765  16.755532632424014
1.3522263861945163  970  570  570.4523269087114  2.447755799730544  -0.04559902050924188  16.668111166977404
1.3522263861945163  970  601  601.2311518837203  2.5158062776069983  -0.004123411126501766  16.581521319063913
1.3522263861945163  970  631  631.4183403674629  2.5066139638782943  -0.003996151225757704  16.49588098337365
1.3522263861945163  969  661  661.2789320046093  2.5612097658790844  -0.0030393445762406206  16.41109459228241
1.3522263861945163  969  690  690.4162094137322  2.5104880363927577  -0.0326015193049651  16.327291332783286
1.3522263861945163  968  719  719.2697630118839  2.5414547351635974  0.0028299930504040315  16.244189672054947
1.3522263861945163  968  747  747.4383988803065  2.5357327006843207  0.004579321502704545  16.162158593220852
1.3522263861945163  967  775  775.2844349227366  2.570867522571689  0.007097857880127186  16.08079771524595
1.3522263861945163  966  803  802.6257994834851  2.5564713187176267  -0.044154261626490464  16.000330226931936
1.3522263861945163  966  829  829.3994421393012  2.563081088358558  -0.025861723440926847  15.92083335712673
1.3522263861945163  965  856  855.8618341837712  2.5788959384051395  -0.020260043422501112  15.841890575848382
1.3522263861945163  964  882  881.9163023292052  2.538982862840612  -0.008887221521591614  15.764109487972428
1.3522263861945163  963  908  907.5263986829774  2.557921800749682  -0.0036796020719547583  15.686793604965871
1.3522263861945163  962  933  932.6905457686388  2.546440554618698  -0.030936844855574644  15.610557377671974
1.3522263861945163  961  958  957.4974617732208  2.5972324655901957  0.001181956674919756  15.534859792547497
1.3522263861945163  960  982  981.8338773966451  2.5253227775382356  -0.05414433825886957  15.46016712791969
1.3522263861945163  958  1006  1006.2523149189449  1.8769936941932883  0.14398111862268942  15.386084610113443
1.599676386194516  958  35  34.675633995820675  2.673845113313533  -0.044435317970617186  18.085727135373546
1.599676386194516  960  75  75.42455453205275  2.639361669717516  -0.030103381463400223  17.983836096925636
1.599676386194516  961  115  115.44653196183252  2.6122785581333687  -0.0189980777020032  17.88308839342046
1.599676386194516  963  155  154.50757218708952  2.4901445306530263  -0.03267369308791611  17.783133573968403
1.599676386194516  964  193  192.93861805347453  2.5998545656499914  -0.02741296149516454  17.684421147647026
1.599676386194516  965  231  230.56170179337994  2.4202291263333677  -0.04120222624230911  17.586758582364773
1.599676386194516  966  268  267.5570983903561  2.4415553577085802  0.009163223774246733  17.49042445217467
1.599676386194516  967  304  303.6767886536417  2.432220636677755  -0.027172767041073066  17.394991588320053
1.599676386194516  968  339  339.2022891648091  2.471027452929434  0.005064933621852442  17.300579591226235
1.599676386194516  968  374  374.1519338315005  2.460259670575738  -0.01523685548377942  17.20729032963816
1.599676386194516  969  408  408.28267161895485  2.3660094237545763  -0.022557813138749848  17.115063856390428
1.599676386194516  969  442  441.9860521512556  2.43015941921783  -0.018846443422250975  17.0236332081308
1.599676386194516  969  475  475.0324406861315  2.52967805374044  -0.01335419601224963  16.93336145884987
1.599676386194516  969  508  507.51095208105573  2.429814667048163  0.00415878968362602  16.843992056484296
1.599676386194516  969  539  539.3762515216631  2.478453911001907  0.0018145888884024887  16.755532632424014
1.599676386194516  969  571  570.6157376249635  2.474967795170528  -0.056538057890111154  16.668111166977404
1.599676386194516  969  601  601.4225010751899  2.4642215793749074  0.0042831218288710265  16.581521319063913
1.599676386194516  969  632  631.5890596061831  2.4952073164802187  -0.012510722091724009  16.49588098337365
1.599676386194516  968  661  661.4723124761969  2.488872506645066  0.02563482074292588  16.41109459228241
1.599676386194516  968  691  690.5838756602216  2.522804184141364  -0.04554459371852615  16.327291332783286
1.599676386194516  967  719  719.4078529098664  2.7609076427050923  0.03434201463853932  16.244189672054947
1.599676386194516  967  748  747.6081725602049  2.527741406745463  -0.010228510782058723  16.162158593220852
1.599676386194516  966  775  775.4720711284315  2.5113919885682208  0.005854917889564195  16.08079771524595
1.599676386194516  965  803  802.8389289685441  2.6242915736440864  -0.012044191071333329  16.000330226931936
1.599676386194516  965  830  829.6070335643586  2.5154857496270324  -0.006149138417637187  15.92083335712673
1.599676386194516  964  856  856.0556436643145  2.5593917450726167  -0.01993376438544632  15.841890575848382
1.599676386194516  963  882  882.1098000073746  2.5250555326990707  -0.012058629568464091  15.764109487972428
1.599676386194516  962  908  907.7182443660322  2.5314468336507616  -0.008666310086158759  15.686793604965871
1.599676386194516  961  933  932.9092756700326  2.60075697178695  -0.014635679545947352  15.610557377671974
1.599676386194516  960  958  957.6733086480983  2.5720353530437023  -0.01143492624806972  15.534859792547497
1.599676386194516  959  982  982.0518978456582  2.511446392401922  -0.0064615350933961355  15.46016712791969
1.599676386194516  958  1006  1006.33321492493  1.9249475158130736  0.05934297434670422  15.386084610113443
1.8471263861945157  957  35  34.81115146404  2.662892215301518  -0.030688706571411952  18.085727135373546
1.8471263861945157  959  76  75.60090373112294  2.6628007857449916  -0.0023351513575659106  17.983836096925636
1.8471263861945157  960  116  115.60720897577151  2.581809401632654  -0.008843135238885193  17.88308839342046
1.8471263861945157  962  155  154.63313040216855  2.517464107479384  -0.054431662710803186  17.783133573968403
1.8471263861945157  963  193  193.07596028954134  2.5913727832645463  -0.019612962249729617  17.684421147647026
1.8471263861945157  964  231  230.68003013488084  2.4817166887428357  -0.0556886799751272  17.586758582364773
1.8471263861945157  965  268  267.68896980462335  2.450775935135539  -0.007364106348874017  17.49042445217467
1.8471263861945157  966  304  303.82882812300016  2.438451865820923  -0.031950825816255066  17.394991588320053
1.8471263861945157  967  339  339.36880111076397  2.41967708842526  0.019433546480041326  17.300579591226235
1.8471263861945157  968  374  374.1384417051121  2.43623311780226  -0.05225707357406066  17.20729032963816
1.8471263861945157  968  408  408.42600715714565  2.3647868558472283  -0.03154619524348062  17.115063856390428
1.8471263861945157  968  442  442.1521189769767  2.417577298668789  -0.016152548523437733  17.0236332081308
1.8471263861945157  968  475  475.2067839499255  2.485541572373563  0.0026920539707416297  16.93336145884987
1.8471263861945157  969  508  507.51095208105573  2.429814667048163  0.00415878968362602  16.843992056484296
1.8471263861945157  969  539  539.3762515216631  2.478453911001907  0.0018145888884024887  16.755532632424014
1.8471263861945157  968  571  570.7905115940506  2.518231703056813  -0.0454166408282495  16.668111166977404
1.8471263861945157  968  602  601.5971427193293  2.4694332040198788  -0.008500035968610691  16.581521319063913
1.8471263861945157  968  632  631.7733172379507  2.4676549384528244  -0.018367533220377555  16.49588098337365
1.8471263861945157  968  661  661.462480297768  2.4853572257352425  -0.009980077008869015  16.41109459228241
1.8471263861945157  967  691  690.7789917030915  2.5854691518992468  -0.03440475836973462  16.327291332783286
1.8471263861945157  967  719  719.4499389755833  2.522956244172292  -0.004811334472358324  16.244189672054947
1.8471263861945157  966  748  747.7782812527959  2.558458896303364  -0.015846366818111076  16.162158593220852
1.8471263861945157  965  776  775.6521821159574  2.5079295609098153  -0.010033633549907267  16.08079771524595
1.8471263861945157  965  803  802.9153066582193  2.7944622355636284  -0.024045212108837203  16.000330226931936
1.8471263861945157  964  830  829.788418904079  2.530300353727853  -0.012816985340915696  15.92083335712673
1.8471263861945157  963  856  856.250993869706  2.5561516196887624  -0.02016760674395957  15.841890575848382
1.8471263861945157  962  882  882.3147555039029  2.4953394622107226  -0.018331134796926427  15.764109487972428
1.8471263861945157  961  908  907.8934272901506  2.596527964389452  -0.025001504485222096  15.686793604965871
1.8471263861945157  960  933  933.1004787273569  2.6033006040931923  -0.008898555173040381  15.610557377671974
1.8471263861945157  959  958  957.8706529154817  2.5622902999048165  -0.011466723080574339  15.534859792547497
1.8471263861945157  958  982  982.2550411764385  2.5132668732828733  -0.0009095845299247944  15.46016712791969
1.8471263861945157  957  1006  1006.1828159385027  2.7654209272849357  -0.07207529912965355  15.386084610113443
2.0945763861945155  956  35  34.93705373458863  2.684314031767393  -0.022900667652215524  18.085727135373546
2.0945763861945155  958  76  75.7372333938593  2.651968433561308  0.003249416526548291  17.983836096925636
2.0945763861945155  959  116  115.68719940352186  2.387832587226768  0.0004475005870265545  17.88308839342046
2.0945763861945155  961  155  154.79001089234362  2.512783610711068  -0.03852732383758026  17.783133573968403
2.0945763861945155  962  193  193.25004711207043  2.580128181603868  0.0027671836188745244  17.684421147647026
2.0945763861945155  963  231  230.77608179771207  2.372051793597308  -0.04069460953170391  17.586758582364773
2.0945763861945155  964  268  267.7713717042038  2.3061456015079784  -0.0033639689042663833  17.49042445217467
2.0945763861945155  965  304  303.96156479523876  2.460498815677113  -0.035649481403282515  17.394991588320053
2.0945763861945155  966  340  339.5137042159245  2.387092091340719  0.00011727927559995334  17.300579591226235
2.0945763861945155  967  374  374.3034331039022  2.432426126937571  -0.015354399112478722  17.20729032963816
2.0945763861945155  967  409  408.5768668759691  2.381372572689372  -0.04105154026685983  17.115063856390428
2.0945763861945155  967  442  442.31254762715014  2.3938460584936365  -0.01153838956826808  17.0236332081308
2.0945763861945155  968  475  475.2067165231239  2.4858047363590003  0.002334428024627649  16.93336145884987
2.0945763861945155  968  508  507.66395539609675  2.411705857569075  -0.005729883125661832  16.843992056484296
2.0945763861945155  968  540  539.5382004196033  2.4382921345222712  -0.0012300862939954992  16.755532632424014
2.0945763861945155  968  571  570.7813717085709  2.546895581363401  -0.07862362554260324  16.668111166977404
2.0945763861945155  967  602  601.7500893708559  2.4420365721405233  -0.019528735042927053  16.581521319063913
2.0945763861945155  967  632  631.9555108249267  2.5051988498794344  -0.01941763262291368  16.49588098337365
2.0945763861945155  967  662  661.6261494913161  2.474274880489702  -0.018050377868312956  16.41109459228241
2.0945763861945155  966  691  690.9809127686153  2.6485154370357122  -0.01597261132103543  16.327291332783286
2.0945763861945155  966  720  719.6366865075645  2.493466404321225  -0.009369821123581071  16.244189672054947
2.0945763861945155  965  748  747.9618800480582  2.5651808979780526  -0.02106722564727197  16.162158593220852
2.0945763861945155  964  776  775.8174755237895  2.5369647717054704  -0.01980793548763067  16.08079771524595
2.0945763861945155  964  803  803.0269319768594  2.6426785835758437  -0.020503050347442948  16.000330226931936
2.0945763861945155  963  830  829.994444705619  2.555456478404267  -0.0027081153624180935  15.92083335712673
2.0945763861945155  962  856  856.4430462936808  2.530313094457142  -0.02654107937727903  15.841890575848382
2.0945763861945155  961  882  882.5057383382676  2.5213408637907833  -0.020198740465139736  15.764109487972428
2.0945763861945155  960  908  908.1157974670913  2.5732041263622705  -0.004973426768586416  15.686793604965871
2.0945763861945155  959  933  933.3103848696793  2.5493316088759457  0.0017990711729133763  15.610557377671974
2.0945763861945155  958  958  958.0757102497402  2.540472587836348  -0.009594558924058135  15.534859792547497
2.0945763861945155  957  982  982.4321579471584  2.504182476440633  -0.030498458199053922  15.46016712791969
2.0945763861945155  956  1006  1006.4086480297177  2.5840938689802897  -0.029725109061648894  15.386084610113443
2.342026386194515  955  35  35.09034965527445  2.6805469317825725  -0.007130500169394558  18.085727135373546
2.342026386194515  957  76  75.85093108555823  2.6740297283150767  -0.011375638453789416  17.983836096925636
2.342026386194515  959  116  115.72601654212151  2.5045320133718008  -0.05741144566485336  17.88308839342046
2.342026386194515  960  155  154.96003601219442  2.5509739114896206  -0.012663195898611543  17.783133573968403
2.342026386194515  961  193  193.4099694763544  2.547877889678432  0.00947696225434348  17.684421147647026
2.342026386194515  963  231  230.82223530012655  2.530773620088354  -0.0531738287037575  17.586758582364773
2.342026386194515  964  268  267.8156917360888  2.455159823102804  -0.018491653413646215  17.49042445217467
2.342026386194515  964  304  304.1346674169  2.4909741918362442  -0.02215583794996245  17.394991588320053
2.342026386194515  965  340  339.64235773405306  2.3811771794707965  -0.011933058680687508  17.300579591226235
2.342026386194515  966  374  374.46142670152216  2.4212189758649174  -0.020220687740642892  17.20729032963816
2.342026386194515  966  409  408.71791310329377  2.3967338258178756  -0.047958627132550447  17.115063856390428
2.342026386194515  966  442  442.45468625079025  2.3451081166489303  -0.0292386049256183  17.0236332081308
2.342026386194515  967  475  475.3692094855621  2.4546710222718957  0.0071478707908140685  16.93336145884987
2.342026386194515  967  508  507.8099135541195  2.422090616768571  -0.01994010899501653  16.843992056484296
2.342026386194515  967  540  539.6963881878446  2.4369605281808617  -0.014249624569755556  16.755532632424014
2.342026386194515  967  571  570.9912983592507  2.5459652865522457  -0.01752504062699323  16.668111166977404
2.342026386194515  966  602  601.9198232624308  2.436389135288664  -0.02236594298329132  16.581521319063913
2.342026386194515  966  632  632.1331631896544  2.494579655285861  -0.014224307637170197  16.49588098337365
2.342026386194515  966  662  661.8018167235492  2.4878936930942928  -0.021518240755162746  16.41109459228241
2.342026386194515  965  691  691.1814349668143  2.587888181851895  0.001051088631832087  16.327291332783286
2.342026386194515  965  720  719.813102639563  2.512995150289271  -0.021229108288093226  16.244189672054947
2.342026386194515  964  748  748.1506490202885  2.546765950031613  -0.01655395493615269  16.162158593220852
2.342026386194515  963  776  776.0047932710885  2.5434931420950306  -0.012516151917286467  16.08079771524595
2.342026386194515  963  803  803.2578417900532  2.6072135545325636  0.009872049642885013  16.000330226931936
2.342026386194515  962  830  830.1790304191147  2.54201346953505  -0.0067607085768482626  15.92083335712673
2.342026386194515  961  857  856.6355544001607  2.5800293219167543  -0.028368815605030896  15.841890575848382
2.342026386194515  960  883  882.6666758743178  2.563636333615932  -0.03896800852027799  15.764109487972428
2.342026386194515  959  908  908.3064453555357  2.513819970250097  -0.015530578275831089  15.686793604965871
2.342026386194515  958  934  933.5212594119932  2.5059179810509704  0.00915047932340045  15.610557377671974
2.342026386194515  957  958  958.2840816899682  2.5726092241426386  -0.007879998916829717  15.534859792547497
2.342026386194515  956  983  982.6212689395724  2.569459861102473  -0.03581573606863556  15.46016712791969
2.342026386194515  955  1007  1006.6252798095885  2.639562982003781  -0.024418860257186408  15.386084610113443
