# Band 3A   Etalon 2A   Slice 11
# Distortion map version 06.04.00 - date 2019-03-20
# Trace (isoalpha): Take pixel trace along specified slice, specified alpha position trace is built by taking the pixel in every detector row with alpha value closest to the one specified 
# xpos[i] = np.argmin(alpha_img[i,:])+funcs.find_nearest(alpha_img[i,:][(slice_img[i,:]!=0)],alpha_pos)
#    alpha       x  y      center         FWHM          skewness        wavelength
0.0  848  34  33.54948287061508  3.8162281534876  -0.0059012917249907735  13.371617538388005
0.0  849  64  63.467350860775156  3.7692009202910697  -0.005453760283315567  13.31768711234676
0.0  850  93  93.00422280666126  3.635023226046627  -0.005928880998218101  13.264167358413747
0.0  851  122  122.15139064378856  3.5049713366055784  0.00013273184795994624  13.211063817210619
0.0  852  151  150.78570726458253  3.3943680005914416  -0.024644206899107134  13.158228048911674
0.0  853  179  179.15297489260558  3.269535314179393  0.0038864658736913324  13.105778689018138
0.0  854  207  207.03141338132298  3.2415417030487106  -0.014180647855563755  13.053772420313775
0.0  855  235  234.58651745837122  3.144144654001252  -0.019088825380404486  13.002222165394535
0.0  856  262  261.7913778398335  3.058966129025066  4.6986925295973916e-05  12.951050955150569
0.0  857  289  288.5265894851885  2.8627958063560186  -0.09667995519471016  12.900305078026493
0.0  857  315  315.0496574435806  3.022688721950658  -0.015076365283715042  12.849826524156787
0.0  858  341  341.17297871184076  3.019111763612841  -0.004718107439482172  12.799737484260943
0.0  858  367  367.00528947447606  2.970210395988488  -0.0016289314907349172  12.750018939619984
0.0  858  392  392.4351255883978  2.8383433220195116  -0.021935142494543616  12.700781007255367
0.0  859  418  417.50777079006184  2.8072469370663953  -0.02177313070114253  12.6518955976802
0.0  859  442  442.2894288510927  2.8247984871313747  -0.04116245226711007  12.60350160525282
0.0  859  467  466.7888615817101  2.7919640802331287  -0.023100973796667118  12.555368217600556
0.0  859  491  490.8811475048003  2.7621894453048412  -0.041651670394633473  12.507605213169798
0.0  859  515  514.6954952554456  2.7655533901913714  -0.04907515196890239  12.460136842252064
0.0  859  538  538.2195883019444  2.7564949539070085  -0.042207125167997385  12.413095010428405
0.0  859  561  561.4843713645124  2.7599649255366785  -0.021109911259712146  12.366467813479177
0.0  859  584  584.4168949308842  2.7110933689150443  -0.0142063901145529  12.320246526961393
0.0  859  607  607.0190136352834  2.7130481163401328  -0.015598079839362166  12.274416525419328
0.0  859  629  629.3394106391663  2.655954190418015  -0.009677084852289835  12.228892126868121
0.0  858  651  651.4375079061224  2.739104589696808  -0.004664353837962931  12.183794128589648
0.0  858  673  673.2402172265865  2.781957293006826  0.012691119846672833  12.138952172365611
0.0  858  695  694.7154108826498  2.729412404134564  -0.017692951697864626  12.094406799091546
0.0  857  716  715.9879499903464  2.6630923059007046  -0.03720302979475703  12.050228710037485
0.0  857  737  736.9805904263459  2.7540601547535744  -0.02863727594957736  12.00633322566029
0.0  857  758  757.6587961240207  2.658926547886722  -0.05303536789331761  11.962757909076876
0.0  856  778  778.2083268141871  2.5480723198052146  -0.04481780705915634  11.919538649042892
0.0  856  798  798.4220527681122  2.615940254987322  -0.08203006968585913  11.876619226567165
0.0  855  818  818.5032566891264  2.5326916632977827  -0.0632495829627704  11.834007131982395
0.0  854  838  838.3638243466704  2.5118434913763394  -0.05224977913118338  11.791677949685809
0.0  854  858  857.9467168631345  2.549855128166655  -0.02097764534705769  11.749654521975623
0.0  853  877  877.4300359583464  2.5682752484490265  0.009631322401960282  11.707855705244786
0.0  852  897  896.5428440153327  2.5734152095280933  -0.026359682236356517  11.666331077259327
0.0  852  915  915.4584841544047  2.4416418650782816  -0.03750579461397609  11.624992017760599
0.0  851  934  934.2349414625771  2.4052267686638515  -0.04837045418664402  11.583948644170405
0.0  850  953  952.8729851842616  2.4203498839151507  -0.025494483708427405  11.543143020704418
0.0  849  971  971.2538839804939  2.4618239307694694  0.01345141247610299  11.502622239734972
0.0  849  989  989.4337557049749  2.0444144492571468  0.21629963834545207  11.462393344359295
0.0  848  1007  1007.418571732007  2.4130921880835103  0.007316097806185186  11.422462153545705
-2.4057384441248226  857  33  33.21199636442444  3.8021165892678255  -0.011307113507497343  13.371617538388005
-2.4057384441248226  858  63  63.03507609069757  3.71740824943155  -0.029199262993670722  13.31768711234676
-2.4057384441248226  859  92  92.46186541602893  3.5646735005898336  -0.03706950685413691  13.264167358413747
-2.4057384441248226  861  122  121.67649113536253  3.500989448413762  -0.014509512893894709  13.211063817210619
-2.4057384441248226  862  150  150.37899261123292  3.424876969819138  -0.014499850364594925  13.158228048911674
-2.4057384441248226  863  179  178.65645225148026  3.331872442959366  -0.013305679225191628  13.105778689018138
-2.4057384441248226  864  206  206.52770825384505  3.1804925154223724  -0.020972259158879344  13.053772420313775
-2.4057384441248226  864  234  234.02405313315052  2.973877823418775  0.0012729212513227111  13.002222165394535
-2.4057384441248226  865  261  261.2518868420599  3.1210948809639945  -0.004767862498916148  12.951050955150569
-2.4057384441248226  866  288  288.0522255821109  2.9986105302353963  -0.008860917086652502  12.900305078026493
-2.4057384441248226  866  315  314.5299866195858  2.9701297187025375  -0.0063506585077983254  12.849826524156787
-2.4057384441248226  867  341  340.55362824341154  2.8899841943539855  -0.03707521410205602  12.799737484260943
-2.4057384441248226  867  366  366.3820851088321  2.906024961860794  -0.01849270481604366  12.750018939619984
-2.4057384441248226  868  392  391.7997817645149  2.8364108798668894  -0.005432522977243874  12.700781007255367
-2.4057384441248226  868  417  416.89706872443065  2.8247054674656624  -0.02652650374534831  12.6518955976802
-2.4057384441248226  868  442  441.64432484987697  2.7978727243499293  -0.03764105801011254  12.60350160525282
-2.4057384441248226  868  466  466.1105493490993  2.797355747867641  -0.026555900188162902  12.555368217600556
-2.4057384441248226  868  490  490.2704112509803  2.7658630414493928  -0.010528776344407773  12.507605213169798
-2.4057384441248226  869  514  513.9889054653274  2.7162473633086393  -0.010229767239833511  12.460136842252064
-2.4057384441248226  869  537  537.4875884016425  2.7176933723840193  -0.012066198937847918  12.413095010428405
-2.4057384441248226  868  561  560.7287712665545  2.7643839569475404  -0.05107294780949214  12.366467813479177
-2.4057384441248226  868  584  583.6680519523636  2.7288531247273795  -0.02051156351669401  12.320246526961393
-2.4057384441248226  868  606  606.2671113993242  2.6716068203022587  -0.01500365661488734  12.274416525419328
-2.4057384441248226  868  629  628.5419516099565  2.61449215158234  -0.037833812652391594  12.228892126868121
-2.4057384441248226  868  650  650.4970620392369  2.580359691290255  -0.046880523232314064  12.183794128589648
-2.4057384441248226  867  672  672.3533902611922  2.7055510746298523  -0.040260359490618416  12.138952172365611
-2.4057384441248226  867  694  693.9128645537154  2.728832868693644  0.0009281731040057129  12.094406799091546
-2.4057384441248226  867  715  715.0681818136421  2.702225384896792  -0.0272672886831184  12.050228710037485
-2.4057384441248226  866  736  736.1021882393135  2.6306595991432005  -0.04140005370264813  12.00633322566029
-2.4057384441248226  866  757  756.7590592521619  2.7107395406897012  -0.06457861543140841  11.962757909076876
-2.4057384441248226  865  777  777.3636048724661  2.629927680363153  -0.02339226429215687  11.919538649042892
-2.4057384441248226  865  798  797.5668440450775  2.590441141608835  -0.01909510762292049  11.876619226567165
-2.4057384441248226  864  818  817.6369478054463  2.5240963120586457  -0.021586968212232976  11.834007131982395
-2.4057384441248226  864  837  837.3797188398421  2.5193498322448704  -0.016678782275485502  11.791677949685809
-2.4057384441248226  863  857  856.9644755545874  2.580523816717914  -0.038597411087752075  11.749654521975623
-2.4057384441248226  863  876  876.4481164530698  2.6240669884834915  -0.007546206587737655  11.707855705244786
-2.4057384441248226  862  896  895.5346519567358  2.5273381302272355  -0.017056175125948134  11.666331077259327
-2.4057384441248226  861  914  914.4759013175071  2.405150134315136  -0.048838660416889286  11.624992017760599
-2.4057384441248226  860  933  933.2454603730328  2.4337806791986623  -0.0365053337446095  11.583948644170405
-2.4057384441248226  860  952  951.7245967483905  2.3201655899956677  -0.03964124693054795  11.543143020704418
-2.4057384441248226  859  970  970.1617958115623  2.299476059187782  -0.003828541930314559  11.502622239734972
-2.4057384441248226  858  988  988.329395238861  2.298784352340931  -0.04052905936455208  11.462393344359295
-2.4057384441248226  857  1006  1006.2939554109937  2.3733027062960446  -0.04253187157230218  11.422462153545705
-2.158288444124823  856  33  33.25068700839828  3.8037983521920182  -0.006354621266616869  13.371617538388005
-2.158288444124823  857  63  63.13622757845058  3.7306297112004927  -0.011019788467122685  13.31768711234676
-2.158288444124823  859  93  92.60984569827822  3.607279063844544  -0.018845215577618195  13.264167358413747
-2.158288444124823  860  122  121.72569275532234  3.5334989828666608  -0.011791726666623927  13.211063817210619
-2.158288444124823  861  150  150.42787137678124  3.4503592079635723  -0.012401412068816732  13.158228048911674
-2.158288444124823  862  179  178.6858869846098  3.314903242260783  -0.017280629804736148  13.105778689018138
-2.158288444124823  863  207  206.5967391089395  3.190302612461636  -0.01882553735778167  13.053772420313775
-2.158288444124823  864  234  234.09947535625642  3.1641270373960992  -0.016810348340125153  13.002222165394535
-2.158288444124823  864  261  261.34638613533775  3.10160570222007  0.0009614031954206831  12.951050955150569
-2.158288444124823  865  288  288.13219359212013  3.0052875821490943  0.004098231064743641  12.900305078026493
-2.158288444124823  865  315  314.58042045741604  2.8039395621599397  0.0066457716152946815  12.849826524156787
-2.158288444124823  866  341  340.628959778376  2.91374011333221  -0.03870717176169454  12.799737484260943
-2.158288444124823  866  366  366.4728866427316  2.9138987094553386  -0.01693924074207705  12.750018939619984
-2.158288444124823  867  392  391.8699869968308  2.8418393412209753  -0.008618462614679145  12.700781007255367
-2.158288444124823  867  417  416.9535976234035  2.8117608163734076  -0.02835031918226035  12.6518955976802
-2.158288444124823  867  442  441.7433196064201  2.7714540539010386  -0.020869692566442895  12.60350160525282
-2.158288444124823  867  466  466.18623093211954  2.792480285099373  -0.024172602405662623  12.555368217600556
-2.158288444124823  868  490  490.27032279843144  2.7606062120062234  -0.012317951123116937  12.507605213169798
-2.158288444124823  868  514  514.0674451142718  2.6903090515522763  -0.018603580961196867  12.460136842252064
-2.158288444124823  868  538  537.5462907196822  2.7039546949692976  -0.028148093407807506  12.413095010428405
-2.158288444124823  868  561  560.7285809457471  2.76078693687748  -0.051948821363523495  12.366467813479177
-2.158288444124823  867  584  583.7356529229749  2.7422974248963783  -0.029435946398225023  12.320246526961393
-2.158288444124823  867  606  606.3594415023131  2.6787762751182527  -0.01443627402365937  12.274416525419328
-2.158288444124823  867  629  628.6180064335052  2.6364117250028585  -0.044612252217290295  12.228892126868121
-2.158288444124823  867  651  650.5958417403191  2.618098154200993  -0.05399421201371268  12.183794128589648
-2.158288444124823  867  672  672.3649982888625  2.7894418677133217  -0.05784765153706611  12.138952172365611
-2.158288444124823  866  694  693.9856308375064  2.7410573207773723  -0.007847156067747808  12.094406799091546
-2.158288444124823  866  715  715.1895349435082  2.7296762466789914  -0.010858575839106257  12.050228710037485
-2.158288444124823  865  736  736.1843205243969  2.6245134247710666  -0.04679277773649828  12.00633322566029
-2.158288444124823  865  757  756.8623549939473  2.70789198179466  -0.0612535509343647  11.962757909076876
-2.158288444124823  864  777  777.4687568806316  2.6222743893513325  -0.011047481768750837  11.919538649042892
-2.158288444124823  864  798  797.6845241650257  2.5623672618655746  -0.008417681342963092  11.876619226567165
-2.158288444124823  863  818  817.7450270338537  2.5347921161938984  -0.021701034511814925  11.834007131982395
-2.158288444124823  863  837  837.494657786451  2.5395429036827863  -0.017889311498184256  11.791677949685809
-2.158288444124823  862  857  857.1140160289029  2.583998834863678  -0.013145098977324965  11.749654521975623
-2.158288444124823  862  876  876.391300006445  0.01606052955935411  -0.08725274218337965  11.707855705244786
-2.158288444124823  861  896  895.6480346257642  2.5692089854260303  -0.010057580646841447  11.666331077259327
-2.158288444124823  860  915  914.5733315295035  2.432722724480527  -0.05017550923059222  11.624992017760599
-2.158288444124823  859  933  933.3855016838231  2.4146138966559647  -0.008917615902171251  11.583948644170405
-2.158288444124823  859  952  951.8489774038901  2.3907029342984742  -0.02728096248703033  11.543143020704418
-2.158288444124823  858  970  970.2636582938284  2.327496252469018  -0.021522058034643594  11.502622239734972
-2.158288444124823  857  988  988.4256903430518  2.313677111524271  -0.04823478323833404  11.462393344359295
-2.158288444124823  856  1006  1006.3997901844435  2.3534054467319265  -0.05464527392701828  11.422462153545705
-1.9108384441248232  855  33  33.29277536349058  3.8200545312266385  -0.0016450192045402694  13.371617538388005
-1.9108384441248232  856  63  63.197231994705774  3.712162162156588  -0.006878787058498022  13.31768711234676
-1.9108384441248232  858  93  92.68127817447618  3.6355524147761287  -0.010593206232922809  13.264167358413747
-1.9108384441248232  859  122  121.75530563181982  3.4574587776908174  -0.01572149792490393  13.211063817210619
-1.9108384441248232  860  150  150.43808820600003  3.4147065284700204  -0.023257203310439005  13.158228048911674
-1.9108384441248232  861  179  178.74612876692362  3.2716965583543924  -0.020618983037530507  13.105778689018138
-1.9108384441248232  862  207  206.63981711743057  3.1872522104838765  -0.02082412609845833  13.053772420313775
-1.9108384441248232  863  234  234.15025815039834  3.1845110933713556  -0.022389735429313877  13.002222165394535
-1.9108384441248232  863  261  261.3958466865378  3.1029200530924754  0.004000425637620565  12.951050955150569
-1.9108384441248232  864  288  288.20178029166755  2.9874375494658807  0.0008665023027884099  12.900305078026493
-1.9108384441248232  865  315  314.60498989144315  2.8150544641198962  -0.02705122763241794  12.849826524156787
-1.9108384441248232  865  341  340.7227339685287  2.9609531173244363  -0.032119945230239956  12.799737484260943
-1.9108384441248232  865  367  366.5501743454711  2.9179116366377684  -0.012170290733723551  12.750018939619984
-1.9108384441248232  866  392  391.9449011356449  2.8669991786341598  -0.014039891290347207  12.700781007255367
-1.9108384441248232  866  417  417.0232087182427  2.8429362865618373  -0.03327352002080685  12.6518955976802
-1.9108384441248232  866  442  441.799748224704  2.7766048317793093  -0.03326713944742593  12.60350160525282
-1.9108384441248232  866  466  466.26214537750025  2.754539626717019  -0.029434478889776846  12.555368217600556
-1.9108384441248232  867  490  490.3378640603184  2.762047538193883  -0.010299811651639987  12.507605213169798
-1.9108384441248232  867  514  514.1523096797507  2.6999209633693226  -0.01644337146697647  12.460136842252064
-1.9108384441248232  867  538  537.6536061715553  2.74077128527847  -0.01507208769476376  12.413095010428405
-1.9108384441248232  867  561  560.8186589011603  2.7821365554915474  -0.04358531625695278  12.366467813479177
-1.9108384441248232  866  584  583.8067603850099  2.7420417285817393  -0.028477317033416678  12.320246526961393
-1.9108384441248232  866  606  606.4380722459496  2.687359663233565  -0.02126317818376524  12.274416525419328
-1.9108384441248232  866  629  628.6938695037364  2.657758407425945  -0.044245090817538524  12.228892126868121
-1.9108384441248232  866  651  650.6757155443477  2.6433371647175363  -0.06270539677429011  12.183794128589648
-1.9108384441248232  866  672  672.441990645863  2.6968526782834488  -0.04646558936371937  12.138952172365611
-1.9108384441248232  865  694  694.1075348575647  2.758701025356231  0.012599328778689108  12.094406799091546
-1.9108384441248232  865  715  715.3096957488988  2.7322873174687174  0.004683217817782372  12.050228710037485
-1.9108384441248232  864  736  736.2773250572476  2.6078016537336453  -0.05244017629472345  12.00633322566029
-1.9108384441248232  864  757  756.9826586468889  2.723138472799633  -0.04104510278141804  11.962757909076876
-1.9108384441248232  863  778  777.5026875130409  2.6738711856811506  -0.023602699868013693  11.919538649042892
-1.9108384441248232  863  798  797.7622217900054  2.557472877792634  -0.03440350101857533  11.876619226567165
-1.9108384441248232  862  818  817.8533063372876  2.5347059325358714  -0.012063332551156295  11.834007131982395
-1.9108384441248232  862  838  837.6082281022603  2.5403451916763515  -0.00730309283061397  11.791677949685809
-1.9108384441248232  861  857  857.2171189028455  2.5843272873007663  -0.01885271837236464  11.749654521975623
-1.9108384441248232  861  876  876.4784165593426  2.5614877819962203  -0.07737961982558607  11.707855705244786
-1.9108384441248232  860  896  895.7346848572602  2.5704977441373558  -0.018502765644346105  11.666331077259327
-1.9108384441248232  859  915  914.6639331500671  2.489404295824329  -0.06021743640915017  11.624992017760599
-1.9108384441248232  858  933  933.4507292573593  2.5166776334199312  -0.0018289022464541168  11.583948644170405
-1.9108384441248232  858  952  951.9635687522351  2.371528206126186  -0.027059143669562535  11.543143020704418
-1.9108384441248232  857  970  970.3717129058355  2.3099722237212745  -0.030465449146042364  11.502622239734972
-1.9108384441248232  856  989  988.5213457262956  2.3303098098934925  -0.05369597027547057  11.462393344359295
-1.9108384441248232  855  1007  1006.5249624136069  2.388134682244072  -0.04523814649421253  11.422462153545705
-1.6633884441248235  854  33  33.32792899754785  3.833786693604882  -0.006536227044348788  13.371617538388005
-1.6633884441248235  855  63  63.236647916740104  3.687462480096144  -0.010388157319951503  13.31768711234676
-1.6633884441248235  857  93  92.72363305811065  3.6226181547314695  -0.01185189857787541  13.264167358413747
-1.6633884441248235  858  122  121.79760594141452  3.4832659013757308  -0.015358609913347594  13.211063817210619
-1.6633884441248235  859  150  150.49484658009357  3.3834255445383974  -0.021273101483574045  13.158228048911674
-1.6633884441248235  860  179  178.7957602907659  3.286992193123581  -0.02209061882181673  13.105778689018138
-1.6633884441248235  861  207  206.68182864824715  3.2350795227135904  -0.016300043982130585  13.053772420313775
-1.6633884441248235  862  234  234.19891407373632  3.148778343979444  -0.021672144180231806  13.002222165394535
-1.6633884441248235  862  261  261.4418206929135  3.129509951134196  -0.002734522958919884  12.951050955150569
-1.6633884441248235  863  288  288.2445311926727  3.020378835079555  -0.014068395255903846  12.900305078026493
-1.6633884441248235  864  315  314.65018506074637  2.930434609185511  -0.024220606733961262  12.849826524156787
-1.6633884441248235  864  341  340.7899002280213  2.920652661876943  -0.030843589880412876  12.799737484260943
-1.6633884441248235  864  367  366.6108618698143  2.916413942144345  -0.007825707906206575  12.750018939619984
-1.6633884441248235  865  392  392.015056767615  2.8658392208684518  -0.004512100154488342  12.700781007255367
-1.6633884441248235  865  417  417.12688578943516  2.8288632098730204  -0.011796522333150981  12.6518955976802
-1.6633884441248235  865  442  441.8767480684355  2.788004889006345  -0.0303166226321651  12.60350160525282
-1.6633884441248235  866  466  466.2696308298404  2.6992404860704937  -0.04126447371261365  12.555368217600556
-1.6633884441248235  866  490  490.41427405744105  2.779412307720804  -0.01413737097906719  12.507605213169798
-1.6633884441248235  866  514  514.2274397387184  2.721501145235152  -0.016849391760208967  12.460136842252064
-1.6633884441248235  866  538  537.7465316571313  2.7255058868690867  -0.013128845881432418  12.413095010428405
-1.6633884441248235  866  561  560.9188209491545  2.81268955142059  -0.03512786988174684  12.366467813479177
-1.6633884441248235  865  584  583.910405256356  2.7439216537841276  -0.02800463557566209  12.320246526961393
-1.6633884441248235  865  606  606.5027251482935  2.7058587451393805  -0.04546333982361371  12.274416525419328
-1.6633884441248235  865  629  628.7749638485794  2.666406064405919  -0.039678217961709304  12.228892126868121
-1.6633884441248235  865  651  650.7501464075899  2.6670977340342006  -0.06389032807583238  12.183794128589648
-1.6633884441248235  865  672  672.5300675615973  2.6862297839786606  -0.0472758509150501  12.138952172365611
-1.6633884441248235  864  694  694.1707962764608  2.7381641818219578  -0.00497752776062424  12.094406799091546
-1.6633884441248235  864  715  715.4090618762525  2.6954874618550093  0.002717095938466427  12.050228710037485
-1.6633884441248235  863  736  736.3428779320142  2.747596934570879  -0.03860412065103949  12.00633322566029
-1.6633884441248235  863  757  757.0714086939815  2.7094334626505088  -0.03831357116250591  11.962757909076876
-1.6633884441248235  863  778  777.5280128663061  2.6158198251002887  -0.046452567817044085  11.919538649042892
-1.6633884441248235  862  798  797.8633921248484  2.5790391429756028  -0.02944416454234798  11.876619226567165
-1.6633884441248235  861  818  817.9364178432562  2.6263781134616693  -0.0038978360023346702  11.834007131982395
-1.6633884441248235  861  838  837.6874194675339  2.522201328338042  -0.022104995658374055  11.791677949685809
-1.6633884441248235  860  857  857.3058744233361  2.5759271512722535  -0.02015788553202464  11.749654521975623
-1.6633884441248235  860  877  876.5752082248024  2.568003998449626  -0.0674014291749769  11.707855705244786
-1.6633884441248235  859  896  895.8381443982656  2.574187056211372  -0.0231926625080595  11.666331077259327
-1.6633884441248235  858  915  914.790754019748  2.4948191114451674  -0.049534975871911045  11.624992017760599
-1.6633884441248235  857  934  933.5164744839336  2.4669932621566204  -0.029662428883687624  11.583948644170405
-1.6633884441248235  857  952  952.0621398147173  2.4135386080290573  -0.030467237704509872  11.543143020704418
-1.6633884441248235  856  970  970.4702822532998  2.308588308316075  -0.035371270443256005  11.502622239734972
-1.6633884441248235  855  989  988.6219605207855  2.348230342717784  -0.06493566740663848  11.462393344359295
-1.6633884441248235  854  1007  1006.637859444387  2.4070583036340167  -0.05003111333514  11.422462153545705
-1.4159384441248237  853  33  33.339894079625125  3.8318041912221936  -0.017306657695069155  13.371617538388005
-1.4159384441248237  854  63  63.29608136322006  3.680776206221836  -0.006790152206246257  13.31768711234676
-1.4159384441248237  856  93  92.76481819359437  3.6286001985430687  -0.008180654973681391  13.264167358413747
-1.4159384441248237  857  122  121.8850921417406  3.5111876072306956  -0.013953183023082785  13.211063817210619
-1.4159384441248237  858  150  150.5447186448809  3.3840404630690273  -0.020910959149706396  13.158228048911674
-1.4159384441248237  859  179  178.87725903452787  3.3044277674637215  -0.010846591562899074  13.105778689018138
-1.4159384441248237  860  207  206.7430339700655  3.209030088956183  -0.028165294586717477  13.053772420313775
-1.4159384441248237  861  234  234.26109500381114  3.1189535873581065  -0.020333603554203297  13.002222165394535
-1.4159384441248237  861  262  261.5218694496576  3.082606505827698  0.002508070454587854  12.951050955150569
-1.4159384441248237  862  288  288.2986574764181  2.9996768729964742  -0.010749929170517978  12.900305078026493
-1.4159384441248237  863  315  314.74038695871866  2.973222563563695  -0.011703424278466082  12.849826524156787
-1.4159384441248237  863  341  340.84367862780385  2.916150414646836  -0.030319533648307306  12.799737484260943
-1.4159384441248237  864  367  366.613391707766  2.8588838635693605  -0.030815392884643564  12.750018939619984
-1.4159384441248237  864  392  392.0880431796539  2.870403933189664  -0.004778243362364847  12.700781007255367
-1.4159384441248237  864  417  417.2073377519485  2.839990414064232  -0.009117907453897975  12.6518955976802
-1.4159384441248237  864  442  441.9296044431321  2.8523041225820407  -0.03758108720397214  12.60350160525282
-1.4159384441248237  865  466  466.3510389508896  2.7733107980083673  -0.02051514028471656  12.555368217600556
-1.4159384441248237  865  490  490.49555987884787  2.7347371465270953  -0.022927608409873405  12.507605213169798
-1.4159384441248237  865  514  514.3120161599112  2.691953440596876  -0.013286793550066301  12.460136842252064
-1.4159384441248237  865  538  537.8210848003249  2.746850097864126  -0.012166975084982599  12.413095010428405
-1.4159384441248237  865  561  561.0139116486891  2.846091766869904  -0.03328861888422042  12.366467813479177
-1.4159384441248237  865  584  583.9101586891439  2.7431630061357737  -0.03462241374962468  12.320246526961393
-1.4159384441248237  864  607  606.5771291855436  2.7041842320813885  -0.04713656873016006  12.274416525419328
-1.4159384441248237  864  629  628.866031403144  2.684293862657114  -0.038949417011998576  12.228892126868121
-1.4159384441248237  864  651  650.8650476092765  2.706823824421008  -0.04535206371515943  12.183794128589648
-1.4159384441248237  864  673  672.6271903791833  2.744131927987496  -0.04439847850137258  12.138952172365611
-1.4159384441248237  863  694  694.2627177268788  2.69854395177299  -0.013790088902674311  12.094406799091546
-1.4159384441248237  863  715  715.47989215621  2.6770357129455533  -0.005568732915388625  12.050228710037485
-1.4159384441248237  863  736  736.402207799834  2.72430676166573  -0.06210888959879156  12.00633322566029
-1.4159384441248237  862  757  757.1884317451654  2.683723147725118  -0.03318760197697042  11.962757909076876
-1.4159384441248237  862  778  777.6002880346127  2.6044377089689306  -0.054407952054647525  11.919538649042892
-1.4159384441248237  861  798  797.9538724522989  2.554276093200656  -0.03807365261561185  11.876619226567165
-1.4159384441248237  861  818  817.9795661373917  2.673679249250199  -0.02849694358392777  11.834007131982395
-1.4159384441248237  860  838  837.7866755327477  2.525701077507847  -0.02193889427715914  11.791677949685809
-1.4159384441248237  859  857  857.4258437431182  2.5457966591800414  -0.010965397129110441  11.749654521975623
-1.4159384441248237  859  877  876.7060018305456  2.6209310513598894  -0.04908288679387364  11.707855705244786
-1.4159384441248237  858  896  895.9674902753019  2.5596990647968596  -0.013079392624477635  11.666331077259327
-1.4159384441248237  857  915  914.9134177497262  2.4820988154032193  -0.03690679202265882  11.624992017760599
-1.4159384441248237  857  934  933.6067082374931  2.522671966028497  -0.05101741410525302  11.583948644170405
-1.4159384441248237  856  952  952.1841654865905  2.3775969233533942  -0.02154086010142407  11.543143020704418
-1.4159384441248237  855  971  970.5721963208118  2.3480264442565613  -0.04585201342290322  11.502622239734972
-1.4159384441248237  854  989  988.7451988002059  2.385902565006404  -0.05802060303631608  11.462393344359295
-1.4159384441248237  853  1007  1006.786084833547  2.443864272647147  -0.03854000515828454  11.422462153545705
-1.168488444124824  852  33  33.41970715070426  3.810067021775435  -0.0037624412684048427  13.371617538388005
-1.168488444124824  853  63  63.32016151292993  3.6819668479692496  -0.0011068750699270834  13.31768711234676
-1.168488444124824  855  93  92.7845850915029  3.583252884735444  -0.017073882000101775  13.264167358413747
-1.168488444124824  856  122  121.95047742798387  3.554272804390493  -0.013568446784623612  13.211063817210619
-1.168488444124824  857  151  150.62299054688114  3.395773054646554  -0.008573861193011614  13.158228048911674
-1.168488444124824  858  179  178.9100913429402  3.2851615406383416  -0.015836918267043684  13.105778689018138
-1.168488444124824  859  207  206.82697695563948  3.233568523917654  -0.01112487844195897  13.053772420313775
-1.168488444124824  860  234  234.33049720042985  3.087224885200726  -0.021172824312259527  13.002222165394535
-1.168488444124824  860  262  261.5932650950848  3.0108687448644673  0.04175726215751584  12.951050955150569
-1.168488444124824  861  288  288.37408520038525  2.974630865310928  -0.008177083577308977  12.900305078026493
-1.168488444124824  862  315  314.7609012102292  2.9337918480958933  -0.023165264475076157  12.849826524156787
-1.168488444124824  862  341  340.9192333122813  2.972331844591281  -0.018073569125204525  12.799737484260943
-1.168488444124824  863  367  366.6646134584292  2.932510211875581  -0.023832068931223936  12.750018939619984
-1.168488444124824  863  392  392.17305935460405  2.8521809730577843  -0.005478016115274319  12.700781007255367
-1.168488444124824  863  417  417.2663871681831  2.8281742641466963  -0.00501424188906149  12.6518955976802
-1.168488444124824  863  442  442.0320470970688  2.8542337437789342  -0.028771992209890747  12.60350160525282
-1.168488444124824  864  466  466.42000785993827  2.7717334724576403  -0.020959612738740283  12.555368217600556
-1.168488444124824  864  491  490.56109547741727  2.7722961780588093  -0.03357326821442066  12.507605213169798
-1.168488444124824  864  514  514.3782849626613  2.654651684633336  -0.02683075565921357  12.460136842252064
-1.168488444124824  864  538  537.8785294486528  2.7365257153670655  -0.022174659646089598  12.413095010428405
-1.168488444124824  864  561  561.0907902549989  2.8166639346712827  -0.021808877859462426  12.366467813479177
-1.168488444124824  864  584  583.9973562964442  2.723604344634623  -0.02140439525292006  12.320246526961393
-1.168488444124824  863  607  606.6662226276887  2.6685061240704044  -0.039200050760387795  12.274416525419328
-1.168488444124824  863  629  628.9719217111077  2.68410846352549  -0.03251856268860801  12.228892126868121
-1.168488444124824  863  651  650.9740460694693  2.7274675171614717  -0.03456280161329602  12.183794128589648
-1.168488444124824  863  673  672.7299188249807  2.7772562522054614  -0.03342355093759387  12.138952172365611
-1.168488444124824  862  694  694.3571681356697  2.7164716562235753  -0.004751421809296487  12.094406799091546
-1.168488444124824  862  716  715.5637670114584  2.6758918482187255  -0.01680539533591064  12.050228710037485
-1.168488444124824  862  736  736.4366597348863  0.01598098234489953  -0.09212018583029018  12.00633322566029
-1.168488444124824  861  757  757.3005043182137  2.7203878675647957  -0.0330894318767883  11.962757909076876
-1.168488444124824  861  778  777.7352259359324  2.596515822007518  -0.03576209143496191  11.919538649042892
-1.168488444124824  860  798  798.0686373654681  2.566722595070928  -0.032332245770757904  11.876619226567165
-1.168488444124824  860  818  818.0347362314872  2.572732411343395  -0.059308872839581486  11.834007131982395
-1.168488444124824  859  838  837.8881113884509  2.534049687150741  -0.023226245518972347  11.791677949685809
-1.168488444124824  858  858  857.5158716983549  2.521720203607856  -0.02263077707695284  11.749654521975623
-1.168488444124824  858  877  876.8099780685259  2.611990854059968  -0.05122633928815943  11.707855705244786
-1.168488444124824  857  896  896.0609847030973  2.5376661939371843  -0.02102682754158032  11.666331077259327
-1.168488444124824  856  915  915.0226584648906  2.5137337370675823  -0.03461920480858344  11.624992017760599
-1.168488444124824  856  934  933.671050003874  2.399116804893765  -0.0700913381314736  11.583948644170405
-1.168488444124824  855  952  952.310043735072  2.351652546551236  -0.03455996183901695  11.543143020704418
-1.168488444124824  854  971  970.6836330624723  2.331555317524476  -0.0464731310566361  11.502622239734972
-1.168488444124824  853  989  988.8893621955789  2.393186500246429  -0.03983654996229887  11.462393344359295
-1.168488444124824  852  1007  1006.9028312126201  2.4425214162502016  -0.021793030027719172  11.422462153545705
-0.9210384441248243  851  34  33.451097896086075  3.8152033042930498  -0.001990619088078361  13.371617538388005
-0.9210384441248243  853  63  63.333367205858934  3.703471563720825  -0.0095574039292295  13.31768711234676
-0.9210384441248243  854  93  92.8334938706619  3.602247270700502  -0.020048842135568158  13.264167358413747
-0.9210384441248243  855  122  122.00116269140868  3.5703928667616225  -0.0073833992777826065  13.211063817210619
-0.9210384441248243  856  151  150.62928608573753  3.3801217149105014  -0.02150890218674839  13.158228048911674
-0.9210384441248243  857  179  178.9480676331201  3.2687886389715857  -0.018888327278668602  13.105778689018138
-0.9210384441248243  858  207  206.87456718982745  3.265547846281663  -0.006957647404514954  13.053772420313775
-0.9210384441248243  859  234  234.40837313815376  3.1201612723351673  -0.01504625269545027  13.002222165394535
-0.9210384441248243  859  262  261.6404377469573  0.01784552328393829  0.07324595606841633  12.951050955150569
-0.9210384441248243  860  288  288.41863142506145  2.9959803472050908  -0.014380617585711101  12.900305078026493
-0.9210384441248243  861  315  314.8255722942555  2.9664662247056413  -0.022200387935197338  12.849826524156787
-0.9210384441248243  861  341  340.9692659142616  2.9387806890796924  -0.020154208572515417  12.799737484260943
-0.9210384441248243  862  367  366.7274312560665  2.926665077980033  -0.02270757857125154  12.750018939619984
-0.9210384441248243  862  392  392.2360059954676  2.8210473393673965  -0.0006013512645593345  12.700781007255367
-0.9210384441248243  862  417  417.3393457827398  2.8551924452103776  -0.0070795454568051384  12.6518955976802
-0.9210384441248243  862  442  442.1137767382533  2.798799538454034  -0.022749549599883935  12.60350160525282
-0.9210384441248243  863  466  466.4924172084315  2.7647249470043107  -0.025112759911064556  12.555368217600556
-0.9210384441248243  863  491  490.62515716920643  2.755246583646283  -0.024388245505387634  12.507605213169798
-0.9210384441248243  863  514  514.44884915367  2.7168035297637516  -0.031176144371029606  12.460136842252064
-0.9210384441248243  863  538  537.9563934344596  2.746314894003035  -0.021004064397032493  12.413095010428405
-0.9210384441248243  863  561  561.1974575503323  2.8227109535232557  -0.010874312220026874  12.366467813479177
-0.9210384441248243  863  584  584.105830210486  2.77060033059297  -0.006615254578648439  12.320246526961393
-0.9210384441248243  862  607  606.7673471537797  2.710884919297996  -0.025707433588533786  12.274416525419328
-0.9210384441248243  862  629  629.0456411125458  2.6832937551511122  -0.03289686592528973  12.228892126868121
-0.9210384441248243  862  651  651.0723976823696  2.735171329261334  -0.02291255079616253  12.183794128589648
-0.9210384441248243  862  673  672.8564316818874  2.815954472273006  -0.014609561535426498  12.138952172365611
-0.9210384441248243  861  694  694.4495655213884  2.718409333270074  -0.01449295995113463  12.094406799091546
-0.9210384441248243  861  716  715.6404173454789  2.6432112529791993  -0.025101145081157777  12.050228710037485
-0.9210384441248243  861  737  736.5384828776251  2.6742977304139686  -0.06346712416642473  12.00633322566029
-0.9210384441248243  860  757  757.3901311240801  2.676183552154157  -0.03378871748687302  11.962757909076876
-0.9210384441248243  860  778  777.837065401034  2.604556615763954  -0.03817928395914319  11.919538649042892
-0.9210384441248243  859  798  798.1735425415376  2.5197055371639863  -0.0293020304956267  11.876619226567165
-0.9210384441248243  859  818  818.1489878394386  2.5207673018297783  -0.030057005731040642  11.834007131982395
-0.9210384441248243  858  838  837.9965822032775  2.5284715049668876  -0.026293914698549997  11.791677949685809
-0.9210384441248243  857  858  857.6259127649159  2.549655995085118  -0.028117663320650577  11.749654521975623
-0.9210384441248243  857  877  876.9468368953596  2.64594206470224  -0.0314216264419845  11.707855705244786
-0.9210384441248243  856  896  896.1804453100617  2.5269824802583116  -0.018010806178678097  11.666331077259327
-0.9210384441248243  855  915  915.1404384600462  2.488898569680032  -0.037006700174791615  11.624992017760599
-0.9210384441248243  855  934  933.7929074642452  2.4143069625422413  -0.05132162410541441  11.583948644170405
-0.9210384441248243  854  952  952.4168166165935  2.3680889199475814  -0.0424485444137477  11.543143020704418
-0.9210384441248243  853  971  970.8247479497973  2.353718235039878  -0.03392405182025604  11.502622239734972
-0.9210384441248243  852  989  989.0410103058776  2.4385666634821064  -0.018684222328750583  11.462393344359295
-0.9210384441248243  851  1007  1007.0529821717467  2.4995323484988603  0.01907932345501084  11.422462153545705
-0.6735884441248245  850  34  33.47188686202335  3.810170090469729  -0.0054532949115685915  13.371617538388005
-0.6735884441248245  852  63  63.35565409248017  3.664627825424674  -0.0068242841553328  13.31768711234676
-0.6735884441248245  853  93  92.8740789630402  3.6229347652378294  -0.018791435688254976  13.264167358413747
-0.6735884441248245  854  122  122.00754178226438  3.5391946428631087  -0.0160251000803224  13.211063817210619
-0.6735884441248245  855  151  150.65940747543854  3.4166953508245967  -0.029988572056886372  13.158228048911674
-0.6735884441248245  856  179  178.9853224062415  3.3400778124351405  -0.019001120648338303  13.105778689018138
-0.6735884441248245  857  207  206.9230051915473  3.2965037378402258  -0.010133491149566633  13.053772420313775
-0.6735884441248245  858  234  234.43663507010157  3.108971405280897  -0.018371743410907  13.002222165394535
-0.6735884441248245  859  262  261.6902561667041  3.072578202652778  0.01927251349398054  12.951050955150569
-0.6735884441248245  859  288  288.4588679156612  2.969677039288456  -0.020962766070894548  12.900305078026493
-0.6735884441248245  860  315  314.9009507772863  2.9897945963213033  -0.016377196233465837  12.849826524156787
-0.6735884441248245  860  341  341.02047173496305  2.9848840662322687  -0.026508272334653936  12.799737484260943
-0.6735884441248245  861  367  366.79218970891304  2.9417794346903747  -0.018685756555397105  12.750018939619984
-0.6735884441248245  861  392  392.2936025240223  2.8118000113288417  -0.008415507431400257  12.700781007255367
-0.6735884441248245  861  417  417.3967892324093  2.807807844670265  -0.00772046771749864  12.6518955976802
-0.6735884441248245  861  442  442.1854500411266  2.763070855091314  -0.0043736746800348185  12.60350160525282
-0.6735884441248245  862  467  466.5330193643392  2.7886589209182944  -0.038458886631553425  12.555368217600556
-0.6735884441248245  862  491  490.71085607395054  2.7619607282392167  -0.03250172818642113  12.507605213169798
-0.6735884441248245  862  514  514.4883799084889  2.7129477664806245  -0.04459202974933021  12.460136842252064
-0.6735884441248245  862  538  538.0319023991573  2.711640198691157  -0.02030714808395733  12.413095010428405
-0.6735884441248245  862  561  561.2820062879658  2.830478443907623  -0.014344193923903514  12.366467813479177
-0.6735884441248245  862  584  584.1715800464527  2.735406240712564  -0.022451220697384953  12.320246526961393
-0.6735884441248245  861  607  606.8149897260422  2.726187662744678  -0.03779559089818341  12.274416525419328
-0.6735884441248245  861  629  629.1614081568421  2.7141086051926777  -0.014055101214349087  12.228892126868121
-0.6735884441248245  861  651  651.1581684517129  2.737315613935948  -0.02015795200463183  12.183794128589648
-0.6735884441248245  861  673  672.9463721505497  2.791040929724659  -0.013798923712862359  12.138952172365611
-0.6735884441248245  860  695  694.5173558336913  2.6932100171477487  -0.0197901950551341  12.094406799091546
-0.6735884441248245  860  716  715.7356892994909  2.6658196740711446  -0.02250190784270549  12.050228710037485
-0.6735884441248245  860  737  736.6036055572391  2.67891474842736  -0.07940384639146869  12.00633322566029
-0.6735884441248245  859  757  757.4893352573753  2.657147147979458  -0.02322368969505737  11.962757909076876
-0.6735884441248245  859  778  777.9539558679905  2.6565296158557885  -0.026439222614726313  11.919538649042892
-0.6735884441248245  858  798  798.2677683641806  2.555857574740571  -0.032447084783286596  11.876619226567165
-0.6735884441248245  858  818  818.2414318343612  2.512429130915507  -0.029303685923130037  11.834007131982395
-0.6735884441248245  857  838  838.0974953243657  2.547345532667123  -0.022092242587267875  11.791677949685809
-0.6735884441248245  856  858  857.7255030387696  2.557069371366538  -0.03143510131877435  11.749654521975623
-0.6735884441248245  856  877  877.0663314199281  2.677739795135949  -0.018629048612488437  11.707855705244786
-0.6735884441248245  855  896  896.2611764653697  2.493593990446243  -0.023743934456207847  11.666331077259327
-0.6735884441248245  854  915  915.244056404022  2.4685735328836245  -0.02600764189339956  11.624992017760599
-0.6735884441248245  854  934  933.9214393765383  2.3908259847567024  -0.03850303785344414  11.583948644170405
-0.6735884441248245  853  953  952.5119941398727  2.3769179389790906  -0.05471252954206094  11.543143020704418
-0.6735884441248245  852  971  970.9517375185571  2.403289181262835  -0.018774353455458605  11.502622239734972
-0.6735884441248245  851  989  989.160746541898  2.396763022408777  -0.00981157104702629  11.462393344359295
-0.6735884441248245  850  1007  1007.1066669648587  2.6039236200463165  -0.004964350377409808  11.422462153545705
-0.4261384441248248  849  34  33.49861939409617  3.8140443485243978  -0.006012103961477227  13.371617538388005
-0.4261384441248248  851  63  63.379779793913386  3.6554376767734738  -0.016128725945079535  13.31768711234676
-0.4261384441248248  852  93  92.8876840720067  3.6399281946019073  -0.02582199648204866  13.264167358413747
-0.4261384441248248  853  122  122.0313505471561  3.4760957817961327  -0.012560842499719125  13.211063817210619
-0.4261384441248248  854  151  150.73149873841464  3.370065701749496  -0.018542144239290705  13.158228048911674
-0.4261384441248248  855  179  179.0407062112404  3.358983940447672  -0.017479759677079123  13.105778689018138
-0.4261384441248248  856  207  206.95998527274185  3.262947283416082  -0.01839635819936169  13.053772420313775
-0.4261384441248248  857  234  234.47903798875464  3.0924428317383104  -0.026137565148948615  13.002222165394535
-0.4261384441248248  858  262  261.67900934419987  3.0680831529754187  -0.006220796546024235  12.951050955150569
-0.4261384441248248  858  288  288.4974248837304  3.0372783968559816  -0.017925662713718215  12.900305078026493
-0.4261384441248248  859  315  314.96312244722844  3.0361973680790015  -0.015750565010171892  12.849826524156787
-0.4261384441248248  859  341  341.12284032441755  3.007272356552562  -0.008744367124606911  12.799737484260943
-0.4261384441248248  860  367  366.8755401997744  2.9944631994528663  -0.01275637197338023  12.750018939619984
-0.4261384441248248  860  392  392.34400842414595  2.8019026536696856  -0.004286507903858233  12.700781007255367
-0.4261384441248248  860  417  417.448703359413  2.803759268271506  -0.011730078795541573  12.6518955976802
-0.4261384441248248  861  442  442.1874433575691  2.8126059755140886  -0.029878326052495505  12.60350160525282
-0.4261384441248248  861  467  466.63249021799226  2.839209857992671  -0.03154303477277025  12.555368217600556
-0.4261384441248248  861  491  490.77647375662707  2.772924837422863  -0.02844297461535107  12.507605213169798
-0.4261384441248248  861  515  514.5522001404561  2.712765558929277  -0.04542020400263033  12.460136842252064
-0.4261384441248248  861  538  538.1149242343963  2.711681624662333  -0.02414366910275765  12.413095010428405
-0.4261384441248248  861  561  561.3676503804531  2.815061148324844  -0.0031138514153209867  12.366467813479177
-0.4261384441248248  861  584  584.2499876285117  2.719375942105671  -0.02576080092422757  12.320246526961393
-0.4261384441248248  861  607  606.8594483650934  2.824879880043568  -0.036926276412883936  12.274416525419328
-0.4261384441248248  860  629  629.239379591353  2.7048810628825777  -0.018055876076183124  12.228892126868121
-0.4261384441248248  860  651  651.2481580105231  2.725993525513786  -0.01523914676325332  12.183794128589648
-0.4261384441248248  860  673  673.0461982320151  2.8251458847314552  -0.0045387005612860555  12.138952172365611
-0.4261384441248248  859  695  694.6043297291354  2.692349662215406  -0.02961957672467693  12.094406799091546
-0.4261384441248248  859  716  715.810782938714  2.661173364423462  -0.03542483210194161  12.050228710037485
-0.4261384441248248  859  737  736.6942040866574  0.01635194333482559  -0.08153215197161806  12.00633322566029
-0.4261384441248248  858  758  757.5735615216554  2.647546846964701  -0.028891329698530057  11.962757909076876
-0.4261384441248248  858  778  778.0654118681738  2.6365128456318416  -0.019032080188386907  11.919538649042892
-0.4261384441248248  857  798  798.3535304759715  2.576769038611701  -0.03636335592563437  11.876619226567165
-0.4261384441248248  857  818  818.3462586860967  2.5228824819224656  -0.037443413573700374  11.834007131982395
-0.4261384441248248  856  838  838.2017072284693  2.4952423683480447  -0.026529921427126645  11.791677949685809
-0.4261384441248248  855  858  857.8282566471445  2.6360999309449653  -0.001210198331493884  11.749654521975623
-0.4261384441248248  855  877  877.1941136861093  2.657580023743776  -0.004514541766452784  11.707855705244786
-0.4261384441248248  854  896  896.3721702175015  2.483608158753782  -0.035513261451624284  11.666331077259327
-0.4261384441248248  853  915  915.3735093950019  2.483429831868307  -0.005404080087245033  11.624992017760599
-0.4261384441248248  853  934  934.0393563833184  2.4215214068199202  -0.03312440554173072  11.583948644170405
-0.4261384441248248  852  953  952.6184760097875  2.3933979924636333  -0.057663654788858563  11.543143020704418
-0.4261384441248248  851  971  971.0708501233704  2.3668914350080286  -0.008289098752017953  11.502622239734972
-0.4261384441248248  850  989  989.2693518706797  2.4081996506445194  -0.019122125972700174  11.462393344359295
-0.4261384441248248  850  1007  1007.2479058587533  2.5595844117488014  0.0042217797995729965  11.422462153545705
-0.1786884441248251  848  34  33.547617389378125  3.8202629965649564  -0.005291948069532762  13.371617538388005
-0.1786884441248251  850  64  63.45882286228665  3.71335162068668  0.001891891840009137  13.31768711234676
-0.1786884441248251  851  93  92.97455626201183  3.625829397923326  -0.009679104648142488  13.264167358413747
-0.1786884441248251  852  122  122.0652808061475  3.5032830457048334  -0.013368023431360907  13.211063817210619
-0.1786884441248251  853  151  150.77131899415477  3.37640374795194  -0.02138973771052872  13.158228048911674
-0.1786884441248251  854  179  179.08791453527184  3.3369142820710067  -0.01307342419798582  13.105778689018138
-0.1786884441248251  855  207  207.0201160350311  3.267004931078759  -0.012920728234039112  13.053772420313775
-0.1786884441248251  856  234  234.52250397117197  3.113741021998351  -0.028326442955727723  13.002222165394535
-0.1786884441248251  857  262  261.74546640413723  3.0744379220276983  0.0065120566505759035  12.951050955150569
-0.1786884441248251  857  289  288.50572543065823  2.937208011988048  -0.07696779712464263  12.900305078026493
-0.1786884441248251  858  315  315.00788977867745  3.0008232285406393  -0.012942966625266866  12.849826524156787
-0.1786884441248251  858  341  341.1731854306773  3.0171596239093788  -0.003928707088642532  12.799737484260943
-0.1786884441248251  859  367  366.9369007375823  2.9871135083244553  -0.0008552528431195311  12.750018939619984
-0.1786884441248251  859  392  392.37682298690424  2.7836221708148514  -0.020668348665784254  12.700781007255367
-0.1786884441248251  859  418  417.50777079006184  2.8072469370663953  -0.02177313070114253  12.6518955976802
-0.1786884441248251  860  442  442.24950623299253  2.7855081088005704  -0.027250464439115128  12.60350160525282
-0.1786884441248251  860  467  466.7176720489024  2.8287008449864857  -0.025253695725915282  12.555368217600556
-0.1786884441248251  860  491  490.8358393462546  2.804394367329053  -0.03585525060700167  12.507605213169798
-0.1786884441248251  860  515  514.6140213917031  2.7084901922765994  -0.0533183769690546  12.460136842252064
-0.1786884441248251  860  538  538.1880515448655  2.7604103938439266  -0.0205660635746828  12.413095010428405
-0.1786884441248251  860  561  561.4358912028749  2.791147481474809  -0.00035415841349325416  12.366467813479177
-0.1786884441248251  860  584  584.3251515083598  2.691085454792301  -0.023332674529762933  12.320246526961393
-0.1786884441248251  860  607  606.914393961469  2.7149251468974853  -0.034072151438377225  12.274416525419328
-0.1786884441248251  859  629  629.3394106391663  2.655954190418015  -0.009677084852289835  12.228892126868121
-0.1786884441248251  859  651  651.3366078990982  2.747557415304982  -0.011253437397538714  12.183794128589648
-0.1786884441248251  859  673  673.1603742557991  2.7907530020440845  0.00897484862758809  12.138952172365611
-0.1786884441248251  858  695  694.715363645772  2.7302560324869773  -0.009156511354174281  12.094406799091546
-0.1786884441248251  858  716  715.8907243738065  2.664466456481705  -0.04225388874825432  12.050228710037485
-0.1786884441248251  858  737  736.8280112637146  2.7488986174622596  -0.05966406287032739  12.00633322566029
-0.1786884441248251  857  758  757.6660979319078  2.6358300362677483  -0.032277930397155596  11.962757909076876
-0.1786884441248251  857  778  778.1431485136374  2.592483948518975  -0.028526369161396743  11.919538649042892
-0.1786884441248251  856  798  798.4201914817862  2.5144325195394686  -0.05947118026547691  11.876619226567165
-0.1786884441248251  856  818  818.403747796286  2.5184039262521765  -0.06172719637526937  11.834007131982395
-0.1786884441248251  855  838  838.2916141356867  2.498908549259795  -0.037915428686912334  11.791677949685809
-0.1786884441248251  854  858  857.878254233859  2.635419719917195  -0.033678961144919806  11.749654521975623
-0.1786884441248251  854  877  877.3123458562252  2.6377672034750503  0.007658918230330745  11.707855705244786
-0.1786884441248251  853  896  896.4666160404004  2.4668063623481657  -0.04567178335227398  11.666331077259327
-0.1786884441248251  852  915  915.4359264445794  2.583844987033899  -0.004686767273384147  11.624992017760599
-0.1786884441248251  852  934  934.1305039087732  2.3886338049360347  -0.03946182510495642  11.583948644170405
-0.1786884441248251  851  953  952.7354922151934  2.4161346432288155  -0.051429126649199186  11.543143020704418
-0.1786884441248251  850  971  971.1877104063128  2.3806761180665035  0.0010183317788459967  11.502622239734972
-0.1786884441248251  849  989  989.4338001350784  2.043390624373501  0.21858053388719573  11.462393344359295
-0.1786884441248251  849  1007  1007.3622457398654  2.4987155626149615  0.009963039282063333  11.422462153545705
0.06876155587517463  847  34  33.57151227633978  3.84135086740703  -0.004122672977118093  13.371617538388005
0.06876155587517463  849  64  63.46723055681864  3.770337872778832  -0.006063334038857683  13.31768711234676
0.06876155587517463  850  93  93.00425211674154  3.634979100565886  -0.005849382327542594  13.264167358413747
0.06876155587517463  851  122  122.13872347296544  3.5137859217221603  -0.005816708473445815  13.211063817210619
0.06876155587517463  852  151  150.77683732410526  3.369631034485735  -0.024338816399066286  13.158228048911674
0.06876155587517463  853  179  179.14776917546828  3.29800067004237  -0.002066691019124362  13.105778689018138
0.06876155587517463  854  207  207.03141715346376  3.2417157126640177  -0.014146029749855677  13.053772420313775
0.06876155587517463  855  235  234.58651745837122  3.144144654001252  -0.019088825380404486  13.002222165394535
0.06876155587517463  856  262  261.791427128742  3.0590271971082643  0.00015582037442159904  12.951050955150569
0.06876155587517463  856  289  288.5786778365491  2.9073966849807107  -0.05568122387694714  12.900305078026493
0.06876155587517463  857  315  315.0496574435806  3.022688721950658  -0.015076365283715042  12.849826524156787
0.06876155587517463  857  341  341.22181261910026  2.983428541532362  -0.0004319108314697923  12.799737484260943
0.06876155587517463  858  367  367.00528947447606  2.970210395988488  -0.0016289314907349172  12.750018939619984
0.06876155587517463  858  392  392.4351255883978  2.8383433220195116  -0.021935142494543616  12.700781007255367
0.06876155587517463  858  418  417.57173627704015  2.840915199481003  -0.021413079545349593  12.6518955976802
0.06876155587517463  859  442  442.2894531551707  2.8246992001973013  -0.04106116972609985  12.60350160525282
0.06876155587517463  859  467  466.7888615817101  2.7919640802331287  -0.023100973796667118  12.555368217600556
0.06876155587517463  859  491  490.8811475048003  2.7621894453048412  -0.041651670394633473  12.507605213169798
0.06876155587517463  859  515  514.6954952554456  2.7655533901913714  -0.04907515196890239  12.460136842252064
0.06876155587517463  859  538  538.2195883019444  2.7564949539070085  -0.042207125167997385  12.413095010428405
0.06876155587517463  859  561  561.4843713645124  2.7599649255366785  -0.021109911259712146  12.366467813479177
0.06876155587517463  859  584  584.4168949308842  2.7110933689150443  -0.0142063901145529  12.320246526961393
0.06876155587517463  859  607  607.0190584496353  2.713323211092302  -0.015374097530978709  12.274416525419328
0.06876155587517463  858  629  629.414270776182  2.7076672462076203  -0.01653759911389811  12.228892126868121
0.06876155587517463  858  651  651.4374996038766  2.7391580898499797  -0.004702994475854073  12.183794128589648
0.06876155587517463  858  673  673.2402172265865  2.781957293006826  0.012691119846672833  12.138952172365611
0.06876155587517463  857  695  694.7402543708047  2.78050304161809  -0.02202050959257647  12.094406799091546
0.06876155587517463  857  716  715.9879491236152  2.663195614580559  -0.03722163753924743  12.050228710037485
0.06876155587517463  857  737  736.9805904263459  2.7540601547535744  -0.02863727594957736  12.00633322566029
0.06876155587517463  856  758  757.7747836474653  2.6657632425989277  -0.030864243463477114  11.962757909076876
0.06876155587517463  856  778  778.2083268141871  2.5480723198052146  -0.04481780705915634  11.919538649042892
0.06876155587517463  855  798  798.5009787156711  2.557819643414291  -0.06331499153799858  11.876619226567165
0.06876155587517463  855  818  818.5032842977861  2.5331938430800847  -0.06305035202930748  11.834007131982395
0.06876155587517463  854  838  838.3637904971813  2.512116279847419  -0.05243320095348602  11.791677949685809
0.06876155587517463  854  858  858.0125919130529  2.659073450101914  -0.01843394743011756  11.749654521975623
0.06876155587517463  853  877  877.4300359583464  2.5682752484490265  0.009631322401960282  11.707855705244786
0.06876155587517463  852  897  896.5393614559764  2.4948691667730145  -0.0635747202532686  11.666331077259327
0.06876155587517463  851  916  915.5447625598666  2.57187393398317  -0.006355893009508555  11.624992017760599
0.06876155587517463  851  934  934.2349446627738  2.4049292007387066  -0.04849534507473954  11.583948644170405
0.06876155587517463  850  953  952.8730050425621  2.420152652767001  -0.025353244266708146  11.543143020704418
0.06876155587517463  849  971  971.2902461204169  2.3199309630372227  -0.0016614557073037282  11.502622239734972
0.06876155587517463  848  990  989.503656461647  2.3864998084352465  -0.004122251392159255  11.462393344359295
0.06876155587517463  848  1007  1007.4198087838009  2.507840038588938  -0.03245508931321169  11.422462153545705
0.31621155587517435  846  34  33.62648707721222  3.833494149736836  0.003078710244433109  13.371617538388005
0.31621155587517435  848  64  63.50555159527739  3.7189283364841614  -0.0035752867799921247  13.31768711234676
0.31621155587517435  849  93  93.0005261664804  3.644919732242684  -0.015402136726830043  13.264167358413747
0.31621155587517435  850  122  122.1672003086691  3.5185750452830433  -0.00734906475244385  13.211063817210619
0.31621155587517435  851  151  150.7868295850316  3.4150169301846915  -0.03036335058621589  13.158228048911674
0.31621155587517435  852  179  179.18179280571175  3.2998324586293393  -0.010819540593991423  13.105778689018138
0.31621155587517435  853  207  207.06268450140539  3.2053461803307357  -0.019038817843299066  13.053772420313775
0.31621155587517435  854  235  234.641095801164  3.1739407997711737  -0.013221516449755383  13.002222165394535
0.31621155587517435  855  262  261.8123280324999  3.0768518727905985  -0.00820417571990334  12.951050955150569
0.31621155587517435  855  289  288.6069269836072  2.9432907010987606  -0.04915563688923778  12.900305078026493
0.31621155587517435  856  315  315.1012149338746  2.9945767733221373  -0.01253007393773917  12.849826524156787
0.31621155587517435  856  341  341.304258839418  2.9747774489725316  0.010211015951481515  12.799737484260943
0.31621155587517435  857  367  367.04734201240603  2.9262776471219922  -0.0012807707659295022  12.750018939619984
0.31621155587517435  857  392  392.50978507704997  2.831301874551798  -0.024249646770649873  12.700781007255367
0.31621155587517435  857  418  417.647189857488  2.8498409813776107  -0.017848736305326723  12.6518955976802
0.31621155587517435  858  442  442.36733321500253  2.8015588205534527  -0.02734028579452005  12.60350160525282
0.31621155587517435  858  467  466.84990750117885  2.8062044915236584  -0.019472325661345106  12.555368217600556
0.31621155587517435  858  491  490.98539365989626  2.7873484502976  -0.024068600487448834  12.507605213169798
0.31621155587517435  858  515  514.7940551569538  2.7416981408274523  -0.03286334818414402  12.460136842252064
0.31621155587517435  858  538  538.2943997347395  2.735915967180972  -0.04165941777099127  12.413095010428405
0.31621155587517435  858  562  561.5578432451571  2.7588707199392957  -0.020815863507102114  12.366467813479177
0.31621155587517435  858  584  584.4647242503887  2.7325077593360447  -0.02620309112382204  12.320246526961393
0.31621155587517435  858  607  607.0791487935034  2.706237904736554  -0.020877723813242384  12.274416525419328
0.31621155587517435  857  629  629.4521686479906  2.6458130840712784  -0.027264711050211964  12.228892126868121
0.31621155587517435  857  652  651.5097997096893  2.718372036673145  -0.011339738447446856  12.183794128589648
0.31621155587517435  857  673  673.352255866774  2.7489675031381466  0.01975934356365003  12.138952172365611
0.31621155587517435  857  695  694.7669698923198  2.736533808277727  -0.04078101542532113  12.094406799091546
0.31621155587517435  856  716  716.0696739633677  2.6995751366958984  -0.03692315139659779  12.050228710037485
0.31621155587517435  856  737  737.0635066698011  2.741035109157451  -0.027504606983225818  12.00633322566029
0.31621155587517435  855  758  757.845185058093  2.6856027257348387  -0.037696111592696716  11.962757909076876
0.31621155587517435  855  778  778.3128377050595  2.552302947985936  -0.04074082563493395  11.919538649042892
0.31621155587517435  854  799  798.5830562420499  2.5913600492525575  -0.07328855310579317  11.876619226567165
0.31621155587517435  854  819  818.606790834481  2.5546416310315863  -0.059296994300934755  11.834007131982395
0.31621155587517435  853  838  838.470655430555  2.502644563582976  -0.052153050456028915  11.791677949685809
0.31621155587517435  853  858  858.042363875906  2.592431964500065  -0.03923997297415867  11.749654521975623
0.31621155587517435  852  878  877.5039602640352  2.5437699685801363  -0.005587814165929107  11.707855705244786
0.31621155587517435  851  897  896.6724965125402  2.5360739671340298  -0.0463167576577811  11.666331077259327
0.31621155587517435  850  916  915.5767433210257  2.5356507586141106  -0.05406616381965227  11.624992017760599
0.31621155587517435  850  934  934.3623311240627  2.417016908377036  -0.049034951325624555  11.583948644170405
0.31621155587517435  849  953  953.006705382315  2.4297886343913433  -0.015261962647914021  11.543143020704418
0.31621155587517435  848  971  971.4166029774124  2.316313368520696  0.0007458263865137354  11.502622239734972
0.31621155587517435  847  990  989.5981003916921  2.371156512608195  -0.009654642512577584  11.462393344359295
0.31621155587517435  847  1008  1007.5201678920179  2.4128160341372222  -0.011533887226771258  11.422462153545705
0.5636615558751741  845  34  33.62464765864013  3.8691112168915716  -0.0013023952676833625  13.371617538388005
0.5636615558751741  847  64  63.53060755115946  3.729598339164504  -0.0065225082782105655  13.31768711234676
0.5636615558751741  848  93  93.07449353341308  3.6121827048689  -0.00019500044957162873  13.264167358413747
0.5636615558751741  849  122  122.16125766089749  3.499661687216687  -0.027495605543969574  13.211063817210619
0.5636615558751741  850  151  150.8667757611928  3.4129771404284384  -0.015669077297200212  13.158228048911674
0.5636615558751741  851  179  179.22199527968985  3.3086840431937503  -0.008184546323778831  13.105778689018138
0.5636615558751741  852  207  207.1334183981939  3.2600833860003036  -0.003044457560094211  13.053772420313775
0.5636615558751741  853  235  234.664914074211  3.1128680634585635  -0.023201754453071537  13.002222165394535
0.5636615558751741  854  262  261.8737824328037  3.0657825709724875  -1.951448338085993e-05  12.951050955150569
0.5636615558751741  854  289  288.69601826665746  2.9968949784376946  -0.01698098699241702  12.900305078026493
0.5636615558751741  855  315  315.1444012650473  3.0257876902471708  -0.008457510659535875  12.849826524156787
0.5636615558751741  855  341  341.36546424341316  2.9647309743802452  0.009951801954962999  12.799737484260943
0.5636615558751741  856  367  367.14275288558184  2.912892971398037  0.014985911822587402  12.750018939619984
0.5636615558751741  856  393  392.5517733632154  2.8369902258716024  -0.026933478314154054  12.700781007255367
0.5636615558751741  856  418  417.678910418677  2.859901916870456  -0.020320260983562103  12.6518955976802
0.5636615558751741  857  442  442.42399333011474  2.7883178711191476  -0.03145830155719368  12.60350160525282
0.5636615558751741  857  467  466.9387494896978  2.8281583578236678  -0.004415975791971709  12.555368217600556
0.5636615558751741  857  491  491.0770103369225  2.807885200899136  -0.013470610019832751  12.507605213169798
0.5636615558751741  857  515  514.857918377715  2.7552970243131085  -0.027352694349899283  12.460136842252064
0.5636615558751741  857  538  538.3669622293421  2.7234604261872164  -0.04259987132476357  12.413095010428405
0.5636615558751741  857  562  561.6387497746119  2.76471810726639  -0.01380133363536295  12.366467813479177
0.5636615558751741  857  585  584.533829627083  2.7143723101970636  -0.035707623122152976  12.320246526961393
0.5636615558751741  857  607  607.1699943929243  2.7144554790329494  -0.016621999859359686  12.274416525419328
0.5636615558751741  856  629  629.5132101726571  2.6482782429775398  -0.03757098904383892  12.228892126868121
0.5636615558751741  856  652  651.6064268550973  2.7228748613820244  -0.003026606374399686  12.183794128589648
0.5636615558751741  856  673  673.4160507840758  2.7191305430324064  0.020265418537727366  12.138952172365611
0.5636615558751741  856  695  694.8481936343443  2.6996347464757946  -0.02761885349680849  12.094406799091546
0.5636615558751741  855  716  716.1399133446679  2.677931050354573  -0.04391957279457186  12.050228710037485
0.5636615558751741  855  737  737.1469323150915  2.7296067815663037  -0.03488598862195424  12.00633322566029
0.5636615558751741  854  758  757.9271815065089  2.684431627197  -0.04539421935254529  11.962757909076876
0.5636615558751741  854  778  778.4174862956597  2.5613159674360304  -0.031644224924674516  11.919538649042892
0.5636615558751741  853  799  798.6804000648414  2.5904503423552114  -0.061271482014416234  11.876619226567165
0.5636615558751741  853  819  818.6970454779275  2.5670797584308502  -0.06398614203835602  11.834007131982395
0.5636615558751741  852  839  838.541793091889  2.5390305578746393  -0.06920507287802058  11.791677949685809
0.5636615558751741  852  858  858.1544730098449  2.5574540906447965  -0.017873235780161846  11.749654521975623
0.5636615558751741  851  878  877.5968475864537  2.544864513580933  -0.0033031116089469537  11.707855705244786
0.5636615558751741  850  897  896.770494666565  2.5242560332263793  -0.043549338650487185  11.666331077259327
0.5636615558751741  850  916  915.678408227351  2.602586446992632  -0.05990025274131424  11.624992017760599
0.5636615558751741  849  934  934.468137715615  2.436712875528997  -0.05589887154762231  11.583948644170405
0.5636615558751741  848  953  953.1079187547898  2.4247981547293875  -0.008624275825264883  11.543143020704418
0.5636615558751741  847  972  971.5024642015327  2.3296828946415644  -0.011987114478028988  11.502622239734972
0.5636615558751741  846  990  989.7167482128758  2.4450326167747107  0.027675535991591216  11.462393344359295
0.5636615558751741  846  1008  1007.6500103064313  2.354798780113015  0.011348257808402555  11.422462153545705
0.8111115558751738  844  34  33.63164763058447  3.8422800314432806  -0.005132782379771989  13.371617538388005
0.8111115558751738  846  64  63.5437302656535  3.69171373935351  -0.009355439281495672  13.31768711234676
0.8111115558751738  847  93  93.10121659133016  3.6039192549149277  -0.0007637271753761826  13.264167358413747
0.8111115558751738  848  122  122.20800473096858  3.531455083328609  -0.014242048732134404  13.211063817210619
0.8111115558751738  849  151  150.9015167378691  3.406486924805307  -0.020144625959359067  13.158228048911674
0.8111115558751738  850  179  179.230286142937  3.325192024962803  -0.015224675071978631  13.105778689018138
0.8111115558751738  851  207  207.15895380901728  3.2824504893100084  -0.00913823285676453  13.053772420313775
0.8111115558751738  852  235  234.7258776121608  3.185383999936448  -0.015895370016686384  13.002222165394535
0.8111115558751738  853  262  261.9217630727599  3.089028651894978  0.0037454083690459604  12.951050955150569
0.8111115558751738  853  289  288.73937782209845  3.0295622437736256  -0.015686530382664435  12.900305078026493
0.8111115558751738  854  315  315.2232926147432  3.0670305001672205  0.0039257084312772726  12.849826524156787
0.8111115558751738  854  341  341.39673440445574  2.9442887803951407  -0.004530040356163743  12.799737484260943
0.8111115558751738  855  367  367.1900049108552  2.8853354931243302  0.0052159908800991075  12.750018939619984
0.8111115558751738  855  393  392.58128830206493  2.836685975905482  -0.03566624598530709  12.700781007255367
0.8111115558751738  855  418  417.7406106025805  2.844625004683678  -0.021412109200943268  12.6518955976802
0.8111115558751738  856  442  442.4573679308878  2.807639073718917  -0.03995377767503008  12.60350160525282
0.8111115558751738  856  467  466.98093746152557  2.8017682327865714  -0.017623682345190256  12.555368217600556
0.8111115558751738  856  491  491.1126327842666  2.798645380498101  -0.015195965042665198  12.507605213169798
0.8111115558751738  856  515  514.9241466668615  2.791560094103602  -0.03229717767013357  12.460136842252064
0.8111115558751738  856  538  538.4391314723593  2.7292963391427065  -0.041991785770975974  12.413095010428405
0.8111115558751738  856  562  561.714944867698  2.7605962878817536  -0.013517530118198636  12.366467813479177
0.8111115558751738  856  585  584.5909058750779  2.7359299708319895  -0.042596778708541096  12.320246526961393
0.8111115558751738  856  607  607.2296696799384  2.7076864606274285  -0.016480731032166063  12.274416525419328
0.8111115558751738  855  630  629.5933832732833  2.6693043896166273  -0.036041450731518015  12.228892126868121
0.8111115558751738  855  652  651.6583524465294  2.718535999222013  -0.01572317108209261  12.183794128589648
0.8111115558751738  855  674  673.4966010699641  2.695805762842838  0.02940851375377728  12.138952172365611
0.8111115558751738  855  695  694.9482110350198  2.6898855890749473  -0.012076870775815093  12.094406799091546
0.8111115558751738  854  716  716.2050454254208  2.702299080691546  -0.05067142543392641  12.050228710037485
0.8111115558751738  854  737  737.2465165384205  2.7313837386767545  -0.021777463836744355  12.00633322566029
0.8111115558751738  853  758  758.0457402931642  2.639934397511979  -0.03089615965026093  11.962757909076876
0.8111115558751738  853  778  778.4641176789838  2.581110684131886  -0.07024074530603198  11.919538649042892
0.8111115558751738  852  799  798.7833238909118  2.5982945769504795  -0.0593228083061938  11.876619226567165
0.8111115558751738  852  819  818.8053536152285  2.5547202185276774  -0.050699614903448154  11.834007131982395
0.8111115558751738  851  839  838.6434350784872  2.573110847240173  -0.06264784865072265  11.791677949685809
0.8111115558751738  851  858  858.2291317212897  2.5278082337244996  -0.028986825270351887  11.749654521975623
0.8111115558751738  850  878  877.7025817760378  2.5597548179528076  -0.009119107041287636  11.707855705244786
0.8111115558751738  849  897  896.8925811367563  2.5703461052775083  -0.026350400544967158  11.666331077259327
0.8111115558751738  849  916  915.7455451950101  2.4663956297528102  -0.0677929422083901  11.624992017760599
0.8111115558751738  848  935  934.5508976331027  2.4452335374832046  -0.05887113874401703  11.583948644170405
0.8111115558751738  847  953  953.2193760171759  2.3893250580238146  -0.0010284944697366261  11.543143020704418
0.8111115558751738  846  972  971.6102637452217  2.319160075489208  -0.013919334998770816  11.502622239734972
0.8111115558751738  845  990  989.7558680829209  2.4594685362119435  -0.023192399987544635  11.462393344359295
0.8111115558751738  845  1008  1007.7585947853272  2.3576748047089495  7.917225480059777e-05  11.422462153545705
1.0585615558751735  843  34  33.63800931303472  3.8457156696278787  -0.009454106518652349  13.371617538388005
1.0585615558751735  845  64  63.58670779510269  3.7226915901769644  -0.00022731795671951233  13.31768711234676
1.0585615558751735  846  93  93.12398554932027  3.646790054273623  -0.006519994203346895  13.264167358413747
1.0585615558751735  847  122  122.21776179295013  3.505062874814712  -0.02073437231629471  13.211063817210619
1.0585615558751735  848  151  150.93571499336014  3.434307818601752  -0.020891853544030843  13.158228048911674
1.0585615558751735  849  179  179.26983013459161  3.3302127008079196  -0.00922398032815829  13.105778689018138
1.0585615558751735  850  207  207.1842226793014  3.2827471696696193  -0.01536096783600111  13.053772420313775
1.0585615558751735  851  235  234.76557835048143  3.205483428947616  -0.014247918454767715  13.002222165394535
1.0585615558751735  852  262  261.9616943221716  3.058770045761264  -0.0011694616097552778  12.951050955150569
1.0585615558751735  852  289  288.7620275206453  3.03388449951035  -0.02991456713996799  12.900305078026493
1.0585615558751735  853  315  315.279195898401  3.025510258030863  0.004319825568848739  12.849826524156787
1.0585615558751735  853  341  341.45606888076  2.9715425276335736  0.0006887150712298758  12.799737484260943
1.0585615558751735  854  367  367.23810549334684  2.9231906712332147  0.011779919009077893  12.750018939619984
1.0585615558751735  854  393  392.6401688573199  2.8491336247137156  -0.03490786296526464  12.700781007255367
1.0585615558751735  854  418  417.7881103873306  2.858911407956498  -0.019011265121832467  12.6518955976802
1.0585615558751735  855  443  442.5367547614495  2.813720890477441  -0.03493771195867083  12.60350160525282
1.0585615558751735  855  467  467.04419909892033  2.8082749454205214  -0.013509184322860692  12.555368217600556
1.0585615558751735  855  491  491.16890286537927  2.7879644499436154  -0.017782663330994635  12.507605213169798
1.0585615558751735  855  515  514.9959232373482  2.823510259534146  -0.0265990748551028  12.460136842252064
1.0585615558751735  855  538  538.4954599938619  2.7461339076244258  -0.05098520709466  12.413095010428405
1.0585615558751735  855  562  561.7840008260348  2.748515374481485  -0.01115353334449836  12.366467813479177
1.0585615558751735  855  585  584.6573566260463  2.7597232194171966  -0.046926407132208796  12.320246526961393
1.0585615558751735  855  607  607.3161888965686  2.690963622067329  -0.01815865483005081  12.274416525419328
1.0585615558751735  854  630  629.6914672380174  2.6590819548858917  -0.026107612770905626  12.228892126868121
1.0585615558751735  854  652  651.7381741336133  2.7320160973035854  -0.012595574392014768  12.183794128589648
1.0585615558751735  854  674  673.5635104447298  2.7253226855075354  0.01858318158995406  12.138952172365611
1.0585615558751735  854  695  695.0209615485123  2.735661125257593  -0.013443079105875564  12.094406799091546
1.0585615558751735  853  716  716.2951381414068  2.6890951328867914  -0.05398918878730859  12.050228710037485
1.0585615558751735  853  738  738.1459738484562  0.25157665182734945  7.690913298152364  12.00633322566029
1.0585615558751735  852  758  758.1404263609863  2.639699220392231  -0.030012503083022352  11.962757909076876
1.0585615558751735  852  779  778.5599211089861  2.5799694006803975  -0.061556572748809185  11.919538649042892
1.0585615558751735  851  799  798.8850192253553  2.6194629651722607  -0.051251863681577144  11.876619226567165
1.0585615558751735  851  819  818.8911098782539  2.611606526925243  -0.040489787308459875  11.834007131982395
1.0585615558751735  850  839  838.7577965146702  2.596292620891745  -0.05100579383396257  11.791677949685809
1.0585615558751735  850  858  858.3272338370812  2.513715551903033  -0.03277612391365287  11.749654521975623
1.0585615558751735  849  878  877.7619872421665  2.519416693834046  -0.02088937762239777  11.707855705244786
1.0585615558751735  848  897  896.9807968242402  2.5476802417321096  -0.029249585468488586  11.666331077259327
1.0585615558751735  848  916  915.8688331626732  2.431513780414889  -0.04172998511037132  11.624992017760599
1.0585615558751735  847  935  934.6626046834671  2.453058757074473  -0.057584584327732266  11.583948644170405
1.0585615558751735  846  953  953.3338489497255  2.38016800500327  0.008281339541371502  11.543143020704418
1.0585615558751735  845  972  971.6865876149441  2.305203117093015  -0.036247578471885075  11.502622239734972
1.0585615558751735  844  990  989.8412582897073  2.4662973444170575  -0.03137673136635323  11.462393344359295
1.0585615558751735  844  1008  1007.8699641567762  2.3520474649665175  0.0060641731855851895  11.422462153545705
1.3060115558751733  842  34  33.6803563559638  3.875149825527444  -0.002413718419478751  13.371617538388005
1.3060115558751733  844  64  63.630994656598844  3.710740208193471  0.007186606327968629  13.31768711234676
1.3060115558751733  845  93  93.15123990994931  3.6395465061836774  -0.0062576248741585145  13.264167358413747
1.3060115558751733  846  122  122.21631517121324  3.460283649693565  -0.030626024476281814  13.211063817210619
1.3060115558751733  847  151  150.98220936938668  3.4284241911615254  -0.013779971368978704  13.158228048911674
1.3060115558751733  848  179  179.27304464559407  3.3282994102639236  -0.018333179764068973  13.105778689018138
1.3060115558751733  849  207  207.26683207990783  3.2435433082599445  0.0006441316728096472  13.053772420313775
1.3060115558751733  850  235  234.79769204108322  3.1712980628007585  -0.01525062042776414  13.002222165394535
1.3060115558751733  851  262  261.9774701051001  3.0644056089827245  -0.011257919737203354  12.951050955150569
1.3060115558751733  851  289  288.8088771663599  3.0451441186285138  -0.020490737096718406  12.900305078026493
1.3060115558751733  852  315  315.2882916567311  3.0056162104068562  -0.006933917630756942  12.849826524156787
1.3060115558751733  852  342  341.498513450035  2.9342507997353096  0.00585769212213686  12.799737484260943
1.3060115558751733  853  367  367.2571072426422  2.9195611174671967  -0.004273930745326024  12.750018939619984
1.3060115558751733  853  393  392.70648422519315  2.868744006647887  -0.03290758225966782  12.700781007255367
1.3060115558751733  853  418  417.832685081678  2.7435475617363636  -0.017988130229544003  12.6518955976802
1.3060115558751733  854  443  442.6036240995714  2.825040936974517  -0.03384979271453792  12.60350160525282
1.3060115558751733  854  467  467.0940417983879  2.8237043107154705  -0.01751863267543565  12.555368217600556
1.3060115558751733  854  491  491.21006488077495  2.756760932498139  -0.020642407618444127  12.507605213169798
1.3060115558751733  854  515  515.0874947061639  2.827628191188751  -0.013947306582785613  12.460136842252064
1.3060115558751733  854  539  538.5568962228649  2.7512433826467486  -0.05058614486981546  12.413095010428405
1.3060115558751733  854  562  561.8575150261522  2.7622424509108896  -0.01387547741068016  12.366467813479177
1.3060115558751733  854  585  584.7504786585899  2.7332873948359975  -0.03416913413533611  12.320246526961393
1.3060115558751733  854  607  607.3727016507593  2.690920613274102  -0.015447597923878146  12.274416525419328
1.3060115558751733  853  630  629.7589263902116  2.7622477551619795  -0.007125963931590319  12.228892126868121
1.3060115558751733  853  652  651.8276895390615  2.7083279681330623  -0.007579411544151913  12.183794128589648
1.3060115558751733  853  674  673.6314306861148  2.6796840148083447  0.008841198176537722  12.138952172365611
1.3060115558751733  853  695  695.0893666569265  2.7233107146164457  -0.017850130936043436  12.094406799091546
1.3060115558751733  852  716  716.4179110811743  2.6855592477933214  -0.043162294212359564  12.050228710037485
1.3060115558751733  852  735  735.0430149299697  0.029718007829160342  70.88982838706579  12.00633322566029
1.3060115558751733  851  758  758.2278193336973  2.678382273983516  -0.01981518468727405  11.962757909076876
1.3060115558751733  851  779  778.6562241454474  2.5857519576774166  -0.06144958820020782  11.919538649042892
1.3060115558751733  850  799  798.9902941578881  2.6393498907965522  -0.03813008119437356  11.876619226567165
1.3060115558751733  850  819  818.9827332830936  2.61890429191817  -0.04103551589851018  11.834007131982395
1.3060115558751733  849  839  838.8506531447787  2.625890858128969  -0.050569762318606964  11.791677949685809
1.3060115558751733  849  858  858.4240075216997  2.5186968283030637  -0.033001796765466454  11.749654521975623
1.3060115558751733  848  878  877.8699803315347  2.515067024921109  -0.014179651737591998  11.707855705244786
1.3060115558751733  847  897  897.0904075491555  2.559951950270488  -0.01692804175959132  11.666331077259327
1.3060115558751733  847  916  915.9519140185379  2.478033629276979  -0.04221605398207725  11.624992017760599
1.3060115558751733  846  935  934.7778061911208  2.492446500533788  -0.04967025207143783  11.583948644170405
1.3060115558751733  845  953  953.4232096597985  2.3584296193062073  -0.0013144445116322011  11.543143020704418
1.3060115558751733  844  972  971.7873380577499  2.287728760388859  -0.031183341621060737  11.502622239734972
1.3060115558751733  844  990  989.9828987386065  2.510153971312093  -0.009713508233291196  11.462393344359295
1.3060115558751733  843  1008  1007.9676863543542  2.3484871263697187  -0.0035112942296221875  11.422462153545705
1.553461555875173  841  34  33.6968272778188  3.8307979733053372  0.00170201094797215  13.371617538388005
1.553461555875173  843  64  63.64859819545556  3.711604542855582  0.0034734346404795926  13.31768711234676
1.553461555875173  844  93  93.17425426556908  3.6403666960357555  -0.003023679584844518  13.264167358413747
1.553461555875173  845  122  122.27766849129002  3.4887375352706584  -0.02203780194884114  13.211063817210619
1.553461555875173  846  151  150.99160762125328  3.401016508839888  -0.016957573560646488  13.158228048911674
1.553461555875173  847  179  179.3356020856028  3.372769074346081  -0.00986530739352083  13.105778689018138
1.553461555875173  848  207  207.29866222331003  3.2173220409307532  0.0054707858948962055  13.053772420313775
1.553461555875173  849  235  234.84176685469777  3.203029713693695  -0.012168558724649767  13.002222165394535
1.553461555875173  850  262  262.01162690235424  3.087986792370998  -0.01214034395221717  12.951050955150569
1.553461555875173  850  289  288.8424630597537  3.067994231645798  -0.02126407098644269  12.900305078026493
1.553461555875173  851  315  315.3526017187612  3.0186167616552666  -0.0046038779205319555  12.849826524156787
1.553461555875173  851  342  341.5414496236818  2.9323097841312347  0.013566651102980632  12.799737484260943
1.553461555875173  852  367  367.3271116247762  2.890377466757741  0.0015575656248234602  12.750018939619984
1.553461555875173  852  393  392.75348576972095  2.886149003456296  -0.03121722355526014  12.700781007255367
1.553461555875173  853  418  417.8570404337686  2.7811653098970623  -0.035324206059541195  12.6518955976802
1.553461555875173  853  443  442.66356907472436  2.824102210174658  -0.031113762778971314  12.60350160525282
1.553461555875173  853  467  467.14089732016987  2.8289040038421263  -0.01805493242162148  12.555368217600556
1.553461555875173  853  491  491.2928457991383  2.789597741109219  -0.014662226055126182  12.507605213169798
1.553461555875173  853  515  515.1446227550439  2.824046620085028  -0.014716984421705482  12.460136842252064
1.553461555875173  853  539  538.634443137479  2.7771468250940643  -0.04105996315216259  12.413095010428405
1.553461555875173  853  562  561.9127424910905  2.7561379263327126  -0.012225953366001095  12.366467813479177
1.553461555875173  853  585  584.8084118274419  2.72989334859426  -0.04222394452827614  12.320246526961393
1.553461555875173  853  607  607.4329029370884  2.6673865876304035  -0.024162409540022824  12.274416525419328
1.553461555875173  853  630  629.7764719420627  2.7715167714901554  -0.034098879117387036  12.228892126868121
1.553461555875173  852  652  651.9163843192737  2.7229106523170685  0.008517806330777665  12.183794128589648
1.553461555875173  852  674  673.7160690761375  2.681686429737283  0.0037952904756963107  12.138952172365611
1.553461555875173  852  695  695.1750125285296  2.7182866815617217  -0.010653372366223946  12.094406799091546
1.553461555875173  851  716  716.4607276405964  2.739127002827445  -0.057743586238680554  12.050228710037485
1.553461555875173  851  734  745.0481043278612  87.61878876240337  64.42219626601373  12.00633322566029
1.553461555875173  850  758  758.3204361344942  2.6635239748104595  -0.017215549997158824  11.962757909076876
1.553461555875173  850  779  778.7390831897817  2.6174013167006933  -0.05853042107658777  11.919538649042892
1.553461555875173  849  799  799.0883150143341  2.652245190675103  -0.02416312168657933  11.876619226567165
1.553461555875173  849  819  819.0977620044177  2.6440766713343464  -0.028529892169161106  11.834007131982395
1.553461555875173  848  839  838.9427668581868  2.627490159565241  -0.044318871068667956  11.791677949685809
1.553461555875173  848  858  858.5013110885251  2.5436115994893953  -0.04760080519474675  11.749654521975623
1.553461555875173  847  878  877.9746943930934  2.525577695475249  -0.001910739056384407  11.707855705244786
1.553461555875173  846  897  897.1862475145291  2.5514878902363307  -0.00878525108050268  11.666331077259327
1.553461555875173  846  916  916.0533945781574  2.462827870933438  -0.04260650098048327  11.624992017760599
1.553461555875173  845  935  934.8962235250661  2.474292941706608  -0.03194924242059091  11.583948644170405
1.553461555875173  844  954  953.5332046180733  2.319869495811645  0.0009339406033362287  11.543143020704418
1.553461555875173  843  972  971.886599458373  2.2825552255814046  -0.0328253615285828  11.502622239734972
1.553461555875173  843  990  990.094367459783  2.4814487138860386  -0.0046529125241694235  11.462393344359295
1.553461555875173  842  1008  1008.0804725342817  2.3627382011654845  -0.0012917304584449036  11.422462153545705
1.8009115558751727  841  34  33.71109280571085  3.820716610552431  0.006197277174976896  13.371617538388005
1.8009115558751727  842  64  63.69966019697403  3.6910680197679824  0.010972957337742915  13.31768711234676
1.8009115558751727  843  93  93.18143511811728  3.6417138582381483  -0.005432214879702876  13.264167358413747
1.8009115558751727  844  122  122.28188804012404  3.4781274615378095  -0.026915007230010956  13.211063817210619
1.8009115558751727  845  151  151.0302321382382  3.387153068474163  -0.016512703185284954  13.158228048911674
1.8009115558751727  846  179  179.37596170567664  3.345758507319829  -0.008310728961281827  13.105778689018138
1.8009115558751727  847  207  207.28835366162534  3.2194479191478536  -0.004653293721234561  13.053772420313775
1.8009115558751727  848  235  234.95312173277296  3.1540632791372616  0.030985176230944735  13.002222165394535
1.8009115558751727  849  262  262.0656486686313  3.0966645167983415  -0.007990371434079558  12.951050955150569
1.8009115558751727  849  289  288.88480907545505  3.0488607109633676  -0.022297823732274156  12.900305078026493
1.8009115558751727  850  315  315.39456660516225  3.015333173461329  0.002000603773750865  12.849826524156787
1.8009115558751727  850  342  341.5562930984086  2.9508879175808715  -0.006323255155874987  12.799737484260943
1.8009115558751727  851  367  367.36667171123844  2.9049967980910196  0.0004328384864998808  12.750018939619984
1.8009115558751727  851  393  392.76679271964633  2.861161752461612  -0.03598032371583768  12.700781007255367
1.8009115558751727  852  418  417.8988388518901  2.8443707587226186  -0.022988534595169613  12.6518955976802
1.8009115558751727  852  443  442.7051815179039  2.843865320977045  -0.02598306602845601  12.60350160525282
1.8009115558751727  852  467  467.2097893741362  2.7861385065901914  -0.005594517976073883  12.555368217600556
1.8009115558751727  852  491  491.36052630517315  2.7767266657464234  -0.009313891791645728  12.507605213169798
1.8009115558751727  852  515  515.1693275617212  2.8132221356513583  -0.024667664536599267  12.460136842252064
1.8009115558751727  852  539  538.6898393670208  2.8005401686237974  -0.04403227708348139  12.413095010428405
1.8009115558751727  852  562  561.9719661386767  2.7991785158631046  -0.015571325189111801  12.366467813479177
1.8009115558751727  852  585  584.8599626674724  2.77505022953585  -0.04381328992342  12.320246526961393
1.8009115558751727  852  608  607.5072720392825  2.659799020802211  -0.02513485048309515  12.274416525419328
1.8009115558751727  852  630  629.8005742137163  2.6961963147696224  -0.04062000360229643  12.228892126868121
1.8009115558751727  851  652  651.9786958294898  2.7129767749245275  0.0033759310362161945  12.183794128589648
1.8009115558751727  851  674  673.7758324007499  2.6549254579224453  0.0023775731350205937  12.138952172365611
1.8009115558751727  851  695  695.264794929849  2.7058709590112358  -0.003986745189282172  12.094406799091546
1.8009115558751727  850  716  716.5226467248311  2.735871220017316  -0.057065494561738754  12.050228710037485
1.8009115558751727  850  734  745.0066035254006  101.11934891460976  64.39543031116732  12.00633322566029
1.8009115558751727  849  758  758.3839546624339  2.605758559282094  -0.031613618138686704  11.962757909076876
1.8009115558751727  849  779  778.8259099575956  2.641521451809922  -0.05056512857977983  11.919538649042892
1.8009115558751727  848  799  799.1807395854281  2.6481229956732477  -0.015151852781619297  11.876619226567165
1.8009115558751727  848  819  819.198877723841  2.62970431047529  -0.01753750045993209  11.834007131982395
1.8009115558751727  847  839  839.0609534633063  2.6270425050676067  -0.021958243579970668  11.791677949685809
1.8009115558751727  847  859  858.6178778135709  2.5385550483447332  -0.034688427760348105  11.749654521975623
1.8009115558751727  846  878  878.0813719087914  2.5225078836176635  -0.0014384051037062643  11.707855705244786
1.8009115558751727  845  897  897.2540944098212  2.525663725724371  -0.030255357254722632  11.666331077259327
1.8009115558751727  845  916  916.1600442475187  2.502010123040691  -0.04910638088377752  11.624992017760599
1.8009115558751727  844  935  934.9985439174663  2.4693153370426444  -0.024916924418391523  11.583948644170405
1.8009115558751727  843  954  953.6102001250016  2.3115959562264834  -0.013479479373493386  11.543143020704418
1.8009115558751727  842  972  971.9920768013956  2.2842779673552513  -0.029156096966051277  11.502622239734972
1.8009115558751727  842  990  990.128960538824  2.3870038603682815  -0.04559651899291515  11.462393344359295
1.8009115558751727  841  1008  1008.188608825951  2.338202852330369  -0.002596991021694365  11.422462153545705
2.0483615558751724  840  34  33.75798894415317  3.874755416821422  0.018833055168750255  13.371617538388005
2.0483615558751724  841  64  63.68236030196923  3.739160303522098  0.0056576651986859705  13.31768711234676
2.0483615558751724  842  93  93.20753756956375  3.602944685646932  -0.008981387426008488  13.264167358413747
2.0483615558751724  843  122  122.2847357537795  3.491025542326895  -0.02738160198056371  13.211063817210619
2.0483615558751724  844  151  151.0411896420457  3.393133451818784  -0.018733057693662295  13.158228048911674
2.0483615558751724  845  179  179.38499087149697  3.3849016616231324  -0.004998560286975612  13.105778689018138
2.0483615558751724  846  207  207.32594293788765  3.2158255471582606  -0.00195722435332965  13.053772420313775
2.0483615558751724  847  235  234.9201595718818  3.0634958866163515  -0.03920529626918318  13.002222165394535
2.0483615558751724  848  262  262.08387208432293  3.0742549441375218  -0.008241457557252531  12.951050955150569
2.0483615558751724  848  289  288.9131098454511  3.0790992646102495  -0.01758220921702132  12.900305078026493
2.0483615558751724  849  315  315.40079018525296  3.0189462965089433  -0.01021683341825134  12.849826524156787
2.0483615558751724  850  342  341.5853405536594  2.9213692302354275  -0.015194475254341193  12.799737484260943
2.0483615558751724  850  367  367.4034245896877  2.908271530979391  0.0014766172802747125  12.750018939619984
2.0483615558751724  850  393  392.8111937469713  2.8578828743187046  -0.037957896830096906  12.700781007255367
2.0483615558751724  851  418  417.9724128253461  2.849200006785054  -0.01549411527382717  12.6518955976802
2.0483615558751724  851  443  442.73982599062015  2.863644380240771  -0.033024148086970025  12.60350160525282
2.0483615558751724  851  467  467.26213425095995  2.79319364229832  -0.005794973591200978  12.555368217600556
2.0483615558751724  851  491  491.4179699245494  2.766528929457081  -0.0007034938728518118  12.507605213169798
2.0483615558751724  851  515  515.2444955268741  2.818757920960934  -0.01601206811410003  12.460136842252064
2.0483615558751724  851  539  538.7579219596608  2.788320757034512  -0.03673831760012783  12.413095010428405
2.0483615558751724  851  562  562.0368701715162  2.759306747788287  -0.010945967812973315  12.366467813479177
2.0483615558751724  851  585  584.9357474889074  2.732977253467652  -0.03673988312030299  12.320246526961393
2.0483615558751724  851  608  607.5559795372476  2.697261666455802  -0.023727557990591112  12.274416525419328
2.0483615558751724  851  630  629.8984128714577  2.715769161617118  -0.03696535783943391  12.228892126868121
2.0483615558751724  850  652  652.0521978891661  2.696581434275231  0.002518439064671348  12.183794128589648
2.0483615558751724  850  674  673.8535457187296  2.6262900337060273  0.004356146430776734  12.138952172365611
2.0483615558751724  850  695  695.3371728302635  2.676587611109653  -0.0063650094440833496  12.094406799091546
2.0483615558751724  849  717  716.6006732684729  2.761726557565339  -0.05957486481067742  12.050228710037485
2.0483615558751724  849  735  734.6470577511003  0.4332343040878186  0.0  12.00633322566029
2.0483615558751724  848  758  758.4484506685686  2.604093624999564  -0.04371696679268983  11.962757909076876
2.0483615558751724  848  779  778.9344532835061  2.6294058018924034  -0.036689161941517875  11.919538649042892
2.0483615558751724  847  799  799.2651992820961  2.5699161947754874  -0.027021416692824037  11.876619226567165
2.0483615558751724  847  819  819.2566753355931  2.566184664734692  -0.03153312322593403  11.834007131982395
2.0483615558751724  846  839  839.1716274256012  2.6274661513812134  -0.0022454256183610777  11.791677949685809
2.0483615558751724  846  859  858.6830152022379  2.543053332520117  -0.04306380761018998  11.749654521975623
2.0483615558751724  845  878  878.172875325212  2.5275310146914762  -0.006617575696502227  11.707855705244786
2.0483615558751724  844  897  897.3482261904029  2.5177641102281996  -0.033500785407367784  11.666331077259327
2.0483615558751724  844  916  916.2622345968191  2.46029999437917  -0.05365790905569855  11.624992017760599
2.0483615558751724  843  935  935.12235990966  2.4584387294180488  -0.0050496962357724565  11.583948644170405
2.0483615558751724  842  954  953.6865474395305  2.3053326336092823  -0.0245694095305253  11.543143020704418
2.0483615558751724  841  972  972.1045185195111  2.2530853560394917  -0.03152150069452607  11.502622239734972
2.0483615558751724  841  990  990.2297756083462  2.399615221086833  -0.06285900288425389  11.462393344359295
2.0483615558751724  840  1008  1008.28209124144  2.2988900419995844  -0.01752643096442489  11.422462153545705
2.295811555875172  839  34  33.742952890839234  3.9082150213133815  0.006330232205254496  13.371617538388005
2.295811555875172  840  64  63.66275531522724  3.6956639805824523  -0.003363424295812954  13.31768711234676
2.295811555875172  841  93  93.20629499606245  3.622654870072438  -0.013884538978553188  13.264167358413747
2.295811555875172  842  122  122.32054158802299  3.492703058311676  -0.01806066109490146  13.211063817210619
2.295811555875172  843  151  151.08032844442897  3.4668622532694258  -0.006726372751160442  13.158228048911674
2.295811555875172  844  179  179.4139888019755  3.3381215213007067  -0.0012102240880184497  13.105778689018138
2.295811555875172  845  207  207.39163557498458  3.2656354033611024  0.01067879617535747  13.053772420313775
2.295811555875172  846  235  234.91642131039754  3.1303305698671693  -0.03557416766653694  13.002222165394535
2.295811555875172  847  262  262.06806399913563  3.0264532398421125  -0.026565810640400315  12.951050955150569
2.295811555875172  847  289  288.96336466544966  3.071964244896094  -0.006656943737632901  12.900305078026493
2.295811555875172  848  315  315.4416246251504  3.021318686331824  -0.0044460118842528495  12.849826524156787
2.295811555875172  849  342  341.6139897315913  2.907492608088205  -0.019138926935468117  12.799737484260943
2.295811555875172  849  367  367.43944340022057  2.902111997019233  0.00226990279638765  12.750018939619984
2.295811555875172  849  393  392.88569102497377  2.903299486534138  -0.03267057791941558  12.700781007255367
2.295811555875172  850  418  418.02367669593525  2.8579999379225  -0.013305199957769328  12.6518955976802
2.295811555875172  850  443  442.83363523092385  2.882025061379295  -0.005729093094215659  12.60350160525282
2.295811555875172  850  467  467.33826892461923  2.819145918294339  0.0032095446822512368  12.555368217600556
2.295811555875172  850  491  491.45303564762287  2.7507992815247917  -0.011643195774398742  12.507605213169798
2.295811555875172  850  515  515.2990680749956  2.7851846193007077  -0.014075339361796162  12.460136842252064
2.295811555875172  850  539  538.8322044252199  2.778246474022467  -0.028436840991910232  12.413095010428405
2.295811555875172  850  562  562.1091939181291  2.757426945942825  -0.007340298610447174  12.366467813479177
2.295811555875172  850  585  585.0151343510603  2.76982869711253  -0.020331183922523095  12.320246526961393
2.295811555875172  850  608  607.6197650124667  2.6738948832348797  -0.03143828858924925  12.274416525419328
2.295811555875172  850  630  629.9723104898491  2.711569714463735  -0.021872274550720223  12.228892126868121
2.295811555875172  849  652  652.13057998337  2.685138247001305  0.0038903250188609554  12.183794128589648
2.295811555875172  849  674  673.9326532409467  2.6667107767884772  0.0008825953618339311  12.138952172365611
2.295811555875172  849  695  695.3822347643592  2.652593660593425  -0.022204087828302962  12.094406799091546
2.295811555875172  848  717  716.6996828341175  2.778004004272816  -0.051834614087993676  12.050228710037485
2.295811555875172  848  736  735.6823907298885  0.5009257632391382  0.0  12.00633322566029
2.295811555875172  847  758  758.5022091455979  2.5877348130238715  -0.04678211504135865  11.962757909076876
2.295811555875172  847  779  779.0238672546262  2.624062050427824  -0.03220019185729505  11.919538649042892
2.295811555875172  846  799  799.3596661169233  2.5793548489095883  -0.00028604738750143843  11.876619226567165
2.295811555875172  846  819  819.380357126576  2.587041166663994  -0.010948341835871157  11.834007131982395
2.295811555875172  845  839  839.248329059945  2.6226322413376693  -0.01825794621132559  11.791677949685809
2.295811555875172  845  859  858.7961230358362  2.590442045263103  -0.02983504875744023  11.749654521975623
2.295811555875172  844  878  878.2589318034147  2.4786783324329917  -0.01549888355577202  11.707855705244786
2.295811555875172  843  897  897.45813498067  2.499502034945408  -0.025624787208061342  11.666331077259327
2.295811555875172  843  916  916.3548921103954  2.4671332064505123  -0.04636192021020846  11.624992017760599
2.295811555875172  842  935  935.2253604818096  2.474326917292956  0.0007259436067008712  11.583948644170405
2.295811555875172  841  954  953.8019233893534  2.330908315024544  -0.01430483467686294  11.543143020704418
2.295811555875172  840  972  972.190442243304  2.2655344019146924  -0.03282615690337284  11.502622239734972
2.295811555875172  840  990  990.3490908697319  2.3379180810676417  -0.024521551484047183  11.462393344359295
2.295811555875172  839  1008  1008.3865394925566  2.310101758126393  -0.018344416718141528  11.422462153545705
