# Band 3A   Etalon 2A   Slice 5
# Distortion map version 06.04.00 - date 2019-03-20
# Trace (isoalpha): Take pixel trace along specified slice, specified alpha position trace is built by taking the pixel in every detector row with alpha value closest to the one specified 
# xpos[i] = np.argmin(alpha_img[i,:])+funcs.find_nearest(alpha_img[i,:][(slice_img[i,:]!=0)],alpha_pos)
#    alpha       x  y      center         FWHM          skewness        wavelength
0.0  756  22  21.92622260437888  3.930576860078844  -0.017006649597210214  13.42597356799033
0.0  757  52  52.4166546500877  3.865636559429859  -0.01147817774448431  13.371617538388005
0.0  759  82  82.51097273287617  3.7716865434982765  -0.0015875052532302342  13.31768711234676
0.0  760  112  112.1412231277082  3.6148104716969556  -0.00808579695366068  13.264167358413747
0.0  761  141  141.37020368911357  3.4411053525313946  -0.02127023690280721  13.211063817210619
0.0  762  170  170.17909975415614  3.3845373403334804  -0.026475570959672762  13.158228048911674
0.0  763  199  198.6579033570521  3.3039150366871297  -0.024108490672641026  13.105778689018138
0.0  764  227  226.68993032141415  3.2510692990525456  -0.026894567099866908  13.053772420313775
0.0  764  254  254.3469581493987  3.1541895470176087  -0.018173929576305464  13.002222165394535
0.0  765  282  281.7286655899311  3.0293908536896197  -0.002964445966249716  12.951050955150569
0.0  766  309  308.6205483929994  2.9914524939869693  -0.0456372899358972  12.900305078026493
0.0  766  335  335.2760818518505  3.0548008742077855  -0.004709388664050885  12.849826524156787
0.0  767  362  361.5549935749216  2.9720234854921728  -0.019285664355555246  12.799737484260943
0.0  767  387  387.47950396414376  2.8825785018295846  -0.009841890442932691  12.750018939619984
0.0  767  413  413.0231518135985  2.904900618800184  -0.02507051949490311  12.700781007255367
0.0  767  438  438.2609246392447  2.8440847198676806  -0.03240954769908923  12.6518955976802
0.0  768  463  463.18948820439334  2.8507214745479814  -0.008840489309024832  12.60350160525282
0.0  768  488  487.7293067691887  2.781540617574933  -0.01968540737975614  12.555368217600556
0.0  768  512  512.0117719248285  2.737427876627123  -0.012574371690060756  12.507605213169798
0.0  768  536  535.9608488874536  2.731843726947318  -0.01620374884229505  12.460136842252064
0.0  768  560  559.6057384835599  2.7435792703984134  -0.000761136997217705  12.413095010428405
0.0  768  583  582.9063853418994  2.812769122884106  -0.03209495414398606  12.366467813479177
0.0  767  606  605.9714094046122  2.7014810496796144  -0.010577529153333983  12.320246526961393
0.0  767  629  628.6774388176188  2.689819215424677  -0.03872912562551046  12.274416525419328
0.0  767  651  651.139128423044  2.6943925263053643  -0.01718149799509734  12.228892126868121
0.0  767  673  673.3326183456256  2.7549378108647034  -0.0024599895004325818  12.183794128589648
0.0  766  695  695.2449501485329  2.7845478364686187  -0.001388562926124509  12.138952172365611
0.0  766  717  716.8557384273879  2.71665854112382  -0.031133796731048338  12.094406799091546
0.0  766  738  738.1735703274345  2.6521496760350374  -0.05160296403386723  12.050228710037485
0.0  765  759  759.3347663138518  2.6595600794885286  -0.030288990527685265  12.00633322566029
0.0  765  780  780.1853864785481  2.615262447194141  -0.0261352016459694  11.962757909076876
0.0  764  801  800.8013757641008  2.5872362901741326  -0.04395442575263594  11.919538649042892
0.0  764  821  821.1962804372076  2.609531628836976  -0.011362746176691606  11.876619226567165
0.0  763  841  841.3458172405066  2.5715808070542607  -0.019935353148012078  11.834007131982395
0.0  762  861  861.2928654155351  2.5240391579834522  -0.0035568354463627527  11.791677949685809
0.0  762  881  880.951558503257  2.5632289898580893  -0.03293503641015232  11.749654521975623
0.0  761  900  900.4770084785847  2.5072009641177146  -0.04114703909559853  11.707855705244786
0.0  760  920  919.7938485197345  2.4775953630737604  -0.019007034595727383  11.666331077259327
0.0  760  939  938.7562463914451  2.426818900633407  -0.06408102792196413  11.624992017760599
0.0  759  958  957.6580645590647  2.358105892526737  -0.03742790466986114  11.583948644170405
0.0  758  976  976.377462082013  2.285342648745427  -0.02183588704057233  11.543143020704418
0.0  757  995  994.834288115481  2.308192822122237  -0.027094491000209768  11.502622239734972
0.0  757  1013  1013.08364249783  2.4260243928376894  -0.02344843300610066  11.462393344359295
-2.2948793252947217  765  22  22.389485211224056  3.7867850523449036  -0.01835649059136409  13.42597356799033
-2.2948793252947217  766  53  52.81506404857214  3.8007485831724637  -0.02389623968279409  13.371617538388005
-2.2948793252947217  768  83  82.90080376217333  3.846167747153146  -0.020149627357409567  13.31768711234676
-2.2948793252947217  769  113  112.56521222351604  3.6403866308213253  -0.0036402686600234915  13.264167358413747
-2.2948793252947217  770  142  141.7774388957965  3.535048945102801  -0.0031852602981761726  13.211063817210619
-2.2948793252947217  771  170  170.55155281974382  3.4117358175821266  -0.026617345296611843  13.158228048911674
-2.2948793252947217  772  199  198.9767028817987  3.3448962561635085  -0.021804101807884682  13.105778689018138
-2.2948793252947217  773  227  226.98760038733639  3.2947658202431  -0.019167648390048486  13.053772420313775
-2.2948793252947217  773  255  254.60216647847383  3.1199785036485252  -0.02023624342498922  13.002222165394535
-2.2948793252947217  774  282  281.944286881102  3.1133916513149416  -0.009358996219440547  12.951050955150569
-2.2948793252947217  775  309  308.89397088925085  3.0597587291499053  -0.018800272547999066  12.900305078026493
-2.2948793252947217  775  335  335.4741938900583  2.997636663138792  -0.009351475247195207  12.849826524156787
-2.2948793252947217  776  362  361.73030571371544  2.938141479071078  -0.018189884711741416  12.799737484260943
-2.2948793252947217  776  388  387.64256504819457  2.9052184285047815  -0.005986356703521984  12.750018939619984
-2.2948793252947217  776  413  413.17381678033354  2.9154123484053116  -0.017919408779700153  12.700781007255367
-2.2948793252947217  777  438  438.37417863788676  2.797355011262141  -0.029127020997474936  12.6518955976802
-2.2948793252947217  777  463  463.2668860742984  2.8167854012176576  -0.012302091373215033  12.60350160525282
-2.2948793252947217  777  488  487.801692853694  2.7731783972764106  -0.020902672464842405  12.555368217600556
-2.2948793252947217  777  512  512.0387055499594  2.7682122723990688  -0.019464447526736928  12.507605213169798
-2.2948793252947217  777  536  535.9755544216915  2.7186338080121004  -0.012693166224083152  12.460136842252064
-2.2948793252947217  777  560  559.6001052933959  2.7355944577250284  -0.0038064183975193566  12.413095010428405
-2.2948793252947217  777  583  582.8814536170685  2.7531821688982063  -0.03256195293962375  12.366467813479177
-2.2948793252947217  777  606  605.8991838614073  2.727236304828807  -0.028433148608192436  12.320246526961393
-2.2948793252947217  776  629  628.6539273933134  2.671603617988694  -0.01648497626586649  12.274416525419328
-2.2948793252947217  776  651  651.0727347959465  2.7307598980316925  -0.0017266362867409798  12.228892126868121
-2.2948793252947217  776  673  673.2071727059742  2.711944328279742  -0.004445379429515575  12.183794128589648
-2.2948793252947217  776  695  695.1618188384192  2.849782502274252  -0.005062756502362805  12.138952172365611
-2.2948793252947217  775  717  716.7059216560341  2.7824939838199043  -0.042235805764481646  12.094406799091546
-2.2948793252947217  775  738  738.0512598113355  2.645289667742645  -0.02847807101321822  12.050228710037485
-2.2948793252947217  774  759  759.1309007223023  2.6222605791115257  -0.040963307620220324  12.00633322566029
-2.2948793252947217  774  780  779.9716986729866  2.596529344372698  -0.034941707286440804  11.962757909076876
-2.2948793252947217  773  801  800.5736458397414  2.5772641988791065  -0.058296908442339715  11.919538649042892
-2.2948793252947217  773  821  820.954969288939  2.628750619891889  -0.025223398409495983  11.876619226567165
-2.2948793252947217  772  841  841.0965594298275  2.6147294459774457  -0.020929810734973357  11.834007131982395
-2.2948793252947217  772  861  861.0938372982397  2.6536731642579525  0.002795649252675337  11.791677949685809
-2.2948793252947217  771  881  880.6678635667993  2.539502584444108  -0.0491047251369578  11.749654521975623
-2.2948793252947217  770  900  900.1746827626271  2.5480773588956254  -0.026700608926063553  11.707855705244786
-2.2948793252947217  769  920  919.5808392337251  2.501796373291654  0.021349218020433464  11.666331077259327
-2.2948793252947217  769  938  938.462834499004  2.357970762910668  -0.053872144821761295  11.624992017760599
-2.2948793252947217  768  957  957.3383438762214  2.3418045415867255  -0.02028194707603243  11.583948644170405
-2.2948793252947217  767  976  976.0108571924549  2.3854626356487643  -0.010730552186617278  11.543143020704418
-2.2948793252947217  766  994  994.4707515532707  2.2784503984759112  -0.027143442252883974  11.502622239734972
-2.2948793252947217  766  1013  1012.6823330021749  2.2787410051072357  -0.06542046348670634  11.462393344359295
-2.047429325294722  764  22  22.366465551462273  3.867896961406501  -0.01165033081032278  13.42597356799033
-2.047429325294722  765  53  52.75686709369507  3.8554078354676946  -0.029095558639629163  13.371617538388005
-2.047429325294722  767  83  82.83105988056218  3.792265558042004  -0.02513758609909647  13.31768711234676
-2.047429325294722  768  112  112.49763615910736  3.6927714232979554  -0.01295488624858283  13.264167358413747
-2.047429325294722  769  142  141.70072240846048  3.530578882151076  -0.01508904466601691  13.211063817210619
-2.047429325294722  770  170  170.5003140364685  3.386702938966806  -0.02377843059638879  13.158228048911674
-2.047429325294722  771  199  198.92713501133838  3.3448212614073896  -0.021291532368323884  13.105778689018138
-2.047429325294722  772  227  226.93578091004812  3.3006238272773487  -0.027102450426189424  13.053772420313775
-2.047429325294722  773  255  254.65513169848455  3.2680231407347833  -0.01032644146317612  13.002222165394535
-2.047429325294722  773  282  281.94685199648495  3.1344008669021832  0.004401708345303597  12.951050955150569
-2.047429325294722  774  309  308.8940260035608  3.0641682314703758  -0.0077947394705574  12.900305078026493
-2.047429325294722  774  335  335.44730008395936  2.9967891154295785  -0.014113262912983518  12.849826524156787
-2.047429325294722  775  362  361.72769909031064  2.987249419376326  -0.009920758853273  12.799737484260943
-2.047429325294722  775  388  387.6094492142216  2.924755654272758  -0.013847391099066632  12.750018939619984
-2.047429325294722  775  413  413.15122446511606  2.904006016998551  -0.017788619706868656  12.700781007255367
-2.047429325294722  776  438  438.35010448495717  2.8028264677844277  -0.040793691584966006  12.6518955976802
-2.047429325294722  776  463  463.2496934597555  2.8835264148794977  -0.00839021009979568  12.60350160525282
-2.047429325294722  776  488  487.81081548513674  2.8433282582352604  -0.014064598910202921  12.555368217600556
-2.047429325294722  776  512  512.0563661520255  2.7743749927815884  -0.0139512179490243  12.507605213169798
-2.047429325294722  776  536  535.9575952573958  2.727177290312511  -0.019814858153171487  12.460136842252064
-2.047429325294722  776  560  559.5893578920021  2.743210452350695  -0.017744522955782986  12.413095010428405
-2.047429325294722  776  583  582.8863808916568  2.77331413435013  -0.035487333218403  12.366467813479177
-2.047429325294722  776  606  605.9248128190317  2.7349442015897694  -0.017012601741948335  12.320246526961393
-2.047429325294722  775  629  628.6635585631415  2.663632762477164  -0.01641048441431611  12.274416525419328
-2.047429325294722  775  651  651.0722230884872  2.694381056803195  -0.008691166850664308  12.228892126868121
-2.047429325294722  775  673  673.2297306805336  2.7462068626828113  -0.004872995280686337  12.183794128589648
-2.047429325294722  775  695  695.1181878555263  2.803284950841089  -0.014785232271632576  12.138952172365611
-2.047429325294722  774  717  716.7434183931282  2.74974288604335  -0.03573965611392433  12.094406799091546
-2.047429325294722  774  738  738.0873801145494  2.631208682801116  -0.031034315730743705  12.050228710037485
-2.047429325294722  773  759  759.1462842341776  2.662968193371512  -0.04185263496176132  12.00633322566029
-2.047429325294722  773  780  780.0039377265916  2.615376976732705  -0.035560176338063756  11.962757909076876
-2.047429325294722  772  801  800.5809639617804  2.598090363043866  -0.06568525127001901  11.919538649042892
-2.047429325294722  772  821  820.986032758257  2.6439759558044216  -0.02897594766763195  11.876619226567165
-2.047429325294722  771  841  841.1542074906474  2.598954585737374  -0.011414032748371673  11.834007131982395
-2.047429325294722  771  861  861.0408688021536  2.5757332786006373  -0.01599655023378412  11.791677949685809
-2.047429325294722  770  881  880.7038505579153  2.56035994902129  -0.040872578051153394  11.749654521975623
-2.047429325294722  769  900  900.209832663421  2.503801212552048  -0.031062512449855466  11.707855705244786
-2.047429325294722  769  920  919.4999718049743  2.5632056687909426  -0.007355223034210704  11.666331077259327
-2.047429325294722  768  938  938.4873683511394  2.3766247185046723  -0.06346126088552691  11.624992017760599
-2.047429325294722  767  957  957.3691694324759  2.3031313273603473  -0.028114893209591495  11.583948644170405
-2.047429325294722  766  976  976.0592253775582  2.3338958803501555  -0.013313397537597789  11.543143020704418
-2.047429325294722  765  995  994.5126239162635  2.3439032950584533  -0.017104957101918665  11.502622239734972
-2.047429325294722  765  1013  1012.7300523910153  2.306171632609562  -0.03199177767783853  11.462393344359295
-1.7999793252947223  763  22  22.323956360010456  3.895503402951938  -0.01275700482224249  13.42597356799033
-1.7999793252947223  764  53  52.748698994951674  3.847996717522662  -0.020967451586104757  13.371617538388005
-1.7999793252947223  766  83  82.79437485907648  3.760048209552153  -0.019418186307156384  13.31768711234676
-1.7999793252947223  767  112  112.4678235936701  3.6682556380844744  -0.011367778162386431  13.264167358413747
-1.7999793252947223  768  142  141.6700892890405  3.5197212680038774  -0.009282947633190533  13.211063817210619
-1.7999793252947223  769  170  170.47091245264838  3.3915844163896622  -0.020358349196333763  13.158228048911674
-1.7999793252947223  770  199  198.87926319704087  3.330262326536598  -0.024491738355014753  13.105778689018138
-1.7999793252947223  771  227  226.91712691202656  3.2570409891871748  -0.023731877728483078  13.053772420313775
-1.7999793252947223  772  255  254.60884714433718  3.272113618204429  -0.007758819470852344  13.002222165394535
-1.7999793252947223  772  282  281.89289794199027  3.1403431991267325  -0.008183863428849237  12.951050955150569
-1.7999793252947223  773  309  308.8217820023442  3.057840875786667  -0.03033292140466189  12.900305078026493
-1.7999793252947223  773  335  335.40446300536365  2.9974286605125826  -0.023213760926887674  12.849826524156787
-1.7999793252947223  774  362  361.69511757249944  2.9876506236304294  -0.008091716413832805  12.799737484260943
-1.7999793252947223  774  388  387.59501585806925  2.9184564299134763  -0.014007413320774847  12.750018939619984
-1.7999793252947223  774  413  413.1382121979797  2.887506715331483  -0.012626959096144313  12.700781007255367
-1.7999793252947223  775  438  438.3501872936021  2.8101088807360384  -0.03696021513313831  12.6518955976802
-1.7999793252947223  775  463  463.2395222933906  2.848329035866186  -0.012881772930356429  12.60350160525282
-1.7999793252947223  775  488  487.7818029393943  2.813065225315597  -0.02283483302289118  12.555368217600556
-1.7999793252947223  775  512  512.054562830367  2.7757820158206528  -0.010443111641127425  12.507605213169798
-1.7999793252947223  775  536  535.9773506520957  2.732726621195525  -0.005109999958874916  12.460136842252064
-1.7999793252947223  775  560  559.5570624284733  2.7173290704294004  -0.023495619017488818  12.413095010428405
-1.7999793252947223  775  583  582.8790076880412  2.8173719098963375  -0.038104178221265925  12.366467813479177
-1.7999793252947223  775  606  605.9280313425892  2.748140717573051  -0.018834931731057224  12.320246526961393
-1.7999793252947223  774  629  628.643456712373  2.667260555842745  -0.03037744356140437  12.274416525419328
-1.7999793252947223  774  651  651.0837714545042  2.6904014428366736  -0.01143149073100503  12.228892126868121
-1.7999793252947223  774  673  673.272208980913  2.7373502558170912  0.001978989370059719  12.183794128589648
-1.7999793252947223  774  695  695.1356558200066  2.814497402437155  -0.009169951690287026  12.138952172365611
-1.7999793252947223  773  717  716.7547326857367  2.7481853942532553  -0.029287593762060422  12.094406799091546
-1.7999793252947223  773  738  738.1087610214646  2.623772776294686  -0.030294511230381314  12.050228710037485
-1.7999793252947223  772  759  759.1861994395836  2.6290979555393506  -0.03285798191770205  12.00633322566029
-1.7999793252947223  772  780  780.0100112521304  2.616308731036611  -0.04424407633223992  11.962757909076876
-1.7999793252947223  771  801  800.6346496893647  2.6229942251271723  -0.04996849364310146  11.919538649042892
-1.7999793252947223  771  821  821.0107687524415  2.615220860828913  -0.028385706085696853  11.876619226567165
-1.7999793252947223  770  841  841.1678778859396  2.568564053019827  -0.009763997310753062  11.834007131982395
-1.7999793252947223  770  861  861.0477795519453  2.5677704420206737  -0.02655363176310622  11.791677949685809
-1.7999793252947223  769  881  880.7272597510108  2.5444976809768605  -0.045533648081740756  11.749654521975623
-1.7999793252947223  768  900  900.2463937809313  2.513828228901616  -0.0322342340266044  11.707855705244786
-1.7999793252947223  768  920  919.5375562805251  2.5542771556563366  -0.005392535484445927  11.666331077259327
-1.7999793252947223  767  939  938.5307320609592  2.384586661032131  -0.05398772298971621  11.624992017760599
-1.7999793252947223  766  957  957.3867837781984  2.300216637805079  -0.03885606102724361  11.583948644170405
-1.7999793252947223  765  976  976.0946012846551  2.3335977803271817  -0.010879370440527737  11.543143020704418
-1.7999793252947223  764  995  994.553084595069  2.3215429078954912  -0.01853063215970279  11.502622239734972
-1.7999793252947223  764  1013  1012.7778688425423  2.3244935767537527  -0.026932854637529126  11.462393344359295
-1.5525293252947225  762  22  22.26050554742624  3.8868779796327573  -0.01364279100032489  13.42597356799033
-1.5525293252947225  763  53  52.70208505617209  3.885407815610172  -0.02269500426059399  13.371617538388005
-1.5525293252947225  765  83  82.76168008630782  3.773406673761869  -0.014915567536771422  13.31768711234676
-1.5525293252947225  766  112  112.42208803100317  3.6186717802549424  -0.009758881522374623  13.264167358413747
-1.5525293252947225  767  142  141.62803418268223  3.526373876330979  -0.011209032747156079  13.211063817210619
-1.5525293252947225  768  170  170.42495985969848  3.43399929669971  -0.025807636995088472  13.158228048911674
-1.5525293252947225  769  199  198.84752412501504  3.332163406383927  -0.026736159212012285  13.105778689018138
-1.5525293252947225  770  227  226.89752913022974  3.325177922676062  -0.02489097640693724  13.053772420313775
-1.5525293252947225  771  255  254.58450363197315  3.1894934927999543  -0.0095191168621698  13.002222165394535
-1.5525293252947225  771  282  281.8731638746029  3.0726835331673783  -0.0074171880597649845  12.951050955150569
-1.5525293252947225  772  309  308.80900073236313  3.072916949178534  -0.028764144216884432  12.900305078026493
-1.5525293252947225  772  335  335.4201840273756  3.0419148321352623  -0.005302114243138944  12.849826524156787
-1.5525293252947225  773  362  361.6751143594208  3.000173328063397  -0.009016424642355296  12.799737484260943
-1.5525293252947225  773  388  387.5850005935867  2.919145931610501  -0.0005920577909545195  12.750018939619984
-1.5525293252947225  773  413  413.09843726075627  2.8639555401189796  -0.022590945194825268  12.700781007255367
-1.5525293252947225  774  438  438.35923106517316  2.7999390147782037  -0.034286698923666724  12.6518955976802
-1.5525293252947225  774  463  463.2076699304754  2.8705414147638635  -0.0227809407190259  12.60350160525282
-1.5525293252947225  774  488  487.76455659267316  2.7530788032491955  -0.027867233614132722  12.555368217600556
-1.5525293252947225  774  512  512.0349242643939  2.7661467697773787  -0.010814393609255844  12.507605213169798
-1.5525293252947225  774  536  535.9457074627613  2.7367868592855302  -0.020192971842953815  12.460136842252064
-1.5525293252947225  774  560  559.5914485871781  2.7275799296619425  -0.0023956853111317144  12.413095010428405
-1.5525293252947225  774  583  582.8694702970681  2.804100416923802  -0.03612678371465001  12.366467813479177
-1.5525293252947225  774  606  605.9551324994414  2.769464068550178  -0.01127573582038893  12.320246526961393
-1.5525293252947225  773  629  628.6511151899491  2.6641492142051675  -0.028172838563130173  12.274416525419328
-1.5525293252947225  773  651  651.0706239551723  2.684487611296163  -0.009948312444165466  12.228892126868121
-1.5525293252947225  773  673  673.2397679220873  2.698458482386741  -0.012103914768009563  12.183794128589648
-1.5525293252947225  773  695  695.14262964359  2.79695996558803  -0.010343348696901886  12.138952172365611
-1.5525293252947225  772  717  716.7711162982775  2.7097877315999312  -0.027541820695461842  12.094406799091546
-1.5525293252947225  772  738  738.1247413896635  2.63277638090824  -0.031680724274474964  12.050228710037485
-1.5525293252947225  771  759  759.2035758309921  2.638952269123365  -0.03533160719355277  12.00633322566029
-1.5525293252947225  771  780  780.0461952549065  2.5618130808867363  -0.030501354835539722  11.962757909076876
-1.5525293252947225  770  801  800.6422823566754  2.620829180810915  -0.04443799298797719  11.919538649042892
-1.5525293252947225  770  821  821.045572888649  2.6610833088377603  -0.015376735119636359  11.876619226567165
-1.5525293252947225  769  841  841.1858152897428  2.5573440865100565  -0.013257866723681788  11.834007131982395
-1.5525293252947225  769  861  861.0866138133393  2.5633561574411488  -0.019947440157124716  11.791677949685809
-1.5525293252947225  768  881  880.7452703190511  2.555786914911664  -0.05395328505912283  11.749654521975623
-1.5525293252947225  767  900  900.2732646697135  2.500900954800386  -0.029477546462545714  11.707855705244786
-1.5525293252947225  767  920  919.556723855156  2.5104015901188177  -0.001964940627511977  11.666331077259327
-1.5525293252947225  766  939  938.5595109931309  2.3873564231483897  -0.05749032494359381  11.624992017760599
-1.5525293252947225  765  957  957.4219102029114  2.3052683939204144  -0.031753405282196036  11.583948644170405
-1.5525293252947225  764  976  976.125768170434  2.3401196719169093  -0.017383185273646858  11.543143020704418
-1.5525293252947225  763  995  994.5659081645152  2.299557825263605  -0.03259399825175486  11.502622239734972
-1.5525293252947225  763  1013  1012.8025114811801  2.3099163861793386  -0.03146327367027877  11.462393344359295
-1.3050793252947228  761  22  22.241062377303074  3.8281798178940214  -0.012635866999455994  13.42597356799033
-1.3050793252947228  763  53  52.65687303077836  3.8770366638924187  -0.023998588840102062  13.371617538388005
-1.3050793252947228  764  83  82.69989650003328  3.7543457212300666  -0.01758527141359196  13.31768711234676
-1.3050793252947228  765  112  112.37570046521117  3.6650742498998454  -0.010032148185950631  13.264167358413747
-1.3050793252947228  766  142  141.57911564990656  3.500520743352297  -0.017257556034486345  13.211063817210619
-1.3050793252947228  767  170  170.3811699083691  3.384795187314012  -0.025897684666846936  13.158228048911674
-1.3050793252947228  768  199  198.8165684181088  3.325147428478374  -0.02723582013950942  13.105778689018138
-1.3050793252947228  769  227  226.85782390258896  3.3101622707754643  -0.02720814492198433  13.053772420313775
-1.3050793252947228  770  255  254.56068142115174  3.181803637943773  -0.0007975655913764607  13.002222165394535
-1.3050793252947228  770  282  281.8543716173265  3.063689117327044  -0.006229051834751775  12.951050955150569
-1.3050793252947228  771  309  308.7818522956059  3.030569528228682  -0.02146259964753323  12.900305078026493
-1.3050793252947228  771  335  335.4097008560017  3.0506156807728075  0.0003993227770039288  12.849826524156787
-1.3050793252947228  772  362  361.6673052606181  2.982754632381784  -0.008534713021304537  12.799737484260943
-1.3050793252947228  772  388  387.5686905229684  2.9058775359084166  -0.007054577472029853  12.750018939619984
-1.3050793252947228  772  413  413.09259714940566  2.857092002968102  -0.027496475900870822  12.700781007255367
-1.3050793252947228  773  438  438.3329048547838  2.8344210605280864  -0.03211194523988031  12.6518955976802
-1.3050793252947228  773  463  463.2334094949897  2.8324693630194133  -0.0021522795793389254  12.60350160525282
-1.3050793252947228  773  488  487.75668790593704  2.7358159249770324  -0.029822614285847808  12.555368217600556
-1.3050793252947228  773  512  512.0647930684007  2.757954616428549  0.0009279691786407969  12.507605213169798
-1.3050793252947228  773  536  535.9639277804563  2.7616791880718665  -0.018445836176424958  12.460136842252064
-1.3050793252947228  773  560  559.5942822932944  2.7310951065755944  -0.008692589879446324  12.413095010428405
-1.3050793252947228  773  583  582.8885857277114  2.7945533065703785  -0.03493397408342369  12.366467813479177
-1.3050793252947228  773  606  605.944943219684  2.742426901569388  -0.011194185379058441  12.320246526961393
-1.3050793252947228  772  629  628.6484014957205  2.695026865917839  -0.03463109165814301  12.274416525419328
-1.3050793252947228  772  651  651.0930484068965  2.6845003932678537  -0.01305693455240809  12.228892126868121
-1.3050793252947228  772  673  673.2549491417941  2.740577048199839  -0.005073255380140791  12.183794128589648
-1.3050793252947228  772  695  695.183886628886  2.805534203043635  0.003908350063436961  12.138952172365611
-1.3050793252947228  771  717  716.7589059773231  2.6991249765712837  -0.03877788375888825  12.094406799091546
-1.3050793252947228  771  738  738.1378514721891  2.645762135173527  -0.03023901664816169  12.050228710037485
-1.3050793252947228  770  759  759.2353072375313  2.6207423176211933  -0.036128434691355384  12.00633322566029
-1.3050793252947228  770  780  780.0640126765765  2.5941920430509526  -0.03859166757279663  11.962757909076876
-1.3050793252947228  769  801  800.6518879642827  2.613498041820776  -0.061474721934255766  11.919538649042892
-1.3050793252947228  769  821  821.0448943481937  2.602962168533736  -0.02376991566698502  11.876619226567165
-1.3050793252947228  768  841  841.2109730181016  2.596248571349406  -0.015617498804265408  11.834007131982395
-1.3050793252947228  768  861  861.119505377977  2.5844786206275785  -0.01687624426684372  11.791677949685809
-1.3050793252947228  767  881  880.7742912276652  2.5504791577301376  -0.05241190417049  11.749654521975623
-1.3050793252947228  766  900  900.3009385191209  2.514441527959434  -0.031759073461636936  11.707855705244786
-1.3050793252947228  766  920  919.5786813550573  2.4791063581697017  -0.014732443264102583  11.666331077259327
-1.3050793252947228  765  939  938.5664785089745  2.4058126144913103  -0.06844250152998906  11.624992017760599
-1.3050793252947228  764  957  957.4589950672348  2.3252619023674015  -0.027345509443365758  11.583948644170405
-1.3050793252947228  763  976  976.1518507194703  2.3336293288846264  -0.01752011525023523  11.543143020704418
-1.3050793252947228  762  995  994.5813311296033  2.3119616484078733  -0.03796142498059829  11.502622239734972
-1.3050793252947228  762  1013  1012.8413153988599  2.330975390833032  -0.028600481657488325  11.462393344359295
-1.057629325294723  760  22  22.180048526012733  3.8098039066607896  -0.009527860534086361  13.42597356799033
-1.057629325294723  761  52  52.574466744113295  3.878360517293956  -0.02703911604106635  13.371617538388005
-1.057629325294723  763  83  82.68982775994303  3.7189824202293096  -0.008866997024114325  13.31768711234676
-1.057629325294723  764  112  112.3274791046219  3.5745798873350907  -0.005885070386323812  13.264167358413747
-1.057629325294723  765  142  141.56916684263402  3.4969631363975964  -0.006638766294864274  13.211063817210619
-1.057629325294723  766  170  170.33450120332748  3.3413089031754737  -0.02776703674450788  13.158228048911674
-1.057629325294723  767  199  198.78869646599088  3.3050333215777243  -0.025192191949637906  13.105778689018138
-1.057629325294723  768  227  226.8174866107645  3.2704632710172064  -0.01800755264323015  13.053772420313775
-1.057629325294723  769  254  254.53515866448205  3.2080619530546244  -0.014624933347249389  13.002222165394535
-1.057629325294723  769  282  281.8294759033764  3.1035055770214512  -0.004506599095957597  12.951050955150569
-1.057629325294723  770  309  308.7513414770125  3.0713623233118597  -0.025306312503695527  12.900305078026493
-1.057629325294723  770  335  335.3744694842208  3.0328810157142243  -0.0005909868042056936  12.849826524156787
-1.057629325294723  771  362  361.6710168915045  2.9947543495379705  0.003272423579994078  12.799737484260943
-1.057629325294723  771  388  387.5506371354842  2.909238028686673  -0.012218101788721328  12.750018939619984
-1.057629325294723  771  413  413.09044175845776  2.8876397744583073  -0.018580628999649147  12.700781007255367
-1.057629325294723  772  438  438.3130918544322  2.824130987310866  -0.03302011358021054  12.6518955976802
-1.057629325294723  772  463  463.2081440356612  2.8697642603224267  -0.01574521412323297  12.60350160525282
-1.057629325294723  772  488  487.7824413396631  2.7643828786918903  -0.015389981298808735  12.555368217600556
-1.057629325294723  772  512  512.0328036975004  2.754464624258162  -0.01642784666767404  12.507605213169798
-1.057629325294723  772  536  535.9593249212304  2.7215329486182327  -0.015421838131738402  12.460136842252064
-1.057629325294723  772  560  559.5879335053148  2.755245197141903  -0.01617349029503314  12.413095010428405
-1.057629325294723  772  583  582.898525944303  2.806932563786404  -0.019895145209036937  12.366467813479177
-1.057629325294723  772  606  605.9478016442283  2.729915311836976  -0.006666821511473493  12.320246526961393
-1.057629325294723  771  629  628.6502588600531  2.6760462211497043  -0.029154389462973107  12.274416525419328
-1.057629325294723  771  651  651.1097435141212  2.721837433098244  -0.011555829961528234  12.228892126868121
-1.057629325294723  771  673  673.2679043848666  2.7526383710426217  -0.006123415267669638  12.183794128589648
-1.057629325294723  771  695  695.1724384947308  2.8131184365184936  -0.003489005629576864  12.138952172365611
-1.057629325294723  770  717  716.7865223556962  2.7020685325546765  -0.03981658558563107  12.094406799091546
-1.057629325294723  770  738  738.1398875367106  2.617882991491456  -0.035212065854292644  12.050228710037485
-1.057629325294723  769  759  759.239401849608  2.6210596373476847  -0.03501010708487035  12.00633322566029
-1.057629325294723  769  780  780.087623290217  2.6339442346034048  -0.03466195756113564  11.962757909076876
-1.057629325294723  768  801  800.6737462117599  2.610165561074382  -0.06279550793832522  11.919538649042892
-1.057629325294723  768  821  821.0968390415032  2.6254394617908474  -0.015372102450217437  11.876619226567165
-1.057629325294723  767  841  841.2502411282085  2.585985843697358  -0.012330980366301517  11.834007131982395
-1.057629325294723  767  861  861.1567493238009  2.5688937391305444  -0.0016375612496344753  11.791677949685809
-1.057629325294723  766  881  880.8053987555766  2.5790306510128858  -0.05594980769829725  11.749654521975623
-1.057629325294723  765  900  900.3486865895594  2.491818299423926  -0.0290006165854191  11.707855705244786
-1.057629325294723  765  920  919.5966475154054  2.4513871346345013  -0.023856148310913372  11.666331077259327
-1.057629325294723  764  939  938.6120247329538  2.402821397720686  -0.06640708223747405  11.624992017760599
-1.057629325294723  763  958  957.5088969479747  2.3591807610841897  -0.022794438989505224  11.583948644170405
-1.057629325294723  762  976  976.1979340045702  2.336410326936857  -0.020004373475559976  11.543143020704418
-1.057629325294723  762  995  994.6188528313127  2.3331873942655648  -0.05700908702409778  11.502622239734972
-1.057629325294723  761  1013  1012.8835838489584  2.3467527495810145  -0.03873735126472801  11.462393344359295
-0.8101793252947234  759  22  22.12523017847173  3.8340427036068263  -0.01161529214116554  13.42597356799033
-0.8101793252947234  761  52  52.56550990147915  3.870561209398943  -0.0243763723346925  13.371617538388005
-0.8101793252947234  762  83  82.64880266680942  3.7100116629833053  -0.006624104183486584  13.31768711234676
-0.8101793252947234  763  112  112.28464019258399  3.640985767877339  -0.010051350795658888  13.264167358413747
-0.8101793252947234  764  142  141.535522018308  3.4943268421951075  -0.002038097677360439  13.211063817210619
-0.8101793252947234  765  170  170.2958513870003  3.372868556322942  -0.027465093474665966  13.158228048911674
-0.8101793252947234  766  199  198.74642549411848  3.294628560717797  -0.02576849016556522  13.105778689018138
-0.8101793252947234  767  227  226.77424619048202  3.2833288289091342  -0.021797314156307205  13.053772420313775
-0.8101793252947234  768  254  254.50132273614113  3.1908579670494817  -0.012618300560134656  13.002222165394535
-0.8101793252947234  768  282  281.7880045361272  3.1054964630469613  -0.017201681714469782  12.951050955150569
-0.8101793252947234  769  309  308.7381416656482  3.057720367473621  -0.01825371752435526  12.900305078026493
-0.8101793252947234  769  335  335.3466454341807  3.034502464916841  -0.012181944915989895  12.849826524156787
-0.8101793252947234  770  362  361.6689550233567  2.963334141419409  0.003853303680637258  12.799737484260943
-0.8101793252947234  770  388  387.5369578625565  2.92818066250652  -0.01284817629641995  12.750018939619984
-0.8101793252947234  770  413  413.0972046811467  2.896296202059034  -0.011753886513363152  12.700781007255367
-0.8101793252947234  771  438  438.2860423638709  2.82737492801715  -0.03542627502274148  12.6518955976802
-0.8101793252947234  771  463  463.19159077187345  2.881952689203672  -0.01848137267122593  12.60350160525282
-0.8101793252947234  771  488  487.76956221369716  2.772324717500169  -0.01624098510974934  12.555368217600556
-0.8101793252947234  771  512  512.0046294829104  2.7295349472994417  -0.019228556284976946  12.507605213169798
-0.8101793252947234  771  536  535.931998384868  2.7471626620185816  -0.023805089547689666  12.460136842252064
-0.8101793252947234  771  560  559.5917158243577  2.7221584021776835  -0.013283681192602849  12.413095010428405
-0.8101793252947234  771  583  582.9107143529808  2.7899988007370666  -0.02469688495458627  12.366467813479177
-0.8101793252947234  771  606  605.9510187702426  2.7296510230680724  -0.009633168250995538  12.320246526961393
-0.8101793252947234  770  629  628.6728074583203  2.6700174302194455  -0.031149011256780195  12.274416525419328
-0.8101793252947234  770  651  651.120843930729  2.732566911009826  -0.010036632956825064  12.228892126868121
-0.8101793252947234  770  673  673.2813736505929  2.771046364352287  -0.001665091523567468  12.183794128589648
-0.8101793252947234  770  695  695.1807476976493  2.7928935555926273  -0.005780082528476309  12.138952172365611
-0.8101793252947234  769  717  716.8025075314029  2.6980677292073096  -0.037185589366066814  12.094406799091546
-0.8101793252947234  769  738  738.1461668595978  2.6156059111735885  -0.04367697180823781  12.050228710037485
-0.8101793252947234  768  759  759.2471381449067  2.6807767429903606  -0.03759025122807118  12.00633322566029
-0.8101793252947234  768  780  780.0954491851232  2.6231759092229368  -0.03448456022625045  11.962757909076876
-0.8101793252947234  767  801  800.7048170547573  2.6273835894035074  -0.06056809242255875  11.919538649042892
-0.8101793252947234  767  821  821.1301798090361  2.596655306305138  -0.00937015918114903  11.876619226567165
-0.8101793252947234  766  841  841.3009960826226  2.5700656601518403  -0.00042616706258309097  11.834007131982395
-0.8101793252947234  766  861  861.1617674167261  2.5582734243901086  -0.008308962998336368  11.791677949685809
-0.8101793252947234  765  881  880.8533453137217  2.580372222809274  -0.041041518634129734  11.749654521975623
-0.8101793252947234  764  900  900.3705447624717  2.4794738776773784  -0.03999979427266875  11.707855705244786
-0.8101793252947234  764  920  919.6306885939418  2.458805574710482  -0.023510300432817443  11.666331077259327
-0.8101793252947234  763  939  938.6442044949977  2.401520601111656  -0.06624402021504941  11.624992017760599
-0.8101793252947234  762  958  957.5382814922881  2.338647676278697  -0.03010689756953409  11.583948644170405
-0.8101793252947234  761  976  976.2552074408072  2.337850818877996  -0.006976515755944031  11.543143020704418
-0.8101793252947234  761  995  994.681175674972  2.321123096189126  -0.04007006731458681  11.502622239734972
-0.8101793252947234  760  1013  1012.9370076115277  2.3340150802295057  -0.026144775200642508  11.462393344359295
-0.5627293252947236  758  22  22.068264400146987  3.8768944470177935  -0.008670616841310902  13.42597356799033
-0.5627293252947236  760  52  52.521490258142556  3.933122505823988  -0.013662652051312377  13.371617538388005
-0.5627293252947236  761  83  82.61513710077466  3.7628989040322267  -0.0035186224690883015  13.31768711234676
-0.5627293252947236  762  112  112.24717125724808  3.6235786174848954  -0.007849701450625067  13.264167358413747
-0.5627293252947236  763  141  141.48094020547433  3.52769109009688  -0.009304232992298204  13.211063817210619
-0.5627293252947236  764  170  170.30249449477154  3.341404693839422  -0.019661886860927534  13.158228048911674
-0.5627293252947236  765  199  198.70289838115568  3.285126977039539  -0.02125805307859675  13.105778689018138
-0.5627293252947236  766  227  226.7571058327687  3.2535693347810195  -0.01918432813654937  13.053772420313775
-0.5627293252947236  767  254  254.45193846652126  3.1660433262464096  -0.019649411929340003  13.002222165394535
-0.5627293252947236  767  282  281.78182697553297  3.070804572342695  -0.007322411719813915  12.951050955150569
-0.5627293252947236  768  309  308.69965594927834  3.0164386177036135  -0.03121499438406534  12.900305078026493
-0.5627293252947236  768  335  335.3183513205662  3.055438275709662  -0.005614163120099378  12.849826524156787
-0.5627293252947236  769  362  361.61394852152085  2.949049591400126  -0.007078735559039249  12.799737484260943
-0.5627293252947236  769  388  387.5203848083338  2.9471251640198943  -0.00017536829014494382  12.750018939619984
-0.5627293252947236  769  413  413.08180599037644  2.9110855147224584  -0.014463903478903996  12.700781007255367
-0.5627293252947236  770  438  438.2577489871794  2.8012084371675883  -0.04074345551173039  12.6518955976802
-0.5627293252947236  770  463  463.20331787844964  2.8409311803636683  -0.011095595211269247  12.60350160525282
-0.5627293252947236  770  488  487.7841024063765  2.7838873869465033  -0.00883382959596961  12.555368217600556
-0.5627293252947236  770  512  512.0113114408888  2.766693289390332  -0.014881540070462527  12.507605213169798
-0.5627293252947236  770  536  535.9257799956468  2.7004035670228177  -0.023235056851039486  12.460136842252064
-0.5627293252947236  770  560  559.5945275398713  2.720815101056587  -0.007979326453429365  12.413095010428405
-0.5627293252947236  770  583  582.9013734751985  2.8050773045407595  -0.03506994369803357  12.366467813479177
-0.5627293252947236  770  606  605.9548664442832  2.72298182442546  -0.008223764120666822  12.320246526961393
-0.5627293252947236  769  629  628.6797972737094  2.651603470309965  -0.025099909090270562  12.274416525419328
-0.5627293252947236  769  651  651.1247222048357  2.716628619558378  -0.007088229378094945  12.228892126868121
-0.5627293252947236  769  673  673.3323246253882  2.796805047257749  0.004646097232894552  12.183794128589648
-0.5627293252947236  769  695  695.226013918886  2.7839517593083656  0.0023524673354922737  12.138952172365611
-0.5627293252947236  768  717  716.8432504560692  2.7125132723471097  -0.02341790879355775  12.094406799091546
-0.5627293252947236  768  738  738.183631772751  2.5895067694928002  -0.03625433631630411  12.050228710037485
-0.5627293252947236  767  759  759.2941887270669  2.654475604155209  -0.033974778150211236  12.00633322566029
-0.5627293252947236  767  780  780.1116127779118  2.602340158593165  -0.037264866390546623  11.962757909076876
-0.5627293252947236  766  801  800.759749970128  2.629885376291327  -0.04574618627585695  11.919538649042892
-0.5627293252947236  766  821  821.1544864920551  2.6043688880758964  -0.009286863735639738  11.876619226567165
-0.5627293252947236  765  841  841.3120190779955  2.5631984095780354  -0.00901520512068914  11.834007131982395
-0.5627293252947236  765  861  861.1992556898717  2.579422431209423  -0.01053609342569793  11.791677949685809
-0.5627293252947236  764  881  880.8711415278067  2.570550596767248  -0.04399158227933078  11.749654521975623
-0.5627293252947236  763  900  900.4104089878591  2.5047222795735706  -0.035904369483406695  11.707855705244786
-0.5627293252947236  763  920  919.682120441938  2.4452300202556216  -0.009176864781295606  11.666331077259327
-0.5627293252947236  762  939  938.6862559467489  2.4316113084514654  -0.06162451720368815  11.624992017760599
-0.5627293252947236  761  958  957.5992313613629  2.3547709430101804  -0.028237837834296765  11.583948644170405
-0.5627293252947236  760  976  976.2938306916868  2.305211743155496  -0.014288389767417156  11.543143020704418
-0.5627293252947236  760  995  994.6954935620633  2.29434429356877  -0.053712531101887714  11.502622239734972
-0.5627293252947236  759  1013  1012.9853613079276  2.3265803143492576  -0.023351154755685024  11.462393344359295
-0.3152793252947239  757  22  22.008443935849613  3.9234903598634574  -0.01100508646833871  13.42597356799033
-0.3152793252947239  759  52  52.484290616577695  3.9058775943866806  -0.014183018380237904  13.371617538388005
-0.3152793252947239  760  83  82.56611984773681  3.7857179627153528  -0.0029799226957364765  13.31768711234676
-0.3152793252947239  761  112  112.22097364373114  3.602474027105501  0.0009484016105405116  13.264167358413747
-0.3152793252947239  762  141  141.43111489269188  3.4958146956121823  -0.011650519281564355  13.211063817210619
-0.3152793252947239  763  170  170.25503325681862  3.352357384706039  -0.02059266723349851  13.158228048911674
-0.3152793252947239  764  199  198.70557638986477  3.3377848737383147  -0.012698066884061786  13.105778689018138
-0.3152793252947239  765  227  226.7372015605123  3.274827764328336  -0.020681751219159494  13.053772420313775
-0.3152793252947239  766  254  254.41596815736875  3.1446031722335306  -0.022959356750201637  13.002222165394535
-0.3152793252947239  766  282  281.7703567801043  3.0737468953027474  0.0012101295331949124  12.951050955150569
-0.3152793252947239  767  309  308.68242520740455  3.027651265354393  -0.026661328513480388  12.900305078026493
-0.3152793252947239  767  335  335.30175531064145  3.0409218214545035  -0.0005133535209722201  12.849826524156787
-0.3152793252947239  768  362  361.5814823120255  2.9940642912247313  -0.013191427439465291  12.799737484260943
-0.3152793252947239  768  388  387.5105288898672  2.900299519428927  -0.0027076809781523257  12.750018939619984
-0.3152793252947239  768  413  413.04378888296014  2.883028231888602  -0.02252694156533789  12.700781007255367
-0.3152793252947239  769  438  438.2766835115022  2.7898597697352443  -0.03568310340021015  12.6518955976802
-0.3152793252947239  769  463  463.2052477080453  2.867243898599895  -0.00755036991108802  12.60350160525282
-0.3152793252947239  769  488  487.7647476237434  2.795810783219963  -0.013417125183250963  12.555368217600556
-0.3152793252947239  769  512  512.0093431588249  2.771044129613017  -0.01789510084589715  12.507605213169798
-0.3152793252947239  769  536  535.9482376340508  2.7289086319754006  -0.01653732217045763  12.460136842252064
-0.3152793252947239  769  560  559.5902938831912  2.7392601898359317  -0.016922882958015868  12.413095010428405
-0.3152793252947239  769  583  582.9149902469335  2.772751220009127  -0.023832077442616038  12.366467813479177
-0.3152793252947239  769  606  605.9586381661289  2.7100131080283063  -0.0058398352659298205  12.320246526961393
-0.3152793252947239  769  629  628.6830382531012  2.6736622849650757  -0.02613703915559038  12.274416525419328
-0.3152793252947239  768  651  651.1566756759001  2.7175747948233493  -0.005162489749000278  12.228892126868121
-0.3152793252947239  768  673  673.3354024325512  2.7206502549208835  0.0025312195891655804  12.183794128589648
-0.3152793252947239  768  695  695.2398180899863  2.785054928152249  0.0023265486759324063  12.138952172365611
-0.3152793252947239  767  717  716.847949316379  2.6664089855934208  -0.02861451097788786  12.094406799091546
-0.3152793252947239  767  738  738.1862723793372  2.660300215211578  -0.037017330981237016  12.050228710037485
-0.3152793252947239  766  759  759.313548337056  2.6720274434943576  -0.03072233371560232  12.00633322566029
-0.3152793252947239  766  780  780.1143467181228  2.5918834978948553  -0.05024749771880181  11.962757909076876
-0.3152793252947239  765  801  800.8089948058381  2.585914657284661  -0.029717599415676827  11.919538649042892
-0.3152793252947239  765  821  821.1700041231536  2.6135507739236346  -0.015268486789483879  11.876619226567165
-0.3152793252947239  764  841  841.3372017378568  2.5542454370099676  -0.010293187614604047  11.834007131982395
-0.3152793252947239  764  861  861.2237779220113  2.5872086861645585  -0.010541635208508532  11.791677949685809
-0.3152793252947239  763  881  880.906673543778  2.5623934164036655  -0.03908764576822321  11.749654521975623
-0.3152793252947239  762  900  900.4583923454816  2.505920442733782  -0.030241694280803217  11.707855705244786
-0.3152793252947239  762  920  919.7198956394818  2.4804256055920177  -0.019645186553905646  11.666331077259327
-0.3152793252947239  761  939  938.729214275884  2.415464487166332  -0.06162674550260831  11.624992017760599
-0.3152793252947239  760  958  957.623380996821  2.3225498322100293  -0.03583682242491215  11.583948644170405
-0.3152793252947239  759  976  976.3412586319945  2.3138417185555227  -0.01837682970390741  11.543143020704418
-0.3152793252947239  759  995  994.751046671664  2.299040846181583  -0.043658645072750434  11.502622239734972
-0.3152793252947239  758  1013  1013.0274571190811  2.35084661790097  -0.02358878919201728  11.462393344359295
-0.06782932529472419  756  22  21.926134526057623  3.929640292821002  -0.017283598968082115  13.42597356799033
-0.06782932529472419  758  52  52.453943997913335  3.899095425474151  -0.006407853397996522  13.371617538388005
-0.06782932529472419  759  82  82.51100107073422  3.7714622511558673  -0.0035636271958382846  13.31768711234676
-0.06782932529472419  760  112  112.14115136500851  3.6162445857729892  -0.008287444003921538  13.264167358413747
-0.06782932529472419  761  141  141.37015767453488  3.4409324929192735  -0.021426513432490083  13.211063817210619
-0.06782932529472419  762  170  170.17909138213037  3.384619535961974  -0.026503610084936274  13.158228048911674
-0.06782932529472419  763  199  198.65788283859033  3.3040132475760515  -0.024182643442467535  13.105778689018138
-0.06782932529472419  764  227  226.68979353577853  3.253641004465436  -0.02783191535564461  13.053772420313775
-0.06782932529472419  765  254  254.40787428563766  3.1418499817043255  -0.003604698732001644  13.002222165394535
-0.06782932529472419  765  282  281.7287002301456  3.0296340675926103  -0.0028077356480485315  12.951050955150569
-0.06782932529472419  766  309  308.6205306507966  2.992559913227012  -0.04596679185517308  12.900305078026493
-0.06782932529472419  766  335  335.2760768583643  3.054816269960156  -0.004722639522907588  12.849826524156787
-0.06782932529472419  767  362  361.55472592278323  2.9741163198245886  -0.01751163659886511  12.799737484260943
-0.06782932529472419  767  387  387.47950396414376  2.8825785018295846  -0.009841890442932691  12.750018939619984
-0.06782932529472419  767  413  413.02313794757856  2.904214823241432  -0.025278364323272472  12.700781007255367
-0.06782932529472419  768  438  438.2710229338607  2.8008079601398777  -0.03453487433635643  12.6518955976802
-0.06782932529472419  768  463  463.18948820439334  2.8507214745479814  -0.008840489309024832  12.60350160525282
-0.06782932529472419  768  488  487.7293067691887  2.781540617574933  -0.01968540737975614  12.555368217600556
-0.06782932529472419  768  512  512.0117719248285  2.737427876627123  -0.012574371690060756  12.507605213169798
-0.06782932529472419  768  536  535.9608488874536  2.731843726947318  -0.01620374884229505  12.460136842252064
-0.06782932529472419  768  560  559.6057384835599  2.7435792703984134  -0.000761136997217705  12.413095010428405
-0.06782932529472419  768  583  582.9063853418994  2.812769122884106  -0.03209495414398606  12.366467813479177
-0.06782932529472419  768  606  605.9735727507685  2.695708240500153  -0.00314746219242207  12.320246526961393
-0.06782932529472419  768  629  628.6665834439478  2.689154248784348  -0.03868489691749526  12.274416525419328
-0.06782932529472419  767  651  651.139128423044  2.6943925263053643  -0.01718149799509734  12.228892126868121
-0.06782932529472419  767  673  673.3326183456256  2.7549378108647034  -0.0024599895004325818  12.183794128589648
-0.06782932529472419  767  695  695.2678069546317  2.789071052895906  0.011721917983489493  12.138952172365611
-0.06782932529472419  766  717  716.8557384273879  2.71665854112382  -0.031133796731048338  12.094406799091546
-0.06782932529472419  766  738  738.1735996539335  2.6531821375129994  -0.05118940328322751  12.050228710037485
-0.06782932529472419  765  759  759.3345598683712  2.661776916890517  -0.031458870346094306  12.00633322566029
-0.06782932529472419  765  780  780.1853836368639  2.615224607576579  -0.02615858765725636  11.962757909076876
-0.06782932529472419  764  801  800.8014076220672  2.5865667115091355  -0.04325939550921607  11.919538649042892
-0.06782932529472419  764  821  821.1962492786546  2.609633698506059  -0.011444002563719467  11.876619226567165
-0.06782932529472419  763  841  841.3456869367468  2.5727585059635203  -0.020528924520045008  11.834007131982395
-0.06782932529472419  763  861  861.2620572856787  2.530382982882884  -0.005673453740194626  11.791677949685809
-0.06782932529472419  762  881  880.951558503257  2.5632289898580893  -0.03293503641015232  11.749654521975623
-0.06782932529472419  761  900  900.476998656723  2.506441555035053  -0.0409796136477654  11.707855705244786
-0.06782932529472419  761  920  919.7343038757951  2.4886048174697635  -0.03530491532175813  11.666331077259327
-0.06782932529472419  760  939  938.7563662603961  2.427842235166736  -0.06355733277879116  11.624992017760599
-0.06782932529472419  759  958  957.6580572539341  2.35829549153641  -0.03754236488068428  11.583948644170405
-0.06782932529472419  758  976  976.377555294017  2.282236291380059  -0.016700488096118595  11.543143020704418
-0.06782932529472419  758  995  994.7874050099517  2.301766026259884  -0.03607451780645875  11.502622239734972
-0.06782932529472419  757  1013  1013.0797425931975  2.412075719368886  -0.018351614101455197  11.462393344359295
0.17962067470527554  755  22  21.8246656195191  3.895160531215531  -0.027624220290210128  13.42597356799033
0.17962067470527554  757  52  52.4167734483407  3.869639353910614  -0.005616629632016711  13.371617538388005
0.17962067470527554  758  82  82.45506233797482  3.7317205864496543  -0.0043867664476664285  13.31768711234676
0.17962067470527554  759  112  112.08961740342885  3.570292758417679  -0.010719109287707824  13.264167358413747
0.17962067470527554  760  141  141.35398371662197  3.4622529305327703  -0.013536737179114034  13.211063817210619
0.17962067470527554  761  170  170.15057930878632  3.3679033171014225  -0.02014048865303939  13.158228048911674
0.17962067470527554  762  199  198.60948567505403  3.3130480247157834  -0.02709439660393596  13.105778689018138
0.17962067470527554  763  227  226.65106043334237  3.2302126917687417  -0.023093008858928506  13.053772420313775
0.17962067470527554  764  254  254.34712555247867  3.153480821451808  -0.017352045136200662  13.002222165394535
0.17962067470527554  764  282  281.6783566490679  3.0235385831738313  -0.009723188544434326  12.951050955150569
0.17962067470527554  765  309  308.6213649238042  3.0077452948984273  -0.030998045071442774  12.900305078026493
0.17962067470527554  765  335  335.2806916004638  3.0391013069769315  0.0008372826349635017  12.849826524156787
0.17962067470527554  766  362  361.5653902214734  2.961751575768858  -0.011592452368556973  12.799737484260943
0.17962067470527554  766  387  387.4563285358385  2.8791233455294787  -0.01274167323719602  12.750018939619984
0.17962067470527554  766  413  413.01931744734895  2.9041505865710064  -0.022916647654001376  12.700781007255367
0.17962067470527554  767  438  438.2609246392447  2.8440847198676806  -0.03240954769908923  12.6518955976802
0.17962067470527554  767  463  463.1660525993598  2.846515386028159  -0.009903733919326222  12.60350160525282
0.17962067470527554  767  488  487.76000365108877  2.775627745931388  -0.006997379217759117  12.555368217600556
0.17962067470527554  767  512  512.001106823404  2.741601863920266  -0.014754490070524293  12.507605213169798
0.17962067470527554  767  536  535.9219029377713  2.74313678120393  -0.02246213296687604  12.460136842252064
0.17962067470527554  767  560  559.5959762154678  2.7384440215244013  -0.009616517017121249  12.413095010428405
0.17962067470527554  767  583  582.9320957347088  2.8120714351230163  -0.017230497901462857  12.366467813479177
0.17962067470527554  767  606  605.9713381771853  2.7018023259483925  -0.010923050662415374  12.320246526961393
0.17962067470527554  767  629  628.67728131311  2.688505444708426  -0.03960159712873953  12.274416525419328
0.17962067470527554  766  651  651.1275577240543  2.715633781898532  -0.023916667816129264  12.228892126868121
0.17962067470527554  766  673  673.3394323249879  2.7498668364469268  -0.0033059238821806732  12.183794128589648
0.17962067470527554  766  695  695.2449955650843  2.784196001276996  -0.0012230572333035207  12.138952172365611
0.17962067470527554  765  717  716.8679239311185  2.6936988480813397  -0.032417054186897276  12.094406799091546
0.17962067470527554  765  738  738.2030434607394  2.634809925208515  -0.04943588634631736  12.050228710037485
0.17962067470527554  764  759  759.3534247536738  2.6481164617572404  -0.024436813384449228  12.00633322566029
0.17962067470527554  764  780  780.2048478976114  2.5828739564685748  -0.020892239779920628  11.962757909076876
0.17962067470527554  763  801  800.8336539023437  2.600882974307069  -0.03834455194189934  11.919538649042892
0.17962067470527554  763  821  821.2072271122761  2.5856936757759286  -0.020822378265770027  11.876619226567165
0.17962067470527554  762  841  841.3916118784291  2.56617298077299  -0.018201875471205786  11.834007131982395
0.17962067470527554  762  861  861.2928911416715  2.5242110759827483  -0.00921901002041451  11.791677949685809
0.17962067470527554  761  881  881.0004220929945  2.602995934289538  -0.023196786124772314  11.749654521975623
0.17962067470527554  760  900  900.4978687446031  2.5192055761229994  -0.05214805598440436  11.707855705244786
0.17962067470527554  760  920  919.7840111853576  2.4788903097482944  -0.021716439062692015  11.666331077259327
0.17962067470527554  759  939  938.792000094793  2.4416973395600508  -0.06444888692247894  11.624992017760599
0.17962067470527554  758  958  957.6948516030586  2.363126266601853  -0.042166312938592215  11.583948644170405
0.17962067470527554  757  976  976.426011318255  2.287419056147428  -0.01661379924574061  11.543143020704418
0.17962067470527554  757  995  994.8341661073835  2.308654820737388  -0.028495533031414052  11.502622239734972
0.17962067470527554  756  1013  1013.1362224731333  2.406020276701156  -0.012485517172620269  11.462393344359295
0.42707067470527527  754  22  21.768365548239093  3.8642568466166054  -0.03017304581263632  13.42597356799033
0.42707067470527527  756  52  52.34804116209364  3.8622250390032207  -0.013253616140932166  13.371617538388005
0.42707067470527527  757  82  82.40687393924479  3.707143863807005  -0.0008338576834283277  13.31768711234676
0.42707067470527527  758  112  112.05921147841741  3.556721405500298  -0.0041370231694542944  13.264167358413747
0.42707067470527527  759  141  141.28376888653992  3.4711790325564493  -0.016877532509362334  13.211063817210619
0.42707067470527527  760  170  170.11150404963576  3.3699021732779784  -0.027635167213548813  13.158228048911674
0.42707067470527527  761  198  198.56770598073348  3.3316948411057865  -0.023747668930900453  13.105778689018138
0.42707067470527527  762  227  226.62137960985118  3.2749641013271003  -0.022943944528370893  13.053772420313775
0.42707067470527527  763  254  254.35337347880645  3.1347796096239335  -0.010759812414464184  13.002222165394535
0.42707067470527527  763  282  281.69577397707695  3.064362721208795  0.0013647038199832715  12.951050955150569
0.42707067470527527  764  309  308.60736787621147  3.002827453631994  -0.01931908427745584  12.900305078026493
0.42707067470527527  764  335  335.2724705835193  3.0529009275712724  0.007753553666316867  12.849826524156787
0.42707067470527527  765  362  361.5649185700339  2.9287238342375304  0.0024963095457615006  12.799737484260943
0.42707067470527527  765  387  387.4433064369327  2.896398449274102  -0.012156720326166175  12.750018939619984
0.42707067470527527  765  413  413.00413709035263  2.897308360348518  -0.01998299846943876  12.700781007255367
0.42707067470527527  766  438  438.2411613489268  2.809146922820446  -0.0318385330195355  12.6518955976802
0.42707067470527527  766  463  463.1733204021505  2.852710130556602  -0.0033626779580891164  12.60350160525282
0.42707067470527527  766  488  487.7448698371298  2.74237556921139  -0.006212414561715959  12.555368217600556
0.42707067470527527  766  512  512.0034785459676  2.7545050392122903  -0.01561429575404892  12.507605213169798
0.42707067470527527  766  536  535.9500194380863  2.782014340597925  -0.014230793369151716  12.460136842252064
0.42707067470527527  766  560  559.5851730335137  2.7244868584930373  -0.012547144263763839  12.413095010428405
0.42707067470527527  766  583  582.9104809368947  2.8098655991414034  -0.029126778141179296  12.366467813479177
0.42707067470527527  766  606  605.9548027273609  2.646616776865244  -0.02405238918421864  12.320246526961393
0.42707067470527527  766  629  628.7096923172405  2.702711187646514  -0.03236667436400283  12.274416525419328
0.42707067470527527  765  651  651.1579174764937  2.735351064602355  -0.003989850149067718  12.228892126868121
0.42707067470527527  765  673  673.3438935935033  2.736993007429419  -0.002907267012068377  12.183794128589648
0.42707067470527527  765  695  695.287865199329  2.765869168599238  0.005478757086047365  12.138952172365611
0.42707067470527527  764  717  716.885121758833  2.7045244361869436  -0.029892423890400206  12.094406799091546
0.42707067470527527  764  738  738.2087185331628  2.609320809088217  -0.05920778398017653  12.050228710037485
0.42707067470527527  763  759  759.3778330381033  2.650474751453544  -0.0263910443196439  12.00633322566029
0.42707067470527527  763  780  780.2173293241543  2.5389004330638727  -0.03654792204528464  11.962757909076876
0.42707067470527527  762  801  800.8363883469887  2.6448707579892243  -0.0405815722573506  11.919538649042892
0.42707067470527527  762  821  821.2489242291834  2.6115825085564666  -0.013459864697659115  11.876619226567165
0.42707067470527527  761  841  841.420414661671  2.5380278770057885  -0.016784890371551054  11.834007131982395
0.42707067470527527  761  861  861.3204322867682  2.532573983930888  -0.014264973956191978  11.791677949685809
0.42707067470527527  760  881  881.0412279616154  2.583740606936317  -0.017207106945111524  11.749654521975623
0.42707067470527527  759  901  900.5578530894453  2.5093553666114303  -0.027577722065382112  11.707855705244786
0.42707067470527527  759  920  919.8137154323277  2.4671820198776686  -0.024413734156080797  11.666331077259327
0.42707067470527527  758  939  938.8297323807775  2.445049137819865  -0.06181310306214769  11.624992017760599
0.42707067470527527  757  958  957.7464515024409  2.383290069141026  -0.03788489289352742  11.583948644170405
0.42707067470527527  756  976  976.4606317576296  2.3388199741054905  -3.23815462239117e-05  11.543143020704418
0.42707067470527527  756  995  994.8855854455566  2.3415119433143445  -0.025011138852150935  11.502622239734972
0.42707067470527527  755  1013  1013.1870705011106  2.380070790507716  -0.008306136707679383  11.462393344359295
0.674520674705275  753  22  21.713122297043032  3.884133022470259  -0.029111442646827707  13.42597356799033
0.674520674705275  755  52  52.270751922932654  3.8801940429587916  -0.009723281360661756  13.371617538388005
0.674520674705275  756  82  82.39876145599527  3.7234639389966446  0.0018861114277904933  13.31768711234676
0.674520674705275  757  112  112.02465936587707  3.603736612966088  -0.009023858300846501  13.264167358413747
0.674520674705275  758  141  141.21570404868285  3.4928391793659443  -0.021960626901591538  13.211063817210619
0.674520674705275  759  170  170.08418110993813  3.3718629869061942  -0.005353722321502623  13.158228048911674
0.674520674705275  760  199  198.5507653149718  3.376111490504286  -0.01442677837907856  13.105778689018138
0.674520674705275  761  227  226.63463743043974  3.27301672760791  -0.006757393393711276  13.053772420313775
0.674520674705275  762  254  254.3165637811129  3.1568409152108927  -0.01438839005255091  13.002222165394535
0.674520674705275  762  282  281.67838038689547  3.0748500530373803  0.005335257193487752  12.951050955150569
0.674520674705275  763  309  308.5875214126558  3.0119146541903774  -0.023351290512837648  12.900305078026493
0.674520674705275  763  335  335.2514120393671  3.055692821659136  0.011461878549877343  12.849826524156787
0.674520674705275  764  362  361.5152798419569  2.9426239747303953  -0.0039999858278653025  12.799737484260943
0.674520674705275  764  387  387.4303821045926  2.8817033850277767  -0.004742011710611608  12.750018939619984
0.674520674705275  764  413  413.0095865634783  2.9559985026898516  -0.025051211737100277  12.700781007255367
0.674520674705275  765  438  438.24748601387074  2.8174442867640437  -0.025662201360449468  12.6518955976802
0.674520674705275  765  463  463.1593491107621  2.830517424500954  -0.0015761607835160726  12.60350160525282
0.674520674705275  765  488  487.73064710992276  2.7347958896747286  -0.02118867097722771  12.555368217600556
0.674520674705275  765  512  511.9983488101233  2.740971419960431  -0.01560956963396109  12.507605213169798
0.674520674705275  765  536  535.9576816596041  2.791018545227871  -0.018372415025439525  12.460136842252064
0.674520674705275  765  560  559.5904784991814  2.694643757998847  -0.016511390137069804  12.413095010428405
0.674520674705275  765  583  582.9291069141003  2.7515662333667024  -0.023617244375650954  12.366467813479177
0.674520674705275  765  606  605.9887977158066  2.6618318374139562  -0.007163306558212177  12.320246526961393
0.674520674705275  765  629  628.6817314713676  2.6885839408282663  -0.039071402211312556  12.274416525419328
0.674520674705275  764  651  651.1345381857337  2.701048928437899  -0.02108459285675628  12.228892126868121
0.674520674705275  764  673  673.3810770600022  2.76811703271801  0.004988244251240055  12.183794128589648
0.674520674705275  764  695  695.29819117794  2.7670304305040645  0.012559073558026655  12.138952172365611
0.674520674705275  763  717  716.9051641711964  2.6829851726292873  -0.034638379093714776  12.094406799091546
0.674520674705275  763  738  738.2457769965602  2.625286574133611  -0.05687777717819514  12.050228710037485
0.674520674705275  762  759  759.4069960517679  2.7266229956478583  -0.017810314257912695  12.00633322566029
0.674520674705275  762  780  780.2643273491576  2.594057292923708  -0.018928129776769602  11.962757909076876
0.674520674705275  761  801  800.8547336200685  2.625705356119056  -0.0439599157059467  11.919538649042892
0.674520674705275  761  821  821.2414231291865  2.553447353933052  -0.02405411720104109  11.876619226567165
0.674520674705275  760  841  841.4453898027931  2.556195797260216  -0.015562425879035485  11.834007131982395
0.674520674705275  760  861  861.3640794035038  2.542643500622944  -0.007106224194929335  11.791677949685809
0.674520674705275  759  881  881.0748256900893  2.5918087588040635  -0.016041836820598915  11.749654521975623
0.674520674705275  758  901  900.5863830090269  2.507791827554911  -0.04063523140658641  11.707855705244786
0.674520674705275  758  920  919.8391685922261  2.47483157227623  -0.02549755050179334  11.666331077259327
0.674520674705275  757  939  938.8622771805954  2.4679029353083024  -0.06592395980508173  11.624992017760599
0.674520674705275  756  958  957.7899391997829  2.3712564425641176  -0.031861134631244986  11.583948644170405
0.674520674705275  755  977  976.5148004254535  2.3078365403732732  -0.009048945429252612  11.543143020704418
0.674520674705275  755  995  994.9172343381509  2.316647942081545  -0.030265764544341177  11.502622239734972
0.674520674705275  754  1013  1013.244666481981  2.377716906945352  0.004315573819147321  11.462393344359295
0.9219706747052747  752  22  21.698788072145412  3.9491636257329574  -0.014240958162899097  13.42597356799033
0.9219706747052747  754  52  52.251166259814774  3.919084279515019  -0.004076485810562367  13.371617538388005
0.9219706747052747  755  82  82.34679171025851  3.6800104733875685  -0.003925426349811241  13.31768711234676
0.9219706747052747  756  112  111.99747909412886  3.6001825471469004  -0.006651694210721188  13.264167358413747
0.9219706747052747  757  141  141.1756825513742  3.5272742850589225  -0.023802318909560537  13.211063817210619
0.9219706747052747  758  170  170.00946660446579  3.3300783017520246  -0.01958088197099543  13.158228048911674
0.9219706747052747  759  198  198.50928913557325  3.3573245030590044  -0.018903725523138275  13.105778689018138
0.9219706747052747  760  227  226.61537285084623  3.237360390120955  -0.004124331052860441  13.053772420313775
0.9219706747052747  761  254  254.26010576113993  3.1366733124414736  -0.02041321395792774  13.002222165394535
0.9219706747052747  761  282  281.6066182908059  3.0659373455936247  -0.00789703500858621  12.951050955150569
0.9219706747052747  762  308  308.55197244966155  3.0318657973222685  -0.033486018835120625  12.900305078026493
0.9219706747052747  762  335  335.19821146209125  3.0397635585244416  -0.001520321509307392  12.849826524156787
0.9219706747052747  763  362  361.488431796724  2.957988735049071  -0.006637133231188679  12.799737484260943
0.9219706747052747  763  387  387.40218705849355  2.8782943539832786  -0.01442138212285765  12.750018939619984
0.9219706747052747  764  413  412.97982554385396  2.9140886489526565  -0.026926109242949917  12.700781007255367
0.9219706747052747  764  438  438.23011824042067  2.84462211990342  -0.01875039188665456  12.6518955976802
0.9219706747052747  764  463  463.1460624617438  2.819394839641177  -0.012535613882839415  12.60350160525282
0.9219706747052747  764  488  487.7444764680379  2.7025088159485335  -0.011345895671790762  12.555368217600556
0.9219706747052747  764  512  512.0013560266325  2.7481836799685766  -0.0170956500727469  12.507605213169798
0.9219706747052747  764  536  535.9181611132052  2.7840390225587726  -0.021927812964358383  12.460136842252064
0.9219706747052747  764  560  559.6002471251884  2.75644462141463  -0.014412922714351281  12.413095010428405
0.9219706747052747  764  583  582.932387574794  2.794711018525163  -0.024544000007983423  12.366467813479177
0.9219706747052747  764  606  605.9929967280435  2.67205145197795  -0.002125475700069877  12.320246526961393
0.9219706747052747  764  629  628.6845331826325  2.709052208275125  -0.04431278689944076  12.274416525419328
0.9219706747052747  763  651  651.1456886174847  2.685259728814117  -0.02107202383193834  12.228892126868121
0.9219706747052747  763  673  673.3894613483353  2.753675180063965  0.010546671643541587  12.183794128589648
0.9219706747052747  763  695  695.3160284956067  2.721690343016917  0.010609944977350285  12.138952172365611
0.9219706747052747  762  717  716.9008716612391  2.710226643761416  -0.04378476313008096  12.094406799091546
0.9219706747052747  762  738  738.2472668641794  2.625493341654874  -0.05919894680991499  12.050228710037485
0.9219706747052747  762  759  759.4190907718626  2.6992304830426974  -0.029344647697848877  12.00633322566029
0.9219706747052747  761  780  780.2772342875568  2.5823192070596406  -0.0217423260976229  11.962757909076876
0.9219706747052747  760  801  800.857944738205  2.60841972969331  -0.04903395057960163  11.919538649042892
0.9219706747052747  760  821  821.2904752758946  2.589052528770253  -0.01857071816715626  11.876619226567165
0.9219706747052747  759  841  841.4762711885  2.551007510915724  -0.013887024370875118  11.834007131982395
0.9219706747052747  759  861  861.3838245153219  2.5649430846751784  -0.010093284273533527  11.791677949685809
0.9219706747052747  758  881  881.1162028152719  2.5777047514354763  -0.017525281666692746  11.749654521975623
0.9219706747052747  757  901  900.6011579047344  2.5111741194444903  -0.04300099972426048  11.707855705244786
0.9219706747052747  757  920  919.8785760882764  2.446512169045036  -0.027100228199580582  11.666331077259327
0.9219706747052747  756  939  938.9023301239955  2.4892217806431063  -0.05951098921208702  11.624992017760599
0.9219706747052747  755  958  957.8472043513381  2.36714752721241  -0.02611532099871488  11.583948644170405
0.9219706747052747  754  977  976.5407993743653  2.341882843613803  -0.012560135080362923  11.543143020704418
0.9219706747052747  754  995  994.9604976454633  2.3372901886536965  -0.022952022299945363  11.502622239734972
0.9219706747052747  753  1013  1013.2729491763608  2.3870831423150776  -0.0054273787943173325  11.462393344359295
1.1694206747052744  751  22  21.663714180335944  3.9746192435431347  -0.012605603452367284  13.42597356799033
1.1694206747052744  753  52  52.2447831172665  3.8919669126743486  0.002244184016083808  13.371617538388005
1.1694206747052744  754  82  82.30554750662435  3.6788738562203775  0.0008261127522720613  13.31768711234676
1.1694206747052744  755  112  111.98250116272102  3.5388673448245953  0.004776413661899115  13.264167358413747
1.1694206747052744  756  141  141.1694895419473  3.5437097400761672  -0.015434903403956398  13.211063817210619
1.1694206747052744  757  170  169.9838067343045  3.389144121383538  -0.02518496832207605  13.158228048911674
1.1694206747052744  758  198  198.4547743300593  3.353701816403344  -0.02259678951906385  13.105778689018138
1.1694206747052744  759  227  226.54098902118753  3.2395822020042147  -0.016727438748770286  13.053772420313775
1.1694206747052744  760  254  254.23339659311415  3.140285764123945  -0.02042764401103324  13.002222165394535
1.1694206747052744  760  282  281.59573328510965  3.093525659371494  -0.001387917490598957  12.951050955150569
1.1694206747052744  761  308  308.5295911464186  3.055971977043157  -0.03301236275160126  12.900305078026493
1.1694206747052744  761  335  335.16591158266584  3.0646030933938846  -0.009343245888525751  12.849826524156787
1.1694206747052744  762  361  361.4718432002471  2.9264415767513583  -0.007579335379470914  12.799737484260943
1.1694206747052744  762  387  387.3823755119852  2.928595228546669  -0.012239807663698499  12.750018939619984
1.1694206747052744  763  413  412.95469468844004  2.900269082739726  -0.033941645358728116  12.700781007255367
1.1694206747052744  763  438  438.21132321234467  2.830710298076042  -0.020389552205964903  12.6518955976802
1.1694206747052744  763  463  463.14975644325534  2.8099683637109365  -0.006470139958793016  12.60350160525282
1.1694206747052744  763  488  487.7250819850355  2.7247139120513566  -0.007274942974448298  12.555368217600556
1.1694206747052744  763  512  511.9636843602326  2.710406736068478  -0.02467309239590569  12.507605213169798
1.1694206747052744  763  536  535.9364689438014  2.772425412730854  -0.018587169634056867  12.460136842252064
1.1694206747052744  763  560  559.595809946025  2.771282297760081  -0.00896072537807021  12.413095010428405
1.1694206747052744  763  583  582.9607979569748  2.766499088859973  -0.01625825597144917  12.366467813479177
1.1694206747052744  763  606  605.9864214470228  2.668551591792493  -0.010438320032385639  12.320246526961393
1.1694206747052744  763  629  628.6807417537781  2.7301686297810193  -0.05007368470835617  12.274416525419328
1.1694206747052744  762  651  651.1543969929959  2.6914602690484344  -0.02260787788206332  12.228892126868121
1.1694206747052744  762  673  673.4096338539429  2.741291127524619  0.007139748873822533  12.183794128589648
1.1694206747052744  762  695  695.3370105019594  2.740931104488027  0.0024439669792351956  12.138952172365611
1.1694206747052744  761  717  716.9054074786496  2.72385738574269  -0.04967978036379842  12.094406799091546
1.1694206747052744  761  738  738.2768946695569  2.6438320587921  -0.045785483763676894  12.050228710037485
1.1694206747052744  761  759  759.4484691122  2.6796099182543003  -0.012680935241683204  12.00633322566029
1.1694206747052744  760  780  780.3059148677811  2.5713572803872466  -0.026249892885978843  11.962757909076876
1.1694206747052744  760  801  800.9026947513031  2.6309681313967985  -0.04357621896381234  11.919538649042892
1.1694206747052744  759  821  821.3339497539226  2.5669788704456096  -0.017084804530670412  11.876619226567165
1.1694206747052744  758  841  841.4768983172946  2.540468331656257  -0.03291203404912591  11.834007131982395
1.1694206747052744  758  861  861.4266849212264  2.524077206171114  -0.01209540595203801  11.791677949685809
1.1694206747052744  757  881  881.1685434956747  2.5691593248029676  -0.0028536840879868366  11.749654521975623
1.1694206747052744  756  901  900.6486367460667  2.5724801511382793  -0.022127325806935452  11.707855705244786
1.1694206747052744  756  920  919.940074595697  2.449076911997736  -0.020296556295849574  11.666331077259327
1.1694206747052744  755  939  938.9645129464391  2.465149185984046  -0.04972161881638844  11.624992017760599
1.1694206747052744  754  958  957.8773183157824  2.3882468210762227  -0.02837601258906016  11.583948644170405
1.1694206747052744  753  977  976.5728766163077  2.311971388693337  -0.02361878513327829  11.543143020704418
1.1694206747052744  753  995  994.9875915609874  2.3333693826042463  -0.025455155305161837  11.502622239734972
1.1694206747052744  752  1013  1013.3225252054159  2.390963111001838  -0.008128470428582621  11.462393344359295
1.4168706747052742  750  22  21.579219573077335  3.983349879848113  -0.017566944911976027  13.42597356799033
1.4168706747052742  752  52  52.16780449601588  3.921718540981665  -0.00016051993625149628  13.371617538388005
1.4168706747052742  753  82  82.26151113478319  3.664445369844003  0.0021598314959659077  13.31768711234676
1.4168706747052742  754  112  111.89246451105817  3.5589271011735804  -0.01191646874754033  13.264167358413747
1.4168706747052742  755  141  141.11771026836382  3.4876546332191936  -0.02287705273114348  13.211063817210619
1.4168706747052742  756  170  169.95262874898233  3.4451943220184944  -0.029296402235730747  13.158228048911674
1.4168706747052742  757  198  198.43323231447474  3.3364902024428886  -0.019443939732794888  13.105778689018138
1.4168706747052742  758  226  226.514196825783  3.195030750482289  -0.022315866104799048  13.053772420313775
1.4168706747052742  759  254  254.2197384692691  3.1653924082231697  -0.016694970677518607  13.002222165394535
1.4168706747052742  759  282  281.56374520827626  2.996351371538026  -0.004137980010791696  12.951050955150569
1.4168706747052742  760  308  308.5103677042533  3.042154749886663  -0.02485489004079672  12.900305078026493
1.4168706747052742  760  335  335.18015125006207  3.0168527707234034  0.0011097544214505055  12.849826524156787
1.4168706747052742  761  361  361.45949274551407  2.9510655506161356  -0.008060264621865501  12.799737484260943
1.4168706747052742  761  387  387.35914084119156  2.9310871532512692  -0.015781726200330817  12.750018939619984
1.4168706747052742  762  413  412.93554465548783  2.926931972845921  -0.03206557275393652  12.700781007255367
1.4168706747052742  762  438  438.2237460592786  2.813934720497514  -0.017977064974104298  12.6518955976802
1.4168706747052742  762  463  463.1276744933788  2.828629400552927  -0.017176227261936943  12.60350160525282
1.4168706747052742  762  488  487.70029576422763  2.7530712831642177  -0.019046947235516646  12.555368217600556
1.4168706747052742  762  512  511.95531890864436  2.7488863316820584  -0.027714373670315637  12.507605213169798
1.4168706747052742  762  536  535.9182074289693  2.74077715803935  -0.02165549094644623  12.460136842252064
1.4168706747052742  762  560  559.5914440623769  2.7351438760767905  -0.006282413205139235  12.413095010428405
1.4168706747052742  762  583  582.9240590900849  2.779934817062326  -0.032812215397261625  12.366467813479177
1.4168706747052742  762  606  605.9931621004334  2.6734070958482334  -0.014584773778760177  12.320246526961393
1.4168706747052742  762  629  628.6927015582804  2.7010106873350423  -0.041054639337242106  12.274416525419328
1.4168706747052742  761  651  651.2099822307381  2.714761863642252  -0.00205571044122518  12.228892126868121
1.4168706747052742  761  673  673.4347800819753  2.756313866106211  0.007525370842064146  12.183794128589648
1.4168706747052742  761  695  695.3616136190622  2.723889705917145  0.007643976638622883  12.138952172365611
1.4168706747052742  760  717  716.9358069979239  2.736847498787256  -0.04771912686547981  12.094406799091546
1.4168706747052742  760  738  738.2928789187039  2.658724256501273  -0.05489962163640152  12.050228710037485
1.4168706747052742  760  759  759.4433773220321  2.6213928280948267  -0.03302853336443576  12.00633322566029
1.4168706747052742  759  780  780.3198118730106  2.5772792180887336  -0.032731050525644206  11.962757909076876
1.4168706747052742  759  801  800.9200618124255  2.630667228739071  -0.03837554406872406  11.919538649042892
1.4168706747052742  758  821  821.3443286612156  2.581531271033782  -0.02009130392716449  11.876619226567165
1.4168706747052742  757  842  841.5184915729828  2.5491891761134866  -0.02324147595156778  11.834007131982395
1.4168706747052742  757  861  861.4740901646528  2.540641775254471  -0.006909558251822194  11.791677949685809
1.4168706747052742  756  881  881.21493579497  2.591956336721296  0.0010296227568837252  11.749654521975623
1.4168706747052742  755  901  900.6955995390224  2.5708206668089133  -0.03254369001933403  11.707855705244786
1.4168706747052742  755  920  919.9491106831276  2.4796842698160617  -0.034477259342592215  11.666331077259327
1.4168706747052742  754  939  939.0093858789389  2.495529500518387  -0.04161815650720018  11.624992017760599
1.4168706747052742  753  958  957.9249188382256  2.380797917519317  -0.02681748177614963  11.583948644170405
1.4168706747052742  752  977  976.571988149885  2.3233741584417658  -0.05890808615127813  11.543143020704418
1.4168706747052742  752  995  995.0723869054482  2.355581623784019  -0.004635503972056891  11.502622239734972
1.4168706747052742  751  1013  1013.3743357121085  2.374082054395103  -0.0013278739608872617  11.462393344359295
1.664320674705274  749  22  21.52792658264125  3.9663533683859704  -0.013185869327054253  13.42597356799033
1.664320674705274  751  52  52.126646144335  3.940545578352925  0.0018563734714457443  13.371617538388005
1.664320674705274  752  82  82.23176048153005  3.744165885870501  0.005837186571664576  13.31768711234676
1.664320674705274  753  112  111.85242431456886  3.574563576150979  -0.012105398023102973  13.264167358413747
1.664320674705274  754  141  141.06504449985172  3.5183716509572776  -0.01919177859746611  13.211063817210619
1.664320674705274  755  170  169.9034007112443  3.443092995602427  -0.021514320771946004  13.158228048911674
1.664320674705274  756  198  198.42457225578408  3.335102148224564  -0.014219188291568452  13.105778689018138
1.664320674705274  757  226  226.5101814585995  3.2376634842764815  -0.009136824195058261  13.053772420313775
1.664320674705274  758  254  254.22169104597668  3.142936245219488  -0.005972155549570612  13.002222165394535
1.664320674705274  758  282  281.5202943182557  3.0731172756328533  -0.004556153456292118  12.951050955150569
1.664320674705274  759  308  308.48821744974975  3.055799314078854  -0.01678559045403589  12.900305078026493
1.664320674705274  759  335  335.1498274853324  2.999091939266691  0.0031966519538600686  12.849826524156787
1.664320674705274  760  361  361.4480585359168  2.954200300438515  -0.003002497376938607  12.799737484260943
1.664320674705274  760  387  387.33951895305665  2.9288220161695335  -0.01869482777501457  12.750018939619984
1.664320674705274  761  413  412.89601620671533  2.9454871001693164  -0.047396889540773986  12.700781007255367
1.664320674705274  761  438  438.21663807301803  2.796687355249105  -0.012241795232511427  12.6518955976802
1.664320674705274  761  463  463.1012481996132  2.810435200248776  -0.024777037067352656  12.60350160525282
1.664320674705274  761  488  487.68595577033057  2.7359770764430777  -0.03302038830979753  12.555368217600556
1.664320674705274  761  512  511.9578183429229  2.772870889575188  -0.022686650922245453  12.507605213169798
1.664320674705274  761  536  535.910184822197  2.753963115685224  -0.02314246444870134  12.460136842252064
1.664320674705274  761  560  559.6013623016869  2.7127097906552535  -0.010936367650130601  12.413095010428405
1.664320674705274  761  583  582.9359445670163  2.765494319255936  -0.02457780714364513  12.366467813479177
1.664320674705274  761  606  606.0029736037084  2.670237295355264  -0.01621570768224079  12.320246526961393
1.664320674705274  761  629  628.7154676693542  2.683723721629235  -0.03840478428840884  12.274416525419328
1.664320674705274  760  651  651.2549278293864  2.7334009077080736  0.00688123545225481  12.228892126868121
1.664320674705274  760  673  673.4364817047783  2.7054294576948905  0.0062778749273382254  12.183794128589648
1.664320674705274  760  695  695.3714427739673  2.712313732138682  0.013670819079278031  12.138952172365611
1.664320674705274  759  717  716.993038964497  2.7424956595243657  -0.031100398673517077  12.094406799091546
1.664320674705274  759  738  738.3310875116888  2.6634272511297468  -0.0567273461306534  12.050228710037485
1.664320674705274  759  759  759.4645563546206  2.637525004068493  -0.024977415603820993  12.00633322566029
1.664320674705274  758  780  780.3431689767795  2.5930120144736293  -0.037734095728731425  11.962757909076876
1.664320674705274  758  801  800.9673149370572  2.619557255427253  -0.033749406489617516  11.919538649042892
1.664320674705274  757  821  821.3722892009008  2.5440763698410365  -0.02967226589337658  11.876619226567165
1.664320674705274  756  842  841.549026427206  2.510375397784287  -0.027274766221385083  11.834007131982395
1.664320674705274  756  862  861.5249475878156  2.5164435499386855  0.0007851531369513082  11.791677949685809
1.664320674705274  755  881  881.2316924724173  2.564983941477749  -0.008780736386917823  11.749654521975623
1.664320674705274  754  901  900.6896997465049  2.544036805026849  -0.04075666479138985  11.707855705244786
1.664320674705274  754  920  919.9834000764318  2.4534691802649604  -0.03188412282689169  11.666331077259327
1.664320674705274  753  939  939.0749208346997  2.508476233529791  -0.03689855209266886  11.624992017760599
1.664320674705274  752  958  957.9814372793356  2.3584599562605035  -0.02233896070624231  11.583948644170405
1.664320674705274  751  977  976.6099451061249  2.300972925649262  -0.05066139895477667  11.543143020704418
1.664320674705274  751  995  995.1244265077291  2.3440225106473918  -0.012168591203101417  11.502622239734972
1.664320674705274  750  1013  1013.4415361251127  2.3895958955649803  0.008865342689031042  11.462393344359295
1.9117706747052736  748  22  21.51832068102194  3.991310389273437  -0.008936301092123214  13.42597356799033
1.9117706747052736  750  52  52.09113487434717  3.892799665214241  0.006501650274960933  13.371617538388005
1.9117706747052736  751  82  82.14734998291084  3.7404936457644453  -0.0020665982088683543  13.31768711234676
1.9117706747052736  752  112  111.85318161235084  3.5703867725367644  0.003191668223325979  13.264167358413747
1.9117706747052736  753  141  141.02015043868298  3.4991072672230246  -0.0183107844995538  13.211063817210619
1.9117706747052736  754  170  169.89053631541583  3.4582230306864403  -0.014103764446238643  13.158228048911674
1.9117706747052736  755  198  198.35354141453612  3.29404365644902  -0.020545882964189268  13.105778689018138
1.9117706747052736  756  226  226.45828981217042  3.2262458780172096  -0.011104081975295693  13.053772420313775
1.9117706747052736  757  254  254.17232432345492  3.1126098265216626  -0.013373106079937403  13.002222165394535
1.9117706747052736  757  281  281.4763613567032  3.0936898979687157  -0.016499145624217143  12.951050955150569
1.9117706747052736  758  308  308.4621694369741  2.9898126664007236  -0.02588582619094337  12.900305078026493
1.9117706747052736  758  335  335.1122726911856  3.0492142820488652  -0.009667320317837656  12.849826524156787
1.9117706747052736  759  361  361.41940249276956  2.9363603953285065  -0.007039686429275944  12.799737484260943
1.9117706747052736  759  387  387.3562742822044  2.979463052712731  -0.011435239364726991  12.750018939619984
1.9117706747052736  760  413  412.8942469059947  2.938095616971509  -0.038660418394043085  12.700781007255367
1.9117706747052736  760  438  438.1961440197867  2.810310992807331  -0.018360052780466735  12.6518955976802
1.9117706747052736  760  463  463.09294568441265  2.8411317392390742  -0.022018969401714973  12.60350160525282
1.9117706747052736  760  488  487.68932867718496  2.728521553400583  -0.014872576883041633  12.555368217600556
1.9117706747052736  760  512  511.9457909051187  2.719973403581662  -0.029171193480868933  12.507605213169798
1.9117706747052736  760  536  535.9419565952833  2.757355421473676  -0.012846526310655379  12.460136842252064
1.9117706747052736  760  560  559.6068772716076  2.7182827341603115  -0.010206461684124655  12.413095010428405
1.9117706747052736  760  583  582.9406388875179  2.8008775422167673  -0.025568301315033855  12.366467813479177
1.9117706747052736  760  606  605.9881098681777  2.694285355448528  -0.020466627160244732  12.320246526961393
1.9117706747052736  760  629  628.7209059118842  2.6825424770723885  -0.04561346107223863  12.274416525419328
1.9117706747052736  759  651  651.2650470856314  2.759280746978675  2.3790987617219052e-05  12.228892126868121
1.9117706747052736  759  673  673.4534570534647  2.689617892268643  0.006282034558572474  12.183794128589648
1.9117706747052736  759  695  695.3747957551014  2.717230586478763  0.007401515463619359  12.138952172365611
1.9117706747052736  758  717  716.9692401649074  2.756291239636198  -0.04163595492778289  12.094406799091546
1.9117706747052736  758  738  738.3426264869664  2.647961230543615  -0.05748445753820517  12.050228710037485
1.9117706747052736  758  759  759.4795639170397  2.637537381002403  -0.03115590347303007  12.00633322566029
1.9117706747052736  757  780  780.3747473765188  2.5641850263230026  -0.037711430097316756  11.962757909076876
1.9117706747052736  757  801  800.9674309407754  2.593129733141268  -0.04135458731107422  11.919538649042892
1.9117706747052736  756  821  821.404568870158  2.5638116354772365  -0.02153642695669615  11.876619226567165
1.9117706747052736  755  842  841.5978474178876  2.5413140924227946  -0.021788632071722495  11.834007131982395
1.9117706747052736  755  862  861.5289892740341  2.511749144073974  -0.01591997078250676  11.791677949685809
1.9117706747052736  754  881  881.27535368348  2.5956820336782584  0.007728343924791304  11.749654521975623
1.9117706747052736  753  901  900.7240666362698  2.5535888871448833  -0.04422874755151587  11.707855705244786
1.9117706747052736  753  920  920.0226425025238  2.419722527758381  -0.03478246145008791  11.666331077259327
1.9117706747052736  752  939  939.1204492485338  2.520569239868564  -0.026424403121984675  11.624992017760599
1.9117706747052736  751  958  958.0399280252777  2.3610425056422173  -0.01755088381954249  11.583948644170405
1.9117706747052736  751  977  976.6518264639838  2.3083080912397236  -0.045586462681265434  11.543143020704418
1.9117706747052736  750  995  995.1541942948566  2.3174895711247245  -0.015144923717202998  11.502622239734972
1.9117706747052736  749  1013  1013.4916423181973  2.3762158435774836  0.00991728707174839  11.462393344359295
2.1592206747052733  747  22  21.491575200196422  4.03301793336675  0.00024945376003670573  13.42597356799033
2.1592206747052733  749  52  52.05833369868346  3.8412658035316554  0.010140713538567348  13.371617538388005
2.1592206747052733  750  82  82.0942962864208  3.6855183084443865  -0.002763939754515772  13.31768711234676
2.1592206747052733  751  112  111.78887006303148  3.56026247611328  0.0021203991970755267  13.264167358413747
2.1592206747052733  752  141  140.99782903444324  3.4740550925610876  -0.020752611867361808  13.211063817210619
2.1592206747052733  753  170  169.86843162747763  3.4615427887727037  -0.008707869153399592  13.158228048911674
2.1592206747052733  754  198  198.34112343662238  3.317239626799733  -0.012098746114258242  13.105778689018138
2.1592206747052733  755  226  226.41836690670823  3.209062123994215  -0.0063141589939183  13.053772420313775
2.1592206747052733  756  254  254.11537708080485  3.113555059626748  -0.017332301284634262  13.002222165394535
2.1592206747052733  756  281  281.4640934839225  3.136329695639688  -0.009650570563836862  12.951050955150569
2.1592206747052733  757  308  308.47287709514364  3.0441791020490427  -0.011858299435978025  12.900305078026493
2.1592206747052733  757  335  335.104726140463  2.976399259852883  -0.026414711069171138  12.849826524156787
2.1592206747052733  758  361  361.43105211056013  2.919850873844439  0.01759709559150677  12.799737484260943
2.1592206747052733  758  387  387.3560449672457  2.9583373196271623  0.003789698522954614  12.750018939619984
2.1592206747052733  759  413  412.9114749108445  2.9341538990332197  -0.03220914200770491  12.700781007255367
2.1592206747052733  759  438  438.1632418475724  2.8097085318913173  -0.02604117101145808  12.6518955976802
2.1592206747052733  759  463  463.10703576866956  2.829051715924493  -0.012613958202099247  12.60350160525282
2.1592206747052733  759  488  487.6746476542621  2.7526616208765518  -0.020120080421691392  12.555368217600556
2.1592206747052733  759  512  511.9639755829842  2.741112170896656  -0.018828987909242246  12.507605213169798
2.1592206747052733  759  536  535.9469738674588  2.7665820637175784  -0.00783233529602327  12.460136842252064
2.1592206747052733  759  560  559.6017774363827  2.7473337473347783  -0.01384556967735894  12.413095010428405
2.1592206747052733  759  583  582.9350883292394  2.7945718997652875  -0.029356185815554384  12.366467813479177
2.1592206747052733  759  606  605.9927829014857  2.672296043835445  -0.022058171751713616  12.320246526961393
2.1592206747052733  759  629  628.7254134181219  2.7376082192391777  -0.04558983619208257  12.274416525419328
2.1592206747052733  758  651  651.2743344751151  2.7566540380869355  0.014170253945457211  12.228892126868121
2.1592206747052733  758  673  673.4696062065293  2.7399566593712734  0.01653899313604915  12.183794128589648
2.1592206747052733  758  695  695.405778398071  2.701663623694458  0.007271566395073438  12.138952172365611
2.1592206747052733  757  717  717.0082062322548  2.736655543458255  -0.03315188425859601  12.094406799091546
2.1592206747052733  757  738  738.3604624170468  2.6667466629641012  -0.05930027067364481  12.050228710037485
2.1592206747052733  757  760  759.5149267986278  2.610214775388954  -0.023803541566973434  12.00633322566029
2.1592206747052733  756  780  780.384258785122  2.5334676479643576  -0.045091091917005666  11.962757909076876
2.1592206747052733  756  801  801.0000435531476  2.594557244578823  -0.03362732333618993  11.919538649042892
2.1592206747052733  755  821  821.4648795362544  2.5855592901980344  -0.005037940029148295  11.876619226567165
2.1592206747052733  754  842  841.62266201842  2.5580085560920907  -0.02285046054929692  11.834007131982395
2.1592206747052733  754  862  861.5593520619822  2.5596267408654967  -0.014489487729295656  11.791677949685809
2.1592206747052733  753  881  881.3103843353638  2.5454810982839717  0.009090941352970432  11.749654521975623
2.1592206747052733  752  901  900.7393711522338  2.5738093814711647  -0.04732217570951865  11.707855705244786
2.1592206747052733  752  920  920.0632676930583  2.418596724592703  -0.03965633585978037  11.666331077259327
2.1592206747052733  751  939  939.1862823043331  2.510054167000362  -0.009759783744067765  11.624992017760599
2.1592206747052733  750  958  958.0793501922894  2.332281625073165  -0.013386789259195704  11.583948644170405
2.1592206747052733  750  977  976.69972867779  2.3544877484854396  -0.05514528420988314  11.543143020704418
2.1592206747052733  749  995  995.2083530496717  2.3445891529001983  -0.0030971471949539585  11.502622239734972
2.1592206747052733  748  1014  1013.5483806498175  2.383213364877065  0.0056831347562205405  11.462393344359295
2.406670674705273  746  22  21.42417803687425  4.005258324112873  -0.0006292633902851545  13.42597356799033
2.406670674705273  748  52  51.996461826184074  3.83824885111823  0.0059504259382808025  13.371617538388005
2.406670674705273  749  82  82.06153770337696  3.654604717098181  0.00011037665428940974  13.31768711234676
2.406670674705273  750  112  111.70028773322832  3.5500797211540203  -0.008590487403979087  13.264167358413747
2.406670674705273  751  141  140.94945423814872  3.538316306141269  -0.024630824003163004  13.211063817210619
2.406670674705273  752  170  169.8359794273601  3.4320106245480133  -0.006672523919616406  13.158228048911674
2.406670674705273  753  198  198.31357724531784  3.3216118994413932  -0.011779190191981988  13.105778689018138
2.406670674705273  754  226  226.35824856966744  3.1818632970781096  -0.022621425036616735  13.053772420313775
2.406670674705273  755  254  254.10894293884286  3.151753927462323  -0.015634994588315083  13.002222165394535
2.406670674705273  755  281  281.4354090435063  3.1267383085260008  -0.013660316558450524  12.951050955150569
2.406670674705273  756  308  308.45244563769495  3.0805745691556012  -0.01334850435111785  12.900305078026493
2.406670674705273  756  335  335.0358138394253  2.904158789481869  -0.120391693140888  12.849826524156787
2.406670674705273  757  361  361.3996318831505  2.936194007184554  -0.0016656682414628882  12.799737484260943
2.406670674705273  757  387  387.2953051398642  2.9132220089782095  -0.01329046179889971  12.750018939619984
2.406670674705273  758  413  412.8968311441832  2.927801673130375  -0.026311964179090156  12.700781007255367
2.406670674705273  758  438  438.1689201361746  2.826364990777506  -0.020348367046494828  12.6518955976802
2.406670674705273  758  463  463.1149312606224  2.8410333207880285  -0.007616354704480558  12.60350160525282
2.406670674705273  758  488  487.6725779085225  2.731131948425343  -0.02283655230110624  12.555368217600556
2.406670674705273  758  512  511.9665404887744  2.743615050849428  -0.00913602484140274  12.507605213169798
2.406670674705273  758  536  535.9460107434073  2.7120240240415114  -0.008718992941469886  12.460136842252064
2.406670674705273  758  560  559.5869579407439  2.7374054729714317  -0.021886796215392988  12.413095010428405
2.406670674705273  758  583  582.9556043840017  2.775936395976032  -0.024802364295616854  12.366467813479177
2.406670674705273  758  606  606.0206882687955  2.7086521912367516  -0.01688485889040999  12.320246526961393
2.406670674705273  758  629  628.7291864327473  2.7128839838493377  -0.04438688718320426  12.274416525419328
2.406670674705273  757  651  651.2681528729139  2.7559430731837438  -0.0003294747879244886  12.228892126868121
2.406670674705273  757  673  673.485554323431  2.764762005670036  0.007590704964698642  12.183794128589648
2.406670674705273  757  695  695.4123124367529  2.680950154488528  0.0008106283045869055  12.138952172365611
2.406670674705273  756  717  717.0059751515256  2.7247544139969477  -0.04724161870553071  12.094406799091546
2.406670674705273  756  738  738.4019914939882  2.6787732982384114  -0.053906014292180206  12.050228710037485
2.406670674705273  756  760  759.558595261697  2.6472901017077675  -0.01808741706852572  12.00633322566029
2.406670674705273  755  780  780.4203960745515  2.565186313731374  -0.035845204065845154  11.962757909076876
2.406670674705273  755  801  801.0463969832539  2.6007117418215557  -0.025521323583030595  11.919538649042892
2.406670674705273  754  821  821.4582228756367  2.595734002288509  -0.01962468196782683  11.876619226567165
2.406670674705273  753  842  841.6553403782069  2.5730276439103363  -0.019628985429292596  11.834007131982395
2.406670674705273  753  862  861.5719796629164  2.5271903157031375  -0.026584444091294842  11.791677949685809
2.406670674705273  752  881  881.345257464484  2.541002949394624  0.006029375753232712  11.749654521975623
2.406670674705273  751  901  900.7900787136153  2.5682643500725817  -0.04488706385456422  11.707855705244786
2.406670674705273  751  920  920.1130726119188  2.448622444790203  -0.03968691875633247  11.666331077259327
2.406670674705273  750  939  939.2310865860703  2.49576502781224  -0.014979316953706637  11.624992017760599
2.406670674705273  749  958  958.11726318478  2.339461964387283  -0.014699427385799227  11.583948644170405
2.406670674705273  749  977  976.739441057678  2.3486980452981925  -0.04624930382303822  11.543143020704418
2.406670674705273  748  995  995.2728991951095  2.333338766632096  0.002141777885869558  11.502622239734972
2.406670674705273  747  1014  1013.5826615287964  2.359162306433518  -0.005516329859032905  11.462393344359295
