# Band 4A   Etalon 2B   Slice 9
# Distortion map version 06.04.00 - date 2018-10-11
# Trace (isoalpha): Take pixel trace along specified slice, specified alpha position trace is built by taking the pixel in every detector row with alpha value closest to the one specified 
# xpos[i] = np.argmin(alpha_img[i,:])+funcs.find_nearest(alpha_img[i,:][(slice_img[i,:]!=0)],alpha_pos)
#    alpha       x  y      center         FWHM          skewness
0.0  267  23  23.1928653245  3.64645472826  -0.00437555867466
0.0  268  66  66.1995481229  3.74486205952  0.00267327746404
0.0  268  108  108.252678202  3.63683046101  -0.00563788668042
0.0  268  149  149.377243934  3.5183738351  -0.00646649988151
0.0  269  190  189.596709194  3.43274291152  -0.0194486599326
0.0  269  229  229.171219394  3.54946077399  -0.00468607711802
0.0  269  268  267.734248618  3.43635695218  -0.0240837064311
0.0  270  306  305.707706579  3.45963792707  -0.0267335866551
0.0  270  343  342.969288123  3.5294889145  0.00563297319546
0.0  270  379  379.349085564  3.45421756452  0.00686810576652
0.0  270  415  415.043178767  3.40763439946  -0.00211541704726
0.0  270  450  450.018727064  3.36431392552  -0.00171761105098
0.0  270  484  484.384183102  3.32435193389  -0.00694995933208
0.0  270  518  518.146411956  3.36932718155  0.0122121903249
0.0  270  551  551.191718575  3.37265069247  -0.0205018026949
0.0  270  584  583.729667764  3.26745413511  0.0129413019596
0.0  270  616  615.573008807  3.17473037742  -0.0120990869094
0.0  270  647  646.900024078  3.28601625105  -0.00965423277397
0.0  270  678  677.645801822  3.23687092885  0.00524348022239
0.0  270  708  707.897692171  3.20350971588  0.000970619445621
0.0  269  738  737.604694867  3.26319952916  -0.0017320365595
0.0  269  767  766.741516754  3.31754866264  -0.0129604695884
0.0  269  795  795.439037837  3.21008694491  0.00531815904848
0.0  269  824  823.572808865  3.27017903267  0.00844565462377
0.0  269  851  851.279144315  3.2468334009  0.00466563959729
0.0  268  879  878.534489919  3.26132598247  -0.00865649566063
0.0  268  905  905.318477322  3.3443639847  0.00167015801523
0.0  268  932  931.59246511  3.30510009489  -0.0053271538604
0.0  268  958  957.486774566  3.34830363029  0.00352723899512
0.0  267  983  982.987229437  3.36727185217  0.0106084090508
0.0  267  1008  1007.98407439  3.27626744577  -0.0111685353923
-2.72522770509  257  23  22.9723952507  3.77093532335  -0.0126895666772
-2.72522770509  258  66  66.030793974  3.77899749067  -0.00669713224586
-2.72522770509  258  108  108.14403314  3.67358686475  -0.002161733174
-2.72522770509  258  149  149.380081813  3.61141237463  0.00203002596886
-2.72522770509  259  190  189.753235912  3.48750177487  0.022338490161
-2.72522770509  259  229  229.115668172  3.46090023148  -0.00943513667234
-2.72522770509  259  268  267.815321953  3.38667365979  -0.0106470040739
-2.72522770509  260  306  305.761158434  3.42752127103  -0.0156970018011
-2.72522770509  260  343  342.879117472  3.56087359492  -0.0311167601585
-2.72522770509  260  379  379.391503495  3.43925694774  -0.0136507518164
-2.72522770509  260  415  415.150196087  3.46344569832  -0.00901388239443
-2.72522770509  260  450  450.217019642  3.31847177308  0.00442058614802
-2.72522770509  260  485  484.549403892  3.39837635306  -0.0122523161236
-2.72522770509  260  518  518.319540951  3.3734654181  -0.00753541211708
-2.72522770509  260  551  551.443957989  3.31908491379  -0.0161650979891
-2.72522770509  260  584  584.034880684  3.29743301339  0.00509512204313
-2.72522770509  260  616  615.919378812  3.28939118519  0.00400667448368
-2.72522770509  260  647  647.286096735  3.2617567038  0.0167626379814
-2.72522770509  260  678  678.068291116  3.19557395741  0.0122873135769
-2.72522770509  260  708  708.263294629  3.25729166526  0.00151776833122
-2.72522770509  259  738  738.068485737  3.21829345717  0.0110173513184
-2.72522770509  259  767  767.211130799  3.29332501393  0.000971841378461
-2.72522770509  259  796  795.86939985  3.21310828315  -0.004575255992
-2.72522770509  259  824  824.011833568  3.25857622157  -0.00638687346192
-2.72522770509  259  852  851.736936739  3.20504011871  -0.00899980906578
-2.72522770509  258  879  879.050469208  3.38205435385  0.000614933633103
-2.72522770509  258  906  905.845997581  3.23824500467  0.000606593147453
-2.72522770509  258  932  932.137541427  3.29942450618  -0.00387754647011
-2.72522770509  258  958  958.06262665  3.37695302449  0.000162911507926
-2.72522770509  257  984  983.592771413  3.33605419856  0.00763847808993
-2.72522770509  257  1009  1008.59769135  3.37425875347  -0.0157538129977
-2.45959870509  258  23  22.9942123235  3.82219572222  -0.00954162278242
-2.45959870509  258  66  66.0365808419  3.77572892986  0.0120866896784
-2.45959870509  259  108  108.195252767  3.57875165848  -0.00121232455391
-2.45959870509  259  149  149.356304025  3.61795935492  -0.00285310046231
-2.45959870509  260  190  189.753724727  3.53481853314  0.0160950895481
-2.45959870509  260  229  229.10853747  3.44032787079  -0.00777561445423
-2.45959870509  260  268  267.801479075  3.45792750413  -0.0114948950824
-2.45959870509  261  306  305.748616526  3.45200965598  -0.0246727716326
-2.45959870509  261  343  342.931724025  3.45527277415  -0.0204527696278
-2.45959870509  261  379  379.354004899  3.44414119288  -0.02565885182
-2.45959870509  261  415  415.147905872  3.39109556123  -0.00154327040542
-2.45959870509  261  450  450.165169536  3.30676410175  -0.0112630596859
-2.45959870509  261  485  484.55170167  3.33023747921  -0.00387054584765
-2.45959870509  261  518  518.307833415  3.37116296135  -0.0125823411432
-2.45959870509  261  551  551.437257143  3.31465878692  -0.00659288385437
-2.45959870509  261  584  583.992680065  3.3160181651  0.000679331184963
-2.45959870509  261  616  615.893406971  3.23541705739  0.00704631500451
-2.45959870509  261  647  647.234031932  3.23455956375  0.00927479483909
-2.45959870509  261  678  678.017173647  3.21670219178  0.00176170191857
-2.45959870509  261  708  708.189796991  3.24733579222  -0.00475173933398
-2.45959870509  260  738  737.991327297  3.30363271394  -0.00819371472371
-2.45959870509  260  767  767.130459344  3.27328955062  -0.000382654636718
-2.45959870509  260  796  795.808177781  3.26987829577  -0.0132920288455
-2.45959870509  260  824  823.955307997  3.25362803028  -0.00577111082455
-2.45959870509  260  852  851.697454287  3.25354425692  -0.00194265657384
-2.45959870509  259  879  879.016498648  3.40169220327  0.00428839898145
-2.45959870509  259  906  905.77186972  3.22050271523  -0.00651804832498
-2.45959870509  259  932  932.076328737  3.26701928433  -0.0115800103126
-2.45959870509  258  958  958.010572874  3.39396850302  -0.00282481458126
-2.45959870509  258  984  983.533799629  3.29337368777  0.00903797709058
-2.45959870509  258  1009  1008.57207369  3.36009549729  -0.00526211069839
-2.19396970509  259  23  23.0120204099  3.83588824568  -0.0110139885401
-2.19396970509  259  66  66.0163450231  3.75076129439  -0.00721180297197
-2.19396970509  260  108  108.203140919  3.56462796194  0.00224145186757
-2.19396970509  260  149  149.358712065  3.58939780339  -0.00377254404741
-2.19396970509  261  190  189.677336638  3.53324001683  0.00703024963898
-2.19396970509  261  229  229.091175539  3.4702675725  -0.0202009474236
-2.19396970509  261  268  267.815747356  3.45502034187  -0.00738365231395
-2.19396970509  261  306  305.738518099  3.46829740519  -0.0184464707937
-2.19396970509  262  343  342.933560477  3.48799458593  -0.0138678497761
-2.19396970509  262  379  379.397498486  3.4149440665  -0.00484645344705
-2.19396970509  262  415  415.13644513  3.40178559231  -0.00202946372776
-2.19396970509  262  450  450.189421388  3.31845109476  0.00159146243274
-2.19396970509  262  485  484.54641978  3.3046903302  -0.0116248264336
-2.19396970509  262  518  518.298518398  3.34042186082  -0.0122467880958
-2.19396970509  262  551  551.423046749  3.33551670966  -0.0120392080982
-2.19396970509  262  584  583.919925487  3.30419631322  -0.0037423395654
-2.19396970509  262  616  615.856335846  3.27236962217  0.000765266836284
-2.19396970509  262  647  647.200469782  3.26143792752  0.00977037967591
-2.19396970509  262  678  677.975314278  3.2283080299  0.00747794913207
-2.19396970509  262  708  708.141738948  3.20839570792  -0.0122225856911
-2.19396970509  261  738  737.932524493  3.30808112533  -0.00326280549493
-2.19396970509  261  767  767.06329743  3.24807718835  -0.00449801463148
-2.19396970509  261  796  795.77299372  3.2564592008  -0.0101327603131
-2.19396970509  261  824  823.933306645  3.29618839384  0.00534236896342
-2.19396970509  261  852  851.647512048  3.2508543839  -0.000118913786346
-2.19396970509  260  879  878.934088434  3.35118799547  -0.0045218278622
-2.19396970509  260  906  905.774568627  3.24396831758  0.00284839137049
-2.19396970509  260  932  931.987792088  3.26577328984  -0.0190614813297
-2.19396970509  259  958  957.990246945  3.31702142526  0.0066970532801
-2.19396970509  259  983  983.471435448  3.33349785135  0.00788836954287
-2.19396970509  259  1008  1008.50673821  3.35648814506  -0.0103511158367
-1.92834070509  260  23  23.0628856525  3.80074724628  -0.00611038650808
-1.92834070509  260  66  66.0505862159  3.73507959362  -0.00793936465889
-1.92834070509  261  108  108.177604141  3.54178628913  -0.00248119010828
-1.92834070509  261  149  149.3445253  3.4450528694  -0.0106445399384
-1.92834070509  262  190  189.635267595  3.47361124913  -0.000548104761352
-1.92834070509  262  229  229.068251861  3.51597414465  -0.0335354571646
-1.92834070509  262  268  267.82722819  3.49490535465  -0.00491460602774
-1.92834070509  262  306  305.727035156  3.44958866591  -0.0261595549039
-1.92834070509  263  343  342.86362365  3.45532252003  -0.0251174157448
-1.92834070509  263  379  379.396375344  3.38864222686  0.00109897001455
-1.92834070509  263  415  415.148385775  3.36877102748  0.000955146552591
-1.92834070509  263  450  450.143775412  3.34742491172  -0.00517987491645
-1.92834070509  263  485  484.547469015  3.35385600728  -0.00741810646141
-1.92834070509  263  518  518.295182034  3.31368535455  -0.00836535542678
-1.92834070509  263  551  551.394927468  3.35449916578  -0.00755867642217
-1.92834070509  263  584  583.900550767  3.30844411048  -7.26174376277e-05
-1.92834070509  263  616  615.823381207  3.28307160352  0.000977050202183
-1.92834070509  263  647  647.139462142  3.28467643732  -0.00640134974483
-1.92834070509  263  678  677.950855967  3.24847160923  0.0059634818851
-1.92834070509  263  708  708.106439722  3.24636850045  -0.0185340731653
-1.92834070509  262  738  737.905307845  3.22954307534  0.0021319285726
-1.92834070509  262  767  767.021179834  3.22203783539  -0.00718694066358
-1.92834070509  262  796  795.760826504  3.24515892992  0.00509147248174
-1.92834070509  262  824  823.90828656  3.29705787758  0.00608781005282
-1.92834070509  262  852  851.609469966  3.28564016424  -0.00748152070237
-1.92834070509  261  879  878.866651446  3.38231094508  -0.0149392253226
-1.92834070509  261  906  905.702401213  3.30928793696  -0.00105120210168
-1.92834070509  261  932  931.955390585  3.25417867943  -0.00768626680051
-1.92834070509  260  958  957.913243332  3.28429448264  -0.00285304483429
-1.92834070509  260  983  983.400844545  3.36876119434  0.00665645711016
-1.92834070509  260  1008  1008.43375432  3.31178416577  -0.0122831351762
-1.66271170509  261  23  23.0868176066  3.79344093013  -0.00123823988901
-1.66271170509  261  66  66.081463977  3.69715272831  -0.00329867871584
-1.66271170509  262  108  108.170123662  3.51216254897  -0.00776804160805
-1.66271170509  262  149  149.382306758  3.51964934626  0.00100817600092
-1.66271170509  263  190  189.625795314  3.48422414693  -0.0062300732485
-1.66271170509  263  229  229.097484506  3.49848104451  -0.0187740536487
-1.66271170509  263  268  267.808774911  3.52650120011  -0.00922688756049
-1.66271170509  263  306  305.704444446  3.43154666444  -0.0311528360268
-1.66271170509  264  343  342.887407503  3.50160576905  -0.0208383542895
-1.66271170509  264  379  379.391892462  3.40022353076  0.00143016142289
-1.66271170509  264  415  415.116886357  3.38105626192  -0.000444692880662
-1.66271170509  264  450  450.124007631  3.33313705747  8.96131118146e-05
-1.66271170509  264  484  484.518323363  3.33757811974  -0.0117159719404
-1.66271170509  264  518  518.276120286  3.28619308248  -0.00609077211317
-1.66271170509  264  551  551.34681023  3.32564543051  -0.0164674444974
-1.66271170509  264  584  583.865053579  3.30210725392  -0.00560880908082
-1.66271170509  264  616  615.788801117  3.24251594708  -0.000911246425155
-1.66271170509  264  647  647.129286167  3.32440108912  0.00882757214914
-1.66271170509  264  678  677.909681218  3.21352607691  0.00158367196003
-1.66271170509  263  708  708.111856642  3.21672712079  -0.00899680982071
-1.66271170509  263  738  737.85698977  3.23996974153  -0.00779067192392
-1.66271170509  263  767  766.990819599  3.2601337493  -0.0130031381169
-1.66271170509  263  796  795.715073663  3.22901349248  0.00325023163712
-1.66271170509  263  824  823.884064595  3.25648368493  0.00518185446404
-1.66271170509  262  852  851.569566927  3.28391477509  -0.00129738613165
-1.66271170509  262  879  878.817291334  3.37473314102  -0.00697353242461
-1.66271170509  262  906  905.624143629  3.29881819293  -0.00440863198893
-1.66271170509  262  932  931.901075852  3.24129872131  -0.0133147580921
-1.66271170509  261  958  957.858043948  3.31926173332  -0.00756091405576
-1.66271170509  261  983  983.353746024  3.37018821847  0.011363358415
-1.66271170509  261  1008  1008.37201638  3.31791469972  -0.00771844074539
-1.39708270509  262  23  23.1099003913  3.75800242712  -0.00215650270152
-1.39708270509  262  66  66.1372516865  3.76788692304  0.00260411111046
-1.39708270509  263  108  108.164461414  3.55336889952  -0.0178582054486
-1.39708270509  263  149  149.42868937  3.58782456554  0.00736556423181
-1.39708270509  264  190  189.638672487  3.52138958661  -0.00658652892289
-1.39708270509  264  229  229.103237956  3.46253966141  -0.0076123585441
-1.39708270509  264  268  267.815978835  3.4470001421  -0.0124218688064
-1.39708270509  264  306  305.684304147  3.64585444323  -0.0422017223221
-1.39708270509  265  343  342.914686105  3.49871234346  -0.0214856294794
-1.39708270509  265  379  379.349322897  3.43776661431  -0.00926858480101
-1.39708270509  265  415  415.09673135  3.33873210986  -0.00486668922364
-1.39708270509  265  450  450.089032631  3.33857675541  -0.00865558315355
-1.39708270509  265  484  484.474537418  3.34254537918  -0.014699443287
-1.39708270509  265  518  518.264044478  3.3446309465  0.00310193365191
-1.39708270509  265  551  551.338215992  3.28888043962  -0.00784411373617
-1.39708270509  265  584  583.843090375  3.31332010734  -0.0151483112926
-1.39708270509  265  616  615.742531879  3.21064584938  -0.00356011963268
-1.39708270509  265  647  647.080748534  3.32259117377  0.00363449519844
-1.39708270509  265  678  677.854112248  3.21240471576  0.0013785923916
-1.39708270509  264  708  708.087159675  3.25884523085  -0.00964215929102
-1.39708270509  264  738  737.796234807  3.26068223077  -0.0170116841904
-1.39708270509  264  767  766.930604885  3.29613589515  -0.02424492485
-1.39708270509  264  796  795.664674708  3.24842424513  0.00339933035255
-1.39708270509  264  824  823.852304696  3.27271302792  0.00464843303854
-1.39708270509  263  852  851.573285839  3.24300346563  0.0141882523383
-1.39708270509  263  879  878.768196391  3.31499625758  -0.00397488140385
-1.39708270509  263  906  905.55463565  3.2989997142  -0.00420297303334
-1.39708270509  263  932  931.854798888  3.27627244278  -0.00851177521468
-1.39708270509  262  958  957.796391323  3.35134384675  -0.00936956710984
-1.39708270509  262  983  983.296136654  3.38396424476  0.014419109739
-1.39708270509  262  1008  1008.31451779  3.36496437439  -0.00345139474076
-1.13145370509  263  23  23.1348950595  3.79510532444  0.00091284695417
-1.13145370509  263  66  66.17820334  3.76759124454  0.00738904522912
-1.13145370509  264  108  108.154636816  3.59503457866  -0.00601566246445
-1.13145370509  264  149  149.415797564  3.5643709719  0.000608020800945
-1.13145370509  265  190  189.641646429  3.51041650882  -0.00679641895514
-1.13145370509  265  229  229.106631326  3.47848267082  -0.000539512740676
-1.13145370509  265  268  267.831291193  3.42125939868  -0.00822923897792
-1.13145370509  265  306  305.72201921  3.57126778914  -0.0260707754995
-1.13145370509  266  343  342.925533016  3.51733372298  -0.0165476919933
-1.13145370509  266  379  379.34905625  3.40575301833  -0.0119422988501
-1.13145370509  266  415  415.096752408  3.35957040019  0.0127639969568
-1.13145370509  266  450  450.071834282  3.31292344346  -0.00759714758853
-1.13145370509  266  484  484.40670474  3.30240046321  -0.0233568439114
-1.13145370509  266  518  518.237898398  3.31615288045  0.00590512955865
-1.13145370509  266  551  551.362163242  3.27905566658  0.0157524655349
-1.13145370509  266  584  583.807408658  3.26071878157  -0.0173882907286
-1.13145370509  266  616  615.70619934  3.23268783436  -0.000516951704323
-1.13145370509  266  647  647.014675131  3.35520360305  -0.00691008981461
-1.13145370509  266  678  677.77709346  3.22670067642  -0.00746406049344
-1.13145370509  265  708  708.06226146  3.31909498942  -0.00564046858773
-1.13145370509  265  738  737.760220044  3.26897738111  -0.00957470611381
-1.13145370509  265  767  766.903357641  3.2716227877  -0.0155054637643
-1.13145370509  265  796  795.577983812  3.32369710288  -0.00815372518873
-1.13145370509  265  824  823.787264893  3.26752882458  0.00352552580435
-1.13145370509  264  852  851.49290394  3.2367174649  -0.00148135359143
-1.13145370509  264  879  878.690395158  3.29535034287  -0.0185818126564
-1.13145370509  264  906  905.519938558  3.31270492059  -0.00151773755671
-1.13145370509  264  932  931.818136392  3.33951119124  -0.0030514204419
-1.13145370509  263  958  957.734278262  3.36144367426  -0.00977783470912
-1.13145370509  263  983  983.182633881  3.37097234211  -0.000136297448721
-1.13145370509  263  1008  1008.24470103  3.35536129131  -0.00546531970802
-0.865824705093  264  23  23.1201156299  3.74475697854  -0.00726118091415
-0.865824705093  264  66  66.177072554  3.69607014421  0.00527559489336
-0.865824705093  265  108  108.169584714  3.54662775155  -0.00933660764087
-0.865824705093  265  149  149.419627352  3.54415341177  0.000844446577715
-0.865824705093  266  190  189.639800048  3.44780177192  -0.0120963775443
-0.865824705093  266  229  229.166208916  3.53164756636  0.00674918625697
-0.865824705093  266  268  267.781511821  3.47223216115  -0.0173573319517
-0.865824705093  266  306  305.725695512  3.53887609989  -0.0223558705009
-0.865824705093  267  343  342.885688866  3.54140803305  -0.0237713487908
-0.865824705093  267  379  379.320806213  3.35814195701  -0.0140972436903
-0.865824705093  267  415  415.06198577  3.35898638077  0.00332834577315
-0.865824705093  267  450  450.083686533  3.34635796135  0.000492528968692
-0.865824705093  267  484  484.36832393  3.35653685581  -0.0248236311151
-0.865824705093  267  518  518.181042414  3.26383045743  -0.00327954122984
-0.865824705093  267  551  551.292294564  3.26271306255  -0.0124368147036
-0.865824705093  267  584  583.822112945  3.27002824086  0.00529819762107
-0.865824705093  267  616  615.655612003  3.26162853238  -0.00717404175536
-0.865824705093  267  647  646.980507426  3.28819171959  -0.00531034862981
-0.865824705093  267  678  677.752706819  3.21495464443  -0.00296276243704
-0.865824705093  266  708  708.026350902  3.2590962258  -0.00313573230048
-0.865824705093  266  738  737.700402718  3.23615919687  -0.0109524246595
-0.865824705093  266  767  766.887212187  3.25771286718  -0.0131823208744
-0.865824705093  266  796  795.519292314  3.26943776273  -0.0106467976197
-0.865824705093  266  824  823.710852587  3.31081505523  0.00150334079678
-0.865824705093  265  851  851.422280023  3.25394323624  -0.00408297433765
-0.865824705093  265  879  878.639934281  3.30587453635  -0.0213467532702
-0.865824705093  265  906  905.464412839  3.34912878181  -0.00115186216828
-0.865824705093  265  932  931.764999294  3.35944667417  -0.00874987048446
-0.865824705093  264  958  957.680185803  3.36127003432  -0.00891572710491
-0.865824705093  264  983  983.168835616  3.4801217648  0.0306601784778
-0.865824705093  264  1008  1008.20494039  3.37652565722  0.00128080581482
-0.600195705093  265  23  23.1538787908  3.70101967851  -4.57890522922e-05
-0.600195705093  265  66  66.1435121318  3.64395759846  -0.00431767969102
-0.600195705093  266  108  108.201942345  3.51507124475  -0.0137668365447
-0.600195705093  266  149  149.398907419  3.47918467464  -0.00630798060371
-0.600195705093  267  190  189.661901763  3.47426220976  -0.00397220926367
-0.600195705093  267  229  229.137250704  3.60548244904  -0.0110016848319
-0.600195705093  267  268  267.749888508  3.54656341926  -0.0260984436362
-0.600195705093  267  306  305.720033034  3.46206980466  -0.0253458761716
-0.600195705093  268  343  342.879341288  3.61557393554  -0.0196602160331
-0.600195705093  268  379  379.365283815  3.41517354083  0.00741776430425
-0.600195705093  268  415  415.0126591  3.39385449136  -0.0142976829048
-0.600195705093  268  450  450.073997982  3.40599333588  0.00265746212231
-0.600195705093  268  484  484.36687849  3.35419538333  -0.0224790629213
-0.600195705093  268  518  518.156822571  3.25962719585  -0.00419418102155
-0.600195705093  268  551  551.218594236  3.27391129831  -0.0270924195476
-0.600195705093  268  584  583.784115048  3.2330007215  0.00369217037146
-0.600195705093  268  616  615.591713817  3.28164812568  -0.0169974005678
-0.600195705093  268  647  646.960235281  3.2682429094  -0.00695695097636
-0.600195705093  268  678  677.709861848  3.25796031667  -0.0124504653397
-0.600195705093  267  708  707.997886386  3.23726665222  -0.000379665681334
-0.600195705093  267  738  737.665356184  3.28246845455  -0.00564676768705
-0.600195705093  267  767  766.850355658  3.277872155  -0.00868355300377
-0.600195705093  267  796  795.488343972  3.22704589415  -0.00278119743056
-0.600195705093  267  824  823.660447294  3.26643789661  0.01033252932
-0.600195705093  266  851  851.391528184  3.22891714977  0.013182699669
-0.600195705093  266  879  878.624543054  3.33091323077  -0.00782671880207
-0.600195705093  266  905  905.418936866  3.36536525709  -0.000758254174255
-0.600195705093  266  932  931.701633483  3.364008207  -0.0038785330711
-0.600195705093  265  958  957.667595441  3.32611545886  7.17906214312e-05
-0.600195705093  265  983  983.088894655  3.37385134672  -0.000744320152757
-0.600195705093  265  1008  1008.12779399  3.39747787499  -0.0052511892447
-0.334566705093  266  23  23.1819370888  3.67617392641  -0.00400332470082
-0.334566705093  266  66  66.1342578343  3.60425157993  -0.00600563514305
-0.334566705093  267  108  108.240117429  3.54235437542  -0.0211029830366
-0.334566705093  267  149  149.392934039  3.51980605684  -0.00227422232061
-0.334566705093  268  190  189.647760068  3.48294476912  -0.00395599444869
-0.334566705093  268  229  229.15646682  3.57831820428  -0.0131857585589
-0.334566705093  268  268  267.736364473  3.52277973639  -0.0261056158403
-0.334566705093  268  306  305.721587952  3.48349011537  -0.0182594442562
-0.334566705093  269  343  342.93830958  3.56806656963  -0.00462384902665
-0.334566705093  269  379  379.370184942  3.40273337715  0.0143914060325
-0.334566705093  269  415  415.071579566  3.40043717611  0.00581776946724
-0.334566705093  269  450  450.057074557  3.39193693524  0.00761910999401
-0.334566705093  269  484  484.405419982  3.32786435539  -0.0110125171305
-0.334566705093  269  518  518.164509138  3.28231718068  0.00484516217505
-0.334566705093  269  551  551.190960081  3.26731811844  -0.0186140654432
-0.334566705093  269  584  583.754810213  3.27143986371  0.00608274979257
-0.334566705093  269  616  615.584361187  3.25811900068  -0.0116795321705
-0.334566705093  269  647  646.910434855  3.30666497517  -0.0109491388527
-0.334566705093  269  678  677.662536255  3.21722768813  -0.0102063772583
-0.334566705093  268  708  707.956245673  3.20641181374  -0.00366370203175
-0.334566705093  268  738  737.63647975  3.32956434111  -0.00214407212872
-0.334566705093  268  767  766.773107666  3.27653483415  -0.0167762233997
-0.334566705093  268  795  795.458371273  3.23131245641  0.00387812821758
-0.334566705093  268  824  823.607784708  3.28971957872  0.00846873132589
-0.334566705093  267  851  851.344974314  3.2779029329  0.00801567620965
-0.334566705093  267  879  878.601048675  3.27215483476  0.000297485420089
-0.334566705093  267  905  905.362228239  3.36556377745  -0.0040266511477
-0.334566705093  267  932  931.631247119  3.37104713904  -0.00745334344246
-0.334566705093  266  958  957.602214057  3.32576532411  0.00092291518096
-0.334566705093  266  983  983.058522524  3.35061715496  0.00777259638072
-0.334566705093  266  1008  1008.04655118  3.33605016823  -0.0141960653449
-0.0689377050926  267  23  23.1931132975  3.64518872151  -0.0037974025667
-0.0689377050926  267  66  66.1625604496  3.65300582839  0.000198335403489
-0.0689377050926  268  108  108.252678202  3.63683046101  -0.00563788668042
-0.0689377050926  268  149  149.37723926  3.51832043391  -0.00648552086103
-0.0689377050926  269  190  189.596657217  3.43431210098  -0.0198950495643
-0.0689377050926  269  229  229.171219394  3.54946077399  -0.00468607711802
-0.0689377050926  269  268  267.734248618  3.43635695218  -0.0240837064311
-0.0689377050926  269  306  305.718049074  3.46568969657  -0.0262888965715
-0.0689377050926  270  343  342.96837123  3.53954013009  0.00207931147851
-0.0689377050926  270  379  379.349085564  3.45421756452  0.00686810576652
-0.0689377050926  270  415  415.043178767  3.40763439946  -0.00211541704726
-0.0689377050926  270  450  450.018727064  3.36431392552  -0.00171761105098
-0.0689377050926  270  484  484.384183102  3.32435193389  -0.00694995933208
-0.0689377050926  270  518  518.146411956  3.36932718155  0.0122121903249
-0.0689377050926  270  551  551.191718575  3.37265069247  -0.0205018026949
-0.0689377050926  270  584  583.729667764  3.26745413511  0.0129413019596
-0.0689377050926  270  616  615.573008807  3.17473037742  -0.0120990869094
-0.0689377050926  270  647  646.900024078  3.28601625105  -0.00965423277397
-0.0689377050926  270  678  677.645992965  3.2384371863  0.00625022906208
-0.0689377050926  269  708  707.912317396  3.2312219502  -0.00604568344013
-0.0689377050926  269  738  737.604622291  3.26432578066  -0.00220381597531
-0.0689377050926  269  767  766.741516754  3.31754866264  -0.0129604695884
-0.0689377050926  269  795  795.439037837  3.21008694491  0.00531815904848
-0.0689377050926  269  824  823.572808865  3.27017903267  0.00844565462377
-0.0689377050926  268  851  851.313588359  3.23601173084  0.015704189239
-0.0689377050926  268  879  878.534489919  3.26132598247  -0.00865649566063
-0.0689377050926  268  905  905.318477322  3.3443639847  0.00167015801523
-0.0689377050926  268  932  931.592525646  3.30575877852  -0.0048147985356
-0.0689377050926  267  958  957.543882308  3.33962208638  0.005874479776
-0.0689377050926  267  983  982.987229437  3.36727185217  0.0106084090508
-0.0689377050926  267  1008  1007.98407439  3.27626744577  -0.0111685353923
0.196691294907  268  23  23.1872700221  3.69199889802  -0.00847594899899
0.196691294907  268  66  66.1995861572  3.74124505766  0.00104565003195
0.196691294907  269  108  108.207172882  3.60451652422  -0.0129520822572
0.196691294907  269  149  149.384415571  3.51974786611  -0.00485831921788
0.196691294907  270  190  189.568871546  3.45135132106  -0.0334903127411
0.196691294907  270  229  229.151287122  3.50672091026  -0.00178723343243
0.196691294907  270  268  267.762761087  3.50881006794  -0.0235694878267
0.196691294907  270  306  305.707780674  3.45939152741  -0.0264860147146
0.196691294907  271  343  342.969498278  3.44419331029  0.00701262003405
0.196691294907  271  379  379.304574967  3.42303584772  0.00258752212465
0.196691294907  271  415  415.006204385  3.37984682998  -0.00448765796763
0.196691294907  271  450  449.995028267  3.33518236095  -0.00275205845143
0.196691294907  271  484  484.33435617  3.32788295109  -0.01122956213
0.196691294907  271  518  518.131706587  3.36386073398  0.00532849063888
0.196691294907  271  551  551.219124638  3.37819018019  -0.000341663701883
0.196691294907  271  584  583.693172491  3.2535486944  -0.000559695505825
0.196691294907  271  616  615.549751506  3.19967587526  -0.00791016682039
0.196691294907  271  647  646.86348299  3.28957860769  -0.00408442569812
0.196691294907  271  678  677.645325018  3.23503723272  0.0174873000759
0.196691294907  270  708  707.897692171  3.20350971588  0.000970619445621
0.196691294907  270  738  737.519069263  3.25832639652  -0.0193129092679
0.196691294907  270  767  766.710549455  3.29875225083  -0.0163449758957
0.196691294907  270  795  795.393021487  3.21953146133  0.0110621021423
0.196691294907  270  824  823.536300091  3.28789988009  0.0136478554608
0.196691294907  269  851  851.279116516  3.24733846203  0.00456800709656
0.196691294907  269  878  878.491347078  3.26337937006  0.00228605847561
0.196691294907  269  905  905.229248894  3.29590899855  -0.0023152299822
0.196691294907  269  932  931.539700479  3.25149595088  -0.00549519990677
0.196691294907  268  958  957.486212649  3.34914777231  0.00799472855788
0.196691294907  268  983  982.921185427  3.35848537458  0.00764007989484
0.196691294907  268  1008  1007.93286112  3.32842792  -0.00840068989848
0.462320294907  269  23  23.2285125457  3.72396938014  0.000177273850988
0.462320294907  269  66  66.2295293918  3.68776939079  0.0034446340105
0.462320294907  270  108  108.213934163  3.74324992786  -0.00921520396443
0.462320294907  270  149  149.371633132  3.46431099495  -0.00625328762546
0.462320294907  270  190  189.571711854  3.43819243498  -0.0318563396213
0.462320294907  271  229  229.108507494  3.53471663058  -0.00570164412834
0.462320294907  271  268  267.815558781  3.5507404529  -0.00559844489053
0.462320294907  271  306  305.715868234  3.44218175273  -0.0127380517685
0.462320294907  271  343  342.905760375  3.50027412642  -0.00762600901686
0.462320294907  272  379  379.265503171  3.40050635109  -0.00296648657947
0.462320294907  272  415  414.938303385  3.38618835303  -0.023355010443
0.462320294907  272  450  449.950294751  3.36787777192  -0.0169450268307
0.462320294907  272  484  484.343623069  3.34818778792  0.0181440914164
0.462320294907  272  518  518.123984244  3.35260272281  0.00821163087161
0.462320294907  272  551  551.216970351  3.3236289453  0.00242116412193
0.462320294907  272  584  583.677228346  3.34677800403  0.00534285672108
0.462320294907  272  616  615.505587843  3.23964015607  -0.0129642690958
0.462320294907  272  647  646.805955179  3.27898519658  -0.0187548562342
0.462320294907  271  678  677.64736002  3.24033341541  0.0204565411762
0.462320294907  271  708  707.832585802  3.19516215828  -0.0145910792363
0.462320294907  271  737  737.468578222  3.25833652473  -0.0206959792382
0.462320294907  271  767  766.655343362  3.24107558544  -0.0155899114769
0.462320294907  271  795  795.333193704  3.27185998265  0.000663933384246
0.462320294907  271  824  823.479157307  3.28567365195  0.00887452805882
0.462320294907  270  851  851.208496689  3.24611402387  0.000366287853983
0.462320294907  270  878  878.388471054  3.24684494229  -0.00404875821011
0.462320294907  270  905  905.198186962  3.33994624005  -0.00175289550917
0.462320294907  270  931  931.472680211  3.28534115582  -0.0150164909386
0.462320294907  269  957  957.406089506  3.38297726731  0.00127565032119
0.462320294907  269  983  982.834187828  3.33146508663  -0.00243505248157
0.462320294907  269  1008  1007.89193406  3.34651723919  -0.00748344047731
0.727949294907  270  23  23.2361709292  3.75501994093  -0.0115894942854
0.727949294907  270  66  66.1998283656  3.66994566533  -0.0100462406752
0.727949294907  271  108  108.22585919  3.45737699389  -0.015945280159
0.727949294907  271  149  149.369857415  3.49314045673  -0.00203558514903
0.727949294907  271  190  189.585824797  3.46740094325  -0.0165631328261
0.727949294907  272  229  229.100315974  3.55946882151  -0.00707901388431
0.727949294907  272  268  267.827864034  3.54744811097  -0.00325187986436
0.727949294907  272  306  305.721595014  3.45710210402  -0.0083237462013
0.727949294907  272  343  342.901567201  3.46369683787  0.00661100298639
0.727949294907  273  379  379.243787266  3.34247223585  -0.000557854643556
0.727949294907  273  415  414.958526093  3.35731059731  -0.00848204878947
0.727949294907  273  450  449.966408535  3.322438707  -0.00366540066548
0.727949294907  273  484  484.270574239  3.34560587771  -0.00610767689025
0.727949294907  273  518  518.099764804  3.25413623422  0.00352885946483
0.727949294907  273  551  551.194201295  3.34788013068  0.00380184277634
0.727949294907  273  584  583.636838565  3.29925363293  0.00287966725959
0.727949294907  273  615  615.462618328  3.2411033269  -0.0100075254572
0.727949294907  273  647  646.788557325  3.21145403698  -0.00881158616916
0.727949294907  272  678  677.616568605  3.25463702543  0.0252648053622
0.727949294907  272  708  707.770973013  3.24607076194  -0.0144535222676
0.727949294907  272  737  737.443288879  3.2510726326  -0.0152002148947
0.727949294907  272  767  766.57866352  3.26723762723  -0.0212539063516
0.727949294907  272  795  795.260778619  3.28291949929  -0.0077107198166
0.727949294907  272  823  823.415177356  3.32013185611  0.000880561995764
0.727949294907  271  851  851.156097561  3.33433452241  0.00342117705943
0.727949294907  271  878  878.333068117  3.28025329016  -0.00789323885121
0.727949294907  271  905  905.18202024  3.3754649271  0.0117765387739
0.727949294907  271  931  931.406544562  3.31395276734  -0.017308469036
0.727949294907  270  957  957.354127078  3.37823598912  0.00888545767176
0.727949294907  270  983  982.812308466  3.3473318867  0.00176526410371
0.727949294907  270  1008  1007.83329683  3.36034456978  -0.00386268988506
0.993578294907  271  23  23.2863341325  3.7913770718  0.00524782275958
0.993578294907  271  66  66.1735695328  3.71159591688  -0.00782359578568
0.993578294907  272  108  108.252042153  3.49877941257  -0.00684489525445
0.993578294907  272  149  149.381871951  3.56502194066  -0.00159355894766
0.993578294907  272  190  189.571196822  3.49850926754  -0.023370996959
0.993578294907  273  229  229.076696914  3.54330385955  -0.0218515372833
0.993578294907  273  268  267.794584756  3.45752777835  -0.00970440124273
0.993578294907  273  306  305.743008984  3.51989191996  -0.000370165005478
0.993578294907  273  343  342.914094002  3.50880958509  0.00688453311478
0.993578294907  274  379  379.26102068  3.30973477599  0.00762710370984
0.993578294907  274  415  414.933526844  3.33609309602  -0.00996644040012
0.993578294907  274  450  449.970394364  3.30119809564  0.00118227122042
0.993578294907  274  484  484.265725379  3.28281058639  -0.0124100805996
0.993578294907  274  518  518.070110303  3.25355109847  0.00490520195093
0.993578294907  274  551  551.142575692  3.32212501085  -0.00191275098623
0.993578294907  274  584  583.607558733  3.30626924678  0.00979696196823
0.993578294907  274  615  615.415074332  3.2695145472  -0.0037211931361
0.993578294907  274  647  646.758373225  3.18752422779  -0.0098137585239
0.993578294907  273  678  677.548593507  3.1869337246  0.00217789980188
0.993578294907  273  708  707.73653823  3.29333241842  -0.00895129521563
0.993578294907  273  737  737.414037156  3.26025418641  -0.0145492506205
0.993578294907  273  767  766.567820667  3.27749190029  -0.010882939694
0.993578294907  273  795  795.205767265  3.3206083679  -0.00939199658452
0.993578294907  273  823  823.37888556  3.32285550593  -0.000619333104682
0.993578294907  272  851  851.091877956  3.32252044927  0.00711653694925
0.993578294907  272  878  878.312886612  3.28981574532  -0.00277854134138
0.993578294907  272  905  905.0974997  3.36255234646  0.00739831684827
0.993578294907  271  931  931.442164855  3.26255146863  0.00817101883071
0.993578294907  271  957  957.3057894  3.31871467851  0.0101567536267
0.993578294907  271  983  982.756538767  3.27586500259  0.00389432077733
0.993578294907  271  1008  1007.76057907  3.34939400361  -0.00555755515686
1.25920729491  272  23  23.3071192539  3.80215956348  0.00532301499159
1.25920729491  272  66  66.1697141423  3.62630426059  -0.00990643818624
1.25920729491  273  108  108.232178292  3.56748021701  -0.0118469896583
1.25920729491  273  149  149.389764474  3.55213876822  -0.012427117245
1.25920729491  273  190  189.578092391  3.52082402307  -0.0196628809413
1.25920729491  274  229  229.088917531  3.52847273627  -0.0162681916406
1.25920729491  274  268  267.782648861  3.47869368605  -0.00397094427144
1.25920729491  274  306  305.751275917  3.49176390133  0.00533580377359
1.25920729491  274  343  342.879411856  3.4741774722  -0.00358684310878
1.25920729491  275  379  379.213866341  3.34705525473  -0.0110837192536
1.25920729491  275  415  414.91477285  3.34573345651  -0.0132794507276
1.25920729491  275  450  449.96680335  3.2854700598  0.00645223220222
1.25920729491  275  484  484.249292472  3.29096446952  -0.0178344758881
1.25920729491  275  518  518.039017009  3.29649788066  0.0068797718893
1.25920729491  275  551  551.063512889  3.33438464565  -0.0181605745046
1.25920729491  275  584  583.550625386  3.30265484964  -0.00761719117166
1.25920729491  275  615  615.398888964  3.31130188341  -0.0127089463538
1.25920729491  275  647  646.734923165  3.22562974246  -0.0117397743516
1.25920729491  274  678  677.489806122  3.21863415538  -0.00211984716345
1.25920729491  274  708  707.680096548  3.30111677397  -0.0140206301515
1.25920729491  274  737  737.380641678  3.31461360761  -0.0127078683638
1.25920729491  274  767  766.539706914  3.23991526995  -0.0133915876187
1.25920729491  274  795  795.167333521  3.35756272097  -0.00148918005748
1.25920729491  274  823  823.389988354  3.31621044734  0.00486453158153
1.25920729491  273  851  851.060771055  3.31478116108  0.00602411570283
1.25920729491  273  878  878.307367155  3.28428412259  0.00736425237955
1.25920729491  273  905  904.999346935  3.34469981046  -0.00258645705739
1.25920729491  272  931  931.404938114  3.23993607009  0.00248754672916
1.25920729491  272  957  957.254818862  3.30921089233  0.00215963370998
1.25920729491  272  983  982.680380832  3.25067622126  0.00226701387942
1.25920729491  272  1008  1007.70449007  3.40901446209  -0.00912426903654
1.52483629491  273  23  23.270900239  3.78442565867  0.00543357767587
1.52483629491  273  66  66.2298531836  3.51702183158  0.00466329623074
1.52483629491  274  108  108.210965029  3.60398974525  -0.020297983996
1.52483629491  274  149  149.39342341  3.50889214104  -0.00712237175018
1.52483629491  274  190  189.583803607  3.43935323765  -0.0194905099184
1.52483629491  275  229  229.111140271  3.56859460785  -0.0100711036656
1.52483629491  275  268  267.778668838  3.50082277026  -0.00767718694263
1.52483629491  275  306  305.687696862  3.54632674566  -0.000122608779464
1.52483629491  275  343  342.857572761  3.44463440064  -0.0103028837253
1.52483629491  276  379  379.205025905  3.34525163053  -0.00932614598525
1.52483629491  276  415  414.894701263  3.40261213587  -0.00909761298857
1.52483629491  276  450  449.940200544  3.32072998915  0.00299003196168
1.52483629491  276  484  484.265980975  3.30071252142  -0.0117286690398
1.52483629491  276  518  517.975255857  3.34141924941  -0.0131140069891
1.52483629491  276  551  551.023487046  3.27310401561  -0.0283451587349
1.52483629491  276  584  583.520001329  3.30870604732  -0.00188575988451
1.52483629491  276  615  615.391276359  3.33663859981  -0.0108802263974
1.52483629491  276  647  646.69475827  3.24498968831  -0.00479218233583
1.52483629491  275  677  677.435112384  3.24316043097  -0.00894204187833
1.52483629491  275  708  707.630400263  3.28207752376  -0.0154582543664
1.52483629491  275  737  737.348806153  3.33087948949  -0.0077750074665
1.52483629491  275  766  766.497530071  3.22261968429  -0.00276357872866
1.52483629491  275  795  795.126439457  3.32613003047  -0.00151718189588
1.52483629491  274  823  823.353631397  3.23230683777  0.0129394571951
1.52483629491  274  851  851.010275027  3.29058353692  -0.00474849503467
1.52483629491  274  878  878.251931406  3.27168845469  0.00799188900675
1.52483629491  274  905  904.956864845  3.34416130904  -0.00305377410333
1.52483629491  273  931  931.340981562  3.24792845305  0.00672087359071
1.52483629491  273  957  957.173967256  3.36396023113  0.00344065187498
1.52483629491  273  983  982.598980848  3.30556476206  0.00151596901361
1.52483629491  272  1008  1007.687619  3.36114718564  0.00168634285591
1.79046529491  274  23  23.3066186485  3.77517946743  0.0151479842219
1.79046529491  274  66  66.2653830784  3.4550296961  -0.00258089060879
1.79046529491  275  108  108.245779596  3.47708899755  -0.0261616389655
1.79046529491  275  149  149.375343031  3.4871898229  -0.0153145518064
1.79046529491  275  190  189.5716893  3.43899394935  -0.0272461452306
1.79046529491  276  229  229.060449418  3.63646259619  -0.0252565963171
1.79046529491  276  268  267.788905779  3.55139070966  -0.010026062259
1.79046529491  276  306  305.693592701  3.49371798625  -0.0044982888483
1.79046529491  276  343  342.857133339  3.47103428723  -0.00540488514513
1.79046529491  277  379  379.190195611  3.36312175026  -0.0172473003257
1.79046529491  277  415  414.911912882  3.37150431248  0.00110563007046
1.79046529491  277  450  449.905009225  3.37343879338  -0.00149787850864
1.79046529491  277  484  484.241693554  3.33562150366  -0.0106544440514
1.79046529491  277  518  517.921350612  3.28706857016  -0.0152120301254
1.79046529491  277  551  551.012787586  3.31887089456  -0.021035281617
1.79046529491  277  583  583.476018077  3.33520528513  -0.0136237494051
1.79046529491  277  615  615.364640031  3.30244764986  -0.010284186088
1.79046529491  277  647  646.63549815  3.35833960304  -0.0149984071125
1.79046529491  276  677  677.405524137  3.30005466113  -0.0020571337685
1.79046529491  276  708  707.597530606  3.25708211191  -0.0155034985681
1.79046529491  276  737  737.303617221  3.25948802115  -0.0046936293097
1.79046529491  276  766  766.44272479  3.24022350042  -0.00640305237602
1.79046529491  276  795  795.129268574  3.32929593436  0.010145874488
1.79046529491  275  823  823.313449505  3.24253143967  0.0163729433391
1.79046529491  275  851  850.971664174  3.30693947842  0.00520704929342
1.79046529491  275  878  878.166996794  3.30546433989  -0.000550607642361
1.79046529491  275  905  904.899973729  3.29889369141  -0.000616436169201
1.79046529491  274  931  931.293888719  3.25767666897  0.00671000648171
1.79046529491  274  957  957.113338641  3.36670901833  0.0106250480482
1.79046529491  274  982  982.518693945  3.2917208076  -0.00409837993722
1.79046529491  273  1008  1007.65162197  3.31280382762  0.0129527525606
2.05609429491  274  23  23.3591643965  3.75304017228  0.0410255041073
2.05609429491  275  66  66.3037508654  3.46777980232  0.00569413054171
2.05609429491  276  108  108.267008873  3.47822941667  -0.00694922779575
2.05609429491  276  149  149.344160371  3.47813743256  -0.0262686733652
2.05609429491  276  190  189.574441226  3.5175798957  -0.0269150053743
2.05609429491  277  229  229.015211954  3.57336507184  -0.0297567874505
2.05609429491  277  268  267.797809513  3.57155123038  -0.00260112440207
2.05609429491  277  306  305.733601511  3.46535551178  0.00103616120016
2.05609429491  277  343  342.878563761  3.43635150724  0.00543367162326
2.05609429491  278  379  379.211376082  3.35322034776  -0.0146084711992
2.05609429491  278  415  414.90689632  3.37329240343  0.0036472354945
2.05609429491  278  450  449.917362882  3.34996387811  0.0106038073557
2.05609429491  278  484  484.206555937  3.35375203192  -0.00587451617824
2.05609429491  278  518  517.896776453  3.28085645318  -0.00711522525203
2.05609429491  278  551  551.008628792  3.36632804954  -0.00659812859834
2.05609429491  278  584  583.472545842  3.38187587402  -0.00273077786061
2.05609429491  278  615  615.336112751  3.27955873639  -0.00608275239318
2.05609429491  277  647  646.631973136  3.33975735152  -0.00578607703345
2.05609429491  277  677  677.393783783  3.30430896503  -0.00222413374789
2.05609429491  277  708  707.579569881  3.33422141763  -0.0095142970659
2.05609429491  277  737  737.294545452  3.30760303857  0.00162067310539
2.05609429491  277  766  766.402715496  3.3087254979  -0.010587315754
2.05609429491  277  795  795.065194387  3.32206251481  0.00361408747399
2.05609429491  276  823  823.246448952  3.27221361272  0.0145609034759
2.05609429491  276  851  850.884762212  3.28467074481  -0.00462266152093
2.05609429491  276  878  878.112781306  3.28496974447  -0.000801544721914
2.05609429491  276  905  904.889435226  3.29661871002  0.0107174528744
2.05609429491  275  931  931.180817798  3.24896169553  -0.0113632296106
2.05609429491  275  957  957.046940815  3.35182181318  0.00512825574835
2.05609429491  275  982  982.467465257  3.28818200292  -0.00379449765337
2.05609429491  274  1008  1007.5924485  3.35030949301  0.0131967279855
2.32172329491  275  23  23.2621111444  3.64758109608  -0.000870139370847
2.32172329491  276  66  66.3058289422  3.51490482934  0.0117431550817
2.32172329491  277  108  108.275616731  3.45879576644  -0.00508677211668
2.32172329491  277  149  149.364104189  3.52423702089  -0.0238454105914
2.32172329491  277  190  189.587910624  3.55640581372  -0.0255683825206
2.32172329491  278  229  229.062337241  3.52122515385  -0.0224775824212
2.32172329491  278  268  267.821142223  3.54273036338  0.00303229789626
2.32172329491  278  306  305.733993565  3.48694282791  0.0127949297677
2.32172329491  278  343  342.882910833  3.38833707771  0.00208150390226
2.32172329491  278  379  379.217059094  3.34640546226  -0.00213799978559
2.32172329491  279  415  414.859914951  3.36930743543  -0.0106462337675
2.32172329491  279  450  449.864680289  3.38975842765  0.0106782324214
2.32172329491  279  484  484.176237681  3.31955402509  -0.00362735622117
2.32172329491  279  518  517.871687818  3.31672588069  -0.00389768606611
2.32172329491  279  551  550.940062729  3.3489940652  -0.0217708027351
2.32172329491  279  584  583.470093185  3.37951708487  0.000112192386123
2.32172329491  279  615  615.323969353  3.24362475121  -0.00331171051359
2.32172329491  278  647  646.598180117  3.2806438213  -0.00408447230642
2.32172329491  278  677  677.362176611  3.3197897204  -9.96380263799e-05
2.32172329491  278  708  707.533536659  3.34382319451  -0.0159512847441
2.32172329491  278  737  737.236236177  3.28695866299  -0.00245611703944
2.32172329491  278  766  766.365712549  3.30016353738  -0.0110295815219
2.32172329491  278  795  795.004306513  3.31046405743  -0.00218326652377
2.32172329491  277  823  823.206013046  3.26867158804  0.011760350116
2.32172329491  277  851  850.85504145  3.26603646718  -0.00591334284396
2.32172329491  277  878  878.073450633  3.30150688725  0.00212752196809
2.32172329491  277  905  904.854864422  3.31268046063  0.012027079796
2.32172329491  276  931  931.119545677  3.26484032202  -0.00857076137712
2.32172329491  276  957  956.997352729  3.35300249638  0.00969414371772
2.32172329491  276  982  982.398886022  3.29655468847  -0.00136008799905
2.32172329491  275  1007  1007.47629646  3.44192325783  -0.0126125381615
2.58735229491  276  23  23.2785392427  3.61032971445  -0.00508866547301
2.58735229491  277  66  66.2732538765  3.57654417603  0.00558687535935
2.58735229491  277  108  108.262142982  3.4784196121  -0.012163418309
2.58735229491  278  149  149.355048774  3.60046191248  -0.0243584107264
2.58735229491  278  190  189.611554179  3.59039450105  -0.0119580543537
2.58735229491  279  229  229.071894231  3.52846968891  -0.0208227419381
2.58735229491  279  268  267.785746603  3.5678775559  -0.0063197534653
2.58735229491  279  306  305.72105499  3.49292312993  0.00647118558015
2.58735229491  279  343  342.865891113  3.40187616513  0.00591751804219
2.58735229491  279  379  379.20237592  3.38591900171  0.00181223758652
2.58735229491  280  415  414.855537359  3.35478025097  -0.0079784119513
2.58735229491  280  450  449.8065487  3.39174424005  -0.0033280326618
2.58735229491  280  484  484.194521401  3.32126727206  0.00419178275734
2.58735229491  280  518  517.861910464  3.36523329907  -0.00621662180834
2.58735229491  280  551  550.909956615  3.32048451172  -0.0248687114265
2.58735229491  280  583  583.448764037  3.33196317909  0.00755628495092
2.58735229491  280  615  615.294542156  3.25081076187  -0.0057814300545
2.58735229491  279  647  646.550170088  3.24312574647  -0.00716539543287
2.58735229491  279  677  677.343662261  3.28241922896  0.00782641132509
2.58735229491  279  708  707.494468558  3.3395913854  -0.020439905481
2.58735229491  279  737  737.185595628  3.33172648344  -0.00392381965466
2.58735229491  279  766  766.313446281  3.24864826747  -0.00744608254462
2.58735229491  279  795  794.977884973  3.29653308983  0.0153319861582
2.58735229491  278  823  823.153973984  3.2737508499  0.00753527620333
2.58735229491  278  851  850.813918009  3.26934833181  0.000769937226001
2.58735229491  278  878  877.99230739  3.26767403471  -0.00310996304437
2.58735229491  278  905  904.800197102  3.29354364873  0.00310833287686
2.58735229491  277  931  931.060906138  3.34700768964  -0.00192466520714
2.58735229491  277  957  956.95610885  3.36854908779  0.0108637819542
2.58735229491  277  982  982.352882117  3.32311308361  0.00701894345099
2.58735229491  276  1007  1007.42410199  3.2255992615  0.00120874019781
2.85298129491  277  23  23.311841084  3.58914010284  -0.00558833419881
2.85298129491  278  66  66.2103317423  3.62483469578  -0.0173727313328
2.85298129491  278  108  108.259850689  3.52054022962  -0.0128383130412
2.85298129491  279  149  149.361056253  3.64430885987  -0.0278390426611
2.85298129491  279  190  189.628285943  3.59641130894  -0.0166841388396
2.85298129491  280  229  229.100804541  3.50461769081  -0.0124058608158
2.85298129491  280  268  267.804829297  3.49511004291  0.00471748734983
2.85298129491  280  306  305.713668847  3.48305498649  0.00541703072468
2.85298129491  280  343  342.848337479  3.42519130972  0.00118918566136
2.85298129491  280  379  379.169588539  3.38196913126  0.00223494402442
2.85298129491  281  415  414.820094969  3.36540281341  -0.00762716520897
2.85298129491  281  450  449.799918623  3.38886376451  -0.00227933256101
2.85298129491  281  484  484.155379695  3.31380986387  -0.00880403261384
2.85298129491  281  518  517.845804202  3.4022543388  -0.00293725723549
2.85298129491  281  551  550.88275176  3.27672147898  -0.0263693995214
2.85298129491  281  583  583.409069813  3.29315282828  0.00761894353965
2.85298129491  281  615  615.270505532  3.28045555176  0.00175424106977
2.85298129491  280  646  646.51084403  3.24126265388  -0.00849237830063
2.85298129491  280  677  677.29178589  3.32606076336  0.00475549102249
2.85298129491  280  707  707.471844353  3.27762540747  -0.0151759147256
2.85298129491  280  737  737.146437605  3.32336411512  -0.00469817949849
2.85298129491  280  766  766.264165624  3.23477183528  -0.00386746893627
2.85298129491  280  795  794.913554402  3.33576307147  0.000127817042622
2.85298129491  279  823  823.105675184  3.30586864186  0.00523922144376
2.85298129491  279  851  850.761783751  3.25792429669  0.00978926772437
2.85298129491  279  878  877.950920538  3.26643899059  0.000669126754834
2.85298129491  279  905  904.738119283  3.24581544146  0.00354878580987
2.85298129491  278  931  930.993292285  3.35304230334  -0.00754336290072
2.85298129491  278  957  956.891047753  3.33181617189  0.0115917338415
2.85298129491  278  982  982.27979521  3.27381468234  0.00571326949199
2.85298129491  277  1007  1007.39301645  3.33534213704  0.0049501344635
3.11861029491  278  23  23.3165064369  3.56796079874  -0.00787085324051
3.11861029491  279  66  66.2170053734  3.61105652785  -0.0109645679603
3.11861029491  279  108  108.296821904  3.51783247918  -0.013439513719
3.11861029491  280  149  149.348132554  3.68983216822  -0.0304421645202
3.11861029491  280  190  189.63143602  3.60263329482  -0.0164139658107
3.11861029491  281  229  229.101025865  3.55351705323  -0.0125607696523
3.11861029491  281  268  267.806087973  3.47250686309  0.0033592755373
3.11861029491  281  306  305.652930711  3.43646191554  -0.0105621183051
3.11861029491  281  343  342.839052053  3.43184576813  0.0107073699682
3.11861029491  281  379  379.159480339  3.34769867198  0.00136893199307
3.11861029491  282  415  414.803965819  3.38101767109  -0.00967046639476
3.11861029491  282  450  449.791072288  3.37178832021  0.00051059957631
3.11861029491  282  484  484.110450829  3.35408735395  -0.00628523820154
3.11861029491  282  518  517.830203364  3.3814609535  0.00273287066357
3.11861029491  282  551  550.852510005  3.32609923648  -0.0216956799885
3.11861029491  282  583  583.309947394  3.28081465125  -0.0163519424639
3.11861029491  282  615  615.250270889  3.33072718937  0.00417268044324
3.11861029491  281  647  646.522333063  3.25477887454  0.00242775611818
3.11861029491  281  677  677.21385042  3.36549964059  -0.00165241703061
3.11861029491  281  707  707.434652356  3.24742427623  -0.00681221094387
3.11861029491  281  737  737.086032479  3.31679157613  -0.00837039180675
3.11861029491  281  766  766.207138574  3.26068748529  -0.00861643850979
3.11861029491  281  795  794.842118882  3.31350964732  -0.00293688365258
3.11861029491  280  823  823.060655757  3.35460527604  0.00332989069227
3.11861029491  280  851  850.707230767  3.2533212075  0.00370274829128
3.11861029491  280  878  877.896779762  3.30509869801  5.28720091192e-05
3.11861029491  280  905  904.689630616  3.25980104702  0.00199882965507
3.11861029491  279  931  930.927677141  3.30990836668  -0.00651015341307
3.11861029491  279  957  956.816010648  3.30593303211  0.00814345146515
3.11861029491  279  982  982.247069788  3.30011719522  0.0156390058096
3.11861029491  278  1007  1007.346531  3.33951566484  0.0126503031788
3.38423929491  279  23  23.3171596445  3.68497406002  -0.00167928500966
3.38423929491  280  66  66.2212643533  3.56814886328  -0.0130721085281
3.38423929491  280  108  108.329544725  3.54676329781  0.00104472498464
3.38423929491  281  149  149.409855952  3.72044415618  -0.0127438596678
3.38423929491  281  190  189.651994721  3.6205496626  -0.0152498186181
3.38423929491  282  229  229.116304134  3.53731912761  -0.0100364511794
3.38423929491  282  268  267.781037419  3.47471399172  0.00362091083758
3.38423929491  282  306  305.66597657  3.45315755821  -0.0025345705968
3.38423929491  282  343  342.803043522  3.48411727842  0.000172169933418
3.38423929491  282  379  379.146745862  3.35209714918  0.00482730707494
3.38423929491  283  415  414.854948004  3.26705564046  0.00627198350888
3.38423929491  283  450  449.744462147  3.36881623779  -0.000997285335979
3.38423929491  283  484  484.080814306  3.3550287217  -0.00858991748591
3.38423929491  283  518  517.781310396  3.32243382027  -0.00910271978546
3.38423929491  283  551  550.864387708  3.35749600431  -0.00701149534493
3.38423929491  283  583  583.309898002  3.32901404592  -0.0119334777023
3.38423929491  282  615  615.195562671  3.28243757522  -0.00463465839094
3.38423929491  282  646  646.508269641  3.25825858016  0.00461179774455
3.38423929491  282  677  677.186950852  3.33078228647  0.0010946536955
3.38423929491  282  707  707.413633661  3.26400751508  0.00421766249676
3.38423929491  282  737  737.043730622  3.3496053454  -0.00975111789271
3.38423929491  282  766  766.181334785  3.21798419153  -0.00206495089434
3.38423929491  282  795  794.787067721  3.27758998413  -0.00984290794255
3.38423929491  281  823  823.036163834  3.33026574745  0.0193225924327
3.38423929491  281  851  850.66462087  3.27031304871  0.00717121226695
3.38423929491  281  878  877.82717903  3.26973358184  -0.00260437662544
3.38423929491  281  905  904.582617823  3.29315340212  -0.0160870300887
3.38423929491  280  931  930.877692254  3.32936152907  -0.0121768805014
3.38423929491  280  957  956.738032701  3.31208271688  0.00171515900173
3.38423929491  280  982  982.2066543  3.26540461332  0.0171864323039
3.38423929491  279  1007  1007.28592684  3.3422658613  0.0132370829684
3.64986829491  280  23  23.322290839  3.63639817342  -0.00067843332513
3.64986829491  281  66  66.2373744882  3.56639139866  -0.00626690203305
3.64986829491  281  108  108.305143811  3.59797894197  -0.00395253853487
3.64986829491  282  149  149.422723491  3.68371440837  -0.0105898524214
3.64986829491  282  190  189.660866237  3.57730982381  -0.0166415844921
3.64986829491  283  229  229.128830352  3.54143720498  -0.0113893652067
3.64986829491  283  268  267.764353368  3.50007432889  -0.00357061075326
3.64986829491  283  306  305.689186621  3.44894989586  0.000910034778804
3.64986829491  283  343  342.78479346  3.42776534338  -0.000728730019051
3.64986829491  283  379  379.113790459  3.39570133077  -0.000657406258288
3.64986829491  283  415  414.743113489  3.32638202071  -0.0241806299301
3.64986829491  284  450  449.75843331  3.35482960692  0.00498993578968
3.64986829491  284  484  484.074981988  3.35541190938  -0.0134752041631
3.64986829491  284  518  517.77104933  3.34005478965  -0.00447869504196
3.64986829491  284  551  550.798214931  3.33292349803  -0.0639654338226
3.64986829491  284  583  583.280846671  3.29064021045  -0.00798114581881
3.64986829491  283  615  615.147951451  3.26757645651  -0.00464414570145
3.64986829491  283  646  646.42806323  3.2815993148  -0.0133242564926
3.64986829491  283  677  677.185566033  3.30757693741  0.015296972559
3.64986829491  283  707  707.33241792  3.28923947705  -0.00159505802011
3.64986829491  283  737  737.012685165  3.28137289508  -0.00835990170626
3.64986829491  283  766  766.142006522  3.24677975878  -0.00171840836085
3.64986829491  283  795  794.771168729  3.26199513696  0.00206365751213
3.64986829491  282  823  822.957269822  3.31826010883  0.0110966926282
3.64986829491  282  851  850.597631601  3.26381654017  0.00110219120023
3.64986829491  282  878  877.799254084  3.28064881392  0.00431187508534
3.64986829491  281  905  904.560482618  3.38140682074  0.00654877256264
3.64986829491  281  931  930.833187954  3.32791447475  -0.00956976633173
3.64986829491  281  957  956.692280514  3.30942843714  0.000447640610175
3.64986829491  281  982  982.133538815  3.31728615014  0.00917420708472
3.64986829491  280  1007  1007.17680297  3.36204337508  -0.00939254990619
