# Band 3C   Etalon 2A   Slice 14
# Distortion map version 7B.05.01 - date 2019-03-22
# Trace (isoalpha): Take pixel trace along specified slice, specified alpha position trace is built by taking the pixel in every detector row with alpha value closest to the one specified 
# xpos[i] = np.argmin(alpha_img[i,:])+funcs.find_nearest(alpha_img[i,:][(slice_img[i,:]!=0)],alpha_pos)
#    alpha       x  y      center         FWHM          skewness
0.0  660  30  30.35295569489477  2.7112718046862447  -0.01749497142839285
0.0  662  72  72.30302385792149  2.682070721705145  -0.009794517832588364
0.0  664  113  113.42559308017753  2.588660436439568  -0.014493296922391301
0.0  665  154  153.7068429722112  2.5557232649770185  0.0010585407299191834
0.0  666  193  193.12226914490128  2.637381373995197  -0.005299108335436926
0.0  667  232  231.85503373205228  2.467279300520488  -0.04130184877216036
0.0  668  270  269.90819200093034  2.5756653963387635  -0.01002566736032579
0.0  669  307  307.16288244579226  2.5605666235483113  -0.00945593024238828
0.0  670  344  343.8503013993281  2.4804228686217584  -0.01638507366140022
0.0  670  380  379.656975065438  2.4820574020054664  -0.025240864387159133
0.0  671  415  415.00032339148476  2.471611495419552  -0.024351233614483173
0.0  671  450  449.65343983310055  2.528918656229621  -0.013413498462819348
0.0  671  484  483.61338631723373  2.418486427680932  -0.01654097055762791
0.0  671  517  517.0891893466322  2.549220333707808  0.0015223617230574853
0.0  671  550  549.8592910744106  2.471870489963976  -0.024832764800413642
0.0  671  582  582.1515253527132  2.466218464882786  -0.011389331934478756
0.0  671  614  613.8592701594159  2.5064615879482517  -0.01751468073150554
0.0  671  645  644.990953267937  2.501850575312801  -0.024065990869733964
0.0  670  676  675.6647894501845  2.4899542199589177  -0.0037475648592065697
0.0  670  706  705.7811725940965  2.501753266793685  -0.02158543250055164
0.0  669  735  735.3955440361267  2.5357363024504593  0.00543249729664248
0.0  669  764  764.4633793756942  2.463501886934182  -0.04560868601747972
0.0  668  793  793.1541239975688  2.59235287251704  0.005391375481370727
0.0  667  821  821.3134605039933  2.5144175112980065  0.02093452716545537
0.0  666  849  849.0003450903845  2.6044051637691155  0.0004772233993313745
0.0  665  876  876.244128885681  2.4866208920709596  -0.01178331068217642
0.0  665  903  903.0525207328117  2.4560005820123934  -0.005198211941738152
0.0  664  929  929.4362467875426  2.452194090340072  0.010087433095230433
0.0  663  955  955.40423241953  2.358158592811378  0.04700143625064101
0.0  661  981  980.8502105921712  2.4609805302752648  -0.020467744303529406
0.0  660  1006  1005.9794312127673  2.3931191969529664  0.0021671333694247034
-2.348173211296086  670  32  31.669744708991864  2.70488701100831  -0.0067170514814744705
-2.348173211296086  672  74  73.53745654427331  2.650056262761069  -0.00896408946083228
-2.348173211296086  673  115  114.52154201951815  2.534562429477319  -0.04147508094807476
-2.348173211296086  675  155  154.85606649137304  2.7087206179116947  -0.004891000541655301
-2.348173211296086  676  194  194.22289491802167  2.5386306583996543  -0.01773018628366894
-2.348173211296086  677  233  232.9922200928493  2.5703101005482267  -0.003610567645922833
-2.348173211296086  678  271  270.8740038199199  2.6032228701947133  -0.03047534124653866
-2.348173211296086  679  308  308.18811443088  2.416334341034144  -0.011132149794066062
-2.348173211296086  679  345  344.6901905047506  2.5771166036815885  -0.03436621602906403
-2.348173211296086  680  381  380.56359853869344  2.455720279528009  -0.045853474858794416
-2.348173211296086  680  416  415.84098182272294  2.445090879007239  -0.007895270795197997
-2.348173211296086  681  450  450.4170198446203  2.4520428689081655  -0.04477465290801323
-2.348173211296086  681  484  484.440098671141  2.4329847558441315  -0.018728623303346487
-2.348173211296086  681  518  517.7976517745403  2.54846663900787  -0.013296504627033317
-2.348173211296086  681  551  550.5481927854776  2.4113954861572893  -0.04624439053780198
-2.348173211296086  681  583  582.827706848105  2.5884365367235205  -0.02230068621748419
-2.348173211296086  680  614  614.4213302465564  2.483343347579762  -0.03130430841563903
-2.348173211296086  680  646  645.637281329139  2.4808052215819316  0.008758031369253025
-2.348173211296086  680  676  676.2181517964971  2.512204288733301  -0.01607193535786332
-2.348173211296086  679  706  706.2851513256393  2.4875206028859793  -0.0216761240560131
-2.348173211296086  679  736  735.8684009672809  2.5356607451228683  -0.013921187380488607
-2.348173211296086  678  765  764.9251907335389  2.5765664502109757  -0.021583909294355982
-2.348173211296086  677  794  793.5718805505721  2.480730139465777  0.0021945461789134504
-2.348173211296086  677  822  821.6977910162886  2.510380902447878  -0.009150041139725723
-2.348173211296086  676  849  849.3982575394168  2.5112264721049087  0.020789808240879473
-2.348173211296086  675  877  876.5689318562977  2.447115390834597  -0.02651880012588315
-2.348173211296086  674  903  903.3873326811851  2.493514693457655  0.018025282251053303
-2.348173211296086  673  930  929.6858612489319  2.440549714120152  -0.014530266769527901
-2.348173211296086  672  956  955.6290812449475  2.421072063672  0.01799406952583396
-2.348173211296086  671  981  981.1018364225176  2.5213335337316494  0.003405628203288327
-2.348173211296086  670  1006  1006.1959916670388  2.3827652822008076  0.00953250784933718
-2.125468211296086  669  32  31.555323748667885  2.7276913698283387  0.009103856860998986
-2.125468211296086  671  73  73.40470280566225  2.6714680777827198  -0.007252727994429614
-2.125468211296086  672  114  114.3985000109493  2.563394791013181  -0.04782872149713589
-2.125468211296086  674  155  154.71354567668027  2.6853814181051803  -0.023215550789782737
-2.125468211296086  675  194  194.11398743379272  2.552209468901367  -0.01803846930057437
-2.125468211296086  676  233  232.86771073179662  2.5578693725295807  -0.01875433650417767
-2.125468211296086  677  271  270.7761862718072  2.5635771968835  -0.03227874365254647
-2.125468211296086  678  308  308.09546922259494  2.458673071011731  -0.004638772905226138
-2.125468211296086  679  345  344.6953961586725  2.5785990015665448  -0.025287580583477607
-2.125468211296086  679  380  380.45233035247935  2.4585243948268385  -0.04920783815754458
-2.125468211296086  679  416  415.74166103226827  2.4319469715604782  -0.0169625626825903
-2.125468211296086  680  450  450.35813817932006  2.45128662393563  -0.03654608390770385
-2.125468211296086  680  484  484.3679226532147  2.441920413370781  -0.015275855512329128
-2.125468211296086  680  518  517.735261692833  2.5034303039720953  -0.018686229479289673
-2.125468211296086  680  551  550.5036285058544  2.4093873157394228  -0.039232231083967624
-2.125468211296086  680  583  582.7723200507237  2.566702727819802  -0.019632665604717284
-2.125468211296086  680  614  614.4211721573619  2.5019290326433747  -0.029205797987770798
-2.125468211296086  679  646  645.5767247491432  2.5039687746373147  0.011061584833521688
-2.125468211296086  679  676  676.1674781916573  2.545882100529525  -0.008284645177537617
-2.125468211296086  678  706  706.2368430025812  2.445353580027131  -0.024398287981135715
-2.125468211296086  678  736  735.8370017076854  2.568739247817348  -0.013357855791448704
-2.125468211296086  677  765  764.9048461911908  2.566023614450387  -0.016140996444559005
-2.125468211296086  676  794  793.5235680170227  2.4528901270714414  -0.0015389103281719264
-2.125468211296086  676  822  821.6630797487294  2.4736989110529066  -0.009821904518895017
-2.125468211296086  675  849  849.381712645772  2.5195165174443446  0.027172440250587564
-2.125468211296086  674  877  876.5393979003816  2.4286377183823333  -0.020809188869886
-2.125468211296086  673  903  903.3545995981058  2.4814988126220214  0.013949016047365162
-2.125468211296086  672  930  929.6625973533423  2.4327445505161904  -0.019483022463588216
-2.125468211296086  671  956  955.6100106213369  2.4097699791275318  0.01928235986278928
-2.125468211296086  670  981  981.089704015993  2.499651670891126  0.000670191189614461
-2.125468211296086  669  1006  1006.194113483868  2.433010934202457  0.018321057075934975
-1.9027632112960862  668  31  31.433999989148305  2.7307717819947683  0.018515765359789205
-1.9027632112960862  670  73  73.28545839909305  2.70623819600263  -0.0019331058420086406
-1.9027632112960862  672  114  114.37360180269667  2.732786290957762  -0.00011217915002067467
-1.9027632112960862  673  155  154.5866966022632  2.6140089317870263  -0.026782552817027024
-1.9027632112960862  674  194  194.00993001170184  2.520125234971715  -0.01897349494558291
-1.9027632112960862  675  233  232.7598051968035  2.5475719029278707  -0.01964057875455932
-1.9027632112960862  676  271  270.6776332395597  2.568173763492439  -0.03170098981908728
-1.9027632112960862  677  308  307.9873246172512  2.4692694464207534  -0.01060281983498286
-1.9027632112960862  678  345  344.6054422647824  2.5227868888745775  -0.041079917185836146
-1.9027632112960862  678  380  380.395357157053  2.4591795443272986  -0.03251649961406951
-1.9027632112960862  679  416  415.74175994974576  2.4315603838052766  -0.015528226805365211
-1.9027632112960862  679  450  450.29096791049716  2.455043780958306  -0.027833583921479225
-1.9027632112960862  679  484  484.28142422741485  2.4517916500361707  -0.017190467740687068
-1.9027632112960862  679  518  517.6724982405113  2.513750422863609  -0.011799602700012986
-1.9027632112960862  679  550  550.4480788265672  2.3954292385533336  -0.034087837377238125
-1.9027632112960862  679  583  582.697399095679  2.502506591479687  -0.02463863521354855
-1.9027632112960862  679  614  614.3683196731446  2.499200871951416  -0.02845856439486061
-1.9027632112960862  678  646  645.5269747214805  2.5164587238739387  0.014196321575535898
-1.9027632112960862  678  676  676.1234834844881  2.5420832459353733  -0.010042634338599926
-1.9027632112960862  677  706  706.2078961017536  2.5177692556731017  -0.009832018514160306
-1.9027632112960862  677  736  735.8095813810696  2.5412782810674344  -0.008202613979120442
-1.9027632112960862  676  765  764.8472580667943  2.5898377135386  -0.02582495526899728
-1.9027632112960862  676  794  793.5388365754918  2.4833222523870973  0.011901616789491129
-1.9027632112960862  675  822  821.6423352287368  2.462968993468394  -0.00875529718209066
-1.9027632112960862  674  849  849.3492773971662  2.5395338790526694  0.022582435142635096
-1.9027632112960862  673  876  876.498252107293  2.4226934985508706  -0.025646641577077536
-1.9027632112960862  672  903  903.3324889210464  2.471579869994912  0.02219663463536995
-1.9027632112960862  671  930  929.6440084906085  2.4268739744163668  -0.006735644452531669
-1.9027632112960862  670  956  955.5862190402761  2.3965580161179787  0.016203476046207737
-1.9027632112960862  669  981  981.059008473505  2.502546298389234  -0.0007178079256412405
-1.9027632112960862  668  1006  1006.1797340371089  2.4055755506337846  0.015639773124658616
-1.6800582112960862  667  31  31.305448420059836  2.774859467310648  0.010088997980814834
-1.6800582112960862  669  73  73.1207381885432  2.7401255316274558  -0.023184258551340157
-1.6800582112960862  671  114  114.29844170064297  2.5523037432026  -0.00019414434998842958
-1.6800582112960862  672  154  154.47451185229338  2.5666948673013508  -0.03069525314609259
-1.6800582112960862  673  194  193.9171281514898  2.530982002717167  -0.015152983649550613
-1.6800582112960862  674  233  232.64607859251433  2.5261656965117822  -0.013222778415724558
-1.6800582112960862  675  271  270.5781763407083  2.537142905757662  -0.031512398725091206
-1.6800582112960862  676  308  307.8862506185522  2.4473041111881457  -0.012873898230759852
-1.6800582112960862  677  345  344.52379865699845  2.4893789896303815  -0.021139260188722583
-1.6800582112960862  677  380  380.3190799917361  2.4905569206276823  -0.020587352324725243
-1.6800582112960862  678  416  415.66881342936375  2.4354034671939644  -0.0031010239885488375
-1.6800582112960862  678  450  450.2047010489108  2.4784653945249033  -0.02838757369275753
-1.6800582112960862  678  484  484.1978878829924  2.4623382846806408  -0.011450875502233589
-1.6800582112960862  678  518  517.6090852468328  2.525011958062578  -0.006208125953770017
-1.6800582112960862  678  550  550.3800365941948  2.410373903233335  -0.03291885914054629
-1.6800582112960862  678  583  582.6246336681978  2.474198419282061  -0.033707783660004854
-1.6800582112960862  678  614  614.3219511741004  2.475504552407074  -0.015152631982019146
-1.6800582112960862  677  645  645.4594014578605  2.509989330175813  0.016719262437947444
-1.6800582112960862  677  676  676.0617714068611  2.55707801291328  -0.019499305912940836
-1.6800582112960862  677  706  706.2080933743989  2.4928283507904325  0.005621089989808728
-1.6800582112960862  676  736  735.7419548874789  2.545517582972707  -0.015291987631623339
-1.6800582112960862  675  765  764.8000464311203  2.5695516107862204  -0.021652383148055832
-1.6800582112960862  675  793  793.4903900098244  2.462856367563063  0.015385893338541755
-1.6800582112960862  674  822  821.6033809840355  2.4524589715426828  -0.008264346691360693
-1.6800582112960862  673  849  849.2878153163668  2.542151576757533  0.011285433953448446
-1.6800582112960862  672  876  876.4665155907039  2.431938121618259  -0.02720686341743844
-1.6800582112960862  671  903  903.2996085659129  2.462470966222554  0.01923253687458723
-1.6800582112960862  670  930  929.6021319421875  2.420714489512193  -0.01787772161304925
-1.6800582112960862  669  956  955.5508228156255  2.4134759049004515  0.008873890004209484
-1.6800582112960862  668  981  981.0356419552995  2.5064749003238376  -0.005323531192280965
-1.6800582112960862  667  1006  1006.145507165759  2.4016251197865586  0.008492818313528392
-1.4573532112960863  666  31  31.17813716752574  2.81291662327596  0.007256851365043784
-1.4573532112960863  668  73  73.0191582470856  2.7458195026525516  -0.02025200859023561
-1.4573532112960863  670  114  114.17649713454894  2.593488885156887  -0.01446290040119908
-1.4573532112960863  671  154  154.39519819183468  2.5563266138912013  -0.008554868196486343
-1.4573532112960863  672  194  193.82367252371083  2.544148811134562  -0.01529143870996012
-1.4573532112960863  673  233  232.54140857022165  2.4440729437199877  -0.03940854422677254
-1.4573532112960863  674  270  270.4985617853863  2.538679314114461  -0.021009594482232097
-1.4573532112960863  675  308  307.7850460517867  2.446510330569822  -0.020993825878783172
-1.4573532112960863  676  344  344.4348883859203  2.448529633848466  -0.013361056996766485
-1.4573532112960863  676  380  380.22450420950497  2.479376093450526  -0.030441981200144335
-1.4573532112960863  677  416  415.59260679424216  2.4459759934974272  0.011177582751557296
-1.4573532112960863  677  450  450.12378614568854  2.541589369084818  -0.025038002278229873
-1.4573532112960863  677  484  484.1255365191382  2.462845653809609  -0.009097248948619819
-1.4573532112960863  677  518  517.5506644277425  2.4970819201479344  0.005631452454521824
-1.4573532112960863  677  550  550.3122906812621  2.4533118584497515  -0.025319050154853855
-1.4573532112960863  677  583  582.5681575664374  2.464317497481943  -0.02887051733369723
-1.4573532112960863  677  614  614.2529905460909  2.4721427437525563  -0.02091303347663768
-1.4573532112960863  676  645  645.3930567594298  2.4997476827472838  0.0013794992557563004
-1.4573532112960863  676  676  676.010313254242  2.4776161668000896  -0.009151749180262451
-1.4573532112960863  676  706  706.1466256720263  2.5210305136481566  -0.013278762456338512
-1.4573532112960863  675  736  735.6823700790957  2.536952640790105  -0.013373136631368
-1.4573532112960863  674  765  764.7509462096692  2.5473738682530893  -0.0405003874511181
-1.4573532112960863  674  793  793.4512325764745  2.447621363204462  0.01980819554267119
-1.4573532112960863  673  822  821.5710165328258  2.475547276433417  0.003808292191416407
-1.4573532112960863  672  849  849.2510664233711  2.522384992121033  0.013298703299190834
-1.4573532112960863  671  876  876.4403230416755  2.4656802099582364  -0.02079483598987153
-1.4573532112960863  670  903  903.2758557311805  2.4475131730969224  0.01758799174056052
-1.4573532112960863  669  930  929.5941967536197  2.4102026229293187  -0.014258632424240183
-1.4573532112960863  668  956  955.5353283887603  2.38899639678084  0.016876311204188057
-1.4573532112960863  667  981  980.9965328488247  2.480634665490925  -0.018734172611328866
-1.4573532112960863  666  1006  1006.1080212275725  2.479015626429373  0.008244249750854303
-1.2346482112960864  665  31  31.02013431877193  2.7333696762330284  -0.021163154886247613
-1.2346482112960864  667  73  72.8935535834347  2.699869456397792  -0.0261273805912981
-1.2346482112960864  669  114  114.03921670815646  2.5452968465326933  -0.024085114392104486
-1.2346482112960864  670  154  154.28702959952963  2.582528914006218  -0.00342921882482088
-1.2346482112960864  671  194  193.71310282532048  2.5560810333769552  -0.0335189636286415
-1.2346482112960864  673  233  232.5420309271096  2.582697947917609  0.02535024119195395
-1.2346482112960864  673  270  270.40491728023767  2.5974586990748776  -0.054992321393711595
-1.2346482112960864  674  308  307.69026779681855  2.432858217771013  -0.023747647537379957
-1.2346482112960864  675  344  344.35182738046  2.4971668209760765  -0.00561457767779305
-1.2346482112960864  675  380  380.1338965743426  2.4923547528244967  -0.03077835356714797
-1.2346482112960864  676  416  415.51817725667416  2.455746209796189  0.018758201445944343
-1.2346482112960864  676  450  450.030662629241  2.4958504621446878  -0.03191457965796535
-1.2346482112960864  676  484  484.04259313282563  2.4509289248716186  -0.01391447413574097
-1.2346482112960864  676  517  517.4671794031535  2.5249724693031794  0.009885937208858497
-1.2346482112960864  676  550  550.2521664817992  2.4474295190059365  -0.017631459891050364
-1.2346482112960864  676  583  582.5101018072096  2.4435706903909704  -0.019856882300209888
-1.2346482112960864  676  614  614.1956770192782  2.499228469616355  -0.02065322857561805
-1.2346482112960864  676  645  645.3921314147284  2.5016960875586847  0.007848789328742462
-1.2346482112960864  675  676  675.9419009142811  2.5160566536849274  -0.02148433593885848
-1.2346482112960864  675  706  706.0918937881976  2.516159891903044  -0.010256125640338912
-1.2346482112960864  674  736  735.6544391900587  2.470171363620011  -0.0049295009845836055
-1.2346482112960864  674  765  764.7529269504588  2.5804828897103107  -0.02818906774057098
-1.2346482112960864  673  793  793.399017376686  2.507502396900236  0.015060741257301644
-1.2346482112960864  672  822  821.531834060666  2.468788377174178  0.001961569425848747
-1.2346482112960864  671  849  849.2204886671612  2.509653272375317  0.016044562388917154
-1.2346482112960864  670  876  876.4044918238915  2.446012664459886  -0.02862042043207879
-1.2346482112960864  670  903  903.2750121782952  2.4667088944656825  0.02297043655142507
-1.2346482112960864  669  930  929.5752764176414  2.435980586253663  -0.012372973088842932
-1.2346482112960864  668  956  955.5300157140548  2.413187595242789  0.021725804875358315
-1.2346482112960864  667  981  980.9950623561264  2.4795599535377733  -0.011426244923888518
-1.2346482112960864  665  1006  1006.1222155266964  2.3918853125771875  0.020796545304231313
-1.0119432112960864  664  31  30.931011422973047  2.8646882452325464  -0.018148666465304438
-1.0119432112960864  666  73  72.78231013747829  2.731370481251247  -0.0329278313558379
-1.0119432112960864  668  114  113.94463998049453  2.585286945900066  -0.011302660806599675
-1.0119432112960864  669  154  154.18455552785653  2.5839594430329385  0.002217681795536928
-1.0119432112960864  671  194  193.725485729588  2.621810145748583  0.02864457952649447
-1.0119432112960864  672  232  232.44541946369964  2.446796635419787  -0.003745499403742743
-1.0119432112960864  673  270  270.4082402177728  2.506285095723115  -0.006825061126915708
-1.0119432112960864  673  308  307.61850274922176  2.4225387559349656  -0.0030391567789745852
-1.0119432112960864  674  344  344.2619245453126  2.4998071267743853  -0.00815901294637597
-1.0119432112960864  674  380  380.08810509863685  2.60841107345874  -0.025861660719448728
-1.0119432112960864  675  415  415.4256466420219  2.458367999213806  0.0149413976493506
-1.0119432112960864  675  450  449.9715123001761  2.5066004770108066  -0.020885801564523354
-1.0119432112960864  675  484  483.93939433195885  2.42139660420861  -0.03363632468273799
-1.0119432112960864  675  517  517.4007161706602  2.5243549524591344  0.01154977415346912
-1.0119432112960864  675  550  550.1779775081646  2.465961412576462  -0.013676375482942682
-1.0119432112960864  675  582  582.441321054657  2.4208943426677934  -0.021521464077808423
-1.0119432112960864  675  614  614.1297459723046  2.4971930032886576  -0.017271533611906316
-1.0119432112960864  675  645  645.3228618859138  2.533367288209547  0.008057601742690983
-1.0119432112960864  674  676  675.9059393052607  2.526401824512959  -0.019362932719351883
-1.0119432112960864  674  706  706.0173727655623  2.534702687673871  -0.014972520266620283
-1.0119432112960864  673  736  735.6094693259365  2.48001249023082  -0.002755370121750047
-1.0119432112960864  673  765  764.7160243316806  2.5112658069610916  -0.027612633294428094
-1.0119432112960864  672  793  793.3573875728524  2.5281104832679375  0.014832951770327117
-1.0119432112960864  671  821  821.4879401352615  2.500038179419107  0.012945632032588925
-1.0119432112960864  670  849  849.17700700991  2.559468914490253  0.01650190856499679
-1.0119432112960864  670  876  876.4053523611967  2.460431607966484  -0.018809944885765924
-1.0119432112960864  669  903  903.2266570819523  2.4780346029988323  0.011629080883159134
-1.0119432112960864  668  930  929.5607300282944  2.4436352545005775  -0.0029662100622458117
-1.0119432112960864  667  956  955.4966598758467  2.3857558152792535  0.016843451930402303
-1.0119432112960864  666  981  980.9805393391638  2.5110930111338803  -0.010105689199247873
-1.0119432112960864  665  1006  1006.1109347966323  2.3623879670665247  0.02502360657634296
-0.7892382112960865  664  31  30.871596299601197  2.824189866158804  0.025387818697848587
-0.7892382112960865  665  73  72.64155773656198  2.6670155179923825  -0.04746612979993737
-0.7892382112960865  667  114  113.82154433634649  2.5914846008447228  -0.011594254036302251
-0.7892382112960865  668  154  154.07049516503056  2.559656626463152  0.0005417382896063361
-0.7892382112960865  670  194  193.59944976972716  2.5699150725501454  -0.011338606106457514
-0.7892382112960865  671  232  232.34680557232642  2.4371562648646545  -0.002128894801431805
-0.7892382112960865  672  270  270.32150609807456  2.549090928075657  -0.0140218177832709
-0.7892382112960865  672  308  307.5087565281492  2.468849442681858  0.00015864067525972746
-0.7892382112960865  673  344  344.1777345287593  2.4627273259052345  0.0026712282584210904
-0.7892382112960865  674  380  380.01873503830484  2.499881927624699  -0.04230617380486748
-0.7892382112960865  674  415  415.33869288778953  2.464927071859165  0.012526334917813206
-0.7892382112960865  674  450  449.9034298979703  2.5314318852350652  -0.016952966157172414
-0.7892382112960865  674  484  483.8617403771605  2.430442032057499  -0.02941375984575425
-0.7892382112960865  674  517  517.3216376443693  2.5305270025901336  0.013415051406596224
-0.7892382112960865  674  550  550.0975298282358  2.465886797490157  -0.022256516490155205
-0.7892382112960865  674  582  582.3769671776156  2.4371324024240266  -0.01542889852397427
-0.7892382112960865  674  614  614.0663858497841  2.5034782779532634  -0.013910145575372925
-0.7892382112960865  674  645  645.2673739275085  2.536651737350212  0.012789576199535913
-0.7892382112960865  673  676  675.8516084467167  2.5596207984942794  -0.010039666985703194
-0.7892382112960865  673  706  705.9475310281042  2.5199266105851166  -0.02171285388687923
-0.7892382112960865  672  736  735.5608326095534  2.487050820989225  0.0039002572315197806
-0.7892382112960865  672  765  764.6590613621017  2.5081279234100293  -0.036705982368584446
-0.7892382112960865  671  793  793.3103781381423  2.5394641985387807  0.017577931294787894
-0.7892382112960865  670  821  821.4470204883538  2.4818369370022992  0.019641636314893535
-0.7892382112960865  670  849  849.1612637268272  2.537869472237162  0.015082335306209503
-0.7892382112960865  669  876  876.3747320194648  2.4600078225323614  -0.014526395361474716
-0.7892382112960865  668  903  903.1868854657113  2.523781001503721  0.012467019164245342
-0.7892382112960865  667  930  929.5365109651375  2.4279927910840797  0.0037637222196102585
-0.7892382112960865  666  955  955.4762145187823  2.404542021821271  0.017632828869335808
-0.7892382112960865  665  981  980.9472540535137  2.5092443123498924  -0.016192944621188463
-0.7892382112960865  664  1006  1006.0979278396444  2.4117083161454502  0.019190782670251965
-0.5665332112960866  663  31  30.732999842521014  2.7105419388408336  -0.011841230200967024
-0.5665332112960866  664  73  72.52140985907175  2.6572346752689526  -0.057023016873814766
-0.5665332112960866  666  114  113.69889207108169  2.588123382264456  -0.015577724623862237
-0.5665332112960866  667  154  153.94492537645766  2.609799409427353  -0.034182882278459774
-0.5665332112960866  669  193  193.47924206866492  2.6132887379897056  -0.014739502870907634
-0.5665332112960866  670  232  232.23308552157027  2.474700158707435  0.00011775355551473736
-0.5665332112960866  671  270  270.22615871052506  2.5369358571563225  -0.008273542075292416
-0.5665332112960866  671  307  307.45557084078  2.56039445770989  0.006642634106357376
-0.5665332112960866  672  344  344.0753978242197  2.4631763309630514  0.001106121286429187
-0.5665332112960866  673  380  379.95534770956294  2.524613169847612  -0.02088798741302778
-0.5665332112960866  673  415  415.235035365451  2.4808810323394255  0.009682614778445668
-0.5665332112960866  673  450  449.809374231068  2.5254923005114733  -0.0177998790410959
-0.5665332112960866  673  484  483.7682668506153  2.391982743513381  -0.0324357460849619
-0.5665332112960866  674  517  517.3216376443693  2.5305270025901336  0.013415051406596224
-0.5665332112960866  674  550  550.1025501625586  2.466935363284847  -0.016816864352855093
-0.5665332112960866  673  582  582.2983651187136  2.451142575017684  -0.012518776915198624
-0.5665332112960866  673  614  614.0102380499658  2.5132703717392815  -0.010160029651044322
-0.5665332112960866  673  645  645.2071783868365  2.5845328475822953  0.004268305536997195
-0.5665332112960866  672  676  675.7739452588354  2.546793199794365  -0.018354738517859456
-0.5665332112960866  672  706  705.8997523219317  2.527300186432967  -0.02096027081644579
-0.5665332112960866  671  736  735.5025503996405  2.4806503617282942  0.00899911133166721
-0.5665332112960866  671  765  764.6005454505195  2.4928257791164015  -0.03910025099081842
-0.5665332112960866  670  793  793.2613847030931  2.569299840995882  0.012516837190768354
-0.5665332112960866  669  821  821.393282680722  2.487963431805838  0.013463418629283139
-0.5665332112960866  669  849  849.1179276167526  2.582910412235151  0.010885134369714703
-0.5665332112960866  668  876  876.3392818678683  2.467506758929403  -0.005728852101364886
-0.5665332112960866  667  903  903.1480651391505  2.530628894099209  0.009943097189255524
-0.5665332112960866  666  930  929.5171751131551  2.400022871666579  0.010351145033374799
-0.5665332112960866  665  955  955.4529687359295  2.424211185108561  0.025410057201022386
-0.5665332112960866  664  981  980.8991296642166  2.50190709377398  -0.02364380277524104
-0.5665332112960866  663  1006  1006.0582066304144  2.4101560746480573  0.00785666294050941
-0.34382821129608665  662  31  30.602743122378328  2.716452989662571  -0.026419368455148605
-0.34382821129608665  664  73  72.51250807920621  2.792094316479421  -0.001402958183155405
-0.34382821129608665  665  114  113.56019020284569  2.58667829919321  -0.01265852230650948
-0.34382821129608665  667  154  153.96632404217937  2.618693227757035  0.03426035538058497
-0.34382821129608665  668  193  193.38899056718884  2.6053675047572256  0.003839826645542764
-0.34382821129608665  669  232  232.10498530778082  2.4935582957233464  -0.00998963588224745
-0.34382821129608665  670  270  270.1236343911568  2.5413198261046546  -0.006548808840398728
-0.34382821129608665  671  307  307.40826124822024  2.5059239250316523  0.009109994207983783
-0.34382821129608665  671  344  343.95734319975674  2.468579935584671  -0.006885886201087261
-0.34382821129608665  672  380  379.86954881019284  2.5477191413406217  -0.024941371175304164
-0.34382821129608665  672  415  415.1404964295513  2.5158803030039962  0.009049503930161885
-0.34382821129608665  672  450  449.7209547607329  2.5107805993658303  -0.019723705775034656
-0.34382821129608665  673  484  483.7689261296473  2.4133709908637115  -0.025793156521511054
-0.34382821129608665  673  517  517.2300822099401  2.531800023075448  0.0058296418641670435
-0.34382821129608665  673  550  550.0170237677343  2.4950110673150903  -0.017250354175126232
-0.34382821129608665  672  582  582.2260892956839  2.4399336503640825  -0.014473291460297551
-0.34382821129608665  672  614  613.9250091654693  2.522965897180711  -0.02195133948774654
-0.34382821129608665  672  645  645.1231356744464  2.6197887107407496  -0.010573394703034625
-0.34382821129608665  672  676  675.7768117608423  2.538547652289708  -0.0037195111757895066
-0.34382821129608665  671  706  705.8559629820772  2.5102203360672775  -0.012658671811878665
-0.34382821129608665  671  736  735.5000903945598  2.415120064344137  0.029310660509132256
-0.34382821129608665  670  765  764.5525772021008  2.480355518680085  -0.036302794066659066
-0.34382821129608665  669  793  793.2008937203248  2.582443260491118  0.004050805080112939
-0.34382821129608665  669  821  821.3741012549759  2.46151884683718  0.015706403458298133
-0.34382821129608665  668  849  849.0799349308327  2.5566736123394094  0.009516223914563285
-0.34382821129608665  667  876  876.3137017205537  2.4799479267140896  -0.00917806356682569
-0.34382821129608665  666  903  903.136229334693  2.5019700084847045  0.0172425546450187
-0.34382821129608665  665  929  929.4728368456116  2.4121447522054495  0.003402146458491195
-0.34382821129608665  664  955  955.4238715788592  2.4089953688667265  0.026626318159918422
-0.34382821129608665  663  981  980.8869503962686  2.4980515911443035  -0.018476583649489082
-0.34382821129608665  662  1006  1006.0407686001  2.4188985729717842  0.0183498794687906
-0.12112321129608672  661  30  30.47913228719195  2.6938409338407894  -0.02292590199104268
-0.12112321129608672  663  72  72.43914862014249  2.655857961999743  -0.004742960420307224
-0.12112321129608672  664  113  113.42566658333031  2.5889356855028893  -0.013915148253726807
-0.12112321129608672  666  154  153.8440614383919  2.6048080844690276  0.006083466084214268
-0.12112321129608672  667  193  193.26629123161692  2.636464662342121  0.007291955506079188
-0.12112321129608672  668  232  232.00867329539946  2.474035891088363  0.0010115264744154642
-0.12112321129608672  669  270  270.0067330201239  2.580400190964383  -0.008591143903922604
-0.12112321129608672  670  307  307.28259311783796  2.5414786005650285  -0.002791027335780735
-0.12112321129608672  670  344  343.850408666561  2.4807819991494853  -0.015797564391284772
-0.12112321129608672  671  380  379.76123583440574  2.52404709258019  -0.02225058902180996
-0.12112321129608672  671  415  415.00032339148476  2.471611495419552  -0.024351233614483173
-0.12112321129608672  671  450  449.66725035893677  2.583037011002773  -0.026567468094919573
-0.12112321129608672  672  484  483.6941711479319  2.379573633676614  -0.03021156207183869
-0.12112321129608672  672  517  517.1515319351886  2.5406809957107725  -0.00023621816271047357
-0.12112321129608672  672  550  549.9479731453068  2.458054196887815  -0.01800564076758823
-0.12112321129608672  672  582  582.2262511601306  2.4396260482519665  -0.01300106902509726
-0.12112321129608672  671  614  613.8592701594159  2.5064615879482517  -0.01751468073150554
-0.12112321129608672  671  645  645.0512927349616  2.5867728075604646  -0.007843959253869076
-0.12112321129608672  671  676  675.7164156157882  2.512902409553135  -0.010053503367021956
-0.12112321129608672  670  706  705.7810997953503  2.5013809668353133  -0.02210008982922096
-0.12112321129608672  670  735  735.4467593805898  2.5201814352585643  0.006023861127952529
-0.12112321129608672  669  765  764.5076039638205  2.4884818698824347  -0.029528661699074633
-0.12112321129608672  668  793  793.1540514660885  2.592606411587667  0.0049551191870270215
-0.12112321129608672  668  821  821.3563936114762  2.5188630397617544  0.023006757564361213
-0.12112321129608672  667  849  849.048552632046  2.5775172014296004  0.004849947226797194
-0.12112321129608672  666  876  876.282085619499  2.478412099194429  -0.0063321017540436874
-0.12112321129608672  665  903  903.0771375951966  2.497229048795134  -0.0018174888917397182
-0.12112321129608672  664  929  929.4364476569802  2.4514789166830724  0.00806958643658726
-0.12112321129608672  663  955  955.4011062678603  2.409885913441258  0.027286023238282286
-0.12112321129608672  662  981  980.8541245497751  2.47786644229177  -0.023036561099380713
-0.12112321129608672  661  1006  1005.9912752621432  2.399196496727882  0.0026902384196773365
0.10158178870391321  660  30  30.352906463861252  2.7116147678538383  -0.01767734343051828
0.10158178870391321  662  72  72.29686379578995  2.685138655106755  -0.01453533302012567
0.10158178870391321  663  113  113.30014861586308  2.6247684685542367  -0.014752837623895157
0.10158178870391321  665  154  153.70708717602088  2.55621306702227  0.002842109458960697
0.10158178870391321  666  193  193.12198507523948  2.6368952330639672  -0.006872314906936706
0.10158178870391321  667  232  231.862095920013  2.465913443996726  -0.02034481021764882
0.10158178870391321  668  270  269.9082829763953  2.5762250710180297  -0.009484519721922394
0.10158178870391321  669  307  307.1629099743006  2.560491630819456  -0.009331706092017328
0.10158178870391321  669  344  343.7648413416414  2.4733899374899693  -0.00833736240348527
0.10158178870391321  670  380  379.65695417754404  2.4819131799589513  -0.025404164090057715
0.10158178870391321  670  415  414.90084973695264  2.481591466536372  -0.034537798066890925
0.10158178870391321  671  450  449.65347889096273  2.5287581986025316  -0.013009331476848386
0.10158178870391321  671  484  483.61338631723373  2.418486427680932  -0.01654097055762791
0.10158178870391321  671  517  517.0891893466322  2.549220333707808  0.0015223617230574853
0.10158178870391321  671  550  549.8592910744106  2.471870489963976  -0.024832764800413642
0.10158178870391321  671  582  582.1515253527132  2.466218464882786  -0.011389331934478756
0.10158178870391321  670  614  613.7949962267577  2.491796910687526  -0.019234916257438638
0.10158178870391321  670  645  644.963523950716  2.5790229739969845  -0.02735214071445314
0.10158178870391321  670  676  675.6647919744322  2.4899727327895107  -0.0037229948840035152
0.10158178870391321  669  706  705.7150674306454  2.4885345951308864  -0.021291719379904536
0.10158178870391321  669  735  735.3955477355369  2.5357803020538086  0.005520364012448475
0.10158178870391321  668  764  764.4550868654705  2.543498912463974  -0.026620580408720982
0.10158178870391321  667  793  793.1083138403058  2.568286158941646  0.0030362484141180585
0.10158178870391321  667  821  821.313444458062  2.5144113198703053  0.02074274075493644
0.10158178870391321  666  849  849.0003305038276  2.6043591065533747  0.00040592820829012154
0.10158178870391321  665  876  876.2483547874199  2.4858028149662914  -0.0016940288594707719
0.10158178870391321  664  903  903.0294307092581  2.5555288749867486  -0.009493549445061162
0.10158178870391321  663  929  929.4101045018725  2.4645154883783107  0.010119621011428333
0.10158178870391321  662  955  955.3651960019108  2.419232691848947  0.0244969071974465
0.10158178870391321  661  981  980.817951708098  2.4786400658416596  -0.030921695345167484
0.10158178870391321  660  1006  1005.9795007832854  2.392190761344409  0.004549560152516877
0.32428678870391314  659  30  30.207145220570993  2.706087673747838  -0.016339339149878916
0.32428678870391314  661  72  72.17703787963848  2.7603472964855627  -0.009399786819038304
0.32428678870391314  662  113  113.17862590501713  2.668633265135469  -0.004993117543494966
0.32428678870391314  664  154  153.58066356605443  2.5669083044872423  0.00523982342892171
0.32428678870391314  665  193  192.98108293544013  2.6242108658004213  -0.020004840139143575
0.32428678870391314  666  232  231.738576927861  2.459078818235639  -0.020499073591034943
0.32428678870391314  667  270  269.79713576839015  2.54913492274477  -0.008990006784959512
0.32428678870391314  668  307  307.0435147094813  2.5731988812913187  -0.019601444549004674
0.32428678870391314  668  344  343.7012344645857  2.5899530866453233  -0.016579751805421164
0.32428678870391314  669  380  379.5563586113329  2.5112602265376154  -0.022427368878466608
0.32428678870391314  669  415  414.80395975436795  2.461076993034794  -0.03721802749751965
0.32428678870391314  670  450  449.5759168029649  2.5116042980523616  -0.003608865533696721
0.32428678870391314  670  484  483.5167807504008  2.4246028601853595  -0.01919192579521339
0.32428678870391314  670  517  516.9860795345285  2.578505354485742  -0.013216213738971654
0.32428678870391314  670  550  549.7913770847928  2.5103722483702313  -0.017739901423371864
0.32428678870391314  670  582  582.0715150141276  2.4717784191761893  -0.010826576473712044
0.32428678870391314  669  614  613.7342357834927  2.516273737681331  -0.015824567246506972
0.32428678870391314  669  645  644.9054149042089  2.5899890934570067  -0.01941147719081637
0.32428678870391314  669  676  675.5967103271968  2.498867603730332  -0.0008337983113620111
0.32428678870391314  668  706  705.6599074231716  2.489163234286252  -0.0115574827133799
0.32428678870391314  668  735  735.3402307034967  2.5312206696005433  0.012289333133280145
0.32428678870391314  667  764  764.4011927168816  2.5200041412022074  -0.03269622445498289
0.32428678870391314  666  793  793.0869582180667  2.5667052174753735  0.013858707221719925
0.32428678870391314  666  821  821.2793671166139  2.536242960190066  0.024536054053971756
0.32428678870391314  665  849  848.9403760424976  2.574618302503495  -0.008830049145639006
0.32428678870391314  664  876  876.2008668452187  2.4530310248401292  -0.005841454557782812
0.32428678870391314  663  903  902.9765702301966  2.550873166576139  -0.01417731256600773
0.32428678870391314  662  929  929.4032077236335  2.456099811817012  0.028993454957766854
0.32428678870391314  661  955  955.314726160681  2.4307873088787346  0.01363606582559583
0.32428678870391314  660  981  980.7879767680382  2.4526312790252405  -0.0325188841997317
0.32428678870391314  659  1006  1005.9464495228108  2.4009949658468486  -0.00040827958597394894
0.5469917887039131  658  30  30.033539725161894  2.6676696320108064  -0.047585754776769976
0.5469917887039131  660  72  72.05296825630558  2.73644497058811  -0.004220357172738269
0.5469917887039131  661  113  112.9875340540518  2.713727582997393  -0.0694132914756846
0.5469917887039131  663  153  153.47323285658842  2.5596047677092884  0.0124897584993055
0.5469917887039131  664  193  192.8413493612707  2.6063510045905502  -0.033412063282634984
0.5469917887039131  665  232  231.61313066512244  2.4666282842047167  -0.012183793837249358
0.5469917887039131  666  270  269.69941241933725  2.5326206225087162  0.001265643167093449
0.5469917887039131  667  307  306.9257041227725  2.562162325939312  -0.031375344945761385
0.5469917887039131  668  344  343.6734923402908  2.4593612863233147  0.002161123796777434
0.5469917887039131  668  379  379.47642845610306  2.5358134555769993  -0.002381949717716938
0.5469917887039131  668  415  414.69711974193797  2.4438549570510872  -0.05329963879345127
0.5469917887039131  669  450  449.48755439823253  2.5364038405393785  0.005393446649613116
0.5469917887039131  669  483  483.45716220679196  2.452120014580828  -0.006002428678839958
0.5469917887039131  669  517  516.877859776476  2.5491332717530213  -0.029918948762602482
0.5469917887039131  669  550  549.7051331107624  2.479339711494731  -0.021769276672392677
0.5469917887039131  669  582  581.9942958176798  2.4954239764051636  -0.0168546910269213
0.5469917887039131  669  614  613.7337332231986  2.5140915436381874  -0.01192643637097977
0.5469917887039131  668  645  644.8034258579683  2.5634961713254825  -0.03767902033766799
0.5469917887039131  668  676  675.5422138547532  2.4988396753778943  0.005914008856377396
0.5469917887039131  667  706  705.5916445763681  2.4980966902442105  -0.018973580563802838
0.5469917887039131  667  735  735.2748289425423  2.5911478414857356  0.007403675445640047
0.5469917887039131  666  764  764.3528761122379  2.5200271298101597  -0.02068455800838553
0.5469917887039131  666  793  793.0641569182205  2.616295951733264  0.011169663643184153
0.5469917887039131  665  821  821.2293686551062  2.5479743940827575  0.016401495728423917
0.5469917887039131  664  849  848.8739449725977  2.5621576034423015  -0.025625001355392637
0.5469917887039131  663  876  876.1745487799603  2.462969238031519  0.004217781922203608
0.5469917887039131  662  903  902.9356146086606  2.509966349141223  -0.015578308280079977
0.5469917887039131  661  929  929.357050264504  2.4637038466628383  0.02091491989676842
0.5469917887039131  660  955  955.2802167170879  2.440761721540639  0.014598764259189649
0.5469917887039131  659  981  980.7597257337277  2.461534434227815  -0.023353582461745678
0.5469917887039131  658  1006  1005.9056334349201  2.425980927745968  -0.007004372874641674
0.769696788703913  657  30  29.87806895419837  0.015338421727349782  -0.09859370566853651
0.769696788703913  659  72  71.93099098316037  2.7052796442338405  0.0035969812528417384
0.769696788703913  661  113  112.91914016087888  2.771477849814005  -0.03532704162926427
0.769696788703913  662  153  153.35281344299904  2.581305038358664  0.016924022272132883
0.769696788703913  663  193  192.7426647762902  2.635959249517981  -0.025887477942680846
0.769696788703913  664  232  231.49609810729942  2.480115180793007  -0.0036923353785999423
0.769696788703913  665  270  269.57790038164325  2.5187087091497915  0.003038031630580351
0.769696788703913  666  307  306.82489734751226  2.5508961930877945  -0.030515545444418257
0.769696788703913  667  344  343.5538980379051  2.459639461870097  0.0032285662976777947
0.769696788703913  667  379  379.369529705248  2.556232455822851  -0.014315454063669016
0.769696788703913  668  415  414.6973955990917  2.4467931593172807  -0.05129872148328992
0.769696788703913  668  449  449.40926338682266  2.5229934067119757  0.01396756359651178
0.769696788703913  668  483  483.36626625970575  2.5136950751450513  -0.00200737202720963
0.769696788703913  668  517  516.7813221453033  2.5201866674469784  -0.03533674025449376
0.769696788703913  668  550  549.6291403673351  2.485496604582295  -0.010779412054853369
0.769696788703913  668  582  581.9228447415118  2.476915533839019  -0.02087879554487463
0.769696788703913  668  614  613.6691692328162  2.5167777420469974  -0.007898468649331197
0.769696788703913  667  645  644.7292093423  2.566458254449344  -0.04704810268127147
0.769696788703913  667  675  675.470551211834  2.4896510902344744  0.001461274618163656
0.769696788703913  666  706  705.5407946969108  2.440209990343874  -0.0256162610721278
0.769696788703913  666  735  735.2103120648012  2.5983081656277136  -0.00039156510732294786
0.769696788703913  665  764  764.2971463610198  2.52318579517987  -0.016886667601402727
0.769696788703913  665  793  792.9710071304935  2.575637277378064  -0.011843759937440882
0.769696788703913  664  821  821.1608536378186  2.5765614866140822  0.007868008760823702
0.769696788703913  663  849  848.8262011540739  2.5382639265219495  -0.020895248353671698
0.769696788703913  662  876  876.1255035052868  2.4756684615708764  0.005769879765905444
0.769696788703913  661  903  902.8959505969681  2.54388616430856  -0.0173796991207483
0.769696788703913  660  929  929.3108360223762  2.4697409173527376  0.016471193421364695
0.769696788703913  659  955  955.2067834127395  2.5446717962433922  0.003533180492054618
0.769696788703913  658  981  980.726815843223  2.459144510775559  -0.03128171139217198
0.769696788703913  657  1006  1005.8796028283379  2.4042524945641617  -0.0017177373284595718
0.9924017887039129  656  30  29.824373956981844  2.592715068581281  0.0101561125699074
0.9924017887039129  658  72  71.79224460570822  2.6698550373180012  -0.00021026447289571658
0.9924017887039129  660  113  112.84136848361186  2.6344214544236024  -0.04495529814846844
0.9924017887039129  661  153  153.2202896523152  2.613470142279141  0.012621246718925175
0.9924017887039129  662  193  192.6131428083959  2.6266630985442703  -0.041001766487714794
0.9924017887039129  663  231  231.37194587979155  2.520931726231993  -0.0008294273873530455
0.9924017887039129  664  269  269.4734434230725  2.5414056920458847  0.014684459270893483
0.9924017887039129  665  307  306.69115076888914  2.5602767719583426  -0.047098422010895855
0.9924017887039129  666  343  343.4552975340563  2.4729101660175274  0.012577824620364903
0.9924017887039129  666  379  379.31225288990566  2.573075184933259  0.002018228435738389
0.9924017887039129  667  415  414.59061906214663  2.435320478166716  -0.0483902468671086
0.9924017887039129  667  449  449.3185416068917  2.5099016974982646  0.010585635364164313
0.9924017887039129  667  483  483.2585504492828  2.557842211255206  -0.011938264608951525
0.9924017887039129  667  517  516.6937431428921  2.4969080456220354  -0.03868302582949597
0.9924017887039129  667  550  549.5475099687226  2.510957554615743  -0.005339391180824646
0.9924017887039129  667  582  581.846110716213  2.4682076872634298  -0.018363367440705283
0.9924017887039129  667  614  613.598110650209  2.5155926830411772  0.0032006693269971942
0.9924017887039129  666  645  644.6571745522853  2.5192750085601574  -0.05129312226640295
0.9924017887039129  666  675  675.4122311128131  2.5301289673168412  0.016078462840940548
0.9924017887039129  666  706  705.5379982309839  2.508245267079019  -0.0037267870467831126
0.9924017887039129  665  735  735.1541859999238  2.5842118779914927  0.004455132420762731
0.9924017887039129  664  764  764.2374150763745  2.5203678649349968  -0.01362646720312492
0.9924017887039129  664  793  792.920103934352  2.5956349421092  -0.017494642657277334
0.9924017887039129  663  821  821.0873264638055  2.591656363615357  -0.007112248463791824
0.9924017887039129  662  849  848.7671008657258  2.5578853172714844  -0.023981064144713935
0.9924017887039129  661  876  876.061362080751  2.5127490518657396  -0.0036040282634939563
0.9924017887039129  660  903  902.8510269693436  2.4957894118405193  -0.02814879024478699
0.9924017887039129  659  929  929.2792950066708  2.4072271221111805  0.007154162620687557
0.9924017887039129  658  955  955.1899566588121  2.525157087637808  0.002493561479164064
0.9924017887039129  657  981  980.6800564307013  2.4170393690045557  -0.05217984642640673
0.9924017887039129  656  1006  1005.8609620741857  2.4006941979753265  0.004924784567845893
1.2151067887039129  655  30  29.683410983543613  2.6928691486023375  0.03354064253477083
1.2151067887039129  657  72  71.63787545721375  2.690158344411117  -0.01180512902432869
1.2151067887039129  659  113  112.72217921171095  2.6029641152088345  -0.03864613637340004
1.2151067887039129  660  153  153.04806304154042  2.6049162171228204  -0.003440023762881745
1.2151067887039129  661  192  192.4912878273327  2.601603512117549  -0.03365018523733093
1.2151067887039129  662  231  231.25400004704935  2.5340380976256824  -0.005947082740286416
1.2151067887039129  663  269  269.3423658703137  2.559327655144898  0.0069365419942232776
1.2151067887039129  664  307  306.5645284044861  2.5235388659849605  -0.051635951079623425
1.2151067887039129  665  343  343.3423712724214  2.4609077350240796  0.00839717514970325
1.2151067887039129  665  379  379.206496026586  2.5774798665349863  0.004179042295996474
1.2151067887039129  666  414  414.4855497798585  2.3968806739685533  -0.047702497118978976
1.2151067887039129  666  449  449.2319656893211  2.538235253962739  0.013129635777549933
1.2151067887039129  666  483  483.1602545397057  2.5862763150653336  -0.01976134084940769
1.2151067887039129  666  517  516.601147513604  2.448008484004731  -0.03768073148814163
1.2151067887039129  666  549  549.4638216560946  2.5345900199413336  -0.008849686579568082
1.2151067887039129  666  582  581.7700977142966  2.4803128496453155  -0.01739750623371042
1.2151067887039129  666  614  613.5404826323372  2.50265316170362  0.00937420292180323
1.2151067887039129  666  645  644.6454289360596  2.4560295378641968  -0.04003446450236983
1.2151067887039129  665  675  675.3221218734885  2.541286090763151  0.009843617288474342
1.2151067887039129  665  706  705.4888889186989  2.5510899273101586  0.00522794666824485
1.2151067887039129  664  735  735.0855571213998  2.6022462028672635  -0.007833444766065479
1.2151067887039129  664  764  764.2177137225461  2.476121778308425  -0.010402068656580159
1.2151067887039129  663  793  792.8517284435195  2.5756580237170965  -0.023829972529084465
1.2151067887039129  662  821  821.0360185298434  2.5609513127517403  -0.008787683371239337
1.2151067887039129  661  849  848.7113938745736  2.5119557199707288  -0.02908108171443231
1.2151067887039129  660  876  876.0187635482304  2.4738697162113112  -0.009533760469310707
1.2151067887039129  660  903  902.8296095169493  2.4584972930097138  -0.020345053921113746
1.2151067887039129  659  929  929.269043287451  2.4594422237139497  0.016811242450112167
1.2151067887039129  658  955  955.2104865679008  2.463260135072346  0.0303727139347024
1.2151067887039129  657  981  980.6731688571538  2.422373567765817  -0.02788940426955799
1.2151067887039129  655  1006  1005.8083797237437  2.3941753617218637  -0.013380807954777009
1.4378117887039132  654  29  29.377997499117658  2.733371056688508  -0.05772157790210266
1.4378117887039132  656  72  71.53984374912018  2.7198857186974834  0.011746207889957805
1.4378117887039132  658  113  112.57311859654843  2.6031765544629195  -0.04332081264812343
1.4378117887039132  659  153  152.88462627893324  2.5976314672792284  -0.02212088593262843
1.4378117887039132  660  192  192.37288453425217  2.5668316831115305  -0.043874043898197254
1.4378117887039132  662  231  231.1870340597719  2.7112205703000996  0.0005333556856161826
1.4378117887039132  662  269  269.2463848609945  2.582018266334103  0.007788564292697634
1.4378117887039132  663  306  306.45138797153515  2.471014262617075  -0.05627929803358626
1.4378117887039132  664  343  343.2183872664905  2.5090364577405353  0.0005366465425434067
1.4378117887039132  664  379  379.10927089814896  2.6409776167990913  0.0054621532992764395
1.4378117887039132  665  414  414.3943703452473  2.4048708128271983  -0.04178098604863556
1.4378117887039132  665  449  449.1290412523818  2.523018460036269  0.0012644383941937789
1.4378117887039132  665  483  483.04768956245766  2.5948497873638416  -0.03190797238938852
1.4378117887039132  665  516  516.5004792799284  2.409643596994897  -0.04227929634159632
1.4378117887039132  665  549  549.3860814550403  2.5741324328677138  0.005063143567370695
1.4378117887039132  665  582  581.6769913366261  2.4523595251530423  -0.015537351034967345
1.4378117887039132  665  613  613.4652839503773  2.493292859017174  0.010803870003504731
1.4378117887039132  665  645  644.5876912685679  2.5201185178962078  -0.04720309769584478
1.4378117887039132  664  675  675.2576421058442  2.5764435175574363  0.01135042785389316
1.4378117887039132  664  705  705.4280338928202  2.5418610906012873  0.005530220905322744
1.4378117887039132  663  735  735.0202319422941  2.5943198773600216  -0.00951511735032721
1.4378117887039132  663  764  764.1901765058763  2.5372619713257336  -0.0027215506674271393
1.4378117887039132  662  793  792.7936126941836  2.5478257726656466  -0.026528739039463876
1.4378117887039132  661  821  820.9867336473559  2.560112825622582  -0.007813439612704969
1.4378117887039132  660  849  848.6558205686703  2.5059237063577484  -0.03604980714966811
1.4378117887039132  660  876  875.9969639833507  2.438415150276114  -0.0005068609840509506
1.4378117887039132  659  903  902.813539716402  2.504716479108083  -0.021054252306103922
1.4378117887039132  658  929  929.2256815374261  2.488378364872233  0.013604955335482274
1.4378117887039132  657  955  955.1789500784372  2.5073546220992284  0.015934183677092914
1.4378117887039132  656  981  980.6495201365212  2.4245388722705457  -0.03113733278710933
1.4378117887039132  654  1006  1005.7845481249811  2.3648193560325126  -0.007509808701263549
1.6605167887039127  653  29  29.27987059974076  2.8574187503878115  -0.0741537460681414
1.6605167887039127  655  71  71.38301273852872  2.715297035037196  0.012754976771745705
1.6605167887039127  657  112  112.4383105216861  2.637757873887111  -0.04714260795601119
1.6605167887039127  658  153  152.73723979857115  2.5837958191757764  -0.030939911153814878
1.6605167887039127  660  192  192.3465663572993  2.745256234145529  0.0024726334396603083
1.6605167887039127  661  231  231.0856840650713  2.5260551932271085  -0.027659599930659105
1.6605167887039127  662  269  269.2590166964083  2.581859343220515  0.030527620504416906
1.6605167887039127  662  306  306.35610482510145  2.4981569130548564  -0.04294610295495068
1.6605167887039127  663  343  343.0960612090302  2.522630010924331  -0.0036545855495114738
1.6605167887039127  663  379  378.95083799732936  2.6699527595924337  -0.05307902625361868
1.6605167887039127  664  414  414.2931521694905  2.4243172042108085  -0.03541143899559027
1.6605167887039127  664  449  448.9974104089826  2.549857147864941  -0.011116304953314478
1.6605167887039127  664  483  482.92884659313603  2.590677792987549  -0.04869240604836791
1.6605167887039127  664  516  516.4098137813052  2.391102744094951  -0.03850351561972905
1.6605167887039127  664  549  549.2918307674827  2.565043036498537  -0.00017353253481174074
1.6605167887039127  664  582  581.5864849309734  2.4201022229699447  -0.015682580666493345
1.6605167887039127  664  613  613.3957943043829  2.541018126378276  0.017811188056348883
1.6605167887039127  664  645  644.5203233139764  2.492533645581375  -0.0400437888493335
1.6605167887039127  663  675  675.1990734366766  2.602726790763427  0.013153931234568199
1.6605167887039127  663  705  705.3645934443307  2.557193761243525  0.015341198512347517
1.6605167887039127  662  735  734.9370256962582  2.602126914787277  -0.022835960546966027
1.6605167887039127  662  764  764.1353464933086  2.5134020584496284  -0.00731292357249852
1.6605167887039127  661  793  792.7308664973385  2.5565493041187892  -0.02794276911516993
1.6605167887039127  660  821  820.9243533369403  2.5533000873317633  -0.01135443373961572
1.6605167887039127  659  849  848.6008806453935  2.4619673594099822  -0.052164186429699354
1.6605167887039127  659  876  875.9777807251302  2.484096513818031  0.005402199933890753
1.6605167887039127  658  903  902.7479756655791  2.468756180089599  -0.03387055851554402
1.6605167887039127  657  929  929.1789100653257  2.520698485273215  0.01590070013575567
1.6605167887039127  656  955  955.1447042657304  2.5221105835444178  0.013343327866250212
1.6605167887039127  655  981  980.6130279145734  2.419717903906985  -0.030532764482918678
1.6605167887039127  654  1006  1005.7793298812638  2.380449243160683  8.873338518253611e-05
1.8832217887039122  652  29  29.216414254859252  2.755469220716492  -0.0034908308878212444
1.8832217887039122  654  71  71.21185411612484  2.7680888565948294  0.004050364207244252
1.8832217887039122  656  112  112.33568139714  2.6602938422140596  -0.022040629175886468
1.8832217887039122  657  153  152.6067521379405  2.5083513023390367  -0.03547157364215863
1.8832217887039122  659  192  192.26818643950335  2.5732585019495104  -9.190774357774324e-06
1.8832217887039122  660  231  230.95710859286385  2.53338118870721  -0.035134207416622036
1.8832217887039122  661  269  269.1267873376952  2.5216835718670154  0.005484225835872432
1.8832217887039122  661  306  306.26438005183337  2.5317634334210197  -0.03111470822601442
1.8832217887039122  662  343  342.9780648890835  2.511552886022969  -0.01285923964680722
1.8832217887039122  663  379  378.96133569348405  2.650944762669724  -0.020809737864015555
1.8832217887039122  663  414  414.1797597689583  2.4547387579095243  -0.03602383728419012
1.8832217887039122  663  449  448.88264291600206  2.5457993856882695  -0.02154381295642174
1.8832217887039122  663  483  482.8282189795232  2.5621734160228584  -0.052032487349682494
1.8832217887039122  663  516  516.3338708398663  2.3882199261274764  -0.02158466747452958
1.8832217887039122  663  549  549.2162615291313  2.6043847635303337  -0.007750198828783357
1.8832217887039122  663  582  581.5102012045526  2.4632738427919776  -0.003488884489592185
1.8832217887039122  663  613  613.2928282739316  2.5475048754417458  0.009482729782022277
1.8832217887039122  663  644  644.4362669303273  2.4882655136651692  -0.03706560067089258
1.8832217887039122  662  675  675.1098217258275  2.5783469710504505  -0.0026880309458781827
1.8832217887039122  662  705  705.283655858038  2.607673347947866  0.005631444691496831
1.8832217887039122  661  735  734.8567954180141  2.5873887731037257  -0.0337143315183673
1.8832217887039122  661  764  764.0737257178148  2.53933033052067  -0.008851666380657798
1.8832217887039122  660  793  792.6578702187721  2.5210633790537713  -0.037707600811253704
1.8832217887039122  659  821  820.8494555699899  2.5367873986667746  -0.030090204336664754
1.8832217887039122  659  849  848.5863147575307  2.4202252026656197  -0.024064245528977693
1.8832217887039122  658  876  875.9131910945583  2.4862578020170076  -0.0010074281133809376
1.8832217887039122  657  903  902.7020471369606  2.51167190014246  -0.035232526798438635
1.8832217887039122  656  929  929.1278748087691  2.520180628642265  0.009271575966217608
1.8832217887039122  655  955  955.0901323484363  2.5088483008053117  0.006091812971549252
1.8832217887039122  654  981  980.588320129201  2.406867509560243  -0.017415016790096882
1.8832217887039122  653  1006  1005.7444326875797  2.4097224424001524  -0.010009942893939467
2.1059267887039126  652  29  29.19546142139892  2.705364330625187  0.07329697713196885
2.1059267887039126  653  71  71.01796264859203  2.7364621440208623  -0.027860107040618087
2.1059267887039126  655  112  112.17867536000699  2.606019157607477  -0.024004956881567736
2.1059267887039126  656  152  152.4624478075211  2.5068085061438694  -0.030218284763485172
2.1059267887039126  658  192  192.14869491489554  2.6015954095079223  -0.006168434460787069
2.1059267887039126  659  231  230.81724876543353  2.5424044462312168  -0.046971607708640145
2.1059267887039126  660  269  268.9705854087814  2.5678284519804038  -0.01164296829669397
2.1059267887039126  660  306  306.1329161237771  2.5595192495802053  -0.04261049991473855
2.1059267887039126  661  343  342.81853798319  2.490328162101207  -0.03729903751451792
2.1059267887039126  662  379  378.8524783716952  2.6125376157675646  -0.02587099689898924
2.1059267887039126  662  414  414.07328481439816  2.49256717311016  -0.033618965641297405
2.1059267887039126  662  449  448.7818855284691  2.496698796052385  -0.02889348365762744
2.1059267887039126  662  483  482.7343011486001  2.5375661721021743  -0.056725050885174856
2.1059267887039126  663  516  516.3338708398663  2.3882199261274764  -0.02158466747452958
2.1059267887039126  662  549  549.1429632796426  2.617570631767421  0.001350109106609339
2.1059267887039126  662  581  581.4201593897513  2.4869813904588227  0.00248119693576721
2.1059267887039126  662  613  613.2169606136501  2.580216064061233  0.012200628533702117
2.1059267887039126  662  644  644.370564773771  2.5197721782576536  -0.027840973418301974
2.1059267887039126  661  675  675.0191287264958  2.596776120951745  -0.011608053893786151
2.1059267887039126  661  705  705.2135085797802  2.6307735397790566  0.0038213233354634562
2.1059267887039126  660  735  734.7872222329286  2.566859124395023  -0.04120922613103995
2.1059267887039126  660  764  764.0000638611909  2.5103914064716264  -0.014178637010762902
2.1059267887039126  659  793  792.5820643080931  2.481991229179471  -0.04565137903317056
2.1059267887039126  658  821  820.7933586544729  2.557239689947437  -0.02365070484496743
2.1059267887039126  658  849  848.5575494195265  2.4623589013640412  -0.034211352622239725
2.1059267887039126  657  876  875.8486700222403  2.4748941610098427  -0.011701149497245834
2.1059267887039126  656  903  902.6677534923907  2.4746693644019615  -0.026022156448855926
2.1059267887039126  655  929  929.0681559021118  2.5169071323662138  -0.0009597513992567172
2.1059267887039126  654  955  955.0356330819192  2.521848042790907  -0.0003769305493225827
2.1059267887039126  653  981  980.5420823009438  2.352870302291649  -0.029978464329004743
2.1059267887039126  652  1006  1005.7058463775627  2.412382906817811  -0.010136806905402567
2.328631788703913  651  29  28.98349435465195  2.7471926515917957  -0.015173674964245062
2.328631788703913  652  71  70.98054344353098  2.8582689741825504  -0.008101556053454978
2.328631788703913  654  112  112.04114483023204  2.6247794338471238  -0.023525005404412665
2.328631788703913  655  152  152.41928356624615  2.6307433966841813  -0.008560781200436877
2.328631788703913  657  192  192.00320211888462  2.563386307278563  -0.01250538091927974
2.328631788703913  658  231  230.68096970125353  2.5081305048874754  -0.053531831669418134
2.328631788703913  659  269  268.81902232550755  2.530192029391287  -0.021164759897954823
2.328631788703913  660  306  306.1499585527187  2.59252794495319  -0.005249399417966862
2.328631788703913  660  343  342.6780204151637  2.4852906436844364  -0.053268789161640226
2.328631788703913  661  379  378.7182891347066  2.5506440528077974  -0.04576578587457606
2.328631788703913  661  414  413.96186852466604  2.4463142035129977  -0.041271971752534165
2.328631788703913  661  449  448.66097021157236  2.4497709435000274  -0.04984745025105093
2.328631788703913  662  483  482.7342796599298  2.5375719645614367  -0.05688413123811338
2.328631788703913  662  516  516.2446002069009  2.433609373435388  -0.020489461171865092
2.328631788703913  662  549  549.1431525626746  2.6168491974567587  0.002308785073020983
2.328631788703913  661  581  581.3113549571989  2.499337681171937  -0.007144257935149057
2.328631788703913  661  613  613.1212330562183  2.601212627182349  0.012570002935121963
2.328631788703913  661  644  644.2868982322624  2.5227009655839083  -0.030702464575495386
2.328631788703913  661  675  674.9795143656679  2.5094065632217735  -0.010365799351075913
2.328631788703913  660  705  705.140615373241  2.643593597805193  0.003766015619252978
2.328631788703913  660  735  734.7570804867029  2.458714381085656  -0.03337721742923258
2.328631788703913  659  764  763.939220378568  2.525489461758525  -0.010145655883495232
2.328631788703913  658  793  792.5409164018864  2.4546384234895413  -0.03142368087913848
2.328631788703913  657  821  820.7740792029737  2.5037309698641366  -0.02172587016885478
2.328631788703913  657  849  848.5149047345745  2.4610959087942774  -0.02872647110467254
2.328631788703913  656  876  875.8142296909134  2.453602374054981  -0.003960559673377854
2.328631788703913  655  903  902.6152269131438  2.446082917128024  -0.032074007106058976
2.328631788703913  654  929  929.0009354877175  2.477681120551779  -0.011395150848612307
2.328631788703913  653  955  954.9721162507402  2.5311334429807175  -0.012803714160143729
2.328631788703913  652  980  980.5035068168734  2.331220802311236  -0.020652032796027862
2.328631788703913  651  1006  1005.6710857686725  2.401014613528787  -0.004018985285996386
