# Band 1C   Etalon 1A   Slice 3
# Distortion map version 06.04.00 - date 2018-10-16
# Trace (isoalpha): Take pixel trace along specified slice, specified alpha position trace is built by taking the pixel in every detector row with alpha value closest to the one specified 
# xpos[i] = np.argmin(alpha_img[i,:])+funcs.find_nearest(alpha_img[i,:][(slice_img[i,:]!=0)],alpha_pos)
#    alpha       x  y      center         FWHM          skewness
0.0  398  12  12.4927049501  1.13773868865  0.173750584622
0.0  398  23  22.5844065613  1.20889262225  -0.00096681789508
0.0  398  33  32.792551624  1.36102807095  0.022830522636
0.0  398  43  43.1588227456  1.40637997977  0.129884367605
0.0  398  53  53.4886304691  1.17251400873  0.0815253422873
0.0  398  64  63.8688207959  1.44604702377  0.0544755926138
0.0  399  74  74.5089654203  1.14957009703  0.135711898366
0.0  399  85  85.0708107917  1.51475576113  0.0662843394835
0.0  399  96  95.654261915  1.3821363639  0.0366247026179
0.0  399  106  106.437444583  1.28121731123  0.122218757333
0.0  399  117  117.239245431  1.43617436952  0.169167415748
0.0  399  128  128.066548559  1.52195538377  0.150566461467
0.0  399  139  138.948706562  1.52843440148  0.0318333917313
0.0  400  150  150.077546703  1.61753161322  0.173805604049
0.0  400  161  161.198901827  1.51757125362  0.1379094091
0.0  400  172  172.343385167  1.39345183653  0.0828191663482
0.0  400  184  183.525118473  1.24500376868  0.0637871359246
0.0  400  195  194.80747653  1.54958003631  -0.00577008743244
0.0  400  206  206.269339025  1.50909711768  0.0663471689952
0.0  400  218  217.678205901  1.50476825398  0.0204844309361
0.0  400  229  229.308131278  1.53167723889  0.0957474572078
0.0  400  241  240.886869804  1.61015517686  0.0101577237368
0.0  401  253  252.702114318  1.52891535519  0.0404032933308
0.0  401  265  264.520384407  1.28060709652  0.0485203509275
0.0  401  276  276.447929796  1.34788424681  0.158806194234
0.0  401  288  288.437340376  1.3520363409  0.19732841076
0.0  401  300  300.478001739  1.32583067087  0.130136638822
0.0  401  313  312.567585343  1.36933033495  0.00775014892241
0.0  401  325  324.804300366  1.63218026788  0.00182755375934
0.0  401  337  337.176050589  1.67009991438  0.0464638414957
0.0  401  350  349.552173978  1.48918455673  0.0242126170447
0.0  401  362  362.083637318  1.72889639498  0.0497750222591
0.0  401  375  374.640133066  1.62862841452  -0.00881528852838
0.0  401  387  387.38936439  1.62464124876  0.0976623811162
0.0  401  400  400.182567269  1.73038696883  0.0986391291707
0.0  402  413  413.159853937  1.72265406082  0.0995994257673
0.0  402  426  426.135243341  1.68960244736  0.127332720936
0.0  402  439  439.226684304  1.68860592351  0.124135399331
0.0  402  452  452.394956331  1.54417714776  0.0981655433257
0.0  402  466  465.623285187  1.57786770697  0.0229277052177
0.0  402  479  479.041411737  1.75123153268  0.0396996021035
0.0  402  493  492.519901649  1.56929613129  0.00456076193795
0.0  402  506  506.140781468  1.72434502271  0.0490620545502
0.0  402  520  519.800130967  1.71498460164  -0.00901027501849
0.0  402  534  533.619641009  1.6409034609  -0.00179062224477
0.0  402  548  547.559435719  1.66325446503  0.0357519422887
0.0  402  562  561.574971348  1.67434894181  0.0514164040662
0.0  402  576  575.700974596  1.68151171749  0.0413291221009
0.0  402  590  589.961464286  1.76128929147  0.0808891702569
0.0  402  604  604.365009246  1.63365308701  0.135358636354
0.0  402  619  618.769659887  1.78096802619  0.000724293188024
0.0  402  633  633.430316948  1.70053938373  0.07692216129
0.0  402  648  648.121563651  1.85716033532  0.0343153319223
0.0  402  663  662.913475204  1.90190792984  0.00998406011515
0.0  401  678  677.760349853  1.84726987162  -0.00101774746147
0.0  401  693  692.840061894  1.88941528376  0.00347938203038
0.0  401  708  708.055538695  1.89348585781  0.0605758370721
0.0  401  723  723.382663273  1.79272439014  0.11580436249
0.0  401  739  738.711646422  1.87088784006  0.000164364994683
0.0  401  754  754.390996872  1.67355700898  0.133116393535
0.0  401  770  770.098189851  1.86207874704  0.112859609386
0.0  401  786  785.897724698  1.87281281917  0.0124723937199
0.0  401  802  801.882136448  1.86772296463  0.017777090733
0.0  401  818  818.034269956  1.90387033507  0.0588225193654
0.0  400  834  834.24112819  1.88847878499  0.0366332996505
0.0  400  851  850.578251103  1.83334254426  -0.0127647829797
0.0  400  867  867.166992249  1.9705242038  0.0673262416145
0.0  400  884  883.806603236  1.92683884813  0.00621615141767
0.0  400  901  900.607900633  1.87087625642  0.0207582177656
0.0  400  918  917.591818311  1.84605859516  0.069506892574
0.0  399  935  934.623450223  1.85241156027  0.0300040513009
0.0  399  952  951.938804946  1.96867083425  0.0734324603118
0.0  399  969  969.424004916  1.78786333291  0.143825000593
0.0  399  987  986.977034173  1.96914966376  0.0199109216684
0.0  398  1005  1004.71539853  1.85232087103  -0.0259534611786
-1.48526691515  390  12  11.5355067215  1.19917497221  0.0998486473385
-1.48526691515  390  22  21.6472132958  1.22466897356  0.0217084623856
-1.48526691515  390  32  31.8885620573  1.35260003889  0.0768806460433
-1.48526691515  391  42  42.3800784799  1.15520040131  0.176099475405
-1.48526691515  391  53  52.6146725174  1.21078937955  -0.0196258040483
-1.48526691515  391  63  63.1199298991  1.45751420215  0.11487877597
-1.48526691515  391  74  73.56703246  1.19592339668  0.00155867336466
-1.48526691515  391  84  84.2191698288  1.41861091331  0.153938939301
-1.48526691515  391  95  94.7760135386  1.45315239076  0.0555724135103
-1.48526691515  391  106  105.512135338  1.34239667946  -0.0706191091025
-1.48526691515  392  116  116.464740631  1.13104898919  0.225346124997
-1.48526691515  392  127  127.354637439  1.30060639309  0.237323643322
-1.48526691515  392  138  138.278742686  1.36041221726  0.144484339405
-1.48526691515  392  149  149.303053351  1.35324463361  0.245573553299
-1.48526691515  392  160  160.371011438  1.23731025177  0.182584698791
-1.48526691515  392  171  171.478852862  1.23471495797  0.0714585615251
-1.48526691515  392  183  182.654827805  1.37455400331  0.0293869681287
-1.48526691515  393  194  194.150201715  1.53305027285  0.0828012307755
-1.48526691515  393  206  205.508807236  1.25527291949  0.00259548208948
-1.48526691515  393  217  216.996449937  1.60631405651  0.0625204111364
-1.48526691515  393  229  228.539377366  1.261289114  0.00589895300601
-1.48526691515  393  240  240.242371299  1.55468510879  0.114858399714
-1.48526691515  393  252  251.923491433  1.61502359171  0.0846614109496
-1.48526691515  393  264  263.68517376  1.48303298466  -0.00264046810829
-1.48526691515  393  276  275.594869736  1.34218553193  0.0442346095202
-1.48526691515  393  288  287.587182204  1.34677047632  0.0475111318703
-1.48526691515  393  300  299.638151291  1.41344790737  0.000586184137276
-1.48526691515  394  312  311.937184248  1.61584039168  0.0725044420206
-1.48526691515  394  324  324.201247278  1.59114752646  0.10383994617
-1.48526691515  394  336  336.494065878  1.32261811687  0.0462741527107
-1.48526691515  394  349  348.854164367  1.73003078312  -0.00498816419518
-1.48526691515  394  361  361.467167082  1.43533924515  0.064733099547
-1.48526691515  394  374  374.049543136  1.70488113441  0.0453226643313
-1.48526691515  394  387  386.707348066  1.66770900158  0.0102689371674
-1.48526691515  394  400  399.5380977  1.59503734357  0.0667587499445
-1.48526691515  394  412  412.456827852  1.35454910353  0.219210645722
-1.48526691515  394  425  425.446388669  1.55111724321  0.160011151631
-1.48526691515  394  438  438.504764989  1.34878431489  0.111516211603
-1.48526691515  394  452  451.662301357  1.56267936034  0.0230534587637
-1.48526691515  394  465  464.986204607  1.72200583291  0.0842047045445
-1.48526691515  394  478  478.406744271  1.48604479929  0.118501886509
-1.48526691515  394  492  491.845867112  1.66675382067  -0.010868465043
-1.48526691515  394  505  505.486627995  1.56821553282  0.066091984041
-1.48526691515  394  519  519.212607176  1.73314973185  0.062827779024
-1.48526691515  394  533  532.996051148  1.77604150597  0.0135318688888
-1.48526691515  394  547  546.900397375  1.79187306089  0.0269613251567
-1.48526691515  394  561  560.94497548  1.78785718476  0.0537576176894
-1.48526691515  394  575  575.104838082  1.79183383116  0.0883704029392
-1.48526691515  394  589  589.370823721  1.68020383792  0.158085579333
-1.48526691515  394  604  603.682496209  1.65501656129  0.048786691416
-1.48526691515  394  618  618.23418194  1.70304066767  0.107481823273
-1.48526691515  394  633  632.764478303  1.77016432968  -0.00288353856465
-1.48526691515  394  648  647.513823916  1.67149507997  0.0211949111951
-1.48526691515  394  662  662.364584633  1.75115320015  0.0598455849897
-1.48526691515  394  677  677.330308797  1.84030550375  0.0703131177101
-1.48526691515  394  692  692.387918723  1.78870877942  0.0587299701246
-1.48526691515  394  708  707.569580062  1.81450614346  0.0602202112141
-1.48526691515  394  723  722.861907749  1.89634372685  0.0511441805383
-1.48526691515  394  738  738.365074242  1.71673931474  0.143336437996
-1.48526691515  394  754  753.889988333  1.86920316872  0.0698925720524
-1.48526691515  393  770  769.533987989  1.55573971415  0.0679312316675
-1.48526691515  393  785  785.43319258  1.72150160467  0.0975152546379
-1.48526691515  393  801  801.432876916  1.70760819  0.0968492011945
-1.48526691515  393  818  817.538890489  1.6872392394  0.0482000708264
-1.48526691515  393  834  833.760805182  1.87015953972  -0.0358786302619
-1.48526691515  393  850  850.226757433  1.89804298722  0.0542533981172
-1.48526691515  393  867  866.718791072  1.91805431444  0.0142523719695
-1.48526691515  393  883  883.44503687  1.84830046435  0.0808995489035
-1.48526691515  392  900  900.211193889  1.90394080411  0.0919419556206
-1.48526691515  392  917  917.192382922  1.95097739288  0.122930036827
-1.48526691515  392  934  934.308398453  1.86348541282  0.108811462685
-1.48526691515  392  952  951.569395721  1.77864897255  0.0980521205941
-1.48526691515  392  969  969.00684654  1.9012220856  0.129147238822
-1.48526691515  391  987  986.562444843  1.76521665011  0.013617608956
-1.48526691515  391  1004  1004.41513892  1.80795625845  0.0860395724206
-1.29475491515  391  12  11.624807024  1.2174157206  0.0772539973809
-1.29475491515  391  22  21.7512610641  1.29541088111  0.0139029364693
-1.29475491515  391  32  32.0468075527  1.38435364169  0.127124812915
-1.29475491515  392  42  42.4558346315  1.15007974988  0.136416526172
-1.29475491515  392  53  52.7232606723  1.31426318092  -0.024951327386
-1.29475491515  392  63  63.2799073869  1.35192847993  0.188057397446
-1.29475491515  392  74  73.6553989612  1.27006004225  -0.00906985511361
-1.29475491515  392  84  84.3335540473  1.30921127402  0.166881175738
-1.29475491515  392  95  94.9077845653  1.50304379337  0.0864615311626
-1.29475491515  392  106  105.600985816  1.26405355643  0.0142211632145
-1.29475491515  393  117  116.532523511  1.18637141069  0.126520526625
-1.29475491515  393  127  127.444226154  1.17061695477  0.220781847713
-1.29475491515  393  138  138.380463911  1.29267404545  0.163650986841
-1.29475491515  393  149  149.397888403  1.19998714911  0.242092609237
-1.29475491515  393  160  160.448403853  1.23936682905  0.13597990231
-1.29475491515  393  172  171.537977314  1.23718769972  -0.0102540700889
-1.29475491515  393  183  182.761491123  1.49455593208  0.0324755327559
-1.29475491515  393  194  194.132764854  1.54068351197  0.03182754361
-1.29475491515  394  206  205.585758806  1.31519705554  -0.04717499474
-1.29475491515  394  217  217.208426178  1.62809284654  0.143447684347
-1.29475491515  394  229  228.618804731  1.43506054372  -0.0188108451316
-1.29475491515  394  240  240.356509087  1.45219863438  0.133935154516
-1.29475491515  394  252  252.055947442  1.60335283871  0.120654023298
-1.29475491515  394  264  263.810422572  1.55773775787  0.0215963866003
-1.29475491515  394  276  275.715163721  1.49970994374  0.0457814987894
-1.29475491515  394  288  287.684194098  1.4564760518  0.0501717912684
-1.29475491515  394  300  299.740656984  1.52029358934  0.00196890353818
-1.29475491515  394  312  311.929224826  1.61249629163  0.0643760781641
-1.29475491515  395  324  324.310345762  1.52693069831  0.119605050403
-1.29475491515  395  337  336.568843228  1.42150906413  -0.0280244546557
-1.29475491515  395  349  348.988764994  1.73794053857  0.0467895597138
-1.29475491515  395  362  361.527967868  1.62350672401  0.0486336303827
-1.29475491515  395  374  374.140494218  1.71555805712  0.0472657106181
-1.29475491515  395  387  386.810762556  1.69502377868  0.028793344273
-1.29475491515  395  400  399.617179123  1.64043455374  0.0368754125147
-1.29475491515  395  413  412.506904053  1.59951584116  0.0645601152698
-1.29475491515  395  425  425.499764937  1.54302974159  0.12123677414
-1.29475491515  395  439  438.569267657  1.56364666887  0.0474556336541
-1.29475491515  395  452  451.750066134  1.65007900104  0.0328317778515
-1.29475491515  395  465  465.088877272  1.7043337893  0.100378720283
-1.29475491515  395  478  478.466777437  1.45170710409  0.0792902283726
-1.29475491515  395  492  491.951422707  1.70449329421  0.00256431448792
-1.29475491515  395  506  505.545775556  1.62797963886  0.0214162894759
-1.29475491515  395  519  519.293018688  1.70767192973  0.06319632621
-1.29475491515  395  533  533.092988232  1.79268566632  0.0307296261558
-1.29475491515  395  547  547.006337607  1.79144903566  0.0483010429838
-1.29475491515  395  561  561.043917191  1.81327345445  0.0701066001551
-1.29475491515  395  575  575.199871258  1.78959992673  0.0970290447039
-1.29475491515  395  589  589.440703225  1.626753934  0.140525692711
-1.29475491515  395  604  603.767785049  1.73026575158  0.049671266029
-1.29475491515  395  618  618.310895628  1.67359467502  0.110632097883
-1.29475491515  395  633  632.862936034  1.80911751395  0.026326816096
-1.29475491515  395  648  647.572411404  1.71840367761  -0.00569042447382
-1.29475491515  395  662  662.421803858  1.7561361053  0.021403313274
-1.29475491515  395  677  677.407750762  1.80812026648  0.0714482593855
-1.29475491515  395  692  692.451507527  1.80165473318  0.0364340028271
-1.29475491515  395  708  707.627295513  1.83375949218  0.0354739291259
-1.29475491515  395  723  722.944564972  1.88647348822  0.0664471888606
-1.29475491515  395  738  738.415195184  1.70058663313  0.12806697455
-1.29475491515  395  754  753.963752414  1.87148098926  0.0803247086352
-1.29475491515  394  770  769.590812315  1.70456970887  0.0584444525132
-1.29475491515  394  785  785.491376382  1.64874244589  0.0803297774627
-1.29475491515  394  801  801.488224359  1.67662586126  0.0756061480976
-1.29475491515  394  818  817.590624637  1.74514810545  0.0203909905551
-1.29475491515  394  834  833.83288864  1.89431866406  -0.0319838401598
-1.29475491515  394  850  850.301006196  1.87452965553  0.0610332676417
-1.29475491515  394  867  866.78423584  1.94552163128  0.0139488180868
-1.29475491515  393  883  883.441619595  1.88100741502  0.0492771995847
-1.29475491515  393  900  900.277834137  1.90170015832  0.0918978989044
-1.29475491515  393  917  917.254128975  1.92590603195  0.124583816808
-1.29475491515  393  934  934.359563055  1.81239908628  0.108730943935
-1.29475491515  393  952  951.612375577  1.76923274945  0.0867552064121
-1.29475491515  392  969  969.039380235  1.97380320878  0.0945895828226
-1.29475491515  392  987  986.612306745  1.77473321838  0.00593618146394
-1.29475491515  392  1004  1004.45826197  1.77066294526  0.0665012017759
-1.10424291515  392  12  11.7321396277  1.29356407004  0.0783242362803
-1.10424291515  392  22  21.9044401556  1.34882764948  0.050650615434
-1.10424291515  392  32  32.2076229319  1.27005336291  0.191688540876
-1.10424291515  393  43  42.5378644427  1.25336125459  0.122668110694
-1.10424291515  393  53  52.8577262951  1.39817559126  0.00720864082248
-1.10424291515  393  63  63.3864404916  1.19251038417  0.191422421113
-1.10424291515  393  74  73.7722464635  1.40290273026  -0.00403393140652
-1.10424291515  393  84  84.4326762039  1.21278367611  0.171381073713
-1.10424291515  393  95  95.0527209312  1.51073885854  0.136778959315
-1.10424291515  393  106  105.694714474  1.38197560438  0.0168814224563
-1.10424291515  394  117  116.601773172  1.26719464003  0.0611590068927
-1.10424291515  394  128  127.513703803  1.20923249023  0.122556475275
-1.10424291515  394  138  138.458210413  1.17521011441  0.133285192652
-1.10424291515  394  149  149.469923762  1.17146363953  0.200908443062
-1.10424291515  394  161  160.514840049  1.23234222805  0.0593684107856
-1.10424291515  394  172  171.628003002  1.2952235115  -0.0348128771325
-1.10424291515  394  183  182.896550869  1.55619961056  0.0668069632149
-1.10424291515  394  194  194.268401672  1.47005494941  0.0937609343874
-1.10424291515  395  206  205.683126144  1.46379297874  -0.0391451830005
-1.10424291515  395  217  217.248892997  1.51019329921  0.14487728494
-1.10424291515  395  229  228.728330767  1.52421555502  4.30888653244e-05
-1.10424291515  395  240  240.436952943  1.38883753546  0.13486714434
-1.10424291515  395  252  252.177452726  1.56939553974  0.152879754539
-1.10424291515  395  264  263.925743379  1.61300553029  0.0614127884162
-1.10424291515  395  276  275.811958974  1.57000579681  0.0565785223301
-1.10424291515  395  288  287.783838973  1.56581548  0.0446752172466
-1.10424291515  395  300  299.844490512  1.5871976596  0.0238596265849
-1.10424291515  395  312  312.051354904  1.62229375161  0.0958935877021
-1.10424291515  396  324  324.400027752  1.40115778759  0.128306751048
-1.10424291515  396  337  336.646635726  1.53217016477  -0.0361302456199
-1.10424291515  396  349  349.137290875  1.68396819391  0.0876191810247
-1.10424291515  396  362  361.590270789  1.53128379453  -0.0012463703343
-1.10424291515  396  374  374.252872971  1.65067174542  0.0752983729432
-1.10424291515  396  387  386.906445104  1.74821900272  0.0434203774565
-1.10424291515  396  400  399.676605776  1.63426264339  0.0177249780055
-1.10424291515  396  413  412.57390249  1.55921513266  0.0336696693195
-1.10424291515  396  426  425.571704573  1.49996717852  0.0753848610091
-1.10424291515  396  439  438.628634724  1.54940953922  0.0296177186219
-1.10424291515  396  452  451.843491559  1.66996400996  0.0347014732308
-1.10424291515  396  465  465.195175409  1.67003084762  0.137089169266
-1.10424291515  396  479  478.519215173  1.40227901094  0.032864795838
-1.10424291515  396  492  492.038091757  1.70325779385  0.0211232442734
-1.10424291515  396  506  505.607153634  1.5932426458  -0.00684666489088
-1.10424291515  396  519  519.386883399  1.61976482659  0.0881821671736
-1.10424291515  396  533  533.190065695  1.76231535456  0.0540019396879
-1.10424291515  396  547  547.109133887  1.79888313167  0.0720521357008
-1.10424291515  396  561  561.130870589  1.79598260453  0.0894852069015
-1.10424291515  396  575  575.285566932  1.73975795447  0.120845810605
-1.10424291515  396  589  589.504392238  1.54323341141  0.126708191956
-1.10424291515  396  604  603.858453059  1.78501624269  0.062071595286
-1.10424291515  396  618  618.387599174  1.5924386646  0.124186469322
-1.10424291515  396  633  632.94705514  1.8486522947  0.0378889943151
-1.10424291515  396  648  647.639449607  1.70994013325  -0.010881942566
-1.10424291515  396  662  662.492220001  1.69195742237  0.0254700972278
-1.10424291515  396  677  677.455869191  1.75204971522  0.0548239236069
-1.10424291515  396  692  692.493620064  1.76006653838  0.0256051112705
-1.10424291515  396  708  707.679186268  1.83447368304  0.0254168027995
-1.10424291515  396  723  723.028306331  1.91516839321  0.0869842972035
-1.10424291515  396  738  738.479654101  1.54512131559  0.161783681839
-1.10424291515  396  754  754.064611266  1.83487196986  0.154156604678
-1.10424291515  395  770  769.654280244  1.7504374511  0.0559496201513
-1.10424291515  395  786  785.52945074  1.6577790882  0.0302912607561
-1.10424291515  395  802  801.535097637  1.74081338002  0.0477566512908
-1.10424291515  395  818  817.642181187  1.78679380567  0.0146693624341
-1.10424291515  395  834  833.899559592  1.90360938065  -0.00580018394244
-1.10424291515  395  850  850.35495095  1.83843416315  0.0626523163023
-1.10424291515  395  867  866.834250925  1.94667002366  0.0164905413083
-1.10424291515  394  883  883.489678997  1.87812749323  0.0309637629368
-1.10424291515  394  900  900.316208713  1.88324105996  0.0883739220626
-1.10424291515  394  917  917.305114273  1.90603388405  0.131468086668
-1.10424291515  394  934  934.407056433  1.82091998036  0.106164130716
-1.10424291515  394  952  951.657177616  1.81973658977  0.0885893677317
-1.10424291515  393  969  969.09480886  1.9584822413  0.100954337919
-1.10424291515  393  987  986.658690022  1.826500144  -0.000877368540545
-1.10424291515  393  1004  1004.50362179  1.74615788132  0.0715189072686
-0.913730915146  393  12  11.8707579085  1.37528470989  0.100540799307
-0.913730915146  393  22  22.0634579257  1.37594424365  0.115444745717
-0.913730915146  393  32  32.338642295  1.15708581297  0.216004989851
-0.913730915146  393  43  42.5297233909  1.20246934191  0.0359563924618
-0.913730915146  394  53  53.0241668627  1.44906080567  0.0581589584156
-0.913730915146  394  63  63.4734535225  1.15136246106  0.165318377675
-0.913730915146  394  74  73.9104310657  1.44130398169  0.029242914183
-0.913730915146  394  84  84.5092551387  1.14454529465  0.123990908692
-0.913730915146  394  95  95.1959745098  1.45091125222  0.199198294009
-0.913730915146  394  106  105.819670118  1.44682858569  0.0227469553534
-0.913730915146  395  117  116.657612933  1.43958947455  0.0478160717135
-0.913730915146  395  128  127.579406304  1.23620697375  0.0810061384995
-0.913730915146  395  139  138.528513588  1.19810924688  0.0412506472046
-0.913730915146  395  150  149.52786222  1.18864834207  0.108157208497
-0.913730915146  395  161  160.588711593  1.26553556838  0.0383934081617
-0.913730915146  395  172  171.719302861  1.4398322162  -0.0426039377424
-0.913730915146  395  183  183.038716985  1.54658096381  0.115407399892
-0.913730915146  395  194  194.363251189  1.40637159775  0.111134088065
-0.913730915146  396  206  205.79102227  1.51565267212  -0.0371708164813
-0.913730915146  396  217  217.355733634  1.43814516225  0.15602496018
-0.913730915146  396  229  228.822950625  1.5716138628  -0.000433387653032
-0.913730915146  396  241  240.507227083  1.28340357523  0.0715522002647
-0.913730915146  396  252  252.288668425  1.48948965699  0.186046933402
-0.913730915146  396  264  264.0603012  1.58599782946  0.0966777419017
-0.913730915146  396  276  275.929415028  1.59513734633  0.0828415878123
-0.913730915146  396  288  287.907091458  1.59245932149  0.0874475397177
-0.913730915146  396  300  299.965719755  1.61564297019  0.0563357956789
-0.913730915146  396  312  312.163632025  1.5838928987  0.132769489171
-0.913730915146  396  324  324.407980335  1.37258269628  0.150904835122
-0.913730915146  397  337  336.736170559  1.59344579962  -0.0356917601821
-0.913730915146  397  349  349.231456886  1.65497366944  0.101602339788
-0.913730915146  397  362  361.670111844  1.62685279611  -0.0096850074174
-0.913730915146  397  374  374.342993994  1.63286513066  0.0898222693215
-0.913730915146  397  387  387.01955854  1.73110644626  0.072666805384
-0.913730915146  397  400  399.76761898  1.70446563233  0.0296078164155
-0.913730915146  397  413  412.656340562  1.62592388748  0.0215086922054
-0.913730915146  397  426  425.656006202  1.60718831323  0.0735670081763
-0.913730915146  397  439  438.722307528  1.6360187999  0.0401749883926
-0.913730915146  397  452  451.934993038  1.69339263472  0.059237131407
-0.913730915146  397  465  465.275828399  1.62175876348  0.154347042273
-0.913730915146  397  479  478.587988626  1.51696107807  0.00296647986348
-0.913730915146  397  492  492.131859326  1.70915552806  0.0450724101649
-0.913730915146  397  506  505.685844952  1.64934594812  -0.00479809937171
-0.913730915146  397  519  519.44047093  1.60121638959  0.072750671718
-0.913730915146  397  533  533.279806581  1.72987470687  0.0712415559448
-0.913730915146  397  547  547.197272994  1.76620803965  0.0971088902667
-0.913730915146  397  561  561.213411638  1.76753991861  0.10758505456
-0.913730915146  397  575  575.354649863  1.68017819209  0.127292472489
-0.913730915146  397  590  589.560787146  1.58883292497  0.0746690100294
-0.913730915146  397  604  603.944075274  1.79270054999  0.0842971731161
-0.913730915146  397  618  618.442762948  1.56154772814  0.11218991849
-0.913730915146  397  633  633.028813135  1.83359093034  0.0588913945971
-0.913730915146  397  648  647.710757848  1.76937674395  -0.00788785601915
-0.913730915146  397  663  662.543620965  1.72731560703  -0.0112377086316
-0.913730915146  397  678  677.516228153  1.75047294827  0.041696756682
-0.913730915146  397  693  692.561303497  1.79881477087  0.00582554398691
-0.913730915146  397  708  707.753804835  1.85326573405  0.0317505119451
-0.913730915146  397  723  723.100999683  1.91717742372  0.0937654689573
-0.913730915146  397  739  738.520011489  1.43372852345  0.145093763987
-0.913730915146  396  754  754.041283865  1.85654437717  0.0960104467443
-0.913730915146  396  770  769.716569823  1.7920436312  0.0488827254497
-0.913730915146  396  786  785.58577515  1.64521264993  0.015888142352
-0.913730915146  396  802  801.584476444  1.71560235927  0.0278344870064
-0.913730915146  396  818  817.703691011  1.79511391717  0.0184718622853
-0.913730915146  396  834  833.972914334  1.91811062168  -0.000183472814221
-0.913730915146  396  850  850.396385181  1.80607287061  0.05011839282
-0.913730915146  396  867  866.912343027  1.97932490629  0.0423615356425
-0.913730915146  395  884  883.544997824  1.87750377014  0.0334815306915
-0.913730915146  395  900  900.387971861  1.86455300451  0.0894114204254
-0.913730915146  395  917  917.360964188  1.89067075742  0.132968406976
-0.913730915146  395  934  934.446027201  1.82243393679  0.0809406073194
-0.913730915146  395  952  951.709313053  1.90177027604  0.0789824265135
-0.913730915146  394  969  969.162622483  1.94375464232  0.122679794575
-0.913730915146  394  987  986.700673727  1.86612074922  -0.0104104763333
-0.913730915146  394  1005  1004.54038772  1.78508364178  0.0368908759396
-0.723218915146  394  12  12.0358577973  1.3654099392  0.161789834894
-0.723218915146  394  22  22.2312096209  1.27186361269  0.171346604287
-0.723218915146  394  32  32.4286977187  1.11063385548  0.180480300031
-0.723218915146  394  43  42.618231561  1.23891144791  0.0326232810559
-0.723218915146  395  53  53.1706408207  1.41584569864  0.0865514477772
-0.723218915146  395  64  63.5345811476  1.18653740581  0.0547896781252
-0.723218915146  395  74  74.0525087275  1.48273215419  0.0722493891819
-0.723218915146  395  85  84.5814510597  1.21533256048  0.0401577502337
-0.723218915146  395  95  95.3167602935  1.34682756296  0.219165472618
-0.723218915146  395  106  105.959639957  1.50250257225  0.0566055685649
-0.723218915146  395  117  116.720477728  1.39070191516  0.0434668204459
-0.723218915146  396  128  127.686398601  1.3673403126  0.0578163329536
-0.723218915146  396  139  138.605121708  1.2656541929  0.00257087256729
-0.723218915146  396  150  149.615023688  1.30452755347  0.0637752190451
-0.723218915146  396  161  160.692132248  1.3937204731  0.0108616713
-0.723218915146  396  172  171.849110584  1.49782431988  -0.00538502035834
-0.723218915146  396  183  183.173774046  1.51366150085  0.1573890856
-0.723218915146  396  194  194.459774235  1.2897533819  0.0968901744677
-0.723218915146  396  206  205.794787833  1.52572319106  -0.00929686870238
-0.723218915146  397  217  217.446289241  1.29951416146  0.145320831883
-0.723218915146  397  229  228.946400749  1.62644472037  0.0209678199365
-0.723218915146  397  241  240.573915578  1.3698862548  0.0117063675876
-0.723218915146  397  252  252.38876097  1.42736621164  0.186369834064
-0.723218915146  397  264  264.176658312  1.59548762109  0.123425717361
-0.723218915146  397  276  276.060368044  1.59687730984  0.122876842385
-0.723218915146  397  288  288.038330663  1.61473122888  0.124441718725
-0.723218915146  397  300  300.087931479  1.62496503216  0.091934289919
-0.723218915146  397  312  312.279534544  1.54420907238  0.170115378572
-0.723218915146  397  324  324.474964576  1.32222989115  0.116981213378
-0.723218915146  398  337  336.850541359  1.688219051  -0.0225198730399
-0.723218915146  398  349  349.329050212  1.60274613657  0.0957666582097
-0.723218915146  398  362  361.776753912  1.67712251679  -0.00057993574964
-0.723218915146  398  374  374.423727384  1.56249646444  0.066700594713
-0.723218915146  398  387  387.117924327  1.74462502174  0.0760792917486
-0.723218915146  398  400  399.881465621  1.72594408086  0.0455067561086
-0.723218915146  398  413  412.754378419  1.68884566546  0.0317640671594
-0.723218915146  398  426  425.753711321  1.68553695657  0.0670983321349
-0.723218915146  398  439  438.824940271  1.69245866492  0.0487545587646
-0.723218915146  398  452  452.041753137  1.70750045918  0.0764995071328
-0.723218915146  398  465  465.368989469  1.57005178847  0.152211464965
-0.723218915146  398  479  478.667355703  1.62320439488  -0.0128906277819
-0.723218915146  398  492  492.226730513  1.6769583964  0.0539714911151
-0.723218915146  398  506  505.774669722  1.69711431577  -0.0104863259876
-0.723218915146  398  520  519.518424355  1.61097942012  0.0382202433113
-0.723218915146  398  533  533.355457596  1.70511181993  0.0714314317072
-0.723218915146  398  547  547.283519403  1.74417755234  0.0993469719732
-0.723218915146  398  561  561.306112967  1.73747057674  0.113620978755
-0.723218915146  398  575  575.422035301  1.66186251473  0.098558435327
-0.723218915146  398  590  589.634960087  1.65646190772  0.0532750807665
-0.723218915146  398  604  604.042866238  1.80068185449  0.0965985183198
-0.723218915146  398  618  618.495297022  1.5088808393  0.0699252053489
-0.723218915146  398  633  633.123763173  1.83219022777  0.0766449577827
-0.723218915146  398  648  647.786011801  1.80009438484  -0.0156935686258
-0.723218915146  398  663  662.6175114  1.76545109225  -0.0218973493386
-0.723218915146  398  678  677.582543059  1.81117750264  0.0155292859644
-0.723218915146  398  693  692.625340758  1.84711287267  -0.0081476496736
-0.723218915146  398  708  707.828759071  1.8812604627  0.0295617033753
-0.723218915146  398  723  723.178212832  1.89534137321  0.0975071522646
-0.723218915146  398  739  738.563662691  1.47014318397  0.119630775124
-0.723218915146  397  754  754.13650804  1.85511783612  0.121801216734
-0.723218915146  397  770  769.793400954  1.82444633335  0.0602216918751
-0.723218915146  397  786  785.631183214  1.71786931363  -0.00328509955038
-0.723218915146  397  802  801.633660758  1.7726455345  0.0124403164635
-0.723218915146  397  818  817.756948126  1.87237595865  0.0049315952105
-0.723218915146  397  834  834.041704582  1.94250792272  0.00771844059362
-0.723218915146  397  850  850.453332645  1.78714198152  0.0376595515333
-0.723218915146  397  867  866.954529623  1.92047521361  0.0377820571951
-0.723218915146  396  884  883.590302236  1.847205477  0.0247220335227
-0.723218915146  396  900  900.4317032  1.81758595854  0.0843455047353
-0.723218915146  396  917  917.42039222  1.85149494785  0.137134182543
-0.723218915146  396  934  934.498471998  1.76705709036  0.0803657067644
-0.723218915146  396  952  951.781415449  1.92745634155  0.0607776774685
-0.723218915146  395  969  969.226425193  1.89981146261  0.13477012382
-0.723218915146  395  987  986.760805851  1.89324487113  -0.00461671098083
-0.723218915146  395  1005  1004.57098069  1.80194816484  0.0123624441394
-0.532706915146  395  12  12.2033487281  1.30129427992  0.222658506465
-0.532706915146  395  22  22.3508110213  1.18764540058  0.175501998011
-0.532706915146  395  32  32.5011246527  1.12603604028  0.131085891952
-0.532706915146  395  43  42.7251753235  1.33235554651  0.0138086441853
-0.532706915146  396  53  53.2968680457  1.3572178766  0.105235510826
-0.532706915146  396  64  63.625536561  1.27089914115  0.0259657169216
-0.532706915146  396  74  74.2093088215  1.40594423872  0.121422160971
-0.532706915146  396  85  84.6777944147  1.35258626421  -0.00061242526187
-0.532706915146  396  95  95.4281870525  1.20682431349  0.208361058033
-0.532706915146  396  106  106.110321403  1.48677983164  0.110491255897
-0.532706915146  396  117  116.845688328  1.50476102228  0.0724930880341
-0.532706915146  397  128  127.798086463  1.50269937745  0.065707360404
-0.532706915146  397  139  138.696926943  1.39340235638  -0.0288467497952
-0.532706915146  397  150  149.724101346  1.44872543258  0.0478600423662
-0.532706915146  397  161  160.81790766  1.5046154642  0.0424394597882
-0.532706915146  397  172  171.96967286  1.55847769274  -0.00460364074281
-0.532706915146  397  183  183.278576564  1.4351453162  0.167076606214
-0.532706915146  397  195  194.523853012  1.26647782038  0.0152513574658
-0.532706915146  397  206  205.907491743  1.58117741387  -0.0139653912867
-0.532706915146  398  218  217.510801556  1.30665454914  0.0651225480811
-0.532706915146  398  229  229.07835164  1.63156757335  0.0524735308203
-0.532706915146  398  241  240.669499792  1.52495191654  -0.00450369420568
-0.532706915146  398  252  252.466101662  1.28891196619  0.169420666743
-0.532706915146  398  264  264.285755925  1.49875516511  0.147206702486
-0.532706915146  398  276  276.174177607  1.55728934505  0.146750546311
-0.532706915146  398  288  288.162997579  1.57091495544  0.161881368504
-0.532706915146  398  300  300.208720893  1.57181398077  0.118767882336
-0.532706915146  398  312  312.372173894  1.42233982386  0.154783967694
-0.532706915146  398  325  324.533250354  1.35758571677  0.0195707950709
-0.532706915146  398  337  336.850534975  1.68868006001  -0.0239818670309
-0.532706915146  399  349  349.414495057  1.53957836308  0.0762794594421
-0.532706915146  399  362  361.878571139  1.70392568705  0.0281163404949
-0.532706915146  399  374  374.503075331  1.63494657096  0.0383975605423
-0.532706915146  399  387  387.211541741  1.71776948316  0.0801024969725
-0.532706915146  399  400  399.972120881  1.76319963861  0.0541982080259
-0.532706915146  399  413  412.84902993  1.73202572578  0.0384940107987
-0.532706915146  399  426  425.84755664  1.72740474831  0.07371815785
-0.532706915146  399  439  438.924574136  1.71648867298  0.0685489342344
-0.532706915146  399  452  452.152900292  1.68966585568  0.0995552505105
-0.532706915146  399  465  465.430573127  1.5213754562  0.128593001641
-0.532706915146  399  479  478.763923981  1.68277758462  0.000147824497954
-0.532706915146  399  492  492.309636565  1.66452028485  0.0535849319709
-0.532706915146  399  506  505.8570684  1.74145587118  -0.00106092036375
-0.532706915146  399  520  519.578559888  1.67445281149  0.012758497093
-0.532706915146  399  533  533.421460878  1.68275525467  0.0567692803342
-0.532706915146  399  547  547.352678894  1.69863361277  0.0872314173953
-0.532706915146  399  561  561.377527903  1.70584345214  0.104947938178
-0.532706915146  399  575  575.487857607  1.64849529266  0.0788859178405
-0.532706915146  399  590  589.70724801  1.70512179088  0.0508792402961
-0.532706915146  399  604  604.125524656  1.76069462621  0.106131887998
-0.532706915146  399  619  618.553162699  1.62757602355  0.0159970079097
-0.532706915146  399  633  633.224223984  1.77936582097  0.0985979239712
-0.532706915146  399  648  647.857422655  1.82352069282  -0.0132252543047
-0.532706915146  399  663  662.687245355  1.82430912091  -0.0210722404504
-0.532706915146  399  678  677.635721593  1.81564767108  0.000441089363933
-0.532706915146  399  693  692.686341277  1.86627490387  -0.0101670142905
-0.532706915146  399  708  707.896865617  1.88742340306  0.035163430242
-0.532706915146  399  723  723.256238618  1.86017551026  0.111731905995
-0.532706915146  398  739  738.564536122  1.48125741583  0.111281290827
-0.532706915146  398  754  754.206342388  1.83221336816  0.137628180489
-0.532706915146  398  770  769.880787132  1.850006976  0.0690473384541
-0.532706915146  398  786  785.701654059  1.76468736549  -0.00321337315466
-0.532706915146  398  802  801.691861724  1.81618773636  -0.00505898797372
-0.532706915146  398  818  817.829429557  1.90152751792  0.00916092111708
-0.532706915146  398  834  834.117969728  1.9201591747  0.0198147392684
-0.532706915146  398  850  850.494947183  1.80582313734  0.0291594963443
-0.532706915146  397  867  866.981643344  1.97348152897  0.0400221820119
-0.532706915146  397  884  883.641652905  1.86698914456  0.0086905094973
-0.532706915146  397  900  900.480937521  1.84129895216  0.0663995275668
-0.532706915146  397  917  917.455135573  1.83842782334  0.117456206006
-0.532706915146  397  935  934.534262859  1.80406200852  0.0514316928035
-0.532706915146  397  952  951.83776584  1.94362556608  0.0685820101579
-0.532706915146  396  969  969.280588592  1.90896268784  0.14619317651
-0.532706915146  396  987  986.803661479  1.94284000335  -0.0147640004199
-0.532706915146  396  1005  1004.60101717  1.8077869082  -0.00681670709556
-0.342194915146  396  12  12.3328534213  1.14808078653  0.22377726202
-0.342194915146  396  22  22.4350117303  1.14552931823  0.1447314662
-0.342194915146  396  33  32.5698676269  1.21023356872  0.0332727742508
-0.342194915146  396  43  42.8513306223  1.40709128006  0.037431518964
-0.342194915146  397  53  53.3746796413  1.44809883428  0.147830022637
-0.342194915146  397  64  63.7372261955  1.41079027217  0.0182195257091
-0.342194915146  397  74  74.3347643784  1.32572198008  0.148939407397
-0.342194915146  397  85  84.8007796965  1.45467850138  0.00370195486869
-0.342194915146  397  95  95.4926978128  1.13076589167  0.153621236376
-0.342194915146  397  106  106.239228439  1.45622558486  0.1362119172
-0.342194915146  397  117  116.97624199  1.52258498627  0.110028525648
-0.342194915146  398  128  127.940848989  1.52377064312  0.142709351881
-0.342194915146  398  139  138.819502607  1.49486745227  -0.0026925949575
-0.342194915146  398  150  149.849507598  1.50809143631  0.0836529333623
-0.342194915146  398  161  160.941845269  1.54846057554  0.0682966338583
-0.342194915146  398  172  172.11498369  1.52772761081  0.0591335408717
-0.342194915146  398  183  183.38150859  1.33992708965  0.16928329322
-0.342194915146  398  195  194.596704651  1.37392188617  -0.0229463465835
-0.342194915146  398  206  206.030709803  1.58286650201  0.0294941845009
-0.342194915146  399  218  217.54116453  1.44160019866  0.047516337942
-0.342194915146  399  229  229.191657458  1.60236967216  0.0686271970528
-0.342194915146  399  241  240.781955678  1.55780887466  0.00378589441374
-0.342194915146  399  253  252.526741774  1.37485475072  0.0854628537361
-0.342194915146  399  264  264.382647157  1.46862197395  0.147487325056
-0.342194915146  399  276  276.277568784  1.52066899309  0.160463695472
-0.342194915146  399  288  288.255541699  1.52195036024  0.173209303961
-0.342194915146  399  300  300.309188331  1.51067225559  0.127680175986
-0.342194915146  399  312  312.433222006  1.3772117298  0.130916327277
-0.342194915146  399  325  324.61824393  1.51124240898  0.00362872812615
-0.342194915146  399  337  336.958923639  1.70279171307  -0.00176386040235
-0.342194915146  399  349  349.46739006  1.58723633601  0.0444946008684
-0.342194915146  400  362  361.984221194  1.73530389477  0.0370709279523
-0.342194915146  400  375  374.559625799  1.56953830842  -0.00688204800077
-0.342194915146  400  387  387.315883964  1.66286411427  0.104907287171
-0.342194915146  400  400  400.081483117  1.72292997976  0.0787596313462
-0.342194915146  400  413  412.944822933  1.75971259391  0.0472471609087
-0.342194915146  400  426  425.9357119  1.72198931762  0.0907841182386
-0.342194915146  400  439  439.018539219  1.7359876951  0.0783641309653
-0.342194915146  400  452  452.243360186  1.62310559492  0.119974154043
-0.342194915146  400  465  465.498488195  1.39310838986  0.112346537761
-0.342194915146  400  479  478.852844085  1.7334008183  0.00990206597447
-0.342194915146  400  492  492.400428212  1.56009205543  0.0806025218529
-0.342194915146  400  506  505.959418175  1.7506357187  0.0288563418145
-0.342194915146  400  520  519.645749834  1.6422263042  -0.0074715986775
-0.342194915146  400  533  533.498768208  1.60689113972  0.0447178860653
-0.342194915146  400  547  547.436156713  1.64782487218  0.0889148207067
-0.342194915146  400  561  561.45406725  1.62773786218  0.104601403343
-0.342194915146  400  576  575.548487162  1.59605509289  0.0577833368905
-0.342194915146  400  590  589.782165609  1.73132195208  0.0441497716491
-0.342194915146  400  604  604.223575604  1.74739692163  0.135901018135
-0.342194915146  400  619  618.607096577  1.65729534885  -0.0148945056503
-0.342194915146  400  633  633.29655145  1.78102486022  0.098456496497
-0.342194915146  400  648  647.958997755  1.87442333745  0.0140887981957
-0.342194915146  400  663  662.754182107  1.85067976575  -0.0267192549302
-0.342194915146  400  678  677.705595806  1.85157529275  0.000209682353144
-0.342194915146  400  693  692.752710385  1.88823649197  -0.0167983348115
-0.342194915146  400  708  707.980004909  1.90932210515  0.0517091946805
-0.342194915146  400  723  723.330638954  1.82560441655  0.136936849279
-0.342194915146  399  739  738.603297127  1.54913701274  0.108818036298
-0.342194915146  399  754  754.270614316  1.7781991118  0.139810816645
-0.342194915146  399  770  769.949474271  1.85201719509  0.0796726506593
-0.342194915146  399  786  785.764201029  1.80521618929  -0.0030885509382
-0.342194915146  399  802  801.76585086  1.82528567598  0.00504651120378
-0.342194915146  399  818  817.901830386  1.91786633317  0.0293969995047
-0.342194915146  399  834  834.185315405  1.90830559433  0.0296566582107
-0.342194915146  399  851  850.542757581  1.82087759341  0.00412357133449
-0.342194915146  398  867  867.050180722  1.99494966093  0.0575181723459
-0.342194915146  398  884  883.68277423  1.88826528659  0.00180014017345
-0.342194915146  398  901  900.515995962  1.83332676222  0.0484931611599
-0.342194915146  398  917  917.499083616  1.80869243259  0.103981709403
-0.342194915146  398  935  934.578417383  1.80886454861  0.0366064276564
-0.342194915146  397  952  951.828403597  1.93828430396  0.0548997525891
-0.342194915146  397  969  969.320463964  1.87232245952  0.136083732539
-0.342194915146  397  987  986.866078023  1.94095804608  0.00372307392848
-0.342194915146  397  1005  1004.64760229  1.82570620083  -0.00172706546847
-0.151682915146  397  12  12.4168446978  1.11625287508  0.203930425748
-0.151682915146  397  23  22.5054194871  1.20308802365  0.0425543075889
-0.151682915146  397  33  32.6714771388  1.29157901467  0.0146867844011
-0.151682915146  397  43  42.9949273391  1.44129290399  0.0793181568423
-0.151682915146  397  53  53.4001931438  1.23066593399  0.105807257116
-0.151682915146  398  64  63.8688207959  1.44604702377  0.0544755926138
-0.151682915146  398  74  74.4227429703  1.20423383417  0.13801582383
-0.151682915146  398  85  84.9398853203  1.49845305519  0.0464154128485
-0.151682915146  398  96  95.5712277676  1.21617180753  0.0698698157616
-0.151682915146  398  106  106.35297564  1.34236600873  0.144483687381
-0.151682915146  398  117  117.118011278  1.49585077836  0.149906308225
-0.151682915146  398  128  127.932610679  1.52409859151  0.109959349523
-0.151682915146  399  139  138.948706562  1.52843440148  0.0318333917313
-0.151682915146  399  150  149.995210028  1.555586431  0.150949172268
-0.151682915146  399  161  161.06292128  1.534708738  0.0986624859345
-0.151682915146  399  172  172.227710867  1.51329406491  0.0655419521035
-0.151682915146  399  183  183.466893933  1.22638630891  0.152482003545
-0.151682915146  399  195  194.699165702  1.47833407762  -0.0156427846415
-0.151682915146  399  206  206.155766718  1.57093914876  0.0524642520231
-0.151682915146  399  218  217.579693262  1.43626067047  0.0276700052086
-0.151682915146  400  229  229.308131278  1.53167723889  0.0957474572078
-0.151682915146  400  241  240.886869804  1.61015517686  0.0101577237368
-0.151682915146  400  253  252.597394  1.43104757511  0.0406769260846
-0.151682915146  400  264  264.461753369  1.3201793203  0.126072224947
-0.151682915146  400  276  276.378679183  1.42168144806  0.180181686452
-0.151682915146  400  288  288.349759994  1.43613343456  0.201918125661
-0.151682915146  400  300  300.4052418  1.4080326164  0.138400647509
-0.151682915146  400  312  312.503955324  1.28659995316  0.111264820757
-0.151682915146  400  325  324.698418328  1.59125024356  -0.00946488040903
-0.151682915146  400  337  337.07057164  1.70884568212  0.0270688041027
-0.151682915146  400  349  349.489166267  1.39160317714  0.0787467354847
-0.151682915146  401  362  362.084736408  1.72722579607  0.0555961860305
-0.151682915146  401  375  374.640133066  1.62862841452  -0.00881528852838
-0.151682915146  401  387  387.38936439  1.62464124876  0.0976623811162
-0.151682915146  401  400  400.182567269  1.73038696883  0.0986391291707
-0.151682915146  401  413  413.042853169  1.74147921755  0.0645406883292
-0.151682915146  401  426  426.031506346  1.74767890393  0.104164775089
-0.151682915146  401  439  439.115365442  1.73605446346  0.100947593062
-0.151682915146  401  452  452.328095463  1.59820340327  0.115846672448
-0.151682915146  401  466  465.547100863  1.44735237717  0.0401747314861
-0.151682915146  401  479  478.932399347  1.74502643957  0.0247841083184
-0.151682915146  401  492  492.46047621  1.52717568664  0.0565591653225
-0.151682915146  401  506  506.052562006  1.75219818508  0.0406207470132
-0.151682915146  401  520  519.713405411  1.69380389449  -0.0172358153974
-0.151682915146  401  534  533.550616792  1.6123490835  0.0100292865157
-0.151682915146  401  547  547.488556804  1.6249807087  0.0729844076927
-0.151682915146  401  561  561.499231745  1.58815373005  0.0730093191913
-0.151682915146  401  576  575.615086738  1.64042744167  0.0385337465981
-0.151682915146  401  590  589.863287832  1.77879260588  0.0577728127447
-0.151682915146  401  604  604.283804172  1.68822923111  0.132956316201
-0.151682915146  401  619  618.682009813  1.73300334026  -0.00818342997423
-0.151682915146  401  633  633.356983665  1.71590235315  0.0938343096337
-0.151682915146  401  648  648.032621833  1.86846768459  0.025617345518
-0.151682915146  401  663  662.825746811  1.87328895363  -0.0215759969714
-0.151682915146  401  678  677.760349853  1.84726987162  -0.00101774746147
-0.151682915146  401  693  692.840061894  1.88941528376  0.00347938203038
-0.151682915146  401  708  708.055538695  1.89348585781  0.0605758370721
-0.151682915146  400  723  723.32317279  1.83070506132  0.118292363932
-0.151682915146  400  739  738.730921791  2.02629120785  0.194566033536
-0.151682915146  400  754  754.343496628  1.7339613377  0.147737741694
-0.151682915146  400  770  770.025245378  1.87819477049  0.0928878248652
-0.151682915146  400  786  785.835581116  1.85531405704  0.0137534685996
-0.151682915146  400  802  801.817884675  1.86031770366  0.00996705907724
-0.151682915146  400  818  817.969358836  1.89453000979  0.0494204287703
-0.151682915146  400  834  834.241085236  1.88867483993  0.0363646093339
-0.151682915146  400  851  850.579378816  1.85684683294  -0.00103615636377
-0.151682915146  399  867  867.11107994  1.97082271295  0.0633799209443
-0.151682915146  399  884  883.749042087  1.91617152619  0.0171999391267
-0.151682915146  399  901  900.566775704  1.85138361476  0.0339736784374
-0.151682915146  399  918  917.544895938  1.84388735051  0.0783673509208
-0.151682915146  399  935  934.623450223  1.85241156027  0.0300040513009
-0.151682915146  398  952  951.880013173  1.93122794674  0.0674462205501
-0.151682915146  398  969  969.374421772  1.81994548676  0.145928765811
-0.151682915146  398  987  986.923366041  1.98426947757  0.00697510180357
-0.151682915146  398  1005  1004.68833299  1.88333580956  -0.00651204532621
0.0388290848539  398  12  12.4927049501  1.13773868865  0.173750584622
0.0388290848539  398  23  22.5844065613  1.20889262225  -0.00096681789508
0.0388290848539  398  33  32.792551624  1.36102807095  0.022830522636
0.0388290848539  398  43  43.1588227456  1.40637997977  0.129884367605
0.0388290848539  398  53  53.4886304691  1.17251400873  0.0815253422873
0.0388290848539  399  64  64.0213552455  1.47376113524  0.103883669422
0.0388290848539  399  74  74.5044975908  1.17687573799  0.102599655996
0.0388290848539  399  85  85.0708107917  1.51475576113  0.0662843394835
0.0388290848539  399  96  95.654261915  1.3821363639  0.0366247026179
0.0388290848539  399  106  106.437444583  1.28121731123  0.122218757333
0.0388290848539  399  117  117.239245431  1.43617436952  0.169167415748
0.0388290848539  399  128  128.066548559  1.52195538377  0.150566461467
0.0388290848539  400  139  139.092054619  1.53733201949  0.0751631012455
0.0388290848539  400  150  150.160919047  1.4721810985  0.302427850494
0.0388290848539  400  161  161.198901827  1.51757125362  0.1379094091
0.0388290848539  400  172  172.343385167  1.39345183653  0.0828191663482
0.0388290848539  400  184  183.525118473  1.24500376868  0.0637871359246
0.0388290848539  400  195  194.80747653  1.54958003631  -0.00577008743244
0.0388290848539  400  206  206.269339025  1.50909711768  0.0663471689952
0.0388290848539  400  218  217.678205901  1.50476825398  0.0204844309361
0.0388290848539  401  229  229.400978777  1.39581019638  0.119649497285
0.0388290848539  401  241  241.010328456  1.62006099006  0.0407512284608
0.0388290848539  401  253  252.695823505  1.52777968688  0.0354759339858
0.0388290848539  401  265  264.520384407  1.28060709652  0.0485203509275
0.0388290848539  401  276  276.447929796  1.34788424681  0.158806194234
0.0388290848539  401  288  288.437340376  1.3520363409  0.19732841076
0.0388290848539  401  300  300.478001739  1.32583067087  0.130136638822
0.0388290848539  401  313  312.567585343  1.36933033495  0.00775014892241
0.0388290848539  401  325  324.804300366  1.63218026788  0.00182755375934
0.0388290848539  401  337  337.176050589  1.67009991438  0.0464638414957
0.0388290848539  401  350  349.552173978  1.48918455673  0.0242126170447
0.0388290848539  401  362  362.083768565  1.7288149992  0.0505687799255
0.0388290848539  402  375  374.719486625  1.68126263302  -0.0196622839641
0.0388290848539  402  387  387.465505283  1.61207954392  0.0842118221352
0.0388290848539  402  400  400.26373003  1.67803973454  0.0988970969691
0.0388290848539  402  413  413.15057875  1.728733887  0.0876822365469
0.0388290848539  402  426  426.135243341  1.68960244736  0.127332720936
0.0388290848539  402  439  439.226684304  1.68860592351  0.124135399331
0.0388290848539  402  452  452.394956331  1.54417714776  0.0981655433257
0.0388290848539  402  466  465.623285187  1.57786770697  0.0229277052177
0.0388290848539  402  479  479.041411737  1.75123153268  0.0396996021035
0.0388290848539  402  493  492.519901649  1.56929613129  0.00456076193795
0.0388290848539  402  506  506.140781468  1.72434502271  0.0490620545502
0.0388290848539  402  520  519.800130967  1.71498460164  -0.00901027501849
0.0388290848539  402  534  533.619641009  1.6409034609  -0.00179062224477
0.0388290848539  402  548  547.559435719  1.66325446503  0.0357519422887
0.0388290848539  402  562  561.574971348  1.67434894181  0.0514164040662
0.0388290848539  402  576  575.700974596  1.68151171749  0.0413291221009
0.0388290848539  402  590  589.961464286  1.76128929147  0.0808891702569
0.0388290848539  402  604  604.365009246  1.63365308701  0.135358636354
0.0388290848539  402  619  618.769659887  1.78096802619  0.000724293188024
0.0388290848539  402  633  633.430316948  1.70053938373  0.07692216129
0.0388290848539  402  648  648.121563651  1.85716033532  0.0343153319223
0.0388290848539  402  663  662.903726298  1.89857406367  -0.00856896343758
0.0388290848539  402  678  677.844797758  1.88139940252  0.00493733581231
0.0388290848539  402  693  692.911539668  1.91726712683  0.0140693084648
0.0388290848539  402  708  708.086454564  1.81176104415  0.06568391103
0.0388290848539  401  723  723.382663273  1.79272439014  0.11580436249
0.0388290848539  401  739  738.711646422  1.87088784006  0.000164364994683
0.0388290848539  401  754  754.390996872  1.67355700898  0.133116393535
0.0388290848539  401  770  770.098189851  1.86207874704  0.112859609386
0.0388290848539  401  786  785.897724698  1.87281281917  0.0124723937199
0.0388290848539  401  802  801.882136448  1.86772296463  0.017777090733
0.0388290848539  401  818  818.034269956  1.90387033507  0.0588225193654
0.0388290848539  401  834  834.30497985  1.84731092095  0.0382606339524
0.0388290848539  400  851  850.578851021  1.83932182343  -0.0163663780594
0.0388290848539  400  867  867.166992249  1.9705242038  0.0673262416145
0.0388290848539  400  884  883.806603236  1.92683884813  0.00621615141767
0.0388290848539  400  901  900.607900633  1.87087625642  0.0207582177656
0.0388290848539  400  918  917.591818311  1.84605859516  0.069506892574
0.0388290848539  400  935  934.667224526  1.8690458629  0.0205228271708
0.0388290848539  399  952  951.938804946  1.96867083425  0.0734324603118
0.0388290848539  399  969  969.424004916  1.78786333291  0.143825000593
0.0388290848539  399  987  986.977034173  1.96914966376  0.0199109216684
0.0388290848539  399  1005  1004.73564189  1.92781639363  -0.0161615585569
0.229341084854  399  13  12.5696453078  1.19328724423  0.0686259188355
0.229341084854  399  23  22.6820525481  1.2776421089  -0.0148798009742
0.229341084854  399  33  32.9461290851  1.42466054392  0.0660612458337
0.229341084854  399  43  43.2930346479  1.33095399061  0.170730051587
0.229341084854  399  54  53.551855028  1.18159494817  -0.0150894810108
0.229341084854  400  64  64.1652161567  1.43309469854  0.127048063348
0.229341084854  400  75  74.5763912611  1.2165984101  0.00236656906433
0.229341084854  400  85  85.2144994665  1.46707397104  0.117533092281
0.229341084854  400  96  95.777540829  1.45214507743  0.0516268123535
0.229341084854  400  107  106.507646329  1.21018517657  0.04724593785
0.229341084854  400  117  117.364866458  1.33014151265  0.202080819321
0.229341084854  400  128  128.212639596  1.44438403086  0.199592294729
0.229341084854  401  139  139.234549529  1.45593682696  0.142337966188
0.229341084854  401  150  150.489601068  0.969694339736  1.43221295557
0.229341084854  401  161  161.321491431  1.41341855299  0.172652667111
0.229341084854  401  172  172.440002361  1.30103645269  0.0665956518824
0.229341084854  401  184  183.601925908  1.37250817989  0.015281501959
0.229341084854  401  195  194.948980104  1.60809948001  0.0364780751336
0.229341084854  401  206  206.369339223  1.45215832018  0.071455516452
0.229341084854  401  218  217.785501764  1.57696461877  0.0225704640642
0.229341084854  401  229  229.39670247  1.44313799599  0.0921279726358
0.229341084854  402  241  241.125720434  1.60630644978  0.0652474305051
0.229341084854  402  253  252.804358278  1.58886984117  0.0401295750606
0.229341084854  402  265  264.588347073  1.38159204314  0.00888136845379
0.229341084854  402  277  276.510553003  1.30843450983  0.071126539421
0.229341084854  402  288  288.502410685  1.25227717722  0.147730187735
0.229341084854  402  301  300.532963275  1.31407723659  0.0208270657881
0.229341084854  402  313  312.648910976  1.50800707939  -0.00071704619792
0.229341084854  402  325  324.912868535  1.68115282977  0.0242653628316
0.229341084854  402  337  337.271075376  1.64276701146  0.0596932665132
0.229341084854  402  350  349.634851131  1.57579544898  -0.00445338542094
0.229341084854  402  362  362.181987421  1.68216572393  0.0632172515244
0.229341084854  402  375  374.719604791  1.68154306164  -0.0194705503968
0.229341084854  403  388  387.53521205  1.65958018664  0.0311010800795
0.229341084854  403  400  400.349730851  1.66002963392  0.0964779474753
0.229341084854  403  413  413.238928297  1.72843737233  0.0910571733805
0.229341084854  403  426  426.234394352  1.67848198723  0.144657648467
0.229341084854  403  439  439.299495727  1.68272856952  0.109838154019
0.229341084854  403  452  452.456481896  1.55606989161  0.0727605450503
0.229341084854  403  466  465.702809146  1.64988844809  0.0184865650095
0.229341084854  403  479  479.143794515  1.73621176783  0.0686873084402
0.229341084854  403  493  492.587495475  1.62359515006  -0.0144182008301
0.229341084854  403  506  506.225983293  1.71251974573  0.0545255369282
0.229341084854  403  520  519.874241447  1.75465727095  -0.000948105241784
0.229341084854  403  534  533.68929421  1.6882315497  -0.00908750677764
0.229341084854  403  548  547.617126887  1.69600300469  0.018649947685
0.229341084854  403  562  561.647893249  1.71829449357  0.0374207432648
0.229341084854  403  576  575.774351482  1.73364086785  0.0357915896151
0.229341084854  403  590  590.058754711  1.78230036342  0.0961439856842
0.229341084854  403  604  604.426759631  1.63838412939  0.118097052569
0.229341084854  403  619  618.853635196  1.80865787246  0.0177091602131
0.229341084854  403  633  633.476670571  1.69980096763  0.0499426391724
0.229341084854  403  648  648.196328402  1.8390192988  0.0368160756762
0.229341084854  403  663  662.993732837  1.8955002156  0.00725469247583
0.229341084854  403  678  677.921715804  1.87354871474  0.0138603629644
0.229341084854  403  693  692.983094863  1.91853943156  0.0184467993154
0.229341084854  402  708  708.136486262  1.87881218002  0.0739651525224
0.229341084854  402  723  723.441099316  1.7683587361  0.106442736523
0.229341084854  402  739  738.843422096  1.79477755198  0.0458438555803
0.229341084854  402  754  754.442528803  1.63192008396  0.113122187214
0.229341084854  402  770  770.166011204  1.84230074963  0.11800957323
0.229341084854  402  786  785.978918008  1.90237859054  0.027689467602
0.229341084854  402  802  801.954857344  1.89074590404  0.0291422251929
0.229341084854  402  818  818.116637257  1.89093650101  0.0694879029451
0.229341084854  402  834  834.353917195  1.83843519306  0.0269266699
0.229341084854  401  851  850.644918049  1.85671680164  -0.00931748304145
0.229341084854  401  867  867.226735218  1.93203906197  0.0841115829084
0.229341084854  401  884  883.875707732  1.96440120591  0.0207232302353
0.229341084854  401  901  900.66120664  1.90324235238  0.014861819441
0.229341084854  401  918  917.626489084  1.87655559529  0.058610060785
0.229341084854  401  935  934.725408295  1.90602673623  0.0140079214864
0.229341084854  400  952  952.00263648  1.96664662807  0.087104149191
0.229341084854  400  969  969.454652012  1.75955130105  0.121569666832
0.229341084854  400  987  987.046649581  1.99062960177  0.0359500544357
0.229341084854  400  1005  1004.78776312  1.92131384127  -0.00228791937306
0.419853084854  400  13  12.6638249922  1.26431953714  0.0306857233868
0.419853084854  400  23  22.8018853479  1.35177752492  -0.00710621709846
0.419853084854  400  33  33.1040240845  1.42233297239  0.0975289402698
0.419853084854  400  43  43.4100127899  1.21381606667  0.16297998253
0.419853084854  400  54  53.6451134397  1.24981511788  -0.0416268960625
0.419853084854  400  64  64.1617330506  1.41409276325  0.112078571215
0.419853084854  401  75  74.6707034281  1.32194295203  -0.0164065952908
0.419853084854  401  85  85.335386114  1.37018006289  0.132379042416
0.419853084854  401  96  95.9176106075  1.52994636047  0.0843681679369
0.419853084854  401  107  106.58387765  1.24521167046  -0.00461537394191
0.419853084854  401  117  117.449654505  1.20445300446  0.180881434612
0.419853084854  401  128  128.338726762  1.35632961452  0.227570695229
0.419853084854  401  139  139.220724258  1.48566504237  0.0997785619897
0.419853084854  402  150  150.323289528  1.28405512164  0.197329511092
0.419853084854  402  161  161.415575075  1.33300531371  0.149107750574
0.419853084854  402  173  172.50464405  1.22449650991  -0.0176172531671
0.419853084854  402  184  183.71262935  1.48003758203  0.000437306500071
0.419853084854  402  195  195.071810104  1.59070661748  0.052687022126
0.419853084854  402  206  206.464984183  1.30926212227  0.0557755912036
0.419853084854  402  218  217.917863138  1.58823430382  0.0547911012095
0.419853084854  402  229  229.490046361  1.32858760947  0.0764137062874
0.419853084854  403  241  241.251172366  1.56376350717  0.0988804100721
0.419853084854  403  253  252.919970752  1.61465945482  0.0627032650956
0.419853084854  403  265  264.69454403  1.51388839412  0.00456444359305
0.419853084854  403  277  276.579811007  1.3678299155  0.0302314434641
0.419853084854  403  289  288.563609876  1.36914817657  0.0356531159704
0.419853084854  403  301  300.606207041  1.43153419091  -0.00224495209472
0.419853084854  403  313  312.763946049  1.59274123773  0.010490582296
0.419853084854  403  325  325.02258012  1.70207122185  0.0372697307364
0.419853084854  403  337  337.388253673  1.59877610737  0.0703416233365
0.419853084854  403  350  349.71914626  1.6706441378  -0.0107415447507
0.419853084854  403  362  362.271633893  1.66617549836  0.0634884716356
0.419853084854  403  375  374.830100315  1.70674211417  -0.00184571486848
0.419853084854  404  388  387.617323626  1.69184081929  0.0427213243395
0.419853084854  404  400  400.448520333  1.57042039704  0.0960300085873
0.419853084854  404  413  413.344302889  1.66533414414  0.113078869242
0.419853084854  404  426  426.328064578  1.61370148219  0.148547613293
0.419853084854  404  439  439.402247487  1.58534759463  0.135849149796
0.419853084854  404  453  452.519010783  1.42934576196  0.0252201640026
0.419853084854  404  466  465.793544568  1.6916993255  0.0314915391172
0.419853084854  404  479  479.233887148  1.694868553  0.0796661522059
0.419853084854  404  493  492.65123169  1.62572323948  -0.0437785869751
0.419853084854  404  506  506.327245712  1.64925182288  0.0802300348245
0.419853084854  404  520  519.995792321  1.76582229448  0.0318357947219
0.419853084854  404  534  533.77749199  1.73830024564  -0.01235418384
0.419853084854  404  548  547.702676541  1.71508277406  0.018054424826
0.419853084854  404  562  561.730611321  1.71616064159  0.0348220400716
0.419853084854  404  576  575.843869039  1.75273805195  0.0315448458851
0.419853084854  404  590  590.146353573  1.74620837437  0.115339727263
0.419853084854  404  604  604.484054328  1.48970861424  0.100438498545
0.419853084854  404  619  618.94086751  1.82948407837  0.0172770822136
0.419853084854  404  634  633.533273668  1.65407014581  0.0152414124767
0.419853084854  404  648  648.276427165  1.7817277887  0.0562887538971
0.419853084854  404  663  663.072065152  1.90996413974  0.0130423128447
0.419853084854  404  678  678.002919033  1.91030453974  0.0254926249351
0.419853084854  403  693  692.992500857  1.91785185485  0.0288016368958
0.419853084854  403  708  708.196393172  1.86957275164  0.0728054012587
0.419853084854  403  723  723.494242496  1.77643291897  0.0805235240924
0.419853084854  403  739  738.956652679  1.97063341299  0.0545450625895
0.419853084854  403  754  754.488821313  1.67112784538  0.0813395343168
0.419853084854  403  770  770.233459652  1.80289767865  0.124717694191
0.419853084854  403  786  786.050713579  1.88755399461  0.0350678126051
0.419853084854  403  802  802.04342898  1.88870886295  0.0455935351794
0.419853084854  403  818  818.173590131  1.87110189501  0.0667965922025
0.419853084854  403  834  834.410296852  1.82543618542  0.00677735858411
0.419853084854  402  851  850.700257752  1.88486746754  -0.00778760031568
0.419853084854  402  867  867.30183  1.91957735615  0.0879872385739
0.419853084854  402  884  883.919993529  1.9745593055  0.0129927295236
0.419853084854  402  901  900.710351897  1.92546577694  0.0160008173021
0.419853084854  402  918  917.682536551  1.90684179682  0.0549468965127
0.419853084854  401  935  934.748602265  1.89137347658  0.0272843080663
0.419853084854  401  952  952.069539055  1.94884093482  0.0993783956375
0.419853084854  401  969  969.488841713  1.7323175294  0.0982046920107
0.419853084854  401  987  987.111008921  1.95541535293  0.0536232090611
0.419853084854  401  1005  1004.844873  1.93136072844  -0.000257374730871
0.610365084854  401  13  12.7999153471  1.36120910568  0.0526893303
0.610365084854  401  23  22.9620850133  1.43556318403  0.0359990336365
0.610365084854  401  33  33.2437810147  1.34976806054  0.146864160582
0.610365084854  401  43  43.4836603901  1.16453192685  0.133219767605
0.610365084854  401  54  53.7517875217  1.36060376948  -0.0448842066327
0.610365084854  401  64  64.2966452386  1.34097697007  0.167024357326
0.610365084854  402  75  74.789673267  1.43432304516  -0.0265486502039
0.610365084854  402  85  85.4408910686  1.24758189995  0.123346439286
0.610365084854  402  96  96.0593138372  1.51315536632  0.117275616904
0.610365084854  402  107  106.695748181  1.42234674676  -0.0152243111893
0.610365084854  402  118  117.518079589  1.22118054731  0.0818951110857
0.610365084854  402  128  128.428141829  1.19967559319  0.214157573882
0.610365084854  402  139  139.338736428  1.41250509887  0.117641591889
0.610365084854  403  150  150.469171946  1.28207000681  0.205102180002
0.610365084854  403  161  161.48125131  1.23596757959  0.103714598382
0.610365084854  403  173  172.574394288  1.27538389134  -0.0621655011728
0.610365084854  403  184  183.836036523  1.55425608031  0.0374252871048
0.610365084854  403  195  195.193384459  1.56078368842  0.0752968790851
0.610365084854  403  207  206.530420297  1.29022689313  -0.0376989184894
0.610365084854  403  218  218.041759933  1.60466100695  0.0762940717379
0.610365084854  403  230  229.556212654  1.41862097005  0.00046892915966
0.610365084854  403  241  241.231707274  1.59563540535  0.00103737915929
0.610365084854  404  253  253.046384587  1.63861369031  0.0855363320414
0.610365084854  404  265  264.782456279  1.56954707437  -0.006540779438
0.610365084854  404  277  276.665036709  1.4859218696  -0.00341223547491
0.610365084854  404  289  288.645979455  1.49915053531  0.0054666302871
0.610365084854  404  301  300.689384724  1.52201891486  -0.0269805853193
0.610365084854  404  313  312.866186773  1.65450758936  0.00183125368566
0.610365084854  404  325  325.148180442  1.67664315712  0.0719857223454
0.610365084854  404  337  337.466344636  1.46112871302  0.0614899359998
0.610365084854  404  350  349.821262763  1.68246701805  -1.98217001717e-05
0.610365084854  404  362  362.372857601  1.57810155987  0.0707316048918
0.610365084854  404  375  374.932096628  1.75049466359  0.00346104239594
0.610365084854  404  388  387.609023866  1.63988203604  0.0148008937734
0.610365084854  405  401  400.509074743  1.5375433702  0.0574775825829
0.610365084854  405  413  413.415271482  1.64301581437  0.094859970459
0.610365084854  405  426  426.397122932  1.59389569443  0.134794952868
0.610365084854  405  439  439.462325285  1.53746349324  0.106232921819
0.610365084854  405  453  452.584722988  1.56227936669  -0.000382426495423
0.610365084854  405  466  465.892767402  1.73201910077  0.0425997357572
0.610365084854  405  479  479.32379312  1.66117582549  0.0835703526004
0.610365084854  405  493  492.737826183  1.67451332429  -0.0399616551495
0.610365084854  405  506  506.39218197  1.60086607878  0.0682410873676
0.610365084854  405  520  520.089403509  1.76963190326  0.0443319591311
0.610365084854  405  534  533.859699328  1.76642260451  -0.00627456010223
0.610365084854  405  548  547.773234169  1.76132238197  0.00676677589738
0.610365084854  405  562  561.793942544  1.7643919761  0.0247072533961
0.610365084854  405  576  575.948128566  1.78580683447  0.0472093624334
0.610365084854  405  590  590.233193663  1.72745329471  0.130714308222
0.610365084854  405  605  604.5368167  1.57063147946  0.0362929414858
0.610365084854  405  619  619.038012915  1.83970047993  0.0354313140101
0.610365084854  405  634  633.600058155  1.69815789  -0.00141040497194
0.610365084854  405  648  648.345030552  1.76638722901  0.0378187604688
0.610365084854  405  663  663.148865031  1.87833354888  0.0291132352214
0.610365084854  404  678  677.991898001  1.90937874418  -0.0106036639403
0.610365084854  404  693  693.065084609  1.93272908093  0.0245737519155
0.610365084854  404  708  708.271959425  1.84123687228  0.0766128940093
0.610365084854  404  724  723.547328634  1.75951661057  0.0495281215867
0.610365084854  404  739  738.949338743  1.93360255887  -0.0685432160836
0.610365084854  404  755  754.534886564  1.69000793597  0.051469071396
0.610365084854  404  770  770.308650236  1.75814010511  0.132684245938
0.610365084854  404  786  786.128294333  1.88116419278  0.0516864587942
0.610365084854  404  802  802.113440397  1.87331704151  0.0532465932991
0.610365084854  404  818  818.24545175  1.8567258765  0.0720606488642
0.610365084854  403  834  834.411076029  1.80227440199  0.0278421978471
0.610365084854  403  851  850.754682959  1.89367600418  -0.00789757870848
0.610365084854  403  867  867.346307521  1.90548537065  0.0817077435482
0.610365084854  403  884  883.981502005  1.95285016279  0.019386658988
0.610365084854  403  901  900.776362762  1.92980440851  0.0259380557996
0.610365084854  403  918  917.738311981  1.91534073866  0.0593643262381
0.610365084854  402  935  934.787359432  1.93571284336  0.0244167614375
0.610365084854  402  952  952.121754978  1.92224237847  0.102267867978
0.610365084854  402  970  969.536058158  1.75019195269  0.0769732825992
0.610365084854  402  987  987.174131592  1.96597381284  0.0645140226645
0.610365084854  402  1005  1004.90312557  1.96184712355  0.00401316896564
0.800877084854  402  13  12.9461048229  1.42894043774  0.0848025928026
0.800877084854  402  23  23.1258570145  1.4294037646  0.0922323444333
0.800877084854  402  33  33.3712408014  1.21134146694  0.160074802322
0.800877084854  402  44  43.5577836338  1.21141842276  0.0321289609202
0.800877084854  402  54  53.907129453  1.42550010272  0.000307178327756
0.800877084854  402  64  64.4011275077  1.20666560722  0.171317986673
0.800877084854  403  75  74.937407112  1.49342890608  0.0247147215313
0.800877084854  403  86  85.5037479592  1.20080735992  0.0222461183679
0.800877084854  403  96  96.197146922  1.47546406508  0.154328702914
0.800877084854  403  107  106.83382315  1.51641275542  0.0140524923642
0.800877084854  403  118  117.595044191  1.30895005945  0.0173921454964
0.800877084854  403  128  128.501177195  1.14633527906  0.170761564705
0.800877084854  403  139  139.435668613  1.3313905734  0.0929253822817
0.800877084854  404  151  150.511402889  1.36162560429  0.0905453247796
0.800877084854  404  162  161.557480619  1.28141184971  0.0166135109021
0.800877084854  404  173  172.669923558  1.42373187034  -0.0745724721769
0.800877084854  404  184  183.958474001  1.60535536226  0.0620888949771
0.800877084854  404  195  195.312258944  1.47972344312  0.0855124259288
0.800877084854  404  207  206.610634914  1.41362055012  -0.0744604020358
0.800877084854  404  218  218.170760889  1.55247899098  0.11372626814
0.800877084854  404  230  229.633452789  1.49917551884  -0.0310868625771
0.800877084854  404  241  241.354847423  1.50865516282  0.105543679325
0.800877084854  405  253  253.165290783  1.59788620842  0.119260403566
0.800877084854  405  265  264.916731809  1.62398196589  0.0296418602139
0.800877084854  405  277  276.744823384  1.53961858408  -0.114679051397
0.800877084854  405  289  288.73949008  1.58130780804  0.0169447270266
0.800877084854  405  301  300.796227429  1.59736759646  -0.0135354099016
0.800877084854  405  313  312.978157323  1.67158571413  0.0355926133494
0.800877084854  405  325  325.250738129  1.62267746784  0.0822789495407
0.800877084854  405  338  337.518935006  1.43878065929  -0.0306935756763
0.800877084854  405  350  349.927578552  1.73455915731  0.0124225730175
0.800877084854  405  362  362.451786292  1.56951364525  0.0616245958087
0.800877084854  405  375  375.033097075  1.75245577313  0.0127900046226
0.800877084854  405  388  387.697854973  1.69791845792  0.00429377824045
0.800877084854  405  401  400.510343996  1.60986504112  0.0394673065407
0.800877084854  406  413  413.494522172  1.64959297923  0.0707932381532
0.800877084854  406  426  426.467777732  1.55128211239  0.09025773493
0.800877084854  406  440  439.530473353  1.57607012616  0.056044410923
0.800877084854  406  453  452.669094953  1.62772620025  -0.00977708839
0.800877084854  406  466  466.001990997  1.72443564398  0.0653692937689
0.800877084854  406  479  479.399190485  1.62142315188  0.0783794421108
0.800877084854  406  493  492.823845811  1.73101205149  -0.0323425752804
0.800877084854  406  506  506.466080052  1.59938487097  0.0411015626527
0.800877084854  406  520  520.16838061  1.72390255041  0.0400977239807
0.800877084854  406  534  533.955442837  1.77207894619  0.00188703604278
0.800877084854  406  548  547.865021552  1.7640832228  0.0231925235727
0.800877084854  406  562  561.895695335  1.77979551453  0.0486175274198
0.800877084854  406  576  576.031477011  1.78732555734  0.0576222166029
0.800877084854  406  590  590.31251111  1.67071086031  0.127017419293
0.800877084854  406  605  604.61292113  1.68194500253  0.0170742984941
0.800877084854  406  619  619.118667735  1.83756139763  0.0490118570086
0.800877084854  406  634  633.667205961  1.77778350184  -0.0189698061923
0.800877084854  406  648  648.407787928  1.73321988435  0.0256408184917
0.800877084854  406  663  663.173077752  1.82698022132  0.0211456523055
0.800877084854  405  678  678.089742545  1.88626023227  0.0315844887637
0.800877084854  405  693  693.149140214  1.89754928677  0.0305202324081
0.800877084854  405  708  708.337519363  1.80013277947  0.0772560702997
0.800877084854  405  724  723.589832605  1.80098444047  0.0274727157115
0.800877084854  405  739  739.033550601  1.9040968539  -0.0182047307961
0.800877084854  405  755  754.588662429  1.74579433671  0.0227598746709
0.800877084854  405  770  770.368615545  1.72153813571  0.128368107513
0.800877084854  405  786  786.188361901  1.86307270763  0.044875435449
0.800877084854  405  802  802.168646445  1.86465849436  0.0459998987878
0.800877084854  405  818  818.299427727  1.83488569172  0.0676940727037
0.800877084854  404  834  834.464786755  1.80909583148  0.00840789782726
0.800877084854  404  851  850.813983788  1.93837295755  -0.0203261424852
0.800877084854  404  867  867.395510179  1.87186927727  0.075804336528
0.800877084854  404  884  884.048538636  1.96128167538  0.0302422710836
0.800877084854  404  901  900.827143783  1.95436117592  0.0152821002288
0.800877084854  404  918  917.790399765  1.92140477416  0.0482859909146
0.800877084854  403  935  934.85152891  1.96169028319  0.0283121937335
0.800877084854  403  952  952.175006288  1.9183389734  0.0943462259399
0.800877084854  403  970  969.585538151  1.82429585046  0.066327786889
0.800877084854  403  987  987.2192367  1.97127015653  0.0616493316529
0.800877084854  402  1005  1004.91741411  1.92420921483  -0.0162920113137
0.991389084854  403  13  13.1108146083  1.42168219167  0.143990116239
0.991389084854  403  23  23.2689663153  1.33369234372  0.131734968271
0.991389084854  403  33  33.4525557099  1.14008340864  0.120201973617
0.991389084854  403  44  43.650905956  1.28222177554  0.0130650523899
0.991389084854  403  54  54.0460299728  1.46008620001  0.0366237560331
0.991389084854  403  64  64.483142921  1.126281916  0.132410640673
0.991389084854  403  75  75.0020796793  1.62768478719  -0.000152310272595
0.991389084854  404  86  85.587423456  1.23684246368  -0.0239866293065
0.991389084854  404  96  96.3289519331  1.3294503737  0.187733562013
0.991389084854  404  107  106.957926739  1.53967007374  0.0406106160808
0.991389084854  404  118  117.705424382  1.41218635101  0.0164585987209
0.991389084854  404  129  128.567315415  1.24666745399  0.0731514585146
0.991389084854  404  140  139.511842096  1.23994520654  0.0194271670228
0.991389084854  404  151  150.490785086  1.24289004933  -0.167089360718
0.991389084854  405  162  161.64816056  1.40694280533  0.00240366016824
0.991389084854  405  173  172.798068169  1.5081456791  -0.0424114482439
0.991389084854  405  184  184.090972434  1.58161682536  0.0871855542585
0.991389084854  405  195  195.406960784  1.39607302543  0.0872486805024
0.991389084854  405  207  206.676704439  1.37577447757  -0.185929560098
0.991389084854  405  218  218.27263012  1.52560481353  0.120837284041
0.991389084854  405  230  229.806389465  1.54248769505  0.024907006335
0.991389084854  405  241  241.438214457  1.45147592067  0.0852213455361
0.991389084854  405  253  253.155678783  1.60158608593  0.0834584023645
0.991389084854  406  265  265.047256986  1.64375814119  0.0494236703153
0.991389084854  406  277  276.818244593  1.59010662506  -0.175495108465
0.991389084854  406  289  288.863172107  1.62660814355  0.0411278000857
0.991389084854  406  301  300.92666468  1.66013423125  0.0171281214018
0.991389084854  406  313  313.100531445  1.67110831843  0.0614398294498
0.991389084854  406  325  325.345414977  1.55782626005  0.0885192554819
0.991389084854  406  338  337.607610736  1.52553586056  -0.0298535931578
0.991389084854  406  350  350.03635461  1.70969841557  0.0269168207389
0.991389084854  406  363  362.520775176  1.56924992951  0.00229805829552
0.991389084854  406  375  375.13568021  1.74767905317  0.0287296598062
0.991389084854  406  388  387.798469765  1.71692253709  0.0167419195234
0.991389084854  406  401  400.579624394  1.64465830514  0.0127438375414
0.991389084854  406  413  413.488203452  1.64822766911  0.0649180813918
0.991389084854  407  427  426.54170779  1.73362581192  0.124344748537
0.991389084854  407  440  439.598135171  1.70206713543  0.0430253168954
0.991389084854  407  453  452.763354528  1.6915246845  0.000891430363675
0.991389084854  407  466  466.095392378  1.74114750859  0.0694301946866
0.991389084854  407  479  479.459850612  1.61164969935  0.0434638780713
0.991389084854  407  493  492.924111098  1.73621124502  -0.0242882709611
0.991389084854  407  507  506.533772614  1.65881617577  0.0113711245882
0.991389084854  407  520  520.243123099  1.75347289982  0.0371954727769
0.991389084854  407  534  534.035434409  1.76687446841  0.00563408380817
0.991389084854  407  548  547.955064627  1.78436734378  0.0314420307767
0.991389084854  407  562  561.973547407  1.79363192772  0.0429094263366
0.991389084854  407  576  576.122794821  1.77983284147  0.0754361360589
0.991389084854  407  590  590.374926804  1.65159015679  0.109222583384
0.991389084854  407  605  604.689399689  1.75579925959  0.0229531573865
0.991389084854  407  619  619.194550379  1.80108149585  0.0580729548805
0.991389084854  407  634  633.739262698  1.79744650287  -0.0182209318198
0.991389084854  407  648  648.464462009  1.71006533484  0.00920880157527
0.991389084854  406  663  663.220851472  1.88565931766  0.0184271043789
0.991389084854  406  678  678.168721545  1.87478976462  0.048456846685
0.991389084854  406  693  693.228291361  1.90754793198  0.0398682737326
0.991389084854  406  708  708.390889818  1.79883123359  0.0502349958637
0.991389084854  406  724  723.656275713  1.83222553033  0.0275896701408
0.991389084854  406  739  739.111191366  1.90725715878  0.026242555822
0.991389084854  406  755  754.658077013  1.81527218309  0.0154935145213
0.991389084854  406  770  770.418794961  1.679741592  0.110149390296
0.991389084854  406  786  786.262407954  1.82704912697  0.0538798959737
0.991389084854  406  802  802.243398637  1.84036148569  0.0554919462787
0.991389084854  406  818  818.363167645  1.80363995591  0.0647984977578
0.991389084854  405  835  834.508260689  1.78158171745  -0.0241287607966
0.991389084854  405  851  850.883073876  1.94778368588  -0.00598391986716
0.991389084854  405  867  867.447510928  1.83012336038  0.0590689943869
0.991389084854  405  884  884.112247808  1.95459745182  0.0338413516444
0.991389084854  405  901  900.886035388  1.96688416945  0.0243742148843
0.991389084854  405  918  917.86731019  1.94354759818  0.0647031634352
0.991389084854  404  935  934.913772998  1.98477304177  0.0328426795828
0.991389084854  404  952  952.233247276  1.89420370771  0.112639191011
0.991389084854  404  970  969.630256424  1.82800181271  0.0486521803578
0.991389084854  404  987  987.279224845  1.93855544677  0.0595772777407
0.991389084854  403  1005  1004.94973591  1.96394943029  0.0147671435911
1.18190108485  404  13  13.1805769491  1.54293102798  0.146719246224
1.18190108485  404  23  23.3880537169  1.21131447044  0.129580755199
1.18190108485  404  34  33.5319430062  1.19585313946  0.029083092655
1.18190108485  404  44  43.775889194  1.37445394244  0.0220780610647
1.18190108485  404  54  54.2200983315  1.37075458692  0.0888940232255
1.18190108485  404  65  64.5579690952  1.21649303095  0.0203206622517
1.18190108485  404  75  75.0805623584  1.4963465415  0.0585292101589
1.18190108485  405  86  85.6912495058  1.37022229804  -0.0370946419691
1.18190108485  405  96  96.4339779111  1.22383314295  0.207890194635
1.18190108485  405  107  107.097771169  1.53303258609  0.0734828156045
1.18190108485  405  118  117.834409817  1.5122730359  0.0413685415623
1.18190108485  405  129  128.65534827  1.3753246811  0.0435162563516
1.18190108485  405  140  139.576688251  1.27268745797  -0.0362121033355
1.18190108485  405  151  150.582971978  1.28805501152  0.00994385766775
1.18190108485  406  162  161.767745808  1.5124931644  0.0334688774862
1.18190108485  406  173  172.923102869  1.5584299779  -0.0296972038503
1.18190108485  406  184  184.223884191  1.48108684002  0.127089668522
1.18190108485  406  195  195.493237047  1.28817811085  0.0736727559331
1.18190108485  406  207  206.826460892  1.5618325376  -0.0634658178976
1.18190108485  406  218  218.384391731  1.37691294321  0.141307171101
1.18190108485  406  230  229.862327881  1.5922662488  0.00483176840781
1.18190108485  406  242  241.51202808  1.4381900386  0.027267522546
1.18190108485  406  253  253.280390787  1.55528489247  0.131979258306
1.18190108485  407  265  265.15861403  1.63479609003  0.0723308642307
1.18190108485  407  277  277.010083007  1.63805418806  0.0470160504813
1.18190108485  407  289  288.99500272  1.64061698794  0.0780595683315
1.18190108485  407  301  301.054021023  1.65308529463  0.0408089437364
1.18190108485  407  313  313.213492998  1.62623930406  0.0852805284757
1.18190108485  407  325  325.423645187  1.51982890851  0.067486471866
1.18190108485  407  338  337.684595251  1.62367872225  -0.0393580389669
1.18190108485  407  350  350.148657671  1.71571143014  0.0420560412316
1.18190108485  407  363  362.600609214  1.64161300207  -0.008411841265
1.18190108485  407  375  375.236296348  1.72362524074  0.0337832203178
1.18190108485  407  388  387.892495427  1.7699859203  0.0241438930318
1.18190108485  407  401  400.665614333  1.70515657215  0.0124043035052
1.18190108485  407  414  413.567645194  1.70497717109  0.0367927853861
1.18190108485  407  427  426.536000525  1.66543950756  0.0530866151754
1.18190108485  407  440  439.58887332  1.66357688227  0.0269925165047
1.18190108485  408  453  452.86206367  1.73528685458  0.00800949190086
1.18190108485  408  466  466.197191961  1.67320859019  0.0982674118502
1.18190108485  408  480  479.541067694  1.56089455262  0.0256072517272
1.18190108485  408  493  493.024432281  1.77700719394  -0.00918457519121
1.18190108485  408  507  506.600778902  1.63353584269  -0.0281301438595
1.18190108485  408  520  520.350437509  1.6615717302  0.0574578074611
1.18190108485  408  534  534.140795219  1.76119234282  0.0280340346925
1.18190108485  408  548  548.060195077  1.76603598334  0.0446532876707
1.18190108485  408  562  562.084326686  1.77961443142  0.0704769759748
1.18190108485  408  576  576.210297808  1.72366937161  0.0874194017055
1.18190108485  408  590  590.451417751  1.55076829699  0.12441370382
1.18190108485  408  605  604.766074446  1.78501625466  0.00998316144528
1.18190108485  408  619  619.307257024  1.77004760044  0.0837341856586
1.18190108485  407  634  633.738847246  1.7888962309  -0.0168629268477
1.18190108485  407  648  648.458593121  1.78345032452  -0.00812167973062
1.18190108485  407  663  663.293062651  1.84127046312  0.0203224119568
1.18190108485  407  678  678.224100512  1.86697331963  0.0293443389214
1.18190108485  407  693  693.292093483  1.89487330877  0.0315453548285
1.18190108485  407  708  708.455377531  1.82876145758  0.0375967083196
1.18190108485  407  724  723.74524977  1.87140250358  0.0348547483401
1.18190108485  407  739  739.203189028  1.87323039708  0.0451058381796
1.18190108485  407  755  754.724035578  1.84073303719  0.0201646532717
1.18190108485  407  770  770.470661718  1.70822964623  0.0728585562973
1.18190108485  407  786  786.323372644  1.80336559949  0.0412305331073
1.18190108485  407  802  802.291782906  1.8190782837  0.0324853681865
1.18190108485  406  818  818.353964193  1.82531213097  0.048318778906
1.18190108485  406  835  834.552732626  1.79321226228  -0.0416138368878
1.18190108485  406  851  850.950830497  1.98185611652  -0.00467099513152
1.18190108485  406  868  867.50880027  1.84395962704  0.0409930534875
1.18190108485  406  884  884.185763579  1.95068059662  0.0398532896338
1.18190108485  406  901  900.975396958  1.98460279829  0.0379154547762
1.18190108485  405  918  917.881371255  1.90923448472  0.0566421322729
1.18190108485  405  935  934.974452571  1.98724239175  0.0309363674414
1.18190108485  405  952  952.287445675  1.8720276039  0.0990571546967
1.18190108485  405  970  969.682588175  1.86144650541  0.039098630703
1.18190108485  405  987  987.339705324  1.90467271574  0.0737513844855
1.18190108485  404  1005  1005.00945256  1.98999353387  0.0209927856372
1.37241308485  404  13  13.2740130149  1.27128364518  0.279677248815
1.37241308485  405  23  23.4591939991  1.19819950412  0.111502558694
1.37241308485  405  34  33.6059419768  1.20685230656  0.0113921202533
1.37241308485  405  44  43.8994378406  1.44853529814  0.0493345445125
1.37241308485  405  54  54.3334511696  1.2820964888  0.0999423173072
1.37241308485  405  65  64.6447947831  1.31380959232  -0.00184637890327
1.37241308485  405  75  75.2156557994  1.44900909305  0.0950018871009
1.37241308485  406  86  85.8023800261  1.42064786755  0.0331390068887
1.37241308485  406  96  96.4840381307  1.12118822362  0.154255807024
1.37241308485  406  107  107.216026827  1.50707120441  0.098757114976
1.37241308485  406  118  117.955993222  1.51731828733  0.0703615636484
1.37241308485  406  129  128.780104745  1.49614701652  0.063506745658
1.37241308485  406  140  139.687753514  1.36434140698  -0.0301061740323
1.37241308485  406  151  150.691730409  1.45576603181  0.0155873399849
1.37241308485  406  162  161.79876187  1.5806674938  0.0958544183596
1.37241308485  407  173  173.034721307  1.57444615027  -0.0254715932304
1.37241308485  407  184  184.329973454  1.4040063977  0.140410259242
1.37241308485  407  196  195.55691384  1.36901777579  -0.0172965912798
1.37241308485  407  207  206.953000693  1.58253079536  -0.028247069236
1.37241308485  407  218  218.468549074  1.30850969299  0.112910285121
1.37241308485  407  230  229.994413504  1.62722822203  0.0386971279819
1.37241308485  407  242  241.605665289  1.5420664229  0.00165797981233
1.37241308485  407  253  253.37814317  1.48452065179  0.133986256634
1.37241308485  407  265  265.150417517  1.63829339993  0.0641684475746
1.37241308485  408  277  277.136647538  1.63036410407  0.0929427841472
1.37241308485  408  289  289.124133094  1.632623761  0.118001596728
1.37241308485  408  301  301.179134324  1.6358793919  0.0809336344485
1.37241308485  408  313  313.316895513  1.56227596488  0.097345422
1.37241308485  408  326  325.508802371  1.34669508401  0.0236043890713
1.37241308485  408  338  337.783338848  1.63649163606  -0.0472857190313
1.37241308485  408  350  350.274403662  1.62160400144  0.0727397442986
1.37241308485  408  363  362.694664323  1.67610219506  -0.0235259352527
1.37241308485  408  375  375.340273486  1.68418543326  0.0380445943611
1.37241308485  408  388  388.01251998  1.73889779587  0.0386491910751
1.37241308485  408  401  400.757940271  1.72122735781  0.00636862055515
1.37241308485  408  414  413.648122904  1.67562364855  0.0135788064367
1.37241308485  408  427  426.600733928  1.67094177621  0.0248391432194
1.37241308485  408  440  439.686896124  1.67837168725  0.0247873472218
1.37241308485  408  453  452.86206367  1.73528685458  0.00800949190086
1.37241308485  409  466  466.301054297  1.59272973274  0.162302058436
1.37241308485  409  480  479.612987537  1.62358406991  0.0131520160262
1.37241308485  409  493  493.136638903  1.75072885814  0.0274822011764
1.37241308485  409  507  506.687267312  1.6630545475  -0.0138815284474
1.37241308485  409  520  520.422221097  1.59186116286  0.0422944157242
1.37241308485  409  534  534.231287821  1.71687920869  0.03673012812
1.37241308485  409  548  548.152084858  1.75806664433  0.0695649047678
1.37241308485  409  562  562.160115018  1.76265651348  0.0755458244851
1.37241308485  409  576  576.295016325  1.70123532359  0.0894343709892
1.37241308485  409  590  590.510492985  1.68621416549  0.101329629844
1.37241308485  409  605  604.839319759  1.800642127  0.0357829365138
1.37241308485  408  619  619.307257024  1.77004760044  0.0837341856586
1.37241308485  408  634  633.838453251  1.82180219698  0.00113287256138
1.37241308485  408  649  648.528115152  1.72498725663  -0.0311141599647
1.37241308485  408  663  663.391770129  1.80146600751  0.0321214278239
1.37241308485  408  678  678.323856557  1.80738518154  0.0390387150228
1.37241308485  408  693  693.382707632  1.83297271273  0.0428624893642
1.37241308485  408  709  708.527269677  1.80558772958  0.00631137442717
1.37241308485  408  724  723.828180283  1.89629823618  0.0387029565398
1.37241308485  408  739  739.286353732  1.8618362279  0.0581027373117
1.37241308485  408  755  754.805170149  1.86835849294  0.0259733278192
1.37241308485  408  771  770.518415193  1.69491127906  0.0499682520223
1.37241308485  408  786  786.394045792  1.75539235109  0.0670226658893
1.37241308485  408  802  802.371219855  1.75174197655  0.07986259368
1.37241308485  407  818  818.410206583  1.79031993218  0.0383208576838
1.37241308485  407  835  834.614667887  1.86579602198  -0.0525176363934
1.37241308485  407  851  851.030215919  1.92167978158  0.00557422111052
1.37241308485  407  868  867.568536515  1.8732170345  0.0302181303842
1.37241308485  407  884  884.243770848  1.91327494576  0.0288902046063
1.37241308485  407  901  901.039494702  1.98607285541  0.0427955761316
1.37241308485  406  918  917.930630579  1.95695780426  0.056838267016
1.37241308485  406  935  935.044373192  1.97845996268  0.0546675484037
1.37241308485  406  952  952.346204384  1.8442678732  0.102411829171
1.37241308485  406  970  969.739022342  1.91110522455  0.0585282978195
1.37241308485  406  987  987.371658545  1.87031659559  0.086068406141
1.37241308485  405  1005  1005.07646002  1.97432635436  0.0315794468609
