# Band 4B   Etalon 2B   Slice 9
# Distortion map version 06.04.00 - date 2018-10-11
# Trace (isoalpha): Take pixel trace along specified slice, specified alpha position trace is built by taking the pixel in every detector row with alpha value closest to the one specified 
# xpos[i] = np.argmin(alpha_img[i,:])+funcs.find_nearest(alpha_img[i,:][(slice_img[i,:]!=0)],alpha_pos)
#    alpha       x  y      center         FWHM          skewness        wavelength
0.0  264  37  37.0968174839  4.13737700962  0.00311744930363  24.5602636158
0.0  264  87  87.0179574689  3.85257919572  0.00991312920959  24.3841202962
0.0  265  136  135.440906399  3.86305574705  -0.0323549260454  24.2066353213
0.0  265  183  182.800309722  3.81173249971  -0.0454537879591  24.0363133941
0.0  266  229  229.120772452  3.86791454471  -0.0110643842763  23.8663590404
0.0  266  274  274.361448554  3.64575066561  -0.0106505425579  23.6965685212
0.0  266  319  318.557970815  3.46685009622  0.00268443538309  23.5346927171
0.0  266  362  361.540718226  3.4735781885  -0.0262116107869  23.3691593997
0.0  267  404  403.620230668  3.50458919852  -0.039390926733  23.2091368915
0.0  267  445  444.946619033  3.55249528913  -0.00293782819195  23.0516825918
0.0  267  485  485.317486667  3.45666251566  0.018422656148  22.8933509161
0.0  267  525  524.725902893  3.31956826063  0.0147761000424  22.7420223841
0.0  267  563  563.095140627  3.28376473849  -0.0179697035415  22.5872985143
0.0  267  601  600.856396779  3.30867021823  -0.0451904848245  22.4392465445
0.0  267  638  637.792213941  3.27990562921  -0.0274860662596  22.2897333161
0.0  266  674  674.04578661  3.25540106978  -0.0164325467299  22.1438309074
0.0  266  710  709.480899835  3.09944525808  -0.00227469277657  22.0000765453
0.0  266  744  744.211618153  3.04087542177  0.00612276559427  21.8566462695
0.0  266  778  778.193088199  3.06281867157  0.00678273981023  21.7167951858
0.0  266  812  811.493964664  3.0535898006  -0.00610761323026  21.5774828245
0.0  265  844  844.157717832  2.9394911835  -0.0189974509068  21.4422534742
0.0  265  876  876.231132303  2.92468693986  -0.00434603510617  21.3050614441
0.0  265  908  907.614396148  2.96621077829  0.0115081667081  21.1726558299
0.0  264  938  938.45463179  2.98927770137  -0.0110393421482  21.0395169681
0.0  264  969  968.671150893  3.01962001536  -0.0145678678446  20.9105922238
0.0  264  998  998.338415784  2.85165347467  -0.0128214088776  20.7812160306
-2.69569159344  254  37  36.7284276677  4.32478887462  -0.0214596234646  24.5602636158
-2.69569159344  254  87  86.8874642928  4.05399814838  0.00391591781812  24.3841202962
-2.69569159344  255  136  135.442649385  3.74711264481  -0.00123422896746  24.2066353213
-2.69569159344  255  183  182.810387302  3.81421112719  -0.0100181355076  24.0363133941
-2.69569159344  256  229  229.084090288  3.73204869112  -0.0203554127704  23.8663590404
-2.69569159344  256  274  274.419028612  3.82726158503  0.00349739191724  23.6965685212
-2.69569159344  256  319  318.678342541  3.65591551013  0.0237763053152  23.5346927171
-2.69569159344  256  362  361.769112739  3.52001474644  -0.0073761487687  23.3691593997
-2.69569159344  257  404  403.761012675  3.48705970707  -0.0288244740405  23.2091368915
-2.69569159344  257  445  445.049825339  3.51739184022  -0.00684604510191  23.0516825918
-2.69569159344  257  485  485.363378292  3.54953444202  0.00376751591363  22.8933509161
-2.69569159344  257  525  524.931757655  3.3886341884  0.017369833462  22.7420223841
-2.69569159344  257  564  563.457435097  3.28033583995  -0.000219206339833  22.5872985143
-2.69569159344  257  601  601.165316598  3.26035422218  -0.032714503236  22.4392465445
-2.69569159344  257  638  638.07907114  3.21730429979  -0.0292598286229  22.2897333161
-2.69569159344  256  674  674.384152651  3.28538459815  -0.0239491712085  22.1438309074
-2.69569159344  256  710  709.858906977  3.22872481595  0.013012701066  22.0000765453
-2.69569159344  256  745  744.579369745  3.08217198577  -0.00922767035973  21.8566462695
-2.69569159344  256  779  778.721558286  3.10429966815  0.012272996386  21.7167951858
-2.69569159344  256  812  811.996194514  2.99351884754  -0.00115404976562  21.5774828245
-2.69569159344  255  845  844.672473766  2.99347245866  -0.0197227785292  21.4422534742
-2.69569159344  255  877  876.682949205  2.96933854018  -0.0399271088305  21.3050614441
-2.69569159344  255  908  908.087330992  2.92401414726  -0.00822592406299  21.1726558299
-2.69569159344  254  939  938.980301583  3.04181006382  -0.00704591844393  21.0395169681
-2.69569159344  254  969  969.272664467  3.0569299395  -0.00440194232512  20.9105922238
-2.69569159344  254  999  998.910627698  2.97218243818  -0.00807576234593  20.7812160306
-2.43006259344  255  37  36.7524959164  4.33812910568  -0.018778806086  24.5602636158
-2.43006259344  255  87  86.7657638306  3.98570641347  -0.120564819463  24.3841202962
-2.43006259344  256  135  135.455171106  3.7939964172  -0.0157618791747  24.2066353213
-2.43006259344  256  183  182.768619455  3.67084165445  -0.031950929828  24.0363133941
-2.43006259344  257  229  229.225933955  3.59239836587  0.0196728542475  23.8663590404
-2.43006259344  257  274  274.415302594  3.76115512198  -4.74052543206e-06  23.6965685212
-2.43006259344  257  319  318.675341598  3.58042465755  0.015124104247  23.5346927171
-2.43006259344  257  362  361.751743114  3.47500723835  -0.00432818490702  23.3691593997
-2.43006259344  258  404  403.768142911  3.52915800976  -0.0272108327491  23.2091368915
-2.43006259344  258  445  445.02167943  3.55418867235  -0.0184603068241  23.0516825918
-2.43006259344  258  485  485.371137436  3.6023376755  0.00950137330031  22.8933509161
-2.43006259344  258  525  524.899526806  3.37777510872  0.0123321368136  22.7420223841
-2.43006259344  258  563  563.417714685  3.24872935521  -0.00618054258663  22.5872985143
-2.43006259344  258  601  601.133890153  3.28717183158  -0.0256007588973  22.4392465445
-2.43006259344  258  638  638.012624333  3.1665221265  -0.0371541488737  22.2897333161
-2.43006259344  257  674  674.33361715  3.29945718612  -0.0331404589877  22.1438309074
-2.43006259344  257  710  709.833286156  3.24345157463  0.0184272935164  22.0000765453
-2.43006259344  257  745  744.53950331  3.07792458175  -0.00757122387068  21.8566462695
-2.43006259344  257  779  778.663066772  3.06978223647  0.000894109429071  21.7167951858
-2.43006259344  257  812  811.953561931  2.98942842292  -0.00383203235379  21.5774828245
-2.43006259344  256  845  844.623995117  3.00746987516  -0.0276609597545  21.4422534742
-2.43006259344  256  877  876.632725715  2.94014349536  -0.0452301395091  21.3050614441
-2.43006259344  256  908  908.037617853  2.9436679214  -0.00806066141227  21.1726558299
-2.43006259344  255  939  938.983810458  2.98889609378  0.00939053412517  21.0395169681
-2.43006259344  255  969  969.243467436  3.04850772872  0.00548173635023  20.9105922238
-2.43006259344  255  999  998.830018132  2.99870800243  -0.020261226189  20.7812160306
-2.16443359344  256  37  36.8471666151  4.30458603666  -0.0133887606457  24.5602636158
-2.16443359344  256  87  86.7607549921  4.27372998026  -0.111642916787  24.3841202962
-2.16443359344  257  136  135.461222798  3.83889948831  -0.00634224736182  24.2066353213
-2.16443359344  257  183  182.74715272  3.71230928704  -0.0398206225488  24.0363133941
-2.16443359344  258  229  229.122590164  3.84291164014  -0.0087011607828  23.8663590404
-2.16443359344  258  274  274.358449605  3.8259995132  -0.0156697459701  23.6965685212
-2.16443359344  258  319  318.683105202  3.56165419577  0.0197652845024  23.5346927171
-2.16443359344  258  362  361.736707063  3.50823863503  -0.0083935264751  23.3691593997
-2.16443359344  259  404  403.734531394  3.4881740937  -0.0408983149354  23.2091368915
-2.16443359344  259  445  444.95822925  3.57187506078  -0.0484320854578  23.0516825918
-2.16443359344  259  485  485.322074907  3.55408164853  -0.00182610424032  22.8933509161
-2.16443359344  259  525  524.910065532  3.40035689761  0.0145782505342  22.7420223841
-2.16443359344  259  563  563.376324012  3.2197054992  -0.00313801812412  22.5872985143
-2.16443359344  259  601  601.095496691  3.28413149341  -0.0222139442101  22.4392465445
-2.16443359344  259  638  638.010786855  3.26586612037  -0.0298338910719  22.2897333161
-2.16443359344  258  674  674.274370471  3.29495124178  -0.0353275267749  22.1438309074
-2.16443359344  258  710  709.771105815  3.15001091349  0.00371074650729  22.0000765453
-2.16443359344  258  745  744.52819142  3.1111453184  0.00811088836447  21.8566462695
-2.16443359344  258  779  778.60522715  3.00513736506  0.00976579040284  21.7167951858
-2.16443359344  258  812  811.899480588  3.04134978717  -0.0159338755515  21.5774828245
-2.16443359344  257  845  844.589063151  2.99222116676  -0.0207400745556  21.4422534742
-2.16443359344  257  877  876.558557535  2.9216484385  -0.0412573461101  21.3050614441
-2.16443359344  257  908  908.026119187  2.94958741221  0.00814102995233  21.1726558299
-2.16443359344  256  939  938.900044758  3.01059939626  -0.00725050904858  21.0395169681
-2.16443359344  256  969  969.168447769  3.07446237338  -0.000147812166662  20.9105922238
-2.16443359344  256  999  998.751965246  2.99044993012  -0.0342800133042  20.7812160306
-1.89880459344  257  37  36.8785130671  4.31810619381  -0.0160205626698  24.5602636158
-1.89880459344  257  87  87.0016090686  5.01002968193  -0.0571212777155  24.3841202962
-1.89880459344  258  135  135.438184244  3.8323801023  -0.0112359185906  24.2066353213
-1.89880459344  258  183  182.713219976  3.71322880449  -0.0438078114086  24.0363133941
-1.89880459344  259  229  229.148615656  3.75690352832  0.00809164773711  23.8663590404
-1.89880459344  259  274  274.364120551  3.81585299829  -0.00266400778462  23.6965685212
-1.89880459344  259  319  318.64393936  3.56569253496  0.0178283096233  23.5346927171
-1.89880459344  259  362  361.734324556  3.58016989217  -0.0133627372823  23.3691593997
-1.89880459344  260  404  403.714141721  3.51969871693  -0.0409889850045  23.2091368915
-1.89880459344  260  445  444.937001773  3.56539620412  -0.0492140060279  23.0516825918
-1.89880459344  260  485  485.327730807  3.56655510882  0.00789825225075  22.8933509161
-1.89880459344  260  525  524.850193992  3.37369064242  0.00160181222097  22.7420223841
-1.89880459344  260  563  563.380766039  3.16282526045  0.00384814385183  22.5872985143
-1.89880459344  260  601  601.077516213  3.32656876402  -0.024853055906  22.4392465445
-1.89880459344  260  638  637.971537425  3.22509190214  -0.037987640983  22.2897333161
-1.89880459344  259  674  674.284040361  3.336244343  -0.0242434633593  22.1438309074
-1.89880459344  259  710  709.729756457  3.1502023094  0.0013099987873  22.0000765453
-1.89880459344  259  744  744.508702221  3.08019782858  0.00468725728669  21.8566462695
-1.89880459344  259  779  778.556302386  3.06350933764  0.0161953502775  21.7167951858
-1.89880459344  259  812  811.846644072  3.03314649213  -0.00409560584409  21.5774828245
-1.89880459344  258  845  844.52533249  3.00274039468  -0.0245896363323  21.4422534742
-1.89880459344  258  876  876.515670631  2.95670320243  -0.0289203463651  21.3050614441
-1.89880459344  258  908  907.998237666  2.93917302876  0.0125569750041  21.1726558299
-1.89880459344  257  939  938.813271407  2.9703001323  -0.0201354224462  21.0395169681
-1.89880459344  257  969  969.110724179  3.02904447723  -0.0118754503788  20.9105922238
-1.89880459344  257  999  998.698957617  2.95406536507  -0.0339289554003  20.7812160306
-1.63317559344  258  37  36.9373820326  4.37236160454  -0.00171889320503  24.5602636158
-1.63317559344  258  87  87.0894688838  4.23859235646  0.0296126368514  24.3841202962
-1.63317559344  259  136  135.427407947  3.79486221401  -0.00917241674306  24.2066353213
-1.63317559344  259  183  182.775996184  3.77051454883  -0.0316704854161  24.0363133941
-1.63317559344  260  229  229.088680269  3.91033391459  -0.0153211478498  23.8663590404
-1.63317559344  260  274  274.423994351  3.78313492401  0.00262553516317  23.6965685212
-1.63317559344  260  319  318.601138114  3.54775595895  0.000649447252461  23.5346927171
-1.63317559344  260  362  361.730402226  3.58362568001  -0.0123023599255  23.3691593997
-1.63317559344  261  404  403.653119073  3.50610622037  -0.050079276199  23.2091368915
-1.63317559344  261  445  444.902391712  3.52856698388  -0.040594463353  23.0516825918
-1.63317559344  261  485  485.36209209  3.53305616049  0.0145319701825  22.8933509161
-1.63317559344  261  525  524.810439583  3.40543635833  -0.000863848983336  22.7420223841
-1.63317559344  261  563  563.323924911  3.23380359813  -0.000688426568438  22.5872985143
-1.63317559344  261  601  601.056137917  3.33966224997  -0.0255249366516  22.4392465445
-1.63317559344  261  638  637.94184659  3.23901441035  -0.0432056297281  22.2897333161
-1.63317559344  260  674  674.287761986  3.32127879389  -0.0147910241226  22.1438309074
-1.63317559344  260  710  709.685934426  3.1854426829  -0.00972502966544  22.0000765453
-1.63317559344  260  744  744.458254927  3.05705331149  -0.00500646721513  21.8566462695
-1.63317559344  260  778  778.498880819  3.08467414191  0.00212849977538  21.7167951858
-1.63317559344  260  812  811.784846204  3.04613547309  -0.0142443217323  21.5774828245
-1.63317559344  259  844  844.459536021  3.01546430739  -0.0253068242727  21.4422534742
-1.63317559344  259  876  876.502819741  2.98928918413  -0.022225838208  21.3050614441
-1.63317559344  259  908  907.931273289  2.97134258106  0.0100530601658  21.1726558299
-1.63317559344  258  939  938.750126659  2.94831427957  -0.020025790922  21.0395169681
-1.63317559344  258  969  969.120323256  2.94687965418  0.0237455167786  20.9105922238
-1.63317559344  258  999  998.688545319  2.90074211271  -0.0288069882539  20.7812160306
-1.36754659344  259  37  36.9609310066  4.33637484795  0.0118358688154  24.5602636158
-1.36754659344  259  87  86.900820371  3.64397742274  -0.00234025911121  24.3841202962
-1.36754659344  260  135  135.412847949  3.85381290116  -0.0205662559776  24.2066353213
-1.36754659344  260  183  182.821748425  3.77032776251  -0.018233403882  24.0363133941
-1.36754659344  261  229  229.140652679  4.01250586528  -0.0106008072747  23.8663590404
-1.36754659344  261  274  274.421819418  3.76395666031  0.000523888555285  23.6965685212
-1.36754659344  261  318  318.528041985  3.51250926742  -0.013589480213  23.5346927171
-1.36754659344  261  362  361.6870961  3.5342348337  -0.0161175762612  23.3691593997
-1.36754659344  262  404  403.704920169  3.51519215112  -0.0258307300277  23.2091368915
-1.36754659344  262  445  444.910127517  3.54233540944  -0.0333025314944  23.0516825918
-1.36754659344  262  485  485.394007818  3.56402620375  0.0185994642471  22.8933509161
-1.36754659344  262  525  524.766717822  3.28012063367  -0.00831816335294  22.7420223841
-1.36754659344  262  563  563.249437935  3.22762625232  -0.0266304669861  22.5872985143
-1.36754659344  262  601  601.051392969  3.29450307194  -0.0229956964358  22.4392465445
-1.36754659344  262  638  637.932972157  3.26935072053  -0.0406498444653  22.2897333161
-1.36754659344  261  674  674.267544116  3.47873000755  0.00606673874602  22.1438309074
-1.36754659344  261  710  709.663300988  3.17781155897  -0.00220720157833  22.0000765453
-1.36754659344  261  744  744.466873965  3.03081504049  0.0108527754937  21.8566462695
-1.36754659344  261  778  778.426723689  3.04734884859  0.00582984731485  21.7167951858
-1.36754659344  261  812  811.705308723  2.98355241389  -0.0311165187544  21.5774828245
-1.36754659344  260  844  844.410452078  3.02283566343  -0.0265966402335  21.4422534742
-1.36754659344  260  876  876.461696775  2.97389806066  -0.0195996457599  21.3050614441
-1.36754659344  260  908  907.865269058  2.94316513174  0.00219835632882  21.1726558299
-1.36754659344  259  939  938.74434449  2.91695348003  -0.00942560751545  21.0395169681
-1.36754659344  259  969  969.020044588  2.8445882996  -0.0347195077162  20.9105922238
-1.36754659344  259  999  998.643989936  2.96251220285  -0.0190757455114  20.7812160306
-1.10191759344  260  37  37.0186987378  4.37844839344  0.00933853651395  24.5602636158
-1.10191759344  260  87  86.661012907  0.0490861726781  -0.0571395709612  24.3841202962
-1.10191759344  261  135  135.421027982  3.90335229543  -0.02277357495  24.2066353213
-1.10191759344  261  183  182.8056193  3.74540199371  -0.0414690316147  24.0363133941
-1.10191759344  262  229  229.090382676  3.96177426474  -0.0293388324316  23.8663590404
-1.10191759344  262  274  274.439271065  3.66019645826  0.00417009653105  23.6965685212
-1.10191759344  262  318  318.506977373  3.55794500437  -0.00729413328396  23.5346927171
-1.10191759344  262  362  361.61475217  3.48979799852  -0.0363393057068  23.3691593997
-1.10191759344  263  404  403.682768972  3.54579665065  -0.0343643614517  23.2091368915
-1.10191759344  263  445  444.929688502  3.59804297022  -0.0309483337207  23.0516825918
-1.10191759344  263  485  485.365869571  3.54633331039  0.0175820541114  22.8933509161
-1.10191759344  263  525  524.752805287  3.26201985189  4.24078965561e-05  22.7420223841
-1.10191759344  263  563  563.224870213  3.25991354235  -0.0143994386537  22.5872985143
-1.10191759344  263  601  601.039424  3.24827043594  -0.0201272163501  22.4392465445
-1.10191759344  262  638  637.946408078  3.26648186819  -0.0218708141257  22.2897333161
-1.10191759344  262  674  674.176283012  3.3445158234  -0.0139794273856  22.1438309074
-1.10191759344  262  710  709.677703359  3.20561170026  0.0176296018154  22.0000765453
-1.10191759344  262  744  744.40993026  3.13088266679  0.000450680600478  21.8566462695
-1.10191759344  262  778  778.188272878  3.24276693592  -0.0461288052649  21.7167951858
-1.10191759344  262  812  811.688147326  3.01620048788  -0.0114643876743  21.5774828245
-1.10191759344  261  844  844.374768923  3.02168393189  -0.0295277523807  21.4422534742
-1.10191759344  261  876  876.405069022  2.97242298624  -0.021274795792  21.3050614441
-1.10191759344  261  908  907.804050291  2.96120206001  0.00282352917046  21.1726558299
-1.10191759344  260  939  938.680175878  2.89509096429  -0.0117671286345  21.0395169681
-1.10191759344  260  969  968.94265276  3.02480635443  -0.00209806603746  20.9105922238
-1.10191759344  260  999  998.565942819  2.91474227165  -0.0145795731327  20.7812160306
-0.83628859344  261  37  37.0620784614  4.36475439243  0.00143146055636  24.5602636158
-0.83628859344  261  87  86.7707302989  4.27996175674  0.00480647736544  24.3841202962
-0.83628859344  262  135  135.429147513  3.84859212086  -0.0276867882133  24.2066353213
-0.83628859344  262  183  182.763678423  3.77243258927  -0.0487601079646  24.0363133941
-0.83628859344  263  229  229.146117314  3.85741090644  -0.012936673891  23.8663590404
-0.83628859344  263  274  274.452792476  3.67465744836  0.00184448506912  23.6965685212
-0.83628859344  263  318  318.514930325  3.50466150272  -0.00573084762596  23.5346927171
-0.83628859344  263  362  361.583055937  3.49373415736  -0.0322673465147  23.3691593997
-0.83628859344  264  404  403.706304053  3.58415813564  -0.0227630874192  23.2091368915
-0.83628859344  264  445  444.931957141  3.61376929673  -0.0343198732803  23.0516825918
-0.83628859344  264  485  485.364517364  3.49375015535  0.0292863722409  22.8933509161
-0.83628859344  264  525  524.69238406  3.26131406206  -0.00756261108602  22.7420223841
-0.83628859344  264  563  563.204595166  3.26740738472  -0.00915080917737  22.5872985143
-0.83628859344  264  601  600.995807671  3.27275403773  -0.018839431379  22.4392465445
-0.83628859344  263  638  637.937281945  3.2815547558  -0.0300591078608  22.2897333161
-0.83628859344  263  674  674.138473339  3.30808181226  -0.0168878048777  22.1438309074
-0.83628859344  263  710  709.637344002  3.18149742664  0.0115274050736  22.0000765453
-0.83628859344  263  744  744.363174466  3.0999800855  0.00335407286027  21.8566462695
-0.83628859344  263  778  778.301899294  3.0341374822  0.00682565751014  21.7167951858
-0.83628859344  263  812  811.625878751  3.04694267286  -0.017791266144  21.5774828245
-0.83628859344  262  844  844.344722755  2.95251048903  -0.0222007251633  21.4422534742
-0.83628859344  262  876  876.362353999  2.95955762904  -0.0167802051994  21.3050614441
-0.83628859344  262  908  907.784914403  2.92971376603  0.0176782603064  21.1726558299
-0.83628859344  261  939  938.621498672  2.91582590453  -0.0161986684258  21.0395169681
-0.83628859344  261  969  968.890652425  3.02365843249  -0.00513156479251  20.9105922238
-0.83628859344  261  998  998.492625013  2.88203893841  -0.00939066835083  20.7812160306
-0.57065959344  262  37  37.1266418783  4.30191604729  0.00519190577975  24.5602636158
-0.57065959344  262  87  86.8820105412  3.91148939743  0.0271354832816  24.3841202962
-0.57065959344  263  135  135.464355477  3.77798259079  -0.0258652740879  24.2066353213
-0.57065959344  263  183  182.745579152  3.86179298297  -0.0474947237774  24.0363133941
-0.57065959344  264  229  229.168597117  3.79500030133  -0.00105708722432  23.8663590404
-0.57065959344  264  274  274.446984338  3.6397536957  0.00304799406884  23.6965685212
-0.57065959344  264  318  318.482270243  3.57256919369  -0.0125029508083  23.5346927171
-0.57065959344  264  362  361.56695129  3.46765493062  -0.0286964133005  23.3691593997
-0.57065959344  264  404  403.705844602  3.5892180211  -0.0220706937976  23.2091368915
-0.57065959344  265  445  444.967792548  3.55592840229  -0.0100495672291  23.0516825918
-0.57065959344  265  485  485.388357794  3.49858368815  0.0388331117805  22.8933509161
-0.57065959344  265  525  524.681032811  3.23307536516  -0.00874001639436  22.7420223841
-0.57065959344  265  563  563.164048739  3.28813463337  -0.0214929891942  22.5872985143
-0.57065959344  265  601  600.950811332  3.35482867296  -0.0297989814101  22.4392465445
-0.57065959344  264  638  637.896034982  3.27754781826  -0.0285847223215  22.2897333161
-0.57065959344  264  674  674.108945808  3.27005910775  -0.0166570697507  22.1438309074
-0.57065959344  264  710  709.581954776  3.13125064748  0.00763816917299  22.0000765453
-0.57065959344  264  744  744.310526292  3.05707601114  0.000303721556164  21.8566462695
-0.57065959344  264  778  778.282213943  3.04275130246  0.00919376524115  21.7167951858
-0.57065959344  264  812  811.604225513  3.01451225024  -0.00151104780819  21.5774828245
-0.57065959344  263  844  844.294766122  2.93694688747  -0.0258379118778  21.4422534742
-0.57065959344  263  876  876.313625573  2.92391777842  -0.0166962543503  21.3050614441
-0.57065959344  263  908  907.741094849  2.94436511302  0.00774856539705  21.1726558299
-0.57065959344  262  939  938.565349509  2.90660458275  -0.010077169734  21.0395169681
-0.57065959344  262  969  968.827023847  3.01800804271  -0.0132737318471  20.9105922238
-0.57065959344  262  998  998.433967313  2.77873337834  -0.01387234444  20.7812160306
-0.30503059344  263  37  37.0604120656  4.23862644296  0.0104615212194  24.5602636158
-0.30503059344  263  87  86.9756795229  3.8641081228  0.0188483997857  24.3841202962
-0.30503059344  264  136  135.486614761  3.80555818664  -0.0169040316756  24.2066353213
-0.30503059344  264  183  182.793516335  3.83009447849  -0.0345430034643  24.0363133941
-0.30503059344  265  229  229.140729171  3.85893477987  -0.00629166511408  23.8663590404
-0.30503059344  265  274  274.419963784  3.6277183287  0.000944945075448  23.6965685212
-0.30503059344  265  318  318.509707244  3.49784153522  -0.00881930776222  23.5346927171
-0.30503059344  265  362  361.528095142  3.4197646798  -0.0347374271264  23.3691593997
-0.30503059344  265  404  403.687721786  3.57272326508  -0.0196311889604  23.2091368915
-0.30503059344  266  445  444.928154353  3.56388782901  -0.0211116150517  23.0516825918
-0.30503059344  266  485  485.329365524  3.46341916488  0.0203473170494  22.8933509161
-0.30503059344  266  525  524.701990528  3.28558261249  -0.000979778291757  22.7420223841
-0.30503059344  266  563  563.162229979  3.33680749555  -0.00898034686104  22.5872985143
-0.30503059344  266  601  600.900781604  3.33261319517  -0.0349588772818  22.4392465445
-0.30503059344  265  638  637.862009942  3.25347020109  -0.0216849020734  22.2897333161
-0.30503059344  265  674  674.096632622  3.27913268134  -0.0153408600214  22.1438309074
-0.30503059344  265  710  709.542065452  3.1166560031  0.00130747738855  22.0000765453
-0.30503059344  265  744  744.265382111  3.01779465846  0.00572546236547  21.8566462695
-0.30503059344  265  778  778.230234791  3.05414944274  0.00119340273439  21.7167951858
-0.30503059344  264  812  811.571693274  3.06298776369  -0.00431660552627  21.5774828245
-0.30503059344  264  844  844.238642519  2.93991974429  -0.0149383169754  21.4422534742
-0.30503059344  264  876  876.263178289  2.95924609653  -0.0103757095312  21.3050614441
-0.30503059344  264  908  907.69717655  2.94704831257  0.00244785244435  21.1726558299
-0.30503059344  263  938  938.51276287  2.97701926121  -0.00431193313354  21.0395169681
-0.30503059344  263  969  968.749962273  3.04779746151  -0.0122089584847  20.9105922238
-0.30503059344  263  998  998.387201759  2.81929131358  -0.0145382380572  20.7812160306
-0.0394015934399  264  37  37.0965646321  4.14440585397  0.00136963910145  24.5602636158
-0.0394015934399  264  87  87.0177886154  3.85205528048  0.00939046660949  24.3841202962
-0.0394015934399  265  136  135.440856872  3.86316336048  -0.0324855667238  24.2066353213
-0.0394015934399  265  183  182.800309722  3.81173249971  -0.0454537879591  24.0363133941
-0.0394015934399  266  229  229.104020052  3.87675811783  -0.0147803748831  23.8663590404
-0.0394015934399  266  274  274.361448554  3.64575066561  -0.0106505425579  23.6965685212
-0.0394015934399  266  319  318.557970815  3.46685009622  0.00268443538309  23.5346927171
-0.0394015934399  266  362  361.541316395  3.47904760542  -0.0234690471882  23.3691593997
-0.0394015934399  266  404  403.646484333  3.55200281886  -0.0276272005704  23.2091368915
-0.0394015934399  267  445  444.946619033  3.55249528913  -0.00293782819195  23.0516825918
-0.0394015934399  267  485  485.317486667  3.45666251566  0.018422656148  22.8933509161
-0.0394015934399  267  525  524.725902893  3.31956826063  0.0147761000424  22.7420223841
-0.0394015934399  267  563  563.095140627  3.28376473849  -0.0179697035415  22.5872985143
-0.0394015934399  267  601  600.856785531  3.31118378019  -0.0435699271495  22.4392465445
-0.0394015934399  266  638  637.82752572  3.26372922844  -0.0309001918561  22.2897333161
-0.0394015934399  266  674  674.045676611  3.25576016936  -0.0168320833032  22.1438309074
-0.0394015934399  266  710  709.480899835  3.09944525808  -0.00227469277657  22.0000765453
-0.0394015934399  266  744  744.211618153  3.04087542177  0.00612276559427  21.8566462695
-0.0394015934399  266  778  778.193088199  3.06281867157  0.00678273981023  21.7167951858
-0.0394015934399  265  812  811.528367509  3.02588832237  -0.00305034798605  21.5774828245
-0.0394015934399  265  844  844.157717832  2.9394911835  -0.0189974509068  21.4422534742
-0.0394015934399  265  876  876.231132303  2.92468693986  -0.00434603510617  21.3050614441
-0.0394015934399  265  908  907.614194696  2.96532174123  0.0103862112827  21.1726558299
-0.0394015934399  264  938  938.455113841  2.98489950855  -0.00761834442202  21.0395169681
-0.0394015934399  264  969  968.671150893  3.01962001536  -0.0145678678446  20.9105922238
-0.0394015934399  264  998  998.338446049  2.85157093325  -0.0126912803326  20.7812160306
0.22622740656  265  37  37.1605862202  4.20875905509  0.0133281543571  24.5602636158
0.22622740656  265  87  87.0109498141  3.84696196874  -0.00187109532708  24.3841202962
0.22622740656  266  136  135.455554498  3.81044731176  -0.0181407456269  24.2066353213
0.22622740656  266  183  182.811519912  3.87151417809  -0.0525567602413  24.0363133941
0.22622740656  267  229  229.083112364  3.90708119705  -0.0346014003206  23.8663590404
0.22622740656  267  274  274.354276076  3.6420923367  -0.00614421646665  23.6965685212
0.22622740656  267  319  318.527225728  3.43831617493  0.0124207747229  23.5346927171
0.22622740656  267  362  361.57692567  3.44602040838  -0.0201892325644  23.3691593997
0.22622740656  267  404  403.620230668  3.50458919852  -0.039390926733  23.2091368915
0.22622740656  268  445  444.888040742  3.65650791334  -0.0306244339463  23.0516825918
0.22622740656  268  485  485.287609984  3.51618929841  0.0284734350873  22.8933509161
0.22622740656  268  525  524.685172543  3.288317681  0.0159594366611  22.7420223841
0.22622740656  268  563  563.042068113  3.29159636091  -0.0191027554092  22.5872985143
0.22622740656  268  601  600.795392724  3.28111773782  -0.0383056820335  22.4392465445
0.22622740656  267  638  637.792213941  3.27990562921  -0.0274860662596  22.2897333161
0.22622740656  267  674  674.020729656  3.30110633711  -0.00729576731067  22.1438309074
0.22622740656  267  709  709.472399861  3.09553384859  0.0114137707791  22.0000765453
0.22622740656  267  744  744.178608435  3.05270022559  0.00891007102772  21.8566462695
0.22622740656  267  778  778.167388333  3.07914389139  0.00666400785657  21.7167951858
0.22622740656  266  812  811.493877247  3.0541634348  -0.00647366278802  21.5774828245
0.22622740656  266  844  844.148976896  2.95608360864  -0.0124770696507  21.4422534742
0.22622740656  266  876  876.197291171  2.8720421181  -0.00385828404759  21.3050614441
0.22622740656  266  908  907.555904464  2.97425590969  0.00503651020156  21.1726558299
0.22622740656  265  938  938.418791748  2.96951230488  -0.00688503482064  21.0395169681
0.22622740656  265  969  968.623323076  2.9585129692  -0.00897171063197  20.9105922238
0.22622740656  265  998  998.270799884  2.90003475367  -0.000641207660839  20.7812160306
0.49185640656  266  37  37.1098912296  4.25401084966  -0.0145475405999  24.5602636158
0.49185640656  266  87  86.9976258456  3.8245614674  0.00340118378797  24.3841202962
0.49185640656  267  135  135.40603136  3.71543693058  -0.0319857053569  24.2066353213
0.49185640656  267  183  182.827301425  3.82787042627  -0.0369065425696  24.0363133941
0.49185640656  268  229  229.171172237  3.9717812494  0.0242141526304  23.8663590404
0.49185640656  268  274  274.363386329  3.70603029821  -0.0065561962345  23.6965685212
0.49185640656  268  318  318.424515734  3.42370294158  -0.0166278228912  23.5346927171
0.49185640656  268  362  361.585897191  3.53684575458  -0.0243122280379  23.3691593997
0.49185640656  268  404  403.607566566  3.62188106163  -0.0379102182703  23.2091368915
0.49185640656  269  445  444.882310475  3.6611646944  -0.0250331575998  23.0516825918
0.49185640656  269  485  485.240274135  3.51534332252  0.0159441959529  22.8933509161
0.49185640656  269  525  524.654954278  3.25424067202  0.00883554140638  22.7420223841
0.49185640656  269  563  562.993128565  3.27424075857  -0.0361813091517  22.5872985143
0.49185640656  268  601  600.779700052  3.29606748903  -0.0483982069628  22.4392465445
0.49185640656  268  638  637.777184033  3.2943464933  -0.02997351622  22.2897333161
0.49185640656  268  674  674.0242569  3.23788896813  -0.00709273225882  22.1438309074
0.49185640656  268  709  709.420377649  3.11298870619  0.012285373514  22.0000765453
0.49185640656  268  744  744.143528228  3.03366952971  0.0139755246569  21.8566462695
0.49185640656  268  778  778.109591642  3.0224090283  0.00384634155555  21.7167951858
0.49185640656  267  811  811.416057084  3.10498280415  -0.0131924813129  21.5774828245
0.49185640656  267  844  844.104010262  2.99815910066  -0.0227488951992  21.4422534742
0.49185640656  267  876  876.12625295  2.91145782544  -0.00448302180179  21.3050614441
0.49185640656  267  908  907.49122555  3.00126261143  -0.000372574466654  21.1726558299
0.49185640656  266  938  938.35905846  2.97383394059  -0.004144612336  21.0395169681
0.49185640656  266  969  968.579278149  2.886440882  -0.0153662895319  20.9105922238
0.49185640656  266  998  998.217108584  2.88394440378  0.00432292334396  20.7812160306
0.75748540656  266  37  37.1934475131  4.23978826598  0.022783960762  24.5602636158
0.75748540656  267  87  87.0032112317  3.81535228103  0.0032528337536  24.3841202962
0.75748540656  268  136  135.454991568  3.78304905666  -0.0177994127161  24.2066353213
0.75748540656  268  183  182.800456886  3.86475775324  -0.0391223631663  24.0363133941
0.75748540656  268  229  229.225841396  3.94201457145  0.00475096817841  23.8663590404
0.75748540656  269  274  274.387080936  3.68545048535  -0.00579978570023  23.6965685212
0.75748540656  269  318  318.42368285  3.44620076113  -0.0197037370776  23.5346927171
0.75748540656  269  362  361.575673157  3.55373202802  -0.0194503215836  23.3691593997
0.75748540656  269  404  403.623090809  3.6202404127  -0.0357031290623  23.2091368915
0.75748540656  270  445  444.923540716  3.61918629529  -0.00735245346574  23.0516825918
0.75748540656  270  485  485.222189478  3.46713517383  0.0227064643283  22.8933509161
0.75748540656  270  525  524.60628136  3.24178141836  -0.00638148635169  22.7420223841
0.75748540656  270  563  562.971215025  3.30606626765  -0.0436049658563  22.5872985143
0.75748540656  269  601  600.768081234  3.3448272817  -0.0374410829553  22.4392465445
0.75748540656  269  638  637.763911326  3.30184686518  -0.0301478121712  22.2897333161
0.75748540656  269  674  674.042886689  3.19706616678  0.00347119250121  22.1438309074
0.75748540656  269  709  709.359726577  3.12374325401  -0.00245911109096  22.0000765453
0.75748540656  269  744  744.085965233  3.03224405186  0.0153977655479  21.8566462695
0.75748540656  269  778  778.04438007  2.99396529551  0.000774694342221  21.7167951858
0.75748540656  268  811  811.41312971  3.10779999426  -0.00577912700196  21.5774828245
0.75748540656  268  844  844.039611369  3.0723523662  -0.0307802520874  21.4422534742
0.75748540656  268  876  876.06174379  2.99132906483  -0.0103155384506  21.3050614441
0.75748540656  268  907  907.461014256  3.01930328944  0.0135307981971  21.1726558299
0.75748540656  267  938  938.307723346  2.98484487036  0.0123130866415  21.0395169681
0.75748540656  267  968  968.51937377  2.82640146708  -0.0215082511189  20.9105922238
0.75748540656  267  998  998.1606536  2.85802226512  -0.0209293916861  20.7812160306
1.02311440656  267  37  37.2019441945  4.19613871752  0.0114035645436  24.5602636158
1.02311440656  268  87  87.0100957332  3.79344368531  0.00848061018612  24.3841202962
1.02311440656  269  136  135.446855608  3.83002780278  -0.0284119898369  24.2066353213
1.02311440656  269  183  182.778002881  3.86109174223  -0.0521516406124  24.0363133941
1.02311440656  269  229  229.202578207  3.95976153743  -0.00313683960211  23.8663590404
1.02311440656  270  274  274.439728284  3.67551782438  -0.00248888449694  23.6965685212
1.02311440656  270  318  318.428685016  3.50260281155  -0.0120131870591  23.5346927171
1.02311440656  270  362  361.578862027  3.65015296434  -0.0175762163669  23.3691593997
1.02311440656  270  404  403.630551261  3.69245573792  -0.0310510050643  23.2091368915
1.02311440656  270  445  444.90595867  3.57737137359  -0.0226309751911  23.0516825918
1.02311440656  271  485  485.171794803  3.4029474638  0.0163610214291  22.8933509161
1.02311440656  271  525  524.576875586  3.2382197975  -0.0105709336166  22.7420223841
1.02311440656  271  563  562.936689653  3.32739940737  -0.0483207142697  22.5872985143
1.02311440656  270  601  600.750171448  3.35618200678  -0.0450236467393  22.4392465445
1.02311440656  270  638  637.795110412  3.38406296002  -0.00930737165689  22.2897333161
1.02311440656  270  674  673.982062975  3.19214752842  -0.00145304493912  22.1438309074
1.02311440656  270  709  709.351550299  3.16188199837  0.0109955341996  22.0000765453
1.02311440656  270  744  744.011285826  3.0169053913  0.00246375618626  21.8566462695
1.02311440656  270  778  777.989270019  3.02069660114  0.00858951652937  21.7167951858
1.02311440656  269  811  811.406899062  3.08165470758  0.00330868807585  21.5774828245
1.02311440656  269  844  843.978528153  3.05298891506  -0.0189129322904  21.4422534742
1.02311440656  269  876  876.012696803  3.04555601809  -0.00248583261491  21.3050614441
1.02311440656  269  907  907.403583902  2.99648869031  0.0108986952678  21.1726558299
1.02311440656  268  938  938.258639634  2.96202911258  0.00942465821893  21.0395169681
1.02311440656  268  968  968.487517441  2.81865208644  -0.00624134215101  20.9105922238
1.02311440656  267  998  998.175762803  2.83573932749  0.027188418352  20.7812160306
1.28874340656  268  37  37.2304091533  4.10834000029  0.0197603300435  24.5602636158
1.28874340656  269  87  86.9396926422  3.77062073435  -0.011258271734  24.3841202962
1.28874340656  270  135  135.442047598  3.92250134169  -0.0437067029381  24.2066353213
1.28874340656  270  183  182.731554838  3.57082878739  -0.0327481656645  24.0363133941
1.28874340656  270  229  229.210613915  3.86175454321  -0.00849164186448  23.8663590404
1.28874340656  271  274  274.440111838  3.63945115446  0.00963030942681  23.6965685212
1.28874340656  271  318  318.411983062  3.56493939946  -0.0102365636443  23.5346927171
1.28874340656  271  362  361.508576076  3.58808124763  -0.0427371177415  23.3691593997
1.28874340656  271  404  403.653576994  3.65364154458  -0.0178334800637  23.2091368915
1.28874340656  271  445  444.911264997  3.49085044658  -0.0142372786829  23.0516825918
1.28874340656  272  485  485.134430947  3.37357208657  0.0201074737947  22.8933509161
1.28874340656  272  524  524.498013081  3.25245475049  -0.00524444444905  22.7420223841
1.28874340656  272  563  562.84440976  3.34221150825  -0.165324615369  22.5872985143
1.28874340656  271  601  600.727410576  3.38553558665  -0.0340194784398  22.4392465445
1.28874340656  271  638  637.723232407  3.38809481494  -0.0140392048313  22.2897333161
1.28874340656  271  674  673.973242345  3.22915984112  0.00714580558448  22.1438309074
1.28874340656  271  709  709.328431989  3.15788861159  0.0135479338004  22.0000765453
1.28874340656  271  744  743.971303162  3.01570451937  0.0119962648556  21.8566462695
1.28874340656  271  778  777.957394438  3.07419684678  0.00481206914235  21.7167951858
1.28874340656  270  811  811.367882668  3.08437460188  0.00413844252086  21.5774828245
1.28874340656  270  844  843.917498403  2.98280485253  -0.0213626344626  21.4422534742
1.28874340656  270  876  875.979384926  3.08420706538  0.00542683596266  21.3050614441
1.28874340656  270  907  907.365810513  3.04217969756  0.00583180709791  21.1726558299
1.28874340656  269  938  938.199341282  2.82891020869  0.00447811510133  21.0395169681
1.28874340656  269  968  968.449370502  2.83863621237  0.0112654359157  20.9105922238
1.28874340656  268  998  998.084325909  2.81899485893  -0.00205629472207  20.7812160306
1.55437240656  269  37  37.1735159282  4.1455877103  -0.00193671534474  24.5602636158
1.55437240656  270  87  86.9082498745  3.80424438172  -0.0250133989922  24.3841202962
1.55437240656  271  135  135.42375162  3.96561695788  -0.0524687106284  24.2066353213
1.55437240656  271  183  182.856516968  3.9025669871  -0.0256493133351  24.0363133941
1.55437240656  271  229  229.234782047  3.92099162985  0.0152408405118  23.8663590404
1.55437240656  272  274  274.360964038  3.64956431281  -0.00832959351675  23.6965685212
1.55437240656  272  318  318.418489843  3.63429889765  -0.000640821553557  23.5346927171
1.55437240656  272  362  361.465941202  3.6283060738  -0.044088375457  23.3691593997
1.55437240656  272  404  403.646143735  3.6111311226  -0.00984715758184  23.2091368915
1.55437240656  272  445  444.849887699  3.45623305589  -0.0299122568562  23.0516825918
1.55437240656  273  485  485.123748226  3.30529738633  0.0270653787606  22.8933509161
1.55437240656  273  524  524.442380577  3.24893825709  -0.010973832812  22.7420223841
1.55437240656  272  563  562.844442082  3.34199864006  -0.165200138009  22.5872985143
1.55437240656  272  601  600.697692783  3.40654988717  -0.0359433767388  22.4392465445
1.55437240656  272  638  637.654582965  3.40336975467  -0.0122653906221  22.2897333161
1.55437240656  272  674  673.915602495  3.23852931532  0.00143279532094  22.1438309074
1.55437240656  272  709  709.302165818  3.16695276601  0.0166624088707  22.0000765453
1.55437240656  272  744  743.944873566  3.03407612365  0.0138640858686  21.8566462695
1.55437240656  272  778  777.944599172  3.03209211781  0.0116741198851  21.7167951858
1.55437240656  271  811  811.303853292  3.09104052619  0.00085098628802  21.5774828245
1.55437240656  271  844  843.87883994  2.98040546893  -0.0169756737162  21.4422534742
1.55437240656  271  876  875.885766301  3.03732305494  -0.0120458162372  21.3050614441
1.55437240656  270  907  907.366092254  3.02288687262  0.0227417607106  21.1726558299
1.55437240656  270  938  938.13171578  2.87929448818  -0.00691447932378  21.0395169681
1.55437240656  270  968  968.365833784  2.91709494928  0.00420826137329  20.9105922238
1.55437240656  269  998  998.016311679  2.81971962245  -0.00330441190323  20.7812160306
1.82000140656  270  37  37.2431658189  4.18809464032  0.026806521312  24.5602636158
1.82000140656  271  87  86.8755850004  3.82591513537  -0.0288769730721  24.3841202962
1.82000140656  272  135  135.466734644  3.89736107783  -0.000703610269844  24.2066353213
1.82000140656  272  183  182.913643027  3.96333319239  -0.0139142960814  24.0363133941
1.82000140656  272  229  229.228026784  3.96440820472  0.00459647388955  23.8663590404
1.82000140656  273  274  274.343482395  3.63310920637  0.0117385865712  23.6965685212
1.82000140656  273  318  318.437304228  3.63366834648  -0.000237035688997  23.5346927171
1.82000140656  273  361  361.445570978  3.59778175903  -0.0408815866761  23.3691593997
1.82000140656  273  404  403.576192967  3.63437023608  -0.0292635939716  23.2091368915
1.82000140656  273  445  444.871077765  3.54340984124  -0.00412702626254  23.0516825918
1.82000140656  273  485  485.121320828  3.31667386586  0.0170693698923  22.8933509161
1.82000140656  274  524  524.438760808  3.23138818234  -0.0159115285828  22.7420223841
1.82000140656  273  563  562.893452634  3.31531585257  -0.0342682089733  22.5872985143
1.82000140656  273  601  600.714944426  3.48194529134  -0.02263321769  22.4392465445
1.82000140656  273  638  637.641348319  3.4003232856  -0.0137311679927  22.2897333161
1.82000140656  273  674  673.821419711  3.24205177076  -0.0096297406901  22.1438309074
1.82000140656  273  709  709.283943979  3.11573225943  0.0177308804773  22.0000765453
1.82000140656  273  744  743.932436787  3.05441212122  0.00574809494829  21.8566462695
1.82000140656  273  778  777.878545845  3.07077646915  0.00152044727827  21.7167951858
1.82000140656  272  811  811.207664522  3.13353798408  -0.0209133581684  21.5774828245
1.82000140656  272  844  843.82462097  3.08378197151  -0.0213624200313  21.4422534742
1.82000140656  272  876  875.817316491  3.02470186022  -0.0138536877551  21.3050614441
1.82000140656  271  907  907.312256615  3.00487990399  0.0123926794273  21.1726558299
1.82000140656  271  938  938.095611472  2.89168929323  0.0133971409457  21.0395169681
1.82000140656  271  968  968.266824209  2.85133397534  -0.00497572411909  20.9105922238
1.82000140656  270  998  997.955843181  2.813506739  -0.0168419931173  20.7812160306
2.08563040656  271  37  37.219426237  4.25851057361  0.00210269962804  24.5602636158
2.08563040656  272  87  86.9845265887  3.89406996281  -0.00520334412091  24.3841202962
2.08563040656  273  136  135.455124099  3.94280187654  -0.0258462990287  24.2066353213
2.08563040656  273  183  182.925856664  4.06252363308  -0.0150523197362  24.0363133941
2.08563040656  273  229  229.221268919  3.9640174105  -0.00174163792496  23.8663590404
2.08563040656  274  274  274.34122925  3.57551620185  0.0129182442491  23.6965685212
2.08563040656  274  318  318.435958458  3.65357211844  -0.00811382826419  23.5346927171
2.08563040656  274  362  361.446832051  3.67107322232  -0.041564042781  23.3691593997
2.08563040656  274  404  403.593958825  3.67779334669  -0.028421473017  23.2091368915
2.08563040656  274  445  444.922772387  3.5332312779  0.00616292307242  23.0516825918
2.08563040656  274  485  485.089512376  3.346329251  0.0123952660684  22.8933509161
2.08563040656  274  524  524.438850133  3.23315510834  -0.0152637880493  22.7420223841
2.08563040656  274  563  562.778594274  3.3177788802  -0.0940215575919  22.5872985143
2.08563040656  274  601  600.663219577  3.47412636904  -0.0329475990817  22.4392465445
2.08563040656  274  638  637.635805543  3.24257405489  -0.00949207329037  22.2897333161
2.08563040656  274  674  673.821625512  3.23113035748  0.00416023519847  22.1438309074
2.08563040656  274  709  709.218277597  3.1380027696  0.01235848618  22.0000765453
2.08563040656  274  744  743.903320477  3.08807946561  0.00732473083614  21.8566462695
2.08563040656  274  778  777.846443798  3.00922650123  0.00967903595271  21.7167951858
2.08563040656  273  811  811.15301621  3.13170118867  -0.0283541728318  21.5774828245
2.08563040656  273  844  843.755683106  3.06156407631  -0.0270714286161  21.4422534742
2.08563040656  273  876  875.793932052  3.05891055544  -0.0103074816761  21.3050614441
2.08563040656  272  907  907.284422558  2.9682838929  0.0307675345767  21.1726558299
2.08563040656  272  938  938.0289923  2.86268983109  0.00263668157742  21.0395169681
2.08563040656  272  968  968.188033685  2.81710942092  -0.0103612783924  20.9105922238
2.08563040656  271  998  997.915816582  2.80880141629  -0.00351890890704  20.7812160306
2.35125940656  272  37  37.2502273269  4.1179204688  0.0133138399422  24.5602636158
2.35125940656  273  87  87.0428770733  3.86212330752  0.0091198210406  24.3841202962
2.35125940656  273  136  135.435784844  3.96059904414  -0.0423237538018  24.2066353213
2.35125940656  274  183  182.883230538  4.09243245117  -0.0249452166404  24.0363133941
2.35125940656  274  229  229.269772584  3.91942017392  0.000755657163092  23.8663590404
2.35125940656  275  274  274.399649689  3.54867901547  0.0249000865726  23.6965685212
2.35125940656  275  318  318.38538442  3.56906288384  -0.0151514057432  23.5346927171
2.35125940656  275  362  361.487405475  3.61930205908  -0.0287423531307  23.3691593997
2.35125940656  275  404  403.594495489  3.65458350585  -0.0259046087919  23.2091368915
2.35125940656  275  445  444.873576216  3.54411055024  -0.00767496874898  23.0516825918
2.35125940656  275  485  485.07376722  3.36957553252  0.0107136951774  22.8933509161
2.35125940656  275  524  524.458082815  3.27588570042  -0.00919053463241  22.7420223841
2.35125940656  275  563  562.809945751  3.33930249412  -0.0854188045372  22.5872985143
2.35125940656  275  601  600.622010046  3.38134855631  -0.0324845435037  22.4392465445
2.35125940656  275  638  637.6088875  3.21293641157  -0.000404633791871  22.2897333161
2.35125940656  275  674  673.819570727  3.23365674216  -0.0033082667712  22.1438309074
2.35125940656  275  709  709.168467594  3.12034543524  0.00716082337114  22.0000765453
2.35125940656  275  744  743.830263939  3.1501877886  -0.00972605044295  21.8566462695
2.35125940656  275  778  777.769928986  2.99035658415  -0.0130909196907  21.7167951858
2.35125940656  274  811  811.099205074  3.12419057094  -0.0206714910663  21.5774828245
2.35125940656  274  844  843.694696421  3.08463278878  -0.0351633232639  21.4422534742
2.35125940656  274  876  875.771431225  2.96718741403  -0.00114707855672  21.3050614441
2.35125940656  273  907  907.244516429  3.01360245203  0.0327137264506  21.1726558299
2.35125940656  273  938  937.968455148  2.91917615845  0.0147836360351  21.0395169681
2.35125940656  273  968  968.156490446  2.85974220961  0.0034824718159  20.9105922238
2.35125940656  272  998  997.859435388  2.83695204297  -0.00212749387405  20.7812160306
2.61688840656  273  37  37.273762298  4.08951723643  0.0206068876048  24.5602636158
2.61688840656  274  87  87.05971686  3.92646680701  0.000600050244373  24.3841202962
2.61688840656  274  136  135.44505569  4.06893421078  -0.0700355366474  24.2066353213
2.61688840656  275  183  182.821665544  4.0889218096  -0.030149847882  24.0363133941
2.61688840656  275  229  229.301334485  4.03396728484  0.00788595275483  23.8663590404
2.61688840656  276  274  274.386250606  3.55654113214  0.0104534877709  23.6965685212
2.61688840656  276  318  318.341532893  3.58143256851  -0.0231864253255  23.5346927171
2.61688840656  276  362  361.465166122  3.66705419702  -0.027073405462  23.3691593997
2.61688840656  276  404  403.640027879  3.65914444066  -0.00815199481064  23.2091368915
2.61688840656  276  445  444.818229502  3.5698663806  -0.0315118567129  23.0516825918
2.61688840656  276  485  485.065975073  3.37106734134  0.0105888428621  22.8933509161
2.61688840656  276  524  524.431784697  3.20504085959  -0.0127258584548  22.7420223841
2.61688840656  276  563  562.81452831  3.33701102575  -0.0605066343469  22.5872985143
2.61688840656  276  601  600.664717462  3.30950337405  -0.0154701394326  22.4392465445
2.61688840656  276  638  637.611623474  3.14937249944  0.0119278680864  22.2897333161
2.61688840656  276  674  673.805369713  3.17891419418  0.00970950120084  22.1438309074
2.61688840656  276  709  709.175695841  3.15703193169  0.0160867216423  22.0000765453
2.61688840656  276  744  743.776227294  3.18653154269  -0.00199499837974  21.8566462695
2.61688840656  276  778  777.720542583  3.10889495198  -0.00472122074534  21.7167951858
2.61688840656  275  811  811.057856444  3.08556151634  -0.0274761977777  21.5774828245
2.61688840656  275  844  843.693465745  3.04465574346  -0.018268267845  21.4422534742
2.61688840656  275  876  875.755434779  3.0254788664  0.00112242874738  21.3050614441
2.61688840656  274  907  907.14977845  3.05456091776  0.01545705013  21.1726558299
2.61688840656  274  938  937.945487178  2.71066432037  -0.0386634821733  21.0395169681
2.61688840656  274  968  968.133753118  2.8395392602  0.0173337503122  20.9105922238
2.61688840656  273  998  997.759453431  2.80042614711  -0.00963676923822  20.7812160306
2.88251740656  274  37  37.3000101993  4.0425316781  0.00663763484691  24.5602636158
2.88251740656  275  87  87.0724116815  3.7691238931  -0.0115890200854  24.3841202962
2.88251740656  275  136  135.533076103  4.03697855578  -0.00463468345651  24.2066353213
2.88251740656  276  183  182.81569462  4.16417034768  -0.0429610040298  24.0363133941
2.88251740656  276  229  229.344328923  3.93406978282  0.0189114301283  23.8663590404
2.88251740656  277  274  274.386824939  3.54802472215  0.00613418138773  23.6965685212
2.88251740656  277  318  318.3424891  3.49426826485  -0.0223068915087  23.5346927171
2.88251740656  277  361  361.419600862  3.69646615658  -0.0377672307988  23.3691593997
2.88251740656  277  404  403.659288308  3.6327378794  -0.000450443976181  23.2091368915
2.88251740656  277  445  444.863774664  3.5495327243  0.0112056690108  23.0516825918
2.88251740656  277  485  485.05359259  3.40683916775  0.0132854053798  22.8933509161
2.88251740656  277  524  524.362857133  3.25841412872  -0.0213801100191  22.7420223841
2.88251740656  277  563  562.809241844  3.26130864881  -0.0552163231817  22.5872985143
2.88251740656  277  601  600.62828676  3.38937005106  -0.0238260116405  22.4392465445
2.88251740656  277  638  637.547193476  3.29239372373  -0.00822487326055  22.2897333161
2.88251740656  277  674  673.778011601  3.24095419719  0.0055089813552  22.1438309074
2.88251740656  277  709  709.126334334  3.08397886836  0.00630748553636  22.0000765453
2.88251740656  277  744  743.760564984  3.07459792129  0.00827696300851  21.8566462695
2.88251740656  276  778  777.685546936  3.12919944343  -0.0188485606023  21.7167951858
2.88251740656  276  811  811.016826515  3.13645221369  -0.0298390409355  21.5774828245
2.88251740656  276  844  843.688056453  3.08861244618  -0.0120669017061  21.4422534742
2.88251740656  276  876  875.695828287  2.97642232719  -0.00776042637717  21.3050614441
2.88251740656  275  907  907.098142663  3.0718662014  0.0130168537742  21.1726558299
2.88251740656  275  938  937.987720618  2.64605114492  0.00185844492612  21.0395169681
2.88251740656  275  968  968.110969298  2.86350681661  0.0112822102042  20.9105922238
2.88251740656  274  998  997.66024505  2.78684094159  -0.0207094947329  20.7812160306
3.14814640656  275  37  37.3299132992  3.99220109443  -0.001494504792  24.5602636158
3.14814640656  276  87  87.0710885181  3.79904488492  -0.00975127953625  24.3841202962
3.14814640656  276  135  135.393598144  3.9636687357  -0.0559910973882  24.2066353213
3.14814640656  277  183  182.871845937  4.1721011423  -0.0301775876533  24.0363133941
3.14814640656  277  229  229.284606153  3.88714962876  -0.00591204923564  23.8663590404
3.14814640656  278  274  274.369414492  3.61040140839  -0.00147223789198  23.6965685212
3.14814640656  278  318  318.322966586  3.55265065695  -0.0224802458733  23.5346927171
3.14814640656  278  361  361.410451463  3.71722607343  -0.0311363858285  23.3691593997
3.14814640656  278  404  403.6544332  3.63397820632  -0.00632451721938  23.2091368915
3.14814640656  278  445  444.839476872  3.51504565517  0.00968513191386  23.0516825918
3.14814640656  278  485  485.040361862  3.27786570139  0.00674848612853  22.8933509161
3.14814640656  278  524  524.320019892  3.20217850049  -0.0289940490588  22.7420223841
3.14814640656  278  563  562.819517074  3.28815043696  -0.0327588196127  22.5872985143
3.14814640656  278  601  600.587059033  3.41850475772  -0.0376490582289  22.4392465445
3.14814640656  278  638  637.480127134  3.35799029584  -0.0314512771893  22.2897333161
3.14814640656  278  674  673.804948115  3.2432374114  0.0182159110063  22.1438309074
3.14814640656  278  709  709.058746574  3.08301257532  0.00288569306412  22.0000765453
3.14814640656  278  744  743.715314172  3.07389941524  -0.00904519311158  21.8566462695
3.14814640656  277  778  777.649485114  3.10779142011  -0.0213204211941  21.7167951858
3.14814640656  277  811  810.957974325  3.1224174441  -0.0354237052954  21.5774828245
3.14814640656  277  844  843.660005012  3.08295183195  -0.00898708370917  21.4422534742
3.14814640656  277  876  875.664646643  2.99987141015  -0.013993343823  21.3050614441
3.14814640656  276  907  907.046113708  3.06778250103  0.000422510435749  21.1726558299
3.14814640656  276  938  938.016116574  2.79624593879  0.0938048832823  21.0395169681
3.14814640656  276  968  968.080316701  2.87828802931  0.0122383023392  20.9105922238
3.14814640656  275  998  997.6162447  2.75033440886  -0.0085919047814  20.7812160306
3.41377540656  276  37  37.3581466529  4.0511247187  0.00679827291194  24.5602636158
3.41377540656  277  87  87.0776168887  3.90975123615  -0.00308780215817  24.3841202962
3.41377540656  277  135  135.409105383  4.01234597856  -0.0495321849462  24.2066353213
3.41377540656  278  183  182.957410309  4.33077126787  -0.0349937781687  24.0363133941
3.41377540656  278  229  229.301034013  3.92961334739  -0.0076986144419  23.8663590404
3.41377540656  279  274  274.36709576  3.61213109486  -0.00408587940588  23.6965685212
3.41377540656  279  318  318.334731265  3.59119156792  -0.0227196309618  23.5346927171
3.41377540656  279  362  361.430324552  3.77483672136  -0.0206200614744  23.3691593997
3.41377540656  279  404  403.660135655  3.66128386004  0.00230997250339  23.2091368915
3.41377540656  279  445  444.836009744  3.48687919966  0.010368653957  23.0516825918
3.41377540656  279  485  485.014724751  3.31099049801  0.00225660051213  22.8933509161
3.41377540656  279  524  524.317562358  3.26773414413  -0.0102803323416  22.7420223841
3.41377540656  279  563  562.798002593  3.32076271208  -0.0311883001127  22.5872985143
3.41377540656  279  601  600.581052244  3.41934795905  -0.0314030594466  22.4392465445
3.41377540656  279  638  637.529190872  3.37996888283  -0.00665663772027  22.2897333161
3.41377540656  279  674  673.762171058  3.22289923156  0.0161828185356  22.1438309074
3.41377540656  279  709  709.023035845  3.1214143483  0.00518601342339  22.0000765453
3.41377540656  279  744  743.68916863  3.08146323947  -0.0180291298059  21.8566462695
3.41377540656  278  778  777.611808186  3.05971646659  -0.0255756876904  21.7167951858
3.41377540656  278  811  810.904890383  3.15157576278  -0.0406931865597  21.5774828245
3.41377540656  278  844  843.629777541  3.15144931146  -0.00505766480351  21.4422534742
3.41377540656  278  876  875.65006609  3.0434456099  -0.00421409236035  21.3050614441
3.41377540656  277  907  907.034792984  3.09399341212  0.0120352570438  21.1726558299
3.41377540656  277  937  937.699299884  3.54980517357  -0.0449495619733  21.0395169681
3.41377540656  277  968  968.044669956  2.88586854598  0.0109764071005  20.9105922238
3.41377540656  276  998  997.610863153  2.78909279282  0.00311029768587  20.7812160306
3.67940440656  277  2  1.47478466136  0.0824071207799  -0.733578689801  24.5602636158
3.67940440656  277  38  37.4244839007  4.11648696042  0.00926139589279  24.7390622607
3.67940440656  278  87  87.147446795  3.89356176679  -0.013326468844  24.3841202962
3.67940440656  278  136  135.501410697  4.11333273459  -0.0507598900084  24.2066353213
3.67940440656  279  183  183.046460685  4.302333866  -0.0298457746869  24.0363133941
3.67940440656  279  229  229.366765168  3.97636852928  0.000332064303133  23.8663590404
3.67940440656  280  274  274.482843717  3.58736742472  0.0418157416532  23.6965685212
3.67940440656  280  318  318.315585314  3.70874171096  -0.0287057704655  23.5346927171
3.67940440656  280  362  361.462557234  3.95638202519  -0.00255352091638  23.3691593997
3.67940440656  280  404  403.684085514  3.71451745317  0.00254789957321  23.2091368915
3.67940440656  280  445  444.821673806  3.54357187072  -0.0217662127179  23.0516825918
3.67940440656  280  485  485.025314407  3.42227969728  0.00721471119193  22.8933509161
3.67940440656  280  524  524.313301718  3.34287997838  -0.00412081701039  22.7420223841
3.67940440656  280  563  562.787111634  3.33839903539  -0.00323992764334  22.5872985143
3.67940440656  280  601  600.605442959  3.50454958975  -0.0107459608695  22.4392465445
3.67940440656  280  638  637.583561945  3.48745233793  0.00588749017158  22.2897333161
3.67940440656  280  674  673.767744072  3.30056748478  0.0213075292835  22.1438309074
3.67940440656  280  709  709.037810373  3.30592967135  0.00532362723515  22.0000765453
3.67940440656  280  744  743.665607416  3.38801016916  -0.0189661150215  21.8566462695
3.67940440656  279  778  777.625864673  3.13316305847  -0.00800415626336  21.7167951858
3.67940440656  279  811  810.91905053  3.2313788597  -0.0233645978752  21.5774828245
3.67940440656  279  844  843.645911181  3.33039990151  0.0111545162684  21.4422534742
3.67940440656  279  876  875.705443437  3.21193901914  0.0169345480172  21.3050614441
3.67940440656  278  907  907.05595541  3.1739089184  0.0212744374493  21.1726558299
3.67940440656  278  937  936.639816134  1.04098648513  -0.355271856397  21.0395169681
3.67940440656  278  968  968.096401095  3.24205920629  0.125626213365  20.9105922238
3.67940440656  277  998  997.596216578  2.84974775457  0.00446248536541  20.7812160306
