# Band 2B   Etalon 1A   Slice 15
# Distortion map version 06.04.00 - date 2018-10-09
# Trace (isoalpha): Take pixel trace along specified slice, specified alpha position trace is built by taking the pixel in every detector row with alpha value closest to the one specified 
# xpos[i] = np.argmin(alpha_img[i,:])+funcs.find_nearest(alpha_img[i,:][(slice_img[i,:]!=0)],alpha_pos)
#    alpha       x  y      center         FWHM          skewness
0.0  843  10  9.93747173649  1.89693999466  0.116148008323
0.0  843  24  23.5379411744  1.96762087053  -0.0364854294132
0.0  844  37  37.4068077226  1.87125872446  0.0319898963646
0.0  845  51  51.3998445616  1.8939559829  0.0273155832144
0.0  845  65  65.4644943149  1.97612345836  0.0350833664047
0.0  846  80  79.6210859515  1.95241036417  0.0169835699388
0.0  847  94  93.9969489124  1.98266259617  0.0394278902129
0.0  847  108  108.364243803  1.92159362519  0.0538747186041
0.0  848  123  122.953981705  1.96832654838  0.0450843335728
0.0  849  138  137.678040328  1.92885954059  0.0465533515229
0.0  849  152  152.48196571  1.86245620485  0.0865908766531
0.0  850  167  167.478736343  1.84347057097  0.070427951137
0.0  850  183  182.517790768  1.79621803818  0.0508137973361
0.0  851  198  197.772707293  1.97961233653  0.00330298892557
0.0  851  213  213.127077933  2.0447628096  0.0180627743285
0.0  852  229  228.662529673  2.04580654483  -0.0244331032645
0.0  852  244  244.302522087  2.10775655236  0.0126081634912
0.0  853  260  260.126710774  2.19249103374  0.00256324433433
0.0  853  276  276.011734182  2.2490519148  0.013967873747
0.0  853  292  292.05024741  2.29435319814  0.0147042737765
0.0  854  308  308.348430465  2.20976546312  0.0784355441411
0.0  854  325  324.647177213  2.19683790992  0.0592488387061
0.0  855  341  341.2678912  2.2786308898  0.119528666381
0.0  855  358  357.899966201  2.33583438548  0.0620613149457
0.0  855  375  374.705942583  2.30117556634  0.0243474208506
0.0  855  392  391.699785879  2.36553556815  -0.00877106842609
0.0  856  409  408.945551338  2.50583452792  -0.0264197658794
0.0  856  426  426.298149305  2.54286336412  -0.00921737131827
0.0  856  444  443.740485659  2.62677308647  -0.0343692044527
0.0  856  461  461.397798518  2.6930233767  -0.00496322793165
0.0  856  479  479.20177285  2.77437307871  0.0202489540479
0.0  856  497  497.185261624  2.84193318516  0.0433870894116
0.0  856  515  515.331325932  2.85151536623  0.0669365333472
0.0  856  534  533.641399776  2.93260886321  0.0605292261817
0.0  856  552  552.216104458  3.02729399819  0.0711206046765
0.0  856  571  570.934043884  3.18379443803  0.0327556683144
0.0  856  590  589.889101758  3.31911021913  0.00218506080723
0.0  856  609  608.9973536  3.47633749258  -0.0248696338655
0.0  856  628  628.333301913  3.62334307273  -0.025699600869
0.0  856  648  647.766899135  3.64659366511  -0.0584849927352
0.0  856  667  667.489184968  3.79446302217  -0.0315127177242
0.0  855  687  687.268009311  3.93902844489  -0.0189193854482
0.0  855  707  707.301051523  4.08465616198  -0.00137363110716
0.0  855  727  727.513678865  4.18933991885  0.0138068728721
0.0  854  748  747.887202018  4.41772744189  0.0214075443481
0.0  854  769  769.821439582  0.205852038256  10.0303831822
0.0  853  789  789.33823576  5.13582479317  0.0390654764766
0.0  853  811  811.795962425  0.185635750041  10.485941513
0.0  852  832  831.754589002  6.3607355055  0.025694663504
0.0  852  853  853.41921996  7.09479689776  0.0319634367917
0.0  851  875  875.268455415  7.84049972338  0.0173188712774
0.0  850  897  897.369845351  8.45193949655  0.0117622224411
0.0  849  920  919.670726734  9.27715552809  -0.00847375417142
0.0  849  942  942.330377093  9.58268770962  -0.00298738840511
0.0  848  965  965.072097841  9.87707167626  -0.0079935197806
0.0  847  988  988.142269091  10.3442388165  -0.0120720807842
0.0  846  1011  1011.31615734  10.2045208778  -0.00810028563202
-1.83202103118  852  11  11.0137341233  1.89089513108  0.0417072593374
-1.83202103118  853  25  24.7406684112  1.95524151412  0.146222496474
-1.83202103118  853  39  38.5156865339  1.87010319231  0.054518967649
-1.83202103118  854  52  52.4813881281  1.89107783692  0.042777470529
-1.83202103118  855  67  66.5526563381  1.76931283217  0.0588311516319
-1.83202103118  855  81  80.6843065805  1.9313511082  0.0291453932381
-1.83202103118  856  95  95.0190544462  1.94125427069  0.0312062682294
-1.83202103118  856  109  109.283535313  1.84743275373  0.0229863050361
-1.83202103118  857  124  124.004203722  1.95184544633  0.0707802958149
-1.83202103118  858  139  138.703408593  1.85338658093  0.0444978327884
-1.83202103118  858  153  153.475827221  1.85766489984  0.0715878954284
-1.83202103118  859  168  168.478268146  1.83294771378  0.0618480439553
-1.83202103118  859  183  183.492763148  1.84800853204  0.0551851653705
-1.83202103118  860  199  198.750032124  1.96082547866  -0.0117463699254
-1.83202103118  860  214  214.101438318  2.06643566235  0.0314263317202
-1.83202103118  861  230  229.619676819  2.02226311637  -0.0145190479784
-1.83202103118  861  245  245.23626484  2.1348093626  0.012902924382
-1.83202103118  862  261  261.040700157  2.16291295774  0.00230430792594
-1.83202103118  862  277  276.910529011  2.20215698321  0.0051503598908
-1.83202103118  863  293  293.07231389  2.22801221712  0.0917777021941
-1.83202103118  863  309  309.217337996  2.22905548341  0.0617853361409
-1.83202103118  863  326  325.531053417  2.19912007928  0.0739706762827
-1.83202103118  864  342  342.138680554  2.27772455932  0.0676110015548
-1.83202103118  864  359  358.73110564  2.2647934632  0.0197628018966
-1.83202103118  864  376  375.562345219  2.28065202373  0.021129088729
-1.83202103118  864  393  392.557517505  2.32849861688  0.0309844120646
-1.83202103118  865  410  409.745063721  2.43967517176  -0.0372408009054
-1.83202103118  865  427  427.082140556  2.53941373962  -0.0109413732688
-1.83202103118  865  445  444.528208661  2.54451926288  -0.0279094164687
-1.83202103118  865  462  462.174695841  2.68111408354  0.00963747053425
-1.83202103118  865  480  479.946793966  2.78841606493  0.0112438992492
-1.83202103118  865  498  497.914304802  2.84331174919  0.0357092693072
-1.83202103118  865  516  516.026616391  2.92954468967  0.0565670814153
-1.83202103118  866  534  534.480986976  2.88357374214  0.072209768787
-1.83202103118  865  553  553.127375567  2.52637456003  -0.00856119281657
-1.83202103118  865  572  571.622628062  3.17731386019  0.023682015902
-1.83202103118  865  591  590.550127928  3.2810755897  -0.00674112858222
-1.83202103118  865  610  609.668235725  3.41702221816  -0.0240536566868
-1.83202103118  865  629  628.950981421  3.47746105228  -0.0311763611153
-1.83202103118  865  648  648.428955433  3.65475989046  -0.0148444423281
-1.83202103118  865  668  668.077763356  3.74863976856  -0.0047849493002
-1.83202103118  864  688  687.83898464  3.99960462977  -0.0431446241381
-1.83202103118  864  708  707.878163985  4.0730041854  0.00392477780095
-1.83202103118  864  728  728.101304041  4.20211213785  0.03251921199
-1.83202103118  863  748  748.438618459  4.39954936743  0.0175730201308
-1.83202103118  863  769  769.06885243  4.70689629622  0.047300412322
-1.83202103118  862  790  790.022578247  4.4088606903  -0.022878125919
-1.83202103118  862  811  810.979757456  5.70245296032  0.0497267217512
-1.83202103118  861  832  832.22546308  6.12678449901  -0.000967967372146
-1.83202103118  861  854  853.838717801  7.21428822677  0.0133799503484
-1.83202103118  860  876  875.728409583  7.60949016698  0.0276348992238
-1.83202103118  859  898  897.727184028  8.00560226082  -0.0209844710473
-1.83202103118  858  920  920.418014478  8.08297770941  -0.0156280265765
-1.83202103118  858  943  942.925512943  10.4751329983  -0.0199804190393
-1.83202103118  857  965  965.39904216  10.8537266041  -0.0209018249698
-1.83202103118  856  988  988.341234889  11.010690631  -0.0180085172026
-1.83202103118  855  1011  1011.71789414  11.6287631058  -0.0207997697661
-1.63798103118  851  11  10.889128118  1.86393621067  0.0433024573313
-1.63798103118  852  25  24.630097337  1.82722038277  0.037708464144
-1.63798103118  852  38  38.4039846365  1.88064831818  0.050740936213
-1.63798103118  853  52  52.3805840332  1.92500100727  0.0432694190779
-1.63798103118  854  66  66.4724543529  1.8759623851  0.037291850146
-1.63798103118  854  81  80.5707579114  1.94124663819  0.0218779361755
-1.63798103118  855  95  94.9188061855  1.96468161387  0.0336492091523
-1.63798103118  856  109  109.380112897  2.09657797055  0.0927439497085
-1.63798103118  856  124  123.890982582  1.96031667156  0.0600020675449
-1.63798103118  857  139  138.599179967  1.88934918814  0.0528831742051
-1.63798103118  857  153  153.369938588  1.88406936871  0.0869250408816
-1.63798103118  858  168  168.392670114  1.88174000347  0.100872513643
-1.63798103118  858  183  183.404596705  1.87253274353  0.0654838226868
-1.63798103118  859  199  198.653494745  1.92270403065  0.0170471713235
-1.63798103118  859  214  213.962667789  2.05402859912  -0.00173753094238
-1.63798103118  860  230  229.521207028  2.04164963501  -0.00730889049511
-1.63798103118  860  245  245.109417281  2.18901697609  -0.00799593990886
-1.63798103118  861  261  260.943620947  2.2184387366  -0.00454313077282
-1.63798103118  861  277  276.814696701  2.19907513322  0.000414212666598
-1.63798103118  862  293  292.950749187  2.24976309072  0.0364853322338
-1.63798103118  862  309  309.116571053  2.25910081282  0.0583683172132
-1.63798103118  862  325  325.443860478  2.22428642994  0.0878336011414
-1.63798103118  863  342  342.015336089  2.30941044769  0.0722842741247
-1.63798103118  863  359  358.640259158  2.20674057561  0.0453663755635
-1.63798103118  863  375  375.468813925  2.23587995857  0.0388374515966
-1.63798103118  864  393  392.50264665  2.36273596752  0.0107552500184
-1.63798103118  864  410  409.668941793  2.48444117452  -0.0360842409952
-1.63798103118  864  427  426.977285823  2.56324827323  -0.0364491276532
-1.63798103118  864  444  444.459586313  2.5514387617  -0.0184389517207
-1.63798103118  864  462  462.076178443  2.7171764635  -0.00104144286918
-1.63798103118  864  480  479.856516838  2.76958797192  0.00649859432096
-1.63798103118  864  498  497.824854698  2.79693258841  0.0370620137803
-1.63798103118  865  516  516.026616391  2.92954468967  0.0565670814153
-1.63798103118  865  534  534.383091057  2.94775397182  0.0793576295519
-1.63798103118  865  553  552.878000283  3.04046246581  0.0470188567452
-1.63798103118  864  572  571.585716919  3.15813298005  0.0173796725266
-1.63798103118  864  590  590.471958442  3.31606423075  0.0109520758772
-1.63798103118  864  610  609.581461523  3.46051121963  -0.0284033017703
-1.63798103118  864  629  628.858760856  3.53774065459  -0.0452092986697
-1.63798103118  864  648  648.367102171  3.63319592755  -0.02462799803
-1.63798103118  864  668  667.999287361  3.83068329268  -0.0352096016899
-1.63798103118  863  688  687.820176466  3.86036542609  -0.0302006808141
-1.63798103118  863  708  707.791824232  4.04052898015  -0.00835206090448
-1.63798103118  863  728  728.007243084  4.23503319419  0.0144014021468
-1.63798103118  862  748  748.36157763  4.38878312809  0.0221906592733
-1.63798103118  862  769  768.974086063  4.69247274153  0.0334943712546
-1.63798103118  862  790  789.823042159  5.1175305216  0.0358636159703
-1.63798103118  861  811  810.869081476  5.68976699034  0.0347292710315
-1.63798103118  860  832  832.215827823  6.28976753089  0.0240230412417
-1.63798103118  860  854  853.775488036  7.14026309018  0.0168517366281
-1.63798103118  859  876  875.649709572  7.76409305617  0.00937705313884
-1.63798103118  858  898  897.694811801  8.40824348242  -0.0104907343883
-1.63798103118  858  920  920.14089214  9.08829496197  0.000617361320105
-1.63798103118  857  943  942.646574133  9.61945833278  -0.0171749644202
-1.63798103118  856  965  965.399480616  9.86223621252  -0.000571768629665
-1.63798103118  855  988  988.480246859  10.6543171221  0.000893822133437
-1.63798103118  854  1012  1011.56211917  10.931313191  -0.0298941860274
-1.44394103118  850  11  10.7622801294  1.81634298328  0.0399602787629
-1.44394103118  851  25  24.5223861477  1.82977321524  0.0524042518968
-1.44394103118  851  38  38.2736599554  1.910305871  0.0491516242561
-1.44394103118  852  52  52.2593493682  1.9405308296  0.0428260547681
-1.44394103118  853  66  66.3615241574  1.92985869706  0.0369923127373
-1.44394103118  853  80  80.4512210505  1.92774413871  0.0269777607887
-1.44394103118  854  95  94.7982142497  1.94121999966  0.034638287993
-1.44394103118  855  109  109.30908192  1.94259723946  0.0946051409211
-1.44394103118  855  124  123.755658601  1.93499936352  0.0437576738819
-1.44394103118  856  138  138.500070264  1.88190217647  0.0682735122984
-1.44394103118  856  153  153.258178012  1.92948947867  0.086655261586
-1.44394103118  857  168  168.276952824  1.92769228893  0.101554383161
-1.44394103118  857  183  183.29798281  1.9344629162  0.0754595574939
-1.44394103118  858  199  198.543316389  1.89389638981  0.0203207738024
-1.44394103118  858  214  213.837469695  2.03329500464  -0.0329505554674
-1.44394103118  859  229  229.422631066  2.04107186848  0.00205980697801
-1.44394103118  859  245  244.993129529  2.15536763434  -0.0162435314244
-1.44394103118  860  261  260.829397832  2.202847844  -0.0170019850292
-1.44394103118  860  277  276.699622025  2.19396921612  -0.00452810576239
-1.44394103118  861  293  292.827243238  2.25044203364  0.0249339118522
-1.44394103118  861  309  308.995974339  2.27401697785  0.0477379762562
-1.44394103118  861  325  325.345251752  2.2259826332  0.0871937014158
-1.44394103118  862  342  341.904041876  2.31815162879  0.0619702937296
-1.44394103118  862  359  358.557654451  2.17708398972  0.0571554944367
-1.44394103118  862  375  375.394555496  2.28681409025  0.0564674349776
-1.44394103118  863  392  392.463039176  2.2987099653  0.0304475139382
-1.44394103118  863  410  409.579152403  2.43096826613  -0.0420039553371
-1.44394103118  863  427  426.870315335  2.55547600728  -0.0406451943454
-1.44394103118  863  444  444.365202514  2.58352098197  -0.0164369001985
-1.44394103118  863  462  461.988560077  2.73214589763  -0.00124834178558
-1.44394103118  863  480  479.772715101  2.78059094546  0.0101677661134
-1.44394103118  864  498  497.834419253  2.80095191594  0.0448946824456
-1.44394103118  864  516  515.941067354  2.87654808102  0.0559833340797
-1.44394103118  864  534  534.295300173  2.97172729366  0.0824888999298
-1.44394103118  864  553  552.797074259  3.05404024847  0.0503922645501
-1.44394103118  864  572  572.823556263  0.0327940047823  9.44741410362
-1.44394103118  863  590  590.390119557  3.32816145344  0.0123248764107
-1.44394103118  863  610  609.512719921  3.43943686034  -0.0271654486199
-1.44394103118  863  629  628.798173327  3.55300026371  -0.0456072550428
-1.44394103118  863  648  648.294618255  3.6730579108  -0.0331084866825
-1.44394103118  863  668  667.929188295  3.82975195599  -0.041484146744
-1.44394103118  863  688  687.779749475  3.90578039575  -0.0162642433103
-1.44394103118  862  708  707.738083908  4.06117609389  -0.00672949833666
-1.44394103118  862  728  727.948638163  4.22997671835  0.0114078813517
-1.44394103118  861  748  748.325685632  4.33331393729  0.0290569984209
-1.44394103118  861  769  768.911369953  4.66493923848  0.0337518179664
-1.44394103118  861  790  789.755125473  5.06212756822  0.0371817753421
-1.44394103118  860  811  810.806595701  5.70785499626  0.0342586245459
-1.44394103118  859  832  832.13797416  6.35430751972  0.0326548102631
-1.44394103118  859  854  853.716870735  7.09273315962  0.014680301639
-1.44394103118  858  876  875.541987503  7.88649052367  0.00359358141521
-1.44394103118  857  898  897.650537231  8.57290715622  -0.00173681050177
-1.44394103118  857  920  920.04604922  9.02644784574  -0.00287174533003
-1.44394103118  856  942  942.657373498  9.47551845257  0.0100557134293
-1.44394103118  855  965  965.386078921  9.95925303351  -0.00255274177434
-1.44394103118  854  988  988.445778036  10.6096835711  0.00120629767026
-1.44394103118  853  1012  1011.5623847  10.9790617062  -0.0333045229131
-1.24990103118  849  11  10.6453755398  1.81391846023  0.060788920379
-1.24990103118  850  24  24.4067043541  1.81320522338  0.0638913915113
-1.24990103118  850  38  38.1419950924  1.93094749059  0.0349093448812
-1.24990103118  851  52  52.1291609965  1.94661150647  0.0344759310329
-1.24990103118  852  66  66.2400752921  1.93994461932  0.0374576272108
-1.24990103118  852  80  80.3429171416  1.94026932706  0.0349695168704
-1.24990103118  853  95  94.6791323866  1.93651230396  0.031051070624
-1.24990103118  854  109  109.170568202  1.95652188568  0.0607408879459
-1.24990103118  854  124  123.630113323  1.91760591981  0.0356697406903
-1.24990103118  855  138  138.390208603  1.91755296762  0.0874315668781
-1.24990103118  855  153  153.137903603  1.93973824459  0.0832062365313
-1.24990103118  856  168  168.164869639  1.94829468739  0.0905585690125
-1.24990103118  856  183  183.165199924  1.99349572917  0.0251884107981
-1.24990103118  857  198  198.453977055  1.89111395843  0.0524258485911
-1.24990103118  857  214  213.769376142  2.18187874739  -0.0269707582415
-1.24990103118  858  229  229.315379212  2.06395397613  0.0101608698776
-1.24990103118  858  245  244.868101382  2.14797398071  -0.0369058350714
-1.24990103118  859  261  260.724085031  2.16108648506  -0.0163387481834
-1.24990103118  859  277  276.60989383  2.1679363018  0.00236320775227
-1.24990103118  860  293  292.718334731  2.21697274743  0.0177504092757
-1.24990103118  860  309  308.885851874  2.2777586184  0.0355765000759
-1.24990103118  860  325  325.24394128  2.27225456652  0.0839000708966
-1.24990103118  861  342  341.795750552  2.29024174009  0.0519253443828
-1.24990103118  861  358  358.47457398  2.19103978975  0.0863580221301
-1.24990103118  861  375  375.303819026  2.33303326908  0.0630594189117
-1.24990103118  862  392  392.377866686  2.35004340285  0.0338406223003
-1.24990103118  862  409  409.498865451  2.40825407781  -0.00873562838124
-1.24990103118  862  427  426.783213773  2.51737947416  -0.0465734699259
-1.24990103118  862  444  444.277889785  2.61257333307  -0.0100429797951
-1.24990103118  862  462  461.897372811  2.73444869849  -0.00809982026189
-1.24990103118  862  480  479.678703344  2.7870638011  0.00814833934266
-1.24990103118  863  498  497.728052925  2.82891362982  0.0306956815451
-1.24990103118  863  516  515.850728571  2.88124282862  0.0476499168463
-1.24990103118  863  534  534.205241889  2.94793368932  0.0785988898501
-1.24990103118  863  553  552.706741484  3.031978169  0.0495095873363
-1.24990103118  863  571  571.45038528  3.15930561468  0.0396170556983
-1.24990103118  863  590  590.370734317  3.25375179813  0.0193096440739
-1.24990103118  862  609  609.442197801  3.48753937067  -0.0123477846181
-1.24990103118  862  629  628.721147482  3.5434351826  -0.0499415609928
-1.24990103118  862  648  648.207143971  3.67322409588  -0.0371772384625
-1.24990103118  862  668  667.870083497  3.84162995249  -0.0369101244046
-1.24990103118  862  688  687.718683433  3.96170654952  -0.0228307070039
-1.24990103118  861  708  707.676967948  4.07530525685  -0.00929365028223
-1.24990103118  861  728  727.871345929  4.21225546618  0.0121686532376
-1.24990103118  861  748  748.304830051  4.35545961677  0.030283416007
-1.24990103118  860  769  768.870154277  4.66302188369  0.0375037056833
-1.24990103118  860  790  789.73609894  5.08071706511  0.0405546531277
-1.24990103118  859  811  810.717937552  5.69490171353  0.0329003219681
-1.24990103118  858  832  832.10054303  6.30260495221  0.0306929561928
-1.24990103118  858  854  853.679846963  7.09909761698  0.0136435653578
-1.24990103118  857  876  875.497838162  7.94698458152  5.79623744341e-05
-1.24990103118  856  898  897.629881713  8.50909533971  -0.00572460320631
-1.24990103118  856  920  919.972072725  8.92085988362  -0.000726047823532
-1.24990103118  855  942  942.583150077  9.53793234537  0.00269293998461
-1.24990103118  854  965  965.350241615  10.0922379402  -0.00193912373527
-1.24990103118  853  988  988.354101915  10.3444912198  -0.00581093336157
-1.24990103118  852  1011  1011.58684645  10.2862632281  -0.00363541599716
-1.05586103118  848  11  10.527304332  1.78868985172  0.0623328611495
-1.05586103118  849  24  24.2760959826  1.85418635062  0.055313659943
-1.05586103118  849  38  37.9898576641  1.94965209375  -0.0240172623772
-1.05586103118  850  52  51.9899230823  1.9522145567  0.0211785941686
-1.05586103118  851  66  66.1136356415  1.95321863187  0.033667033857
-1.05586103118  851  80  80.2270742303  1.95928486527  0.0354111601852
-1.05586103118  852  95  94.5629021791  1.91787179407  0.0372479494788
-1.05586103118  853  109  109.034101576  1.99059140974  0.0465294630196
-1.05586103118  853  124  123.522233985  1.90067262484  0.0476018040669
-1.05586103118  854  138  138.289988133  1.93245015519  0.097043990901
-1.05586103118  854  153  153.01500555  1.95276241353  0.0651839206693
-1.05586103118  855  168  168.028431538  1.96548183129  0.0752351369046
-1.05586103118  856  183  183.133678046  2.107943065  0.059210532982
-1.05586103118  856  198  198.355884988  1.94768001393  0.0644291536923
-1.05586103118  857  214  213.740407619  2.04296112909  0.0364164539746
-1.05586103118  857  229  229.212075234  2.12020826222  0.0176648878508
-1.05586103118  857  245  244.806646641  2.27785867643  -0.0441609586399
-1.05586103118  858  261  260.617191448  2.13446343732  -0.0143608867626
-1.05586103118  858  277  276.507580249  2.13342867284  0.00849068760009
-1.05586103118  859  293  292.626397787  2.18130743411  0.0268592023327
-1.05586103118  859  309  308.787285102  2.24509012011  0.0372829038601
-1.05586103118  859  325  325.131722156  2.30046532246  0.0734516777159
-1.05586103118  860  342  341.703063287  2.26248030333  0.0570625077379
-1.05586103118  860  358  358.39248853  2.22051306916  0.0988255539963
-1.05586103118  860  375  375.201293882  2.36516094064  0.0516450355826
-1.05586103118  861  392  392.283747129  2.38630554188  0.02795930427
-1.05586103118  861  409  409.412853878  2.40069486852  -0.00528828094352
-1.05586103118  861  427  426.700664924  2.51007625532  -0.0447547515908
-1.05586103118  861  444  444.17964702  2.63994110089  -0.0159873183967
-1.05586103118  861  462  461.799104584  2.72096811032  -0.0170519550609
-1.05586103118  862  480  479.620880544  2.83111572517  -0.00195014486678
-1.05586103118  862  498  497.648212375  2.81690783354  0.0328029758906
-1.05586103118  862  516  515.766181906  2.88645704373  0.0465074803413
-1.05586103118  862  534  534.131196375  2.95746688605  0.0794766881826
-1.05586103118  862  553  552.62750147  3.00594715307  0.0494126680687
-1.05586103118  862  571  571.390598818  3.17052677376  0.0461598841674
-1.05586103118  862  590  590.313565442  3.31006192903  0.00913263207904
-1.05586103118  861  609  609.369282456  3.50101755802  -0.0145397630678
-1.05586103118  861  629  628.641576141  3.5431511788  -0.0503959055815
-1.05586103118  861  648  648.13832895  3.66989449748  -0.0396812402423
-1.05586103118  861  668  667.797402285  3.77621023726  -0.0411130118135
-1.05586103118  861  688  687.650000161  3.90819485965  -0.0268841154598
-1.05586103118  860  708  707.602121794  4.04326396376  -0.0084337792983
-1.05586103118  860  728  727.812712287  4.1825022654  0.0109282363604
-1.05586103118  860  748  748.265601428  4.37238648311  0.0366128044895
-1.05586103118  859  769  768.805579232  4.64668209666  0.0342101204061
-1.05586103118  859  790  789.646825346  5.06578954644  0.0342003400941
-1.05586103118  858  811  810.684072042  5.65031674092  0.0326154924331
-1.05586103118  858  832  832.021179212  6.34384213406  0.0310438107105
-1.05586103118  857  854  853.611122089  7.09914080361  0.0131296020918
-1.05586103118  856  876  875.315834045  0.0529701825934  -4.94761243698
-1.05586103118  855  898  897.517457282  8.63458785839  -0.00172425422092
-1.05586103118  855  920  919.977030699  9.10574663111  -0.00504187912647
-1.05586103118  854  942  942.530028412  9.56245805602  0.0051438578044
-1.05586103118  853  965  965.279448801  10.1212549346  -0.00798472585085
-1.05586103118  852  988  988.255844598  10.2717656271  -0.00657640744722
-1.05586103118  851  1011  1011.50915345  10.3716303692  -0.00987389323278
-0.861821031175  847  10  10.4148193137  1.79666778539  0.0787602979334
-0.861821031175  848  24  24.1498676899  1.89533265917  0.0455563539887
-0.861821031175  848  38  37.9414392984  2.04970937646  0.0195447845233
-0.861821031175  849  52  51.871542639  1.93441081189  0.0223474033829
-0.861821031175  850  66  65.9838377474  1.96545919324  0.022574461657
-0.861821031175  850  80  80.0880334423  1.98441524491  -0.0192978423938
-0.861821031175  851  94  94.457953898  1.91045957689  0.0543231284745
-0.861821031175  852  109  108.915823875  1.96806882711  0.0394113970902
-0.861821031175  852  123  123.414639734  1.92077344794  0.0578089929209
-0.861821031175  853  138  138.169359624  1.95604273672  0.0919749381404
-0.861821031175  853  153  152.867369926  1.91258759424  0.0181659024936
-0.861821031175  854  168  167.90043053  1.98192044129  0.0556475136938
-0.861821031175  855  183  183.055272259  1.96659337469  0.0778672787548
-0.861821031175  855  198  198.244085199  1.98678166513  0.0573434791405
-0.861821031175  856  214  213.615264107  1.95617038762  -0.0089808898995
-0.861821031175  856  229  229.090465256  2.12524332962  -0.000124375196566
-0.861821031175  857  245  244.707166466  2.19619891321  -0.0345199349061
-0.861821031175  857  261  260.523997652  2.12525754444  -0.00307528887854
-0.861821031175  857  276  276.428748108  2.14716377624  0.0313411612153
-0.861821031175  858  293  292.528394532  2.16143070914  0.0310857177619
-0.861821031175  858  309  308.69966236  2.19954300576  0.0423655563317
-0.861821031175  858  325  325.099818796  2.39668190382  0.0745534312722
-0.861821031175  859  342  341.608804794  2.24255697175  0.0658932996047
-0.861821031175  859  358  358.294526703  2.30287543822  0.0896025318929
-0.861821031175  859  375  375.085373155  2.38148302692  0.0371039441141
-0.861821031175  860  392  392.18824356  2.43845740866  0.0256678330637
-0.861821031175  860  409  409.320646575  2.42381283449  -0.00795330088055
-0.861821031175  860  427  426.599302605  2.5134826725  -0.0491063601916
-0.861821031175  860  444  444.083387196  2.65634180697  -0.0236290530314
-0.861821031175  860  462  461.705431068  2.71404593447  -0.0247021291652
-0.861821031175  861  480  479.589829343  2.72867773272  0.00457705677894
-0.861821031175  861  498  497.559437165  2.8067111229  0.0285339709146
-0.861821031175  861  516  515.690616468  2.86621692502  0.0524252477233
-0.861821031175  861  534  534.042758945  2.98119538372  0.0694901283702
-0.861821031175  861  553  552.557454676  3.01794836074  0.048391038666
-0.861821031175  861  571  571.29776513  3.16860610819  0.0393084744434
-0.861821031175  861  590  590.247887486  3.30533537326  0.0127299317688
-0.861821031175  860  609  609.293099246  3.4711837682  -0.0159271348475
-0.861821031175  860  629  628.576886694  3.56230356542  -0.0464944464991
-0.861821031175  860  648  648.097553601  3.7263916013  -0.0333884767142
-0.861821031175  860  668  667.73110087  3.79061735831  -0.0418456936068
-0.861821031175  860  688  687.576874464  3.91021605683  -0.0272716684395
-0.861821031175  859  708  708.847872493  0.0368303857779  9.53187466281
-0.861821031175  859  728  727.753471941  4.17137895153  0.00921929317771
-0.861821031175  859  748  748.209986561  4.38594441042  0.0321296249219
-0.861821031175  858  769  768.717822941  4.65938401353  0.0273353466543
-0.861821031175  858  790  789.586037426  5.07314828122  0.0341476433279
-0.861821031175  857  811  810.629838372  5.64353515353  0.0287741139996
-0.861821031175  857  832  831.982754916  6.33149185223  0.0293633715306
-0.861821031175  856  854  853.555046379  6.97851169502  0.0141252176389
-0.861821031175  855  875  875.410535613  7.8702549862  0.0239820142804
-0.861821031175  855  897  897.574059014  8.64199130418  0.0199682792992
-0.861821031175  854  920  919.897659183  9.10456086158  -0.00587961327507
-0.861821031175  853  942  942.465503336  9.54327078135  -0.000465917025553
-0.861821031175  852  965  965.279589322  9.90735769498  -0.00596961756314
-0.861821031175  851  988  988.22762  10.2847775853  -0.00713733469256
-0.861821031175  850  1011  1011.48438439  10.3516602803  -0.0101611733227
-0.667781031175  846  10  10.2969562594  1.81893792277  0.0808576330327
-0.667781031175  847  24  24.0171125039  1.90812595526  0.0362536218649
-0.667781031175  848  38  37.8241731647  1.99889408256  0.00988958150798
-0.667781031175  848  52  51.7420503966  1.91580445595  0.0118817928838
-0.667781031175  849  66  65.8620509286  1.9524429682  0.0187584783342
-0.667781031175  849  80  80.0498897761  2.10200673543  0.0320535056035
-0.667781031175  850  94  94.343654078  1.912957038  0.0521757849035
-0.667781031175  851  109  108.791882442  1.95883927956  0.0345505193919
-0.667781031175  851  123  123.30441262  1.92504160854  0.0644901269618
-0.667781031175  852  138  138.049064053  1.98290247225  0.0810448430438
-0.667781031175  852  153  152.804706822  2.0538359596  0.024031564745
-0.667781031175  853  168  167.783247047  1.95747899064  0.0399945566602
-0.667781031175  854  183  182.924755858  1.97004077144  0.0353881482501
-0.667781031175  854  198  198.124879407  2.01425103968  0.0465422569983
-0.667781031175  855  214  213.531637995  1.94051063498  0.0041387962321
-0.667781031175  855  229  228.972414734  2.11515249371  -0.0155702247786
-0.667781031175  856  245  244.672857335  2.14947300791  0.0124689062361
-0.667781031175  856  260  260.435726291  2.12763945844  0.0167118969647
-0.667781031175  856  276  276.326390576  2.18077569904  0.0288268421321
-0.667781031175  857  292  292.446468492  2.17363641766  0.0484326624073
-0.667781031175  857  309  308.614026368  2.19192990931  0.0529900963969
-0.667781031175  858  325  325.03976797  2.32020848575  0.0969494019014
-0.667781031175  858  342  341.513992373  2.22123388521  0.0646945753392
-0.667781031175  858  358  358.203000938  2.31748918084  0.0884971298294
-0.667781031175  858  375  374.994231132  2.37782186327  0.030699070005
-0.667781031175  859  392  392.078635412  2.45746254915  0.0163228835488
-0.667781031175  859  409  409.233782875  2.4692165344  -0.0108928537577
-0.667781031175  859  427  426.529173702  2.48123816455  -0.0429427968507
-0.667781031175  859  444  444.00551847  2.64011847628  -0.0208113827741
-0.667781031175  859  462  461.611951525  2.70334850419  -0.0240211431976
-0.667781031175  860  480  479.514049369  2.70946656083  0.0101399168572
-0.667781031175  860  497  497.46784772  2.80186848093  0.0411702003196
-0.667781031175  860  516  515.613812161  2.84640249696  0.0526837925538
-0.667781031175  860  534  533.957452547  2.98925084933  0.0672568046627
-0.667781031175  860  553  553.826201587  0.0326850184882  9.42952938981
-0.667781031175  860  571  571.227537361  3.21335105591  0.0384773794284
-0.667781031175  860  590  590.170212422  3.31649677607  0.0105869445437
-0.667781031175  860  609  609.266266089  3.3751872486  -0.00312926571379
-0.667781031175  859  628  628.521195883  3.59388988031  -0.0286688417463
-0.667781031175  859  648  648.011668061  3.71984813259  -0.0417184453943
-0.667781031175  859  668  667.661490005  3.82645792236  -0.0435351492975
-0.667781031175  859  688  688.856714144  0.0366335935026  9.41651249596
-0.667781031175  858  707  707.494044898  4.04338780628  9.55677561013e-05
-0.667781031175  858  728  727.702824703  4.19741155473  0.0115357900233
-0.667781031175  858  748  748.109798116  4.36117037989  0.0278746897241
-0.667781031175  857  769  768.670892797  4.64128068923  0.028456578527
-0.667781031175  857  790  789.526190386  5.11313635905  0.0310292408486
-0.667781031175  856  811  810.569976456  5.68730946883  0.0296064532546
-0.667781031175  856  832  831.963842749  6.34784013603  0.0321053442631
-0.667781031175  855  854  853.52757595  6.88904382545  0.0115155459454
-0.667781031175  854  875  875.375727589  7.89458349528  0.0206190303686
-0.667781031175  854  897  897.507675302  8.57550049074  0.0175392639688
-0.667781031175  853  920  919.830829557  9.1823183136  -0.00903562611386
-0.667781031175  852  942  942.470607225  9.48526270989  0.00101004598063
-0.667781031175  851  965  965.194052955  9.93472719765  -0.00749672492706
-0.667781031175  850  988  988.181135  10.2893292942  -0.00917993251161
-0.667781031175  849  1011  1011.44612287  10.3000924784  -0.0118941228096
-0.473741031175  845  10  10.1717971848  1.8450018964  0.0827759968536
-0.473741031175  846  24  23.8879787003  1.8826672849  0.0316144293141
-0.473741031175  847  38  37.6990672773  1.95142704065  0.00738318772662
-0.473741031175  847  52  51.6192436972  1.89295699486  0.00677660399821
-0.473741031175  848  66  65.738771009  1.9410302915  0.0107813776294
-0.473741031175  849  80  79.9110170083  2.08058684034  0.0167764750781
-0.473741031175  849  94  94.228749956  1.95072831685  0.0509519220351
-0.473741031175  850  109  108.665892669  1.92111603915  0.0257228127499
-0.473741031175  850  123  123.196504905  1.93947910144  0.0669608482139
-0.473741031175  851  138  137.929111312  1.95929697656  0.0664718810429
-0.473741031175  852  153  152.786067462  1.95792286982  0.0886996795367
-0.473741031175  852  168  167.673420177  1.91530291042  0.0382951234173
-0.473741031175  853  183  182.805301734  1.93938471225  0.0239186583191
-0.473741031175  853  198  198.011841345  2.04040511618  0.0319543197981
-0.473741031175  854  213  213.433120734  1.95297097319  0.0235216053123
-0.473741031175  854  229  228.850861703  2.0739026652  -0.0288022160606
-0.473741031175  855  245  244.576021432  2.04291528542  -0.0144241034416
-0.473741031175  855  260  260.338079238  2.1563826587  0.0174842634222
-0.473741031175  855  276  276.226357143  2.20546190087  0.0201597736355
-0.473741031175  856  292  292.361102558  2.20903956857  0.054687715044
-0.473741031175  856  309  308.52158317  2.18341891601  0.0560327953236
-0.473741031175  857  325  324.931432289  2.264724053  0.0729738462561
-0.473741031175  857  341  341.434380173  2.19246855981  0.0884563650309
-0.473741031175  857  358  358.103033612  2.35219912228  0.0803128591332
-0.473741031175  857  375  374.882173572  2.36770910335  -0.00284171712388
-0.473741031175  858  392  391.985016205  2.43655280399  0.00689756922461
-0.473741031175  858  409  409.146914935  2.51028260248  -0.00734447820528
-0.473741031175  858  426  426.456666337  2.474041581  -0.0193302233255
-0.473741031175  858  444  443.908092414  2.64884482369  -0.0280327190355
-0.473741031175  858  462  461.559955532  2.77142163141  -0.033984532595
-0.473741031175  859  479  479.437911662  2.71704797166  0.0191850297991
-0.473741031175  859  497  497.413260152  2.79793447359  0.0516914741899
-0.473741031175  859  516  516.851140599  0.0308684815694  9.01359286856
-0.473741031175  859  534  533.874538475  2.994042495  0.0629103255407
-0.473741031175  859  552  552.427853696  2.98539569715  0.0739348227997
-0.473741031175  859  571  571.141869601  3.21332079372  0.0311051934598
-0.473741031175  859  590  590.104310858  3.30632052907  0.0123921520349
-0.473741031175  859  609  609.199158774  3.46150983568  -0.0195284362825
-0.473741031175  858  628  628.457426627  3.59701616674  -0.0241618316468
-0.473741031175  858  648  647.925154042  3.70274893431  -0.0453718543797
-0.473741031175  858  668  667.595683159  3.80975895531  -0.045891077065
-0.473741031175  858  687  687.436598035  3.97011264005  -0.0170112718079
-0.473741031175  857  707  707.41418156  4.05850923493  -0.00198491589682
-0.473741031175  857  728  727.645980324  4.21604132412  0.0138660308973
-0.473741031175  857  748  748.05230984  4.3907701143  0.025847153978
-0.473741031175  856  769  768.626264015  4.63693442609  0.0318313524637
-0.473741031175  856  790  790.811009733  0.0441687741803  10.2590594772
-0.473741031175  855  811  810.526317799  5.65237967017  0.0287261465897
-0.473741031175  855  832  831.898098948  6.40596673529  0.0259536677364
-0.473741031175  854  854  853.304286337  0.49603928225  -4.97886615659
-0.473741031175  853  875  875.325771114  7.94062465532  0.0212560480534
-0.473741031175  853  897  897.499642894  8.54305965624  0.0157543221561
-0.473741031175  852  920  919.797944257  9.09483088297  -0.00763243551542
-0.473741031175  851  942  942.444703224  9.5992536996  0.00266660261208
-0.473741031175  850  965  965.176148975  10.1097303643  -0.0102186732027
-0.473741031175  849  988  988.17006157  10.2490968263  -0.0102828480053
-0.473741031175  848  1011  1011.41924619  10.3431929064  -0.00917032211019
-0.279701031175  844  10  10.1733059417  1.79334772808  0.364580073894
-0.279701031175  845  24  23.7567511798  1.85216215019  0.0158882270816
-0.279701031175  846  38  37.6528424413  1.95799107229  0.0795952775448
-0.279701031175  846  52  51.5103307194  1.89649688668  0.0109866100838
-0.279701031175  847  66  65.6180933303  1.90667262906  0.0120899139322
-0.279701031175  848  80  79.865860831  1.98744806288  0.0702102917166
-0.279701031175  848  94  94.1127899421  1.94973109422  0.0470693407811
-0.279701031175  849  109  108.573763153  1.89321375022  0.0387409532592
-0.279701031175  849  123  123.077042373  1.94887892549  0.0538336022918
-0.279701031175  850  138  137.810013815  1.96563297528  0.0560578644694
-0.279701031175  851  153  152.659493426  1.86261386503  0.0502318389807
-0.279701031175  851  168  167.565270173  1.88054187134  0.0459273840971
-0.279701031175  852  183  182.695507212  1.8999949712  0.0157536275145
-0.279701031175  852  198  197.895205596  2.01258449472  0.0171331549112
-0.279701031175  853  213  213.330638447  1.98000801033  0.0290253799457
-0.279701031175  853  229  228.745803406  2.08144584913  -0.036079152322
-0.279701031175  854  244  244.496065258  2.0360435994  0.00540534933515
-0.279701031175  854  260  260.239802046  2.19091486937  0.0189814236585
-0.279701031175  854  276  276.110255805  2.24657649447  -0.0157436393545
-0.279701031175  855  292  292.259063316  2.23575839524  0.0569474409121
-0.279701031175  855  308  308.432519014  2.18405610638  0.0623942194253
-0.279701031175  856  325  324.81486529  2.26455874031  0.0487535810823
-0.279701031175  856  341  341.356891387  2.229765998  0.101163636936
-0.279701031175  856  358  357.994194766  2.37612730508  0.0719631454404
-0.279701031175  857  375  374.831061035  2.43420989446  0.0169562300024
-0.279701031175  857  392  391.877631218  2.44412659455  -0.00181145886354
-0.279701031175  857  409  409.048360209  2.51718202898  -0.0198619589655
-0.279701031175  857  426  426.382643075  2.50076007167  -0.0147838101317
-0.279701031175  857  444  443.818930007  2.64979834589  -0.0369397322418
-0.279701031175  858  462  461.550182802  2.67460336572  -0.0154432851293
-0.279701031175  858  479  479.351978583  2.73043246083  0.0150683318998
-0.279701031175  858  497  497.340224772  2.77711491199  0.0469020608703
-0.279701031175  858  515  515.483498858  2.83550051054  0.0668007502672
-0.279701031175  858  534  533.790077491  2.97073396962  0.0619503874437
-0.279701031175  858  552  552.358180694  3.02420719437  0.0703204029917
-0.279701031175  858  571  571.065930983  3.18583790131  0.0287388953977
-0.279701031175  858  590  590.035729232  3.31116874937  0.00855596770762
-0.279701031175  858  609  609.13203864  3.47820605073  -0.0195529046952
-0.279701031175  857  628  628.391458483  3.59616952753  -0.0273873668779
-0.279701031175  857  648  647.870680745  3.6653378531  -0.0443179908476
-0.279701031175  857  668  667.541337853  3.80175241415  -0.0418421630394
-0.279701031175  857  687  687.364375268  3.97137564233  -0.0207072593331
-0.279701031175  856  707  707.366321702  4.06206483945  -0.0069852823826
-0.279701031175  856  728  728.833305189  0.0375993652991  9.6492955334
-0.279701031175  856  748  747.993957671  4.43079612163  0.0205465542972
-0.279701031175  855  769  769.813999207  0.200654701145  10.005839291
-0.279701031175  855  790  790.81368087  0.0446124585577  10.2971554981
-0.279701031175  854  811  811.795832899  0.185423807507  10.443430358
-0.279701031175  854  832  831.836041095  6.43125498701  0.0255750351321
-0.279701031175  853  854  854.786803546  0.207048786196  10.7251368795
-0.279701031175  852  875  875.280110539  7.78771570047  0.0159051675129
-0.279701031175  852  897  897.434160141  8.53510772733  0.0165613616004
-0.279701031175  851  920  919.748026189  9.11020383872  -0.0120044367893
-0.279701031175  850  942  942.393698229  9.57233418565  0.000708428988841
-0.279701031175  849  965  965.152871366  10.0862097663  -0.0125548492626
-0.279701031175  848  988  988.120953971  10.2706619937  -0.00941521389774
-0.279701031175  847  1011  1011.38932468  10.3281942283  -0.0110176924777
-0.0856610311754  843  10  9.93893927459  1.89880519359  0.123329976906
-0.0856610311754  844  24  23.639658219  1.81853239806  0.00506255973214
-0.0856610311754  845  38  37.5280532666  1.84646533127  0.0341932212603
-0.0856610311754  845  51  51.3998208358  1.89440777909  0.0268623420836
-0.0856610311754  846  66  65.5057527138  1.91481732963  0.0225962881747
-0.0856610311754  847  80  79.7386870346  1.94683830493  0.0274352308283
-0.0856610311754  847  94  93.9969759296  1.9826400923  0.0396059079942
-0.0856610311754  848  108  108.464784042  1.90054781998  0.0458281882976
-0.0856610311754  848  123  122.943324702  1.96541909067  0.0116640982768
-0.0856610311754  849  138  137.67934618  1.93524290541  0.0413675719315
-0.0856610311754  850  153  152.567341826  1.82442503254  0.070207241077
-0.0856610311754  850  167  167.478742294  1.84450323071  0.0698819624578
-0.0856610311754  851  183  182.599591337  1.8495760074  0.0310402439821
-0.0856610311754  851  198  197.772707293  1.97961233653  0.00330298892557
-0.0856610311754  852  213  213.227802284  2.03314945221  0.0282649495276
-0.0856610311754  852  229  228.662529673  2.04580654483  -0.0244331032645
-0.0856610311754  853  244  244.395273491  2.07422977619  0.0143270526823
-0.0856610311754  853  260  260.12654078  2.19300950991  0.00135398353865
-0.0856610311754  853  276  276.069862828  2.3524033019  0.0207281088477
-0.0856610311754  854  292  292.163370864  2.26075067121  0.052321738636
-0.0856610311754  854  308  308.348430465  2.20976546312  0.0784355441411
-0.0856610311754  855  325  324.735500305  2.22851564142  0.054980913248
-0.0856610311754  855  341  341.261115738  2.27633554102  0.0993454764176
-0.0856610311754  855  358  357.899966201  2.33583438548  0.0620613149457
-0.0856610311754  856  375  374.802092952  2.36186054788  0.0262942027421
-0.0856610311754  856  392  391.78927734  2.4136518169  -0.00700418827281
-0.0856610311754  856  409  408.945551338  2.50583452792  -0.0264197658794
-0.0856610311754  856  426  426.298149305  2.54286336412  -0.00921737131827
-0.0856610311754  856  444  443.740485659  2.62677308647  -0.0343692044527
-0.0856610311754  857  461  461.468776154  2.699427783  -0.00872641093618
-0.0856610311754  857  479  479.294953286  2.76258830254  0.0221280361432
-0.0856610311754  857  497  497.273548636  2.80990783884  0.0536496597845
-0.0856610311754  857  515  515.403517868  2.88981398758  0.0652870278176
-0.0856610311754  857  534  533.734618715  2.92408255792  0.0642176418498
-0.0856610311754  857  552  552.278049098  3.03032157502  0.0682478477216
-0.0856610311754  857  571  570.997800397  3.18727715167  0.0343250185072
-0.0856610311754  857  590  589.961674836  3.3153183658  0.00536792832613
-0.0856610311754  857  609  609.063620853  3.4845713221  -0.0200878552565
-0.0856610311754  856  628  628.334165611  3.61756473358  -0.0287303809725
-0.0856610311754  856  648  647.766899135  3.64659366511  -0.0584849927352
-0.0856610311754  856  667  667.489184968  3.79446302217  -0.0315127177242
-0.0856610311754  856  687  687.318697954  3.96922413241  -0.0200804562195
-0.0856610311754  855  707  707.313454186  4.0446138702  -0.004491139591
-0.0856610311754  855  727  727.513678865  4.18933991885  0.0138068728721
-0.0856610311754  855  748  747.946478049  4.40612522631  0.020459298132
-0.0856610311754  854  769  769.82157136  0.205880762751  10.0294573426
-0.0856610311754  854  789  789.399499291  5.10162572063  0.0426869569205
-0.0856610311754  853  811  811.795609669  0.185589666451  10.4844375572
-0.0856610311754  853  832  831.792821786  6.37754914304  0.0283243017885
-0.0856610311754  852  853  853.423836081  7.11554545733  0.0298344360102
-0.0856610311754  851  875  875.262736186  7.87503282628  0.0201609637235
-0.0856610311754  851  897  897.395109969  8.4476792839  0.0116105229412
-0.0856610311754  850  920  919.699448063  9.140721408  -0.00898739138586
-0.0856610311754  849  942  942.321236973  9.57069275463  -0.00230518972224
-0.0856610311754  848  965  965.108255513  9.97365752113  -0.0113665130351
-0.0856610311754  847  988  988.130221218  10.3181273437  -0.0102552668916
-0.0856610311754  846  1011  1011.36857973  10.3115954187  -0.00947193093483
0.108378968825  842  10  9.78088488061  1.86396848343  0.0506100336015
0.108378968825  843  24  23.540222493  1.81239026389  0.0322669237783
0.108378968825  844  37  37.4069270745  1.86887068977  0.0330527044299
0.108378968825  844  51  51.2890049272  1.91773953797  0.026911295223
0.108378968825  845  65  65.4026161666  1.92304899046  0.0314406160257
0.108378968825  846  80  79.6197642821  1.94287428181  0.0216997960927
0.108378968825  846  94  93.8778856063  1.9591445708  0.0340836590373
0.108378968825  847  108  108.370798191  1.93016198707  0.058048642951
0.108378968825  847  123  122.890770623  2.07818970834  0.025825458651
0.108378968825  848  138  137.589145114  1.90794499988  0.0586799525394
0.108378968825  849  152  152.481876304  1.85090863955  0.0912996479166
0.108378968825  849  167  167.389934111  1.86582258291  0.0877163993596
0.108378968825  850  183  182.517794203  1.79630127951  0.0507639615927
0.108378968825  850  198  197.672373707  1.93158872748  0.00186235497496
0.108378968825  851  213  213.127189341  2.04447591022  0.0188194636412
0.108378968825  851  229  228.570168017  1.9954614378  -0.0193434036489
0.108378968825  852  244  244.302462142  2.10825104645  0.0120750278554
0.108378968825  852  260  260.027584067  2.22200589662  0.00222809770793
0.108378968825  853  276  276.01811023  2.26305272192  0.0463982008052
0.108378968825  853  292  292.056713399  2.27929563536  0.0445996843985
0.108378968825  853  308  308.247640258  2.24053776273  0.0746954365454
0.108378968825  854  325  324.647162174  2.19674856721  0.0594826545583
0.108378968825  854  341  341.166898379  2.28437795609  0.0862246544575
0.108378968825  854  358  357.798965596  2.31595486032  0.0472875140558
0.108378968825  855  375  374.714998894  2.30119344026  0.0271882611303
0.108378968825  855  392  391.699785879  2.36553556815  -0.00877106842609
0.108378968825  855  409  408.871744155  2.49815602786  -0.0230649634882
0.108378968825  855  426  426.217726263  2.58029895075  -0.0117707416574
0.108378968825  855  444  443.659738662  2.58137281868  -0.0421701419275
0.108378968825  856  461  461.397798518  2.6930233767  -0.00496322793165
0.108378968825  856  479  479.20177285  2.77437307871  0.0202489540479
0.108378968825  856  497  497.185261624  2.84193318516  0.0433870894116
0.108378968825  856  515  515.331325932  2.85151536623  0.0669365333472
0.108378968825  856  534  533.641399776  2.93260886321  0.0605292261817
0.108378968825  856  552  552.216104458  3.02729399819  0.0711206046765
0.108378968825  856  571  570.934043884  3.18379443803  0.0327556683144
0.108378968825  856  590  589.889101758  3.31911021913  0.00218506080723
0.108378968825  856  609  608.9973536  3.47633749258  -0.0248696338655
0.108378968825  856  628  628.297424881  3.56909096849  -0.0214098282209
0.108378968825  855  648  647.718865903  3.68713852643  -0.0536857170346
0.108378968825  855  667  667.406739161  3.76002089914  -0.0357205230053
0.108378968825  855  687  687.268016765  3.93914138782  -0.0191635808791
0.108378968825  855  707  707.29651927  4.01431011833  0.0032987525072
0.108378968825  854  727  727.461121029  4.20638540575  0.0100922910565
0.108378968825  854  748  747.887170946  4.41764492869  0.021622791251
0.108378968825  853  768  768.471029638  4.65292070558  0.0406900255528
0.108378968825  853  789  789.337177637  5.13948673811  0.0389698430516
0.108378968825  852  811  810.397765662  5.61361688226  0.0284865697394
0.108378968825  852  832  831.75359113  6.36205528838  0.0266734658067
0.108378968825  851  853  853.392800521  7.09360732448  0.0293787794433
0.108378968825  850  875  875.219627379  7.90176382846  0.0151033184023
0.108378968825  850  897  897.360060182  8.41791070767  0.0148710249915
0.108378968825  849  920  919.677345328  9.25778954059  -0.0098045380269
0.108378968825  848  942  942.296659927  9.57955033644  -0.00207879150378
0.108378968825  847  965  965.067219964  9.98037136848  -0.0097697874519
0.108378968825  846  988  988.067130919  10.4158320909  -0.013510942357
0.108378968825  845  1011  1011.34069393  10.3640888704  -0.0105625236081
0.302418968825  841  10  9.66476657932  1.82385076478  0.0379991444326
0.302418968825  842  23  23.4275686307  1.81863745953  0.0394071655503
0.302418968825  843  37  37.3060648833  1.92303661435  0.0487961558686
0.302418968825  843  51  51.1727140289  1.92800523934  0.0193299194004
0.302418968825  844  65  65.2827082868  1.94331372708  0.0262857525034
0.302418968825  845  80  79.5134087912  1.95025237701  0.0191204547283
0.302418968825  845  94  93.7542507061  1.96848972198  0.020500556972
0.302418968825  846  108  108.269754909  1.92731705409  0.0674552887959
0.302418968825  847  123  122.792014052  2.01777583698  0.0288374014002
0.302418968825  847  137  137.491778251  1.88528735072  0.0602917336905
0.302418968825  848  152  152.385364054  1.86297420168  0.0952232288634
0.302418968825  848  167  167.280386648  1.93631863493  0.0813222725594
0.302418968825  849  182  182.435126064  1.83744978713  0.086032251691
0.302418968825  849  198  197.577645913  1.90660171064  0.00634665291731
0.302418968825  850  213  213.002564728  2.07351311903  -0.00266665219364
0.302418968825  850  228  228.474590947  1.99066715266  -0.00503016598554
0.302418968825  851  244  244.207307224  2.13923433344  0.01230287384
0.302418968825  851  260  259.919274346  2.22408849412  -0.00612103140855
0.302418968825  852  276  275.920153216  2.21761119145  0.0211422203844
0.302418968825  852  292  291.959545151  2.25823744119  0.0319569652201
0.302418968825  852  308  308.170188493  2.25827195533  0.0766665848248
0.302418968825  853  325  324.546779744  2.17392586777  0.0544076694388
0.302418968825  853  341  341.081600127  2.31019334156  0.0811516924568
0.302418968825  853  358  357.724139057  2.28526946752  0.0540523899627
0.302418968825  854  375  374.617949273  2.26419567121  0.0235118997669
0.302418968825  854  392  391.620561187  2.37866193284  -0.00563693392445
0.302418968825  854  409  408.7690255  2.43847983853  -0.0365127587651
0.302418968825  854  426  426.131524902  2.6185518252  -0.0191884327907
0.302418968825  854  444  443.591698063  2.56292741442  -0.0416759160565
0.302418968825  855  461  461.322569285  2.67483601121  -0.00163303352997
0.302418968825  855  479  479.11429631  2.75258850185  0.0156990120167
0.302418968825  855  497  497.093705428  2.84729000759  0.0364489212547
0.302418968825  855  515  515.261695405  2.84764783006  0.0720008344509
0.302418968825  855  534  534.837558142  0.0309975833578  9.18659648488
0.302418968825  855  552  552.149133724  3.03876629662  0.0666995273752
0.302418968825  855  571  570.86765792  3.19767898141  0.0249823355839
0.302418968825  855  590  589.827101675  3.34623701717  0.00480527347276
0.302418968825  855  609  608.929325809  3.46738638381  -0.0237718620094
0.302418968825  855  628  628.268030317  3.57968347997  -0.0210960919954
0.302418968825  854  648  647.657540572  3.67874369634  -0.0552574544784
0.302418968825  854  667  667.352515903  3.80675390517  -0.034956650242
0.302418968825  854  687  687.21881188  3.91342337081  -0.0195351284065
0.302418968825  854  707  707.262143216  4.07860602037  4.96685826011e-05
0.302418968825  853  727  727.425018389  4.18495541987  0.00878267746932
0.302418968825  853  748  747.852314588  4.42190691681  0.0222050484882
0.302418968825  852  768  768.454502614  4.67925701561  0.0424061849491
0.302418968825  852  789  789.299112059  5.13326269333  0.0466911223464
0.302418968825  851  810  810.364709965  5.65829678565  0.0423508589494
0.302418968825  851  832  831.724920351  6.34500892179  0.0269372628265
0.302418968825  850  853  853.307973019  7.10257714822  0.0248362408684
0.302418968825  849  875  875.20463957  7.89963306334  0.0171315809587
0.302418968825  849  897  897.316545568  8.47731667322  0.00843967826496
0.302418968825  848  920  919.63558711  9.16725107038  -0.0117789285492
0.302418968825  847  942  942.316203073  9.57154953635  0.00109997295843
0.302418968825  846  965  965.032608171  10.0308909061  -0.0125972309685
0.302418968825  845  988  988.039734684  10.4628342987  -0.0153228671307
0.302418968825  844  1011  1011.27552564  10.3480674542  -0.0126716147049
0.496458968825  840  10  9.55868281954  1.8142316006  0.0411808294335
0.496458968825  841  23  23.3246813525  1.85316044883  0.0543920780073
0.496458968825  842  37  37.1771568241  1.91639596244  0.0269980989636
0.496458968825  842  51  51.053042661  1.93911777895  0.00747779117697
0.496458968825  843  65  65.1731037973  1.95180554062  0.0179050805017
0.496458968825  844  79  79.4036108183  1.91956030906  0.0170786411815
0.496458968825  844  94  93.6490462434  1.95291920014  0.0157878872368
0.496458968825  845  108  108.162276473  1.96532916697  0.0672144815881
0.496458968825  846  123  122.69206187  2.00278800093  0.0346566529309
0.496458968825  846  137  137.398514849  1.89217567097  0.0697528952765
0.496458968825  847  152  152.292521842  1.89690946608  0.102254582401
0.496458968825  847  167  167.173125682  1.95518835194  0.0734841051176
0.496458968825  848  182  182.33906539  1.91348981722  0.0863017117673
0.496458968825  848  197  197.500312923  1.88258711658  0.0345436873037
0.496458968825  849  213  212.902602187  2.04343927342  -0.00934850825703
0.496458968825  849  228  228.392395752  2.0331857996  0.00802105432436
0.496458968825  850  244  244.10946856  2.14843506587  0.00689319964082
0.496458968825  850  260  259.827251047  2.20658155754  -0.0143053126088
0.496458968825  851  276  275.816902824  2.23520103146  0.00325844830717
0.496458968825  851  292  291.856965382  2.28358053089  0.0213755568211
0.496458968825  851  308  308.075888694  2.29175160788  0.071447724896
0.496458968825  852  324  324.471271653  2.15193275566  0.0736164010206
0.496458968825  852  341  340.981861314  2.29080913152  0.0687965771748
0.496458968825  852  358  357.628972208  2.24708976983  0.0527491283845
0.496458968825  853  375  374.553602163  2.2257947597  0.0335792809497
0.496458968825  853  392  391.537649488  2.32703091126  -0.00606804405049
0.496458968825  853  409  408.700463048  2.43826004657  -0.0312311168645
0.496458968825  853  426  426.054922655  2.6211394386  -0.0192651124824
0.496458968825  854  444  443.56948758  2.62656228012  -0.0262383283372
0.496458968825  854  461  461.23630242  2.71702097426  -0.0117859492371
0.496458968825  854  479  479.035329927  2.76392032299  0.0100250353845
0.496458968825  854  497  497.045595437  2.86281649242  0.0428219328936
0.496458968825  854  515  515.185467028  2.87207154193  0.0673092467475
0.496458968825  854  534  534.844129431  0.0319938419601  9.2520183625
0.496458968825  854  552  552.085219624  3.05613336084  0.0658445543741
0.496458968825  854  571  570.799209101  3.1582616722  0.0263680782596
0.496458968825  854  590  589.764939273  3.3380990274  0.00171639175671
0.496458968825  854  609  608.874788942  3.47158548201  -0.0258398794024
0.496458968825  854  628  628.214176959  3.56834555401  -0.0215300444925
0.496458968825  853  648  647.628537525  3.68012480504  -0.0513761513676
0.496458968825  853  667  667.317273435  3.82868414675  -0.0330155137851
0.496458968825  853  687  687.154282378  3.93442256307  -0.0234272022921
0.496458968825  853  707  707.207935661  4.10157361042  -0.000613346279706
0.496458968825  852  727  727.373595698  4.18649201949  0.0133504072792
0.496458968825  852  748  747.805401874  4.39451320505  0.0194071031927
0.496458968825  851  768  768.380054139  4.6742061976  0.0389330940897
0.496458968825  851  789  789.257828187  5.1010761676  0.0468469977225
0.496458968825  850  810  810.321602857  5.64304178091  0.036765254091
0.496458968825  850  832  831.699665939  6.31910102091  0.0241429027612
0.496458968825  849  853  853.261939565  7.12257803426  0.0222829007429
0.496458968825  848  875  875.204966663  7.85168877057  0.0170554939523
0.496458968825  848  897  897.296930518  8.50698500191  0.0115335297708
0.496458968825  847  920  919.560784487  9.14998440604  -0.0147534628764
0.496458968825  846  942  942.235128486  9.5796330656  -0.00456049660759
0.496458968825  845  965  965.004403371  10.0336396102  -0.0113444542192
0.496458968825  844  988  988.008880942  10.328573385  -0.0156564531375
0.496458968825  843  1011  1011.22721181  10.3452279951  -0.0128209870862
0.690498968825  839  9  9.44181458484  1.9355454276  0.0126585497754
0.690498968825  840  23  23.2000456841  1.87255201274  0.0345617807817
0.690498968825  841  37  37.0600944137  1.92991474614  0.0196336329642
0.690498968825  841  51  50.9222716753  1.9130358652  -0.0109449587315
0.690498968825  842  65  65.0464088133  1.9657536148  0.00610031473917
0.690498968825  843  79  79.2957711305  1.95159374426  0.0278403684956
0.690498968825  843  94  93.549577201  1.94931693084  0.024635053422
0.690498968825  844  108  108.045501159  1.976625074  0.0558579026847
0.690498968825  845  123  122.6475351  1.98797674518  0.0958894942833
0.690498968825  845  137  137.300905657  1.91518127054  0.0796007380947
0.690498968825  846  152  152.187208313  1.94477717083  0.0946509138999
0.690498968825  846  167  167.068333018  1.96724108612  0.0632816341028
0.690498968825  847  182  182.237800764  1.94479278659  0.0805565298078
0.690498968825  847  197  197.412730977  1.93057226851  0.0456747516145
0.690498968825  848  213  212.803587952  2.01858340121  -0.0134295463994
0.690498968825  848  228  228.305363426  2.04105697246  0.0146874505562
0.690498968825  849  244  244.008550704  2.15680435393  0.000208056401556
0.690498968825  849  260  259.732096842  2.17407953002  -0.0170972549753
0.690498968825  850  276  275.71762211  2.21184244157  -0.0013765842397
0.690498968825  850  292  291.754205444  2.25650354861  0.0120356637907
0.690498968825  850  308  307.980201697  2.29041331286  0.0556349378665
0.690498968825  851  324  324.402451753  2.18449010695  0.0857449670638
0.690498968825  851  341  340.890019448  2.28087153697  0.0652783045586
0.690498968825  851  358  357.54523507  2.23645557252  0.0505138016256
0.690498968825  852  374  374.498361984  2.23052943286  0.0612487945146
0.690498968825  852  391  391.47493467  2.32184095681  0.0127151859481
0.690498968825  852  409  408.620258248  2.37835011265  -0.0336968205139
0.690498968825  852  426  425.963269834  2.62896934424  -0.0254347557989
0.690498968825  853  444  443.520486833  2.59493864891  -0.0259623579126
0.690498968825  853  461  461.169382213  2.74747470197  -0.00769038801856
0.690498968825  853  479  478.975669354  2.76390609693  0.0133072338381
0.690498968825  853  497  496.948196482  2.88344062197  0.0314230763634
0.690498968825  853  515  515.129580296  2.91414894425  0.0639689315147
0.690498968825  853  533  533.447796086  2.92130234919  0.0693145147179
0.690498968825  853  552  551.987965103  3.07781517288  0.0585814880677
0.690498968825  853  571  570.736937851  3.17062590026  0.0252620954855
0.690498968825  853  590  589.711869995  3.33856507751  0.00241973038228
0.690498968825  853  609  608.810131104  3.48354644615  -0.0268202717585
0.690498968825  853  628  628.145546761  3.60701505347  -0.0287660846331
0.690498968825  852  648  647.576515856  3.67631299689  -0.05164494443
0.690498968825  852  667  667.244122818  3.84188099411  -0.03642565899
0.690498968825  852  687  687.103096701  3.92275157497  -0.0218783764187
0.690498968825  852  707  707.1471784  4.08973669234  -0.00214120259692
0.690498968825  851  727  727.319940113  4.17942748613  0.0108064156026
0.690498968825  851  748  747.751295543  4.42176543004  0.021962876045
0.690498968825  850  768  768.329529008  4.6226983756  0.0343703250741
0.690498968825  850  789  789.211235776  5.10720229534  0.0409209186697
0.690498968825  849  810  810.28367185  5.71161573725  0.0411611779633
0.690498968825  849  832  831.647915999  6.28475330127  0.024517051361
0.690498968825  848  853  853.242074866  7.20856308688  0.0219924850999
0.690498968825  848  875  875.149201246  7.81645478478  0.0180278850747
0.690498968825  847  897  897.253738115  8.54244806107  0.00710695800343
0.690498968825  846  920  919.539350156  9.14904576387  -0.0147754576711
0.690498968825  845  942  942.210117533  9.5881749639  -0.00483313421588
0.690498968825  844  965  964.967157212  10.0044935446  -0.0135782904838
0.690498968825  843  988  987.947037041  10.3889932917  -0.0147641566329
0.690498968825  842  1011  1011.20274516  10.3274259836  -0.0170071285563
0.884538968825  838  9  9.33647180087  1.86937170084  0.0347132627913
0.884538968825  839  23  23.0865995387  1.88551945926  0.029972749544
0.884538968825  840  37  36.9358531185  1.93103067633  0.00501134119307
0.884538968825  840  51  50.8017819162  1.86692924293  -0.0375427386872
0.884538968825  841  65  64.9431351224  1.94305246062  0.00167055273775
0.884538968825  842  79  79.1889675807  1.95733413326  0.0170164197884
0.884538968825  842  93  93.4388196003  1.9504941373  0.0235021662222
0.884538968825  843  108  107.93218184  1.97457097426  0.0477600196996
0.884538968825  844  123  122.540495282  1.87640347055  0.0486090760299
0.884538968825  844  137  137.191111019  1.92458204861  0.071936871914
0.884538968825  845  152  152.075160259  1.95844256648  0.0854367543332
0.884538968825  845  167  166.952217454  1.98971065746  0.0522045184943
0.884538968825  846  182  182.133553348  1.96742216615  0.0651855017136
0.884538968825  846  197  197.32287692  1.95842165329  0.0486137546218
0.884538968825  847  213  212.706645051  1.9927340679  -0.0181736697183
0.884538968825  847  228  228.208151336  2.1012698225  0.00670498185982
0.884538968825  848  244  243.897324967  2.15829727004  -0.0142157861646
0.884538968825  848  260  259.644917578  2.15830177981  -0.0167118941723
0.884538968825  849  276  275.631292631  2.2010169957  -0.000661772547918
0.884538968825  849  292  291.666261263  2.23900744623  0.013278915112
0.884538968825  849  308  307.877652076  2.30529469268  0.0430845511283
0.884538968825  850  324  324.326741465  2.20158102254  0.0887513483073
0.884538968825  850  341  340.794774952  2.2664556271  0.0551786305468
0.884538968825  850  357  357.483688577  2.27606895625  0.0682251239961
0.884538968825  851  374  374.423043985  2.23718079866  0.0708944675851
0.884538968825  851  391  391.402493255  2.33445545578  0.0205798347167
0.884538968825  851  409  408.542986549  2.39405940444  -0.0316528822711
0.884538968825  851  426  425.881939368  2.59346050536  -0.0362539090272
0.884538968825  852  443  443.462201728  2.58201921855  -0.0156766651194
0.884538968825  852  461  461.100500002  2.71554903187  -0.00832189022281
0.884538968825  852  479  478.893254016  2.76136375623  0.00483419987181
0.884538968825  852  497  496.879455891  2.8371248598  0.0299056885805
0.884538968825  852  515  515.036799861  2.92073626238  0.0554139029937
0.884538968825  852  533  533.396622129  2.95871077671  0.0728937552206
0.884538968825  852  552  551.932974521  3.08662567644  0.0612015098408
0.884538968825  852  571  570.673403277  3.1870616563  0.0233381077246
0.884538968825  852  590  589.628964711  3.31116748728  -0.000930797346344
0.884538968825  852  609  608.76175194  3.4965274541  -0.0288181992388
0.884538968825  852  628  628.075032707  3.61199251854  -0.0349202808819
0.884538968825  851  648  647.507352056  3.67246800103  -0.0541532418709
0.884538968825  851  667  667.194403349  3.79036039087  -0.0378988727997
0.884538968825  851  687  687.05319948  3.98104873226  -0.0247384000004
0.884538968825  851  707  707.094161676  4.09113765282  -0.00379825581996
0.884538968825  850  727  727.264212883  4.19373750628  0.00577982489824
0.884538968825  850  748  747.70622558  4.40504062274  0.0241801768387
0.884538968825  849  768  768.292566971  4.63151762812  0.0372694027919
0.884538968825  849  789  789.179599072  5.10882492399  0.0462444452969
0.884538968825  848  810  810.252656496  5.70025163142  0.0350600084013
0.884538968825  848  832  831.605947573  6.29201386323  0.0244925413199
0.884538968825  847  853  853.193601722  7.14649286239  0.022415223695
0.884538968825  847  875  875.117792667  7.8507752633  0.0160643868628
0.884538968825  846  897  897.225686366  8.48785507248  0.00705311350703
0.884538968825  845  920  919.516855216  9.16515789567  -0.0164286311155
0.884538968825  844  942  942.211275235  9.58751692086  -0.00643748521617
0.884538968825  843  965  964.974795159  10.0873487218  -0.0107664009805
0.884538968825  842  988  987.954758033  10.4132752351  -0.0171271044472
0.884538968825  841  1011  1011.18500145  10.4165240942  -0.0136096299513
1.07857896882  837  9  9.22776790089  1.83568932158  0.0360514400489
1.07857896882  838  23  22.9557667588  1.86064971483  0.00509959284109
1.07857896882  839  37  36.8291418987  1.89799482726  0.00106266482358
1.07857896882  839  51  50.6972268031  1.83340241278  -0.0323692425799
1.07857896882  840  65  64.8379732283  1.93798549397  9.61721052954e-06
1.07857896882  841  79  79.0808397472  1.94031807552  0.00843980106192
1.07857896882  841  93  93.3383495903  1.94148296559  0.0249361627305
1.07857896882  842  108  107.823141486  1.98499462187  0.0376721312455
1.07857896882  843  122  122.444411087  1.88534131199  0.064726215928
1.07857896882  843  137  137.07988161  1.9520473318  0.0592510859521
1.07857896882  844  152  151.96906836  1.98209308885  0.0741001524884
1.07857896882  844  167  166.851935205  1.95399274397  0.0379341749679
1.07857896882  845  182  182.022690407  2.01485338919  0.0490773615648
1.07857896882  845  197  197.222141383  1.97620653504  0.0368947167094
1.07857896882  846  213  212.618754791  1.9489684577  -0.00950077631397
1.07857896882  846  228  228.117513545  2.10886252453  0.00225023771841
1.07857896882  847  244  243.805387214  2.1333743646  -0.0211903508784
1.07857896882  847  260  259.552117643  2.1361447658  -0.0180590259119
1.07857896882  848  276  275.551784957  2.19448338592  0.00383005779778
1.07857896882  848  292  291.578123892  2.21515168382  0.00841626148885
1.07857896882  848  308  307.791544746  2.27907156678  0.035544247898
1.07857896882  849  324  324.244054973  2.24455816177  0.0860976181747
1.07857896882  849  341  340.715532467  2.21488887175  0.060370010251
1.07857896882  849  357  357.424057609  2.23028763055  0.0831382642117
1.07857896882  850  374  374.346210042  2.28115267287  0.0697163053102
1.07857896882  850  391  391.327033117  2.37319983538  0.0253556628074
1.07857896882  850  408  408.489134066  2.40111826443  -0.00963049069798
1.07857896882  850  426  425.80842933  2.58663542213  -0.0422548554503
1.07857896882  851  443  443.389206713  2.57615319451  -0.0155393122226
1.07857896882  851  461  461.024326433  2.73335796902  -0.0161236810861
1.07857896882  851  479  478.843265571  2.73124938156  0.00649112762068
1.07857896882  851  497  496.816116243  2.80478589402  0.0343881995968
1.07857896882  851  515  514.97746286  2.90412728773  0.0594079713955
1.07857896882  851  533  533.357796532  2.96508834392  0.0835906119497
1.07857896882  851  552  551.873585711  3.0895947975  0.0536668785271
1.07857896882  851  571  570.611617891  3.14812558167  0.0235176232188
1.07857896882  851  590  589.579079394  3.32233524665  0.00039111451903
1.07857896882  851  609  608.691515526  3.47401940523  -0.0332320038889
1.07857896882  851  628  628.012438516  3.57980220854  -0.0388918911606
1.07857896882  850  647  647.475770591  3.69072599839  -0.0362534593527
1.07857896882  850  667  667.167021981  3.82957308373  -0.0313883110953
1.07857896882  850  687  687.014710838  3.97771338172  -0.022360910785
1.07857896882  850  707  707.046227835  4.04960797111  -0.00478155187831
1.07857896882  849  727  727.229118467  4.21249418723  0.00890875411617
1.07857896882  849  748  747.667699108  4.37863661064  0.0187522139969
1.07857896882  848  768  768.274393453  4.58834851562  0.0380117379206
1.07857896882  848  789  789.129531543  5.10792636982  0.0411381147673
1.07857896882  847  810  810.189521726  5.70950474413  0.0374511254125
1.07857896882  847  832  831.565314462  6.31061918185  0.023238294372
1.07857896882  846  853  853.172582231  7.11185982791  0.0223966074461
1.07857896882  846  875  875.079965358  7.79165207668  0.0183261367012
1.07857896882  845  897  897.172496989  8.55735031735  0.00545980891359
1.07857896882  844  919  919.566683149  9.1461752835  0.0101240193837
1.07857896882  843  942  942.164423366  9.50296841859  -0.00490951395609
1.07857896882  842  965  964.93457691  9.98788469597  -0.0166780683367
1.07857896882  841  988  987.913865898  10.4457810581  -0.0133069622497
1.07857896882  840  1011  1011.14148145  10.3393059661  -0.0186732418447
1.27261896882  836  9  9.11262651046  1.85534070212  0.0457123113921
1.27261896882  837  23  22.8463225463  1.84861852127  0.00764567375939
1.27261896882  838  37  36.7104735274  1.84344141112  -0.00497936747439
1.27261896882  838  51  50.6224109066  1.99250245584  -0.0321702787504
1.27261896882  839  65  64.7211386279  1.92392796548  -0.00268731398761
1.27261896882  840  79  78.9666794678  1.93845799011  0.00428482706377
1.27261896882  840  93  93.2405061121  1.95661580218  0.0258458186148
1.27261896882  841  108  107.703052651  1.94975097604  0.027641328465
1.27261896882  842  122  122.357610445  1.88156508432  0.0695177538549
1.27261896882  842  137  136.972161881  1.94230792491  0.0484160883646
1.27261896882  843  152  151.867219171  1.9533566357  0.064499135301
1.27261896882  843  167  166.752674514  1.92310270292  0.0324343932575
1.27261896882  844  182  181.918250404  1.98454503295  0.032367813672
1.27261896882  844  197  197.108466411  1.99507426284  0.0274792497232
1.27261896882  845  213  212.54193822  1.93541644749  0.000162328938491
1.27261896882  845  228  228.002225879  2.11080666357  -0.018173134452
1.27261896882  846  244  243.713838244  2.13432230989  -0.0243374268054
1.27261896882  846  259  259.474628529  2.13803277133  -0.00387074520287
1.27261896882  847  275  275.473867485  2.20206999862  0.0104429493791
1.27261896882  847  292  291.507932919  2.20621787078  0.0243776825784
1.27261896882  847  308  307.696495108  2.23802593897  0.0212908869869
1.27261896882  848  324  324.166793613  2.25956959138  0.0868017835046
1.27261896882  848  341  340.641480805  2.18910440985  0.0677636752716
1.27261896882  848  357  357.331798669  2.25379681459  0.0803167551663
1.27261896882  849  374  374.265815463  2.32708533052  0.0688130755146
1.27261896882  849  391  391.270158648  2.39306882133  0.030037561404
1.27261896882  849  408  408.435675187  2.4016031482  0.00124552280483
1.27261896882  849  426  425.716963412  2.57962175853  -0.047806823602
1.27261896882  850  443  443.31963374  2.60917867962  -0.0155359902793
1.27261896882  850  461  460.952146366  2.71496531019  -0.0167441732074
1.27261896882  850  479  478.757173923  2.73499341351  -0.00112447616647
1.27261896882  850  497  496.734889922  2.79067182604  0.0195234026522
1.27261896882  850  515  514.912360193  2.8963380297  0.0532611223634
1.27261896882  850  533  533.272454019  2.95508838099  0.0704619210792
1.27261896882  850  552  551.81187282  3.06559375046  0.0511752942961
1.27261896882  850  571  570.564730149  3.15003328742  0.02669734379
1.27261896882  850  590  590.823510669  0.032962364961  9.45828609617
1.27261896882  850  609  608.614066152  3.46051210575  -0.038259869132
1.27261896882  850  628  627.955853858  3.58997239393  -0.0397196894788
1.27261896882  849  647  647.425818095  3.71240874965  -0.0384716464428
1.27261896882  849  667  667.113606128  3.83137119999  -0.0332572989405
1.27261896882  849  687  686.95701632  3.949304342  -0.0266967807689
1.27261896882  849  707  707.003264255  4.06902346958  -0.00844566050283
1.27261896882  848  727  727.19527844  4.23230097209  0.00812503542721
1.27261896882  848  748  747.63392814  4.39302412885  0.0199454357372
1.27261896882  848  768  768.205695391  4.59628319457  0.0353301502812
1.27261896882  847  789  789.097177742  5.07297888281  0.0386626832129
1.27261896882  847  810  810.190645213  5.70299238647  0.0352026082319
1.27261896882  846  832  831.545338863  6.32048927179  0.0244714595371
1.27261896882  845  853  853.137822494  7.13989743152  0.0233064194099
1.27261896882  845  875  875.059515674  7.90689567052  0.0132254827065
1.27261896882  844  897  897.141254153  8.5981308056  0.00673025126856
1.27261896882  843  919  919.536830982  9.14318807161  0.00802935944135
1.27261896882  842  942  942.088190113  9.50456973444  -0.00903567975993
1.27261896882  841  965  964.91295837  10.0399103493  -0.012519056843
1.27261896882  840  988  987.944240545  10.3941494227  -0.0163752324055
1.27261896882  839  1011  1011.16317345  10.5062584878  -0.0128296921448
1.46665896882  835  9  8.98411398001  1.84042474305  0.00342238195701
1.46665896882  836  23  22.7215995453  1.81753609703  -0.00015038943995
1.46665896882  837  37  36.6162360061  1.82016223603  0.00981845532446
1.46665896882  838  51  50.569120729  1.91405517009  0.00832764499689
1.46665896882  838  65  64.6326341071  1.891500589  0.00241693466911
1.46665896882  839  79  78.8609006524  1.92305256133  0.00327191256514
1.46665896882  839  93  93.1295342295  1.97420121009  -0.0244489134853
1.46665896882  840  108  107.620196804  1.93542715153  0.0348181014896
1.46665896882  841  122  122.258818282  1.93192683382  0.0778177676846
1.46665896882  841  137  136.871369322  1.93478979354  0.0450635245958
1.46665896882  842  152  151.75331732  1.94588481843  0.0473360928396
1.46665896882  842  167  166.662157025  1.87059972133  0.042601323504
1.46665896882  843  182  181.805946051  1.97684159463  0.0231401228868
1.46665896882  843  197  197.005391771  2.00288752055  0.00865471027615
1.46665896882  844  212  212.461020197  1.94946131366  0.0293804139761
1.46665896882  844  228  227.920607253  2.09471448115  -0.0124304203369
1.46665896882  845  244  243.613761297  2.11368168264  -0.0284969317927
1.46665896882  845  259  259.405278002  2.13470334769  0.0010445945456
1.46665896882  846  275  275.398292939  2.1946750938  0.0167727635866
1.46665896882  846  291  291.423593486  2.20549427369  0.0231805885976
1.46665896882  846  308  307.633484573  2.32739475414  0.0114558979976
1.46665896882  847  324  324.071239094  2.27183672791  0.0748249162467
1.46665896882  847  341  340.567137885  2.17607998895  0.0787290652806
1.46665896882  847  357  357.259246898  2.3411619102  0.0550410658572
1.46665896882  848  374  374.189274957  2.34443498265  0.0669115435045
1.46665896882  848  391  391.175168265  2.43013979025  0.015730352375
1.46665896882  848  408  408.372844592  2.41785080334  0.00806964117175
1.46665896882  848  426  425.667123275  2.54293092448  -0.0443258572466
1.46665896882  849  443  443.260914331  2.65890608894  -0.0103196797818
1.46665896882  849  461  460.887112088  2.72149030939  -0.0176865297939
1.46665896882  849  479  478.719084462  2.71095866262  0.00888956775756
1.46665896882  849  497  496.679255629  2.77259535314  0.0203503286329
1.46665896882  849  515  514.854672367  2.85195456939  0.0501352966214
1.46665896882  849  533  533.209731532  2.94759057647  0.0672047095252
1.46665896882  849  552  551.749650654  3.07230809548  0.0492432382423
1.46665896882  849  571  571.822299453  0.0327018971522  9.47877040554
1.46665896882  849  589  589.46354261  3.32407592018  0.0146203384484
1.46665896882  849  609  608.585292123  3.46619041033  -0.0312415682698
1.46665896882  849  628  627.897645751  3.57874548408  -0.0408346676752
1.46665896882  849  647  647.400323386  3.70979639186  -0.0380947026744
1.46665896882  848  667  667.085388736  3.80756943911  -0.0330546431733
1.46665896882  848  687  686.924141348  3.92964572076  -0.0215174839561
1.46665896882  848  707  706.966890175  4.07637428275  -0.00681420545689
1.46665896882  847  727  727.157823109  4.20815226816  0.0102730734409
1.46665896882  847  748  747.608320482  4.38377468398  0.0218908442612
1.46665896882  847  768  768.21615412  4.6252577211  0.0332120437198
1.46665896882  846  789  789.029664417  5.10442324085  0.0346192787797
1.46665896882  846  810  810.145685784  5.69351076647  0.0378180479606
1.46665896882  845  832  831.51247215  6.30360896116  0.0254914494431
1.46665896882  844  853  853.120297867  7.13629160208  0.0214646582232
1.46665896882  844  875  875.037083749  7.83690576659  0.0192400242586
1.46665896882  843  897  897.145706919  8.55719147665  0.00757096379706
1.46665896882  842  919  919.530226876  9.17928722225  0.0100389078196
1.46665896882  841  942  942.10237011  9.55319542961  -0.00660222951207
1.46665896882  840  965  964.854796494  9.94164169256  -0.0202865151139
1.46665896882  839  988  987.868481671  10.4632649841  -0.0133815348917
1.46665896882  838  1011  1011.15567694  10.5133748505  -0.0188176052268
1.66069896882  834  9  8.85757962296  1.81761001638  -0.00473715683351
1.66069896882  835  23  22.6310072364  1.79434853665  0.0255073104335
1.66069896882  836  37  36.5175061726  1.83623528141  0.0187139913721
1.66069896882  836  50  50.464767324  1.9314438359  0.0272075450466
1.66069896882  837  65  64.5347987252  1.89685405384  0.0154161329439
1.66069896882  838  79  78.7608969915  1.91799637084  0.00737602419505
1.66069896882  838  93  93.0152748457  1.98407568431  -0.0221926610806
1.66069896882  839  108  107.535660636  1.92568100034  0.0467833891465
1.66069896882  840  122  122.158726022  1.95237928728  0.0715074266378
1.66069896882  840  137  136.773755845  1.92953183229  0.0380394725528
1.66069896882  841  152  151.659746806  1.93192781064  0.0431388547784
1.66069896882  841  167  166.573627556  1.85203267049  0.0535028050005
1.66069896882  842  182  181.716521625  1.94908406933  0.028442428084
1.66069896882  842  197  196.913334157  1.99572667808  0.0134010218096
1.66069896882  843  212  212.378323158  1.99289126688  0.0343584676655
1.66069896882  843  228  227.828015113  2.08203205733  -0.01917634056
1.66069896882  844  244  243.539103827  2.09355093903  -0.0208481090542
1.66069896882  844  259  259.305333441  2.15366742222  -0.004444601573
1.66069896882  845  275  275.314822953  2.19103911592  0.0189157936414
1.66069896882  845  291  291.362407195  2.22014267315  0.0302132838969
1.66069896882  846  308  307.583269123  2.27462471762  0.0336792234731
1.66069896882  846  324  323.973472424  2.30851379372  0.0527531744378
1.66069896882  846  341  340.509796162  2.19434962139  0.0832726875196
1.66069896882  846  357  357.228715012  2.38741568625  0.0784124786695
1.66069896882  847  374  374.112761716  2.3939434086  0.0598169891214
1.66069896882  847  391  391.096925492  2.44380889227  0.00660453990079
1.66069896882  847  408  408.298445529  2.46131593825  0.00516839765273
1.66069896882  847  426  425.585077117  2.488125448  -0.0502717338492
1.66069896882  848  443  443.186445534  2.6721940566  -0.0170196109203
1.66069896882  848  461  460.813582135  2.70243298563  -0.023201468243
1.66069896882  848  479  478.646864919  2.70489208476  0.00370744830407
1.66069896882  848  497  496.638253161  2.774420773  0.0252625773729
1.66069896882  848  515  514.801758959  2.86757149585  0.0494530067796
1.66069896882  848  533  533.134034892  2.9691794605  0.0614467453213
1.66069896882  848  552  551.688581222  3.03615599029  0.0456567545057
1.66069896882  848  570  570.463292303  3.12154503173  0.0464399411108
1.66069896882  848  589  589.396285951  3.35340143829  0.0161969585539
1.66069896882  848  609  608.531043162  3.42144789464  -0.0327259065508
1.66069896882  848  628  627.853525123  3.57693187893  -0.0434123201273
1.66069896882  848  647  647.357511046  3.68636507726  -0.0358131798252
1.66069896882  847  667  667.014766291  3.83445139165  -0.0355368547616
1.66069896882  847  687  686.888878833  3.94005679037  -0.024948550473
1.66069896882  847  707  706.93256329  4.04964777561  -0.00789879820975
1.66069896882  846  727  727.125244229  4.18829117073  0.011379638408
1.66069896882  846  748  748.833124187  0.194858284833  9.80000582092
1.66069896882  846  768  768.183399236  4.60769844524  0.0378287545255
1.66069896882  845  789  789.032118305  5.10950930401  0.0396862571441
1.66069896882  845  810  810.148029714  5.73628054037  0.0353561186005
1.66069896882  844  832  832.798692371  0.195160222042  10.6004362021
1.66069896882  843  853  853.100756766  7.11169338261  0.0232421321936
1.66069896882  843  875  874.996975026  7.93157714789  0.0110444819016
1.66069896882  842  897  897.084417871  8.48159804732  0.00743806351761
1.66069896882  841  919  919.479652721  9.17330072677  0.011137090954
1.66069896882  840  942  942.06206135  9.51006935067  -0.0107263570807
1.66069896882  839  965  964.860810673  9.99516974053  -0.0156899090581
1.66069896882  838  988  987.877814219  10.2553088769  -0.0181748609306
1.66069896882  837  1011  1011.15701004  10.4119018013  -0.013857981794
1.85473896882  833  9  8.79004301721  1.95709262405  -0.00511568476766
1.85473896882  834  23  22.5487984445  1.80379491939  0.0425036536565
1.85473896882  835  36  36.4258461026  1.85555572744  0.0390765955852
1.85473896882  835  50  50.3699222194  1.93030637079  0.0267266435269
1.85473896882  836  64  64.4331751117  1.8911664578  0.0187632978955
1.85473896882  837  79  78.6612106428  1.89699853461  0.0019569691102
1.85473896882  837  93  92.9777600856  2.07678631222  0.0121318995275
1.85473896882  838  107  107.440849318  1.95415120287  0.0441595724488
1.85473896882  839  122  122.059204966  1.96405985846  0.0639824278755
1.85473896882  839  137  136.682544407  1.90453488744  0.0490971960984
1.85473896882  840  152  151.562126274  1.91041137717  0.0470363493435
1.85473896882  840  166  166.494247003  1.8431574216  0.0773424609836
1.85473896882  841  182  181.618895568  1.90622907295  0.0293933513507
1.85473896882  841  197  196.807182184  1.97356201932  -0.00766765522086
1.85473896882  842  212  212.294121361  2.00444749412  0.0370031524647
1.85473896882  842  228  227.73862003  2.07347122933  -0.0221258998546
1.85473896882  843  243  243.468023651  2.08805646029  0.000575530452225
1.85473896882  843  259  259.229022663  2.17867509022  0.00294566351683
1.85473896882  844  275  275.230106751  2.21512218725  0.0166095939662
1.85473896882  844  291  291.275834728  2.23948363554  0.0277480429647
1.85473896882  845  308  307.545437118  2.33393748903  0.0733187460424
1.85473896882  845  324  323.895633883  2.29816132239  0.0527292659434
1.85473896882  845  340  340.437521526  2.21123431696  0.0963398585481
1.85473896882  846  357  357.148210135  2.46978141564  0.0716327119271
1.85473896882  846  374  374.020419346  2.40761462945  0.0532080985431
1.85473896882  846  391  391.014977666  2.45791652497  0.00777974142834
1.85473896882  846  408  408.218338609  2.51588537169  0.00338690705076
1.85473896882  846  426  425.531394776  2.50726734305  -0.0480640369875
1.85473896882  847  443  443.120381538  2.65870484882  -0.0207624647217
1.85473896882  847  461  460.746410345  2.6678106475  -0.026507054504
1.85473896882  847  479  478.591732064  2.73684455202  8.71182463136e-05
1.85473896882  847  497  496.581172987  2.75031863272  0.0254544327312
1.85473896882  847  515  514.744401958  2.85504652958  0.0496019468773
1.85473896882  847  533  533.071775978  2.99240173522  0.0578081564332
1.85473896882  847  552  551.625992053  3.03423611008  0.0420189323825
1.85473896882  847  570  570.412041775  3.16757180788  0.0488543136462
1.85473896882  847  589  589.356980681  3.33659380901  0.0181914050122
1.85473896882  847  608  608.491997384  3.47330409205  -0.0118217794435
1.85473896882  847  628  627.790060978  3.60375664214  -0.0431321884767
1.85473896882  847  647  647.307308595  3.75433884469  -0.0458361694884
1.85473896882  846  667  666.97248872  3.85563702592  -0.037768466289
1.85473896882  846  687  686.844849217  3.90288294079  -0.0262660158409
1.85473896882  846  707  706.891807515  4.08641141533  -0.0124693589211
1.85473896882  845  727  727.085240157  4.15227551129  0.00769636673473
1.85473896882  845  748  748.838249373  0.198865189515  9.85109114521
1.85473896882  845  768  768.170161473  4.67145478503  0.0394615488486
1.85473896882  844  789  788.985687134  5.08876116165  0.0367352004719
1.85473896882  844  810  810.096409049  5.65819867054  0.0399800607092
1.85473896882  843  831  831.447990742  6.338048719  0.0347585845331
1.85473896882  842  853  853.038338259  7.03763850739  0.0174750698391
1.85473896882  842  875  874.954238972  7.85336919624  0.0128491553525
1.85473896882  841  897  897.045341798  8.43297661237  0.00522705712054
1.85473896882  840  919  919.446020867  9.16628695212  0.00816664867575
1.85473896882  839  942  941.995627551  9.51280783152  -0.0108443246063
1.85473896882  838  965  964.815995374  9.72952502092  -0.021892008452
1.85473896882  837  988  987.844820875  10.3528398588  -0.0141359277936
1.85473896882  836  1011  1011.14176588  10.2783864734  -0.020397049681
2.04877896882  832  9  8.68233897574  1.91738075733  -0.00424343285602
2.04877896882  833  22  22.4517405521  1.80374027076  0.0547404846149
2.04877896882  834  36  36.3265180976  1.85209740359  0.0400153002
2.04877896882  835  50  50.2925127483  2.00095745691  0.049414222871
2.04877896882  835  64  64.3459073221  1.91599463658  0.032030575785
2.04877896882  836  79  78.5679907312  1.90154402427  0.00819247769732
2.04877896882  836  93  92.8591078252  2.08331877984  -0.00925402654897
2.04877896882  837  107  107.337030072  1.93725555951  0.0371642896926
2.04877896882  838  122  121.941526063  1.97923274231  0.0444752772761
2.04877896882  838  137  136.587441399  1.89348762972  0.0419693760091
2.04877896882  839  151  151.476207944  1.90218074778  0.06257703595
2.04877896882  839  166  166.407727605  1.87979713642  0.0807081041008
2.04877896882  840  182  181.53750677  1.89491774104  0.0402635973366
2.04877896882  840  197  196.747003068  2.06519201105  -0.00604219096485
2.04877896882  841  212  212.20146815  2.06432924869  0.0372078621529
2.04877896882  841  228  227.631062125  2.04297289535  -0.0417313610368
2.04877896882  842  243  243.391195378  2.09202004729  0.0146503211308
2.04877896882  842  259  259.140038404  2.19546562156  -0.00663248629465
2.04877896882  843  275  275.140959898  2.24549894567  0.00800944404951
2.04877896882  843  291  291.199406677  2.24758984877  0.0258573478982
2.04877896882  844  307  307.478765481  2.21817824337  0.0605202293814
2.04877896882  844  324  323.803616177  2.28896512529  0.0472286537345
2.04877896882  844  340  340.363896788  2.25532832938  0.101307515585
2.04877896882  845  357  357.099575717  2.36377450501  0.0899728043195
2.04877896882  845  374  373.931256942  2.40247031854  0.0453765699503
2.04877896882  845  391  390.941982651  2.44516327898  0.00418522504827
2.04877896882  845  408  408.129952257  2.54058240506  -0.000762311810351
2.04877896882  846  426  425.501118437  2.54996574426  -0.0307076331441
2.04877896882  846  443  443.035728442  2.67063381571  -0.025763709611
2.04877896882  846  461  460.671369402  2.66219286132  -0.0343199477717
2.04877896882  846  479  478.539339323  2.72185859212  0.00419878752625
2.04877896882  846  497  496.526442908  2.74041445521  0.0290230128503
2.04877896882  846  515  514.680841465  2.83891356424  0.0487469867966
2.04877896882  846  533  533.010412984  2.99970070139  0.0525007666506
2.04877896882  846  552  551.587001056  3.01528884658  0.05141078294
2.04877896882  846  570  570.348072576  3.21629381397  0.0467936025698
2.04877896882  846  589  589.299597071  3.34263399656  0.0171647035451
2.04877896882  846  608  608.455682812  3.48649873147  -0.00551478313757
2.04877896882  846  628  627.749090789  3.60668728921  -0.0412847801939
2.04877896882  846  647  647.269984639  3.73138289322  -0.0387578502078
2.04877896882  845  667  666.905098061  3.86061894503  -0.0451602598087
2.04877896882  845  687  686.770297207  3.90007210195  -0.0336410911849
2.04877896882  845  707  706.851785318  4.10416578682  -0.013296706794
2.04877896882  844  727  727.053721958  4.16114943604  0.00562598791263
2.04877896882  844  747  747.498897069  4.41775186721  0.0262077959824
2.04877896882  844  768  768.153225728  4.66525950042  0.0414736969102
2.04877896882  843  789  788.958295013  5.0311582661  0.0321563201089
2.04877896882  843  810  810.090519844  5.66516437238  0.0374955980786
2.04877896882  842  831  831.430841159  6.34241890798  0.0352997717627
2.04877896882  841  853  853.0310361  7.09743607504  0.0223790407417
2.04877896882  841  875  874.92990102  7.84854156851  0.010201033834
2.04877896882  840  897  897.035657226  8.34340003725  0.00517817164142
2.04877896882  839  919  919.448342815  9.02476723607  0.00853278001106
2.04877896882  838  942  941.946375222  9.44230623382  -0.0143193463131
2.04877896882  837  965  964.768212025  9.99076800883  -0.0131640752521
2.04877896882  836  988  987.861316152  10.3011032217  -0.0174053165862
2.04877896882  835  1011  1011.12415701  10.5710454244  -0.01280274351
