# Band 4B   Etalon 2B   Slice 11
# Distortion map version 06.04.00 - date 2018-10-11
# Trace (isoalpha): Take pixel trace along specified slice, specified alpha position trace is built by taking the pixel in every detector row with alpha value closest to the one specified 
# xpos[i] = np.argmin(alpha_img[i,:])+funcs.find_nearest(alpha_img[i,:][(slice_img[i,:]!=0)],alpha_pos)
#    alpha       x  y      center         FWHM          skewness        wavelength
0.0  113  28  28.009966038  4.33268460926  -0.00821906979124  24.3841202962
0.0  114  78  78.5296883478  3.85236547334  -0.0103463745672  24.2066353213
0.0  114  128  127.640486661  3.83826742939  -0.0589347977882  24.0363133941
0.0  115  176  175.68258744  3.85356081189  -0.0297878381443  23.8663590404
0.0  115  223  222.694732599  4.03792891092  -0.00559740995073  23.6965685212
0.0  115  269  268.538733133  3.76227533532  0.0408106941167  23.5346927171
0.0  116  313  313.172092794  3.57847456686  0.00087559889566  23.3691593997
0.0  116  357  356.77045345  3.57204624672  -0.029227740908  23.2091368915
0.0  116  399  399.437423572  3.63264985258  -0.0383301156189  23.0516825918
0.0  116  441  441.284669534  3.68323626315  -0.0380896895819  22.8933509161
0.0  116  482  482.11314486  3.49898049182  -0.00473626279298  22.7420223841
0.0  116  522  522.099127829  3.25617111913  0.00519428349287  22.5872985143
0.0  116  561  560.995969486  3.263937351  -0.0282678164568  22.4392465445
0.0  116  599  599.25373637  3.28066244522  -0.0424458448559  22.2897333161
0.0  116  637  636.737551039  3.35559912275  -0.0280105550901  22.1438309074
0.0  116  674  673.530192792  3.26877199618  -0.00462412895892  22.0000765453
0.0  116  709  709.434860183  3.25882197027  0.0184466843514  21.8566462695
0.0  116  745  744.582647609  3.11015754422  0.00504872838221  21.7167951858
0.0  115  779  778.963645203  3.07510980485  -0.00538160165925  21.5774828245
0.0  115  813  812.695264907  3.08967533529  -0.0288540597866  21.4422534742
0.0  115  846  845.778561447  3.0746042862  -0.0223722127442  21.3050614441
0.0  115  878  878.299267019  3.11198809071  -0.0033688786101  21.1726558299
0.0  114  910  910.101334503  3.05215125515  0.020084498045  21.0395169681
0.0  114  941  941.348352544  2.96385992727  0.0142266409935  20.9105922238
0.0  114  972  971.962765289  2.93150115717  0.0235224761203  20.7812160306
0.0  113  1002  1002.04289718  2.92121330772  0.0248854867503  20.6548136817
-2.77655667024  103  27  27.0271467782  4.46668605304  -0.0198282069363  24.3841202962
-2.77655667024  104  78  77.707382105  4.18799958556  -0.00365520791541  24.2066353213
-2.77655667024  104  127  127.05229658  3.97551306643  -0.0120164480088  24.0363133941
-2.77655667024  104  175  174.840371888  3.75829649756  -0.0398840754502  23.8663590404
-2.77655667024  105  222  221.856207949  3.90872944827  -0.0334824653191  23.6965685212
-2.77655667024  105  268  267.681542024  3.97298934249  -0.0154212611842  23.5346927171
-2.77655667024  105  313  312.604357495  3.79004483504  0.0287172125276  23.3691593997
-2.77655667024  105  356  356.183034521  3.44638175612  -0.015646686155  23.2091368915
-2.77655667024  106  399  398.899359073  3.59364039457  -0.0259628954135  23.0516825918
-2.77655667024  106  441  440.678510804  3.65393013968  -0.0369656247464  22.8933509161
-2.77655667024  106  482  481.580686832  3.51726690884  -0.0104308427389  22.7420223841
-2.77655667024  106  522  521.673749252  3.48111582768  0.0159990753283  22.5872985143
-2.77655667024  106  561  560.725463582  3.28790699515  0.00432939326484  22.4392465445
-2.77655667024  106  599  598.946208459  3.23818977408  -0.0172105538491  22.2897333161
-2.77655667024  106  636  636.377408589  3.22687213906  -0.0234267862002  22.1438309074
-2.77655667024  105  673  673.027047395  3.28843286786  -0.0436464080428  22.0000765453
-2.77655667024  105  709  709.044833892  3.28316699142  -0.00266453531554  21.8566462695
-2.77655667024  105  744  744.279826881  3.20073070635  -0.00269797213367  21.7167951858
-2.77655667024  105  779  778.751743618  3.14642841093  0.00405823909973  21.5774828245
-2.77655667024  105  813  812.598031119  3.05740024571  0.0107730371588  21.4422534742
-2.77655667024  105  846  845.684828868  2.99042235191  -0.000605507026784  21.3050614441
-2.77655667024  104  878  878.124633988  3.06701716393  -0.00107690932363  21.1726558299
-2.77655667024  104  910  910.012392633  2.93969238839  0.0231677881384  21.0395169681
-2.77655667024  104  941  941.247885283  2.94774933085  -0.00309449390857  20.9105922238
-2.77655667024  103  972  971.871869763  3.00730150197  -0.00244597394595  20.7812160306
-2.77655667024  103  1002  1001.94911677  2.9743496393  -0.00272779387277  20.6548136817
-2.54887467024  104  27  27.0776113812  4.54727614489  -0.0280613228163  24.3841202962
-2.54887467024  104  78  77.7253717846  4.18636233221  1.86493012133e-06  24.2066353213
-2.54887467024  105  127  127.087108083  3.97553037251  -0.0142721106207  24.0363133941
-2.54887467024  105  175  174.956784623  3.79540754057  -0.0370181754717  23.8663590404
-2.54887467024  106  222  221.906341513  3.81304539617  -0.0338097061409  23.6965685212
-2.54887467024  106  268  267.755938044  3.91325660334  -0.00798897355297  23.5346927171
-2.54887467024  106  313  312.692459149  3.766147458  0.042352603334  23.3691593997
-2.54887467024  106  356  356.247181057  3.50090218901  -0.00120586923689  23.2091368915
-2.54887467024  106  399  398.898652323  3.58838761584  -0.0283549428749  23.0516825918
-2.54887467024  107  441  440.741804936  3.68421135718  -0.0463918527613  22.8933509161
-2.54887467024  107  482  481.647221071  3.50442643597  -0.00251506436649  22.7420223841
-2.54887467024  107  522  521.658466699  3.48494659271  -2.84320291653e-05  22.5872985143
-2.54887467024  107  561  560.757762506  3.24900110565  0.00845353845649  22.4392465445
-2.54887467024  107  599  598.959973983  3.23311284333  -0.0222762539927  22.2897333161
-2.54887467024  106  636  636.377475395  3.22664383605  -0.0231806386872  22.1438309074
-2.54887467024  106  673  673.112109073  3.2909252289  -0.0235901771534  22.0000765453
-2.54887467024  106  709  709.04200265  3.33722438898  -0.0086330028195  21.8566462695
-2.54887467024  106  744  744.298941175  3.12439316048  0.00133719065781  21.7167951858
-2.54887467024  106  779  778.783469095  3.11889502363  0.0102165433231  21.5774828245
-2.54887467024  106  813  812.631436301  3.02203324863  0.00389057066744  21.4422534742
-2.54887467024  105  846  845.684829377  2.98674151975  -0.0022821518303  21.3050614441
-2.54887467024  105  878  878.132443552  2.99714549928  -0.00321510124429  21.1726558299
-2.54887467024  105  910  910.013571937  2.96126360668  0.0143463429583  21.0395169681
-2.54887467024  105  941  941.275961683  2.91877475425  0.00986962489687  20.9105922238
-2.54887467024  104  972  971.888410888  3.00984438183  -0.00245826911211  20.7812160306
-2.54887467024  104  1002  1001.98820721  2.93753097878  0.0131490576869  20.6548136817
-2.32119267024  105  27  27.1981290169  4.58682308827  -0.0146698862881  24.3841202962
-2.32119267024  105  78  77.8244802842  4.20066474172  0.00719213080473  24.2066353213
-2.32119267024  106  127  127.167754614  3.81861811748  -0.00964896801223  24.0363133941
-2.32119267024  106  175  175.020989161  3.65429989387  -0.0398091004271  23.8663590404
-2.32119267024  106  222  221.900319729  3.88866238881  -0.0633219047452  23.6965685212
-2.32119267024  107  268  267.822544318  4.0031817406  -0.00852974587792  23.5346927171
-2.32119267024  107  313  312.730414908  3.82550841745  0.0272911064657  23.3691593997
-2.32119267024  107  356  356.299227856  3.41717505  -0.00876798350926  23.2091368915
-2.32119267024  107  399  398.956451834  3.60201646562  -0.032400100372  23.0516825918
-2.32119267024  107  441  440.741804936  3.68421135718  -0.0463918527613  22.8933509161
-2.32119267024  107  482  481.647221071  3.50442643597  -0.00251506436649  22.7420223841
-2.32119267024  107  522  521.658466699  3.48494659271  -2.84320291653e-05  22.5872985143
-2.32119267024  107  561  560.757762506  3.24900110565  0.00845353845649  22.4392465445
-2.32119267024  107  599  598.959973983  3.23311284333  -0.0222762539927  22.2897333161
-2.32119267024  107  636  636.457185891  3.26782519929  -0.0142928828747  22.1438309074
-2.32119267024  107  673  673.136434434  3.33727767153  -0.0239073948844  22.0000765453
-2.32119267024  107  709  709.105474748  3.35030156064  0.00837390737565  21.8566462695
-2.32119267024  107  744  744.299162597  3.0999138427  -0.00736696670379  21.7167951858
-2.32119267024  107  779  778.79940185  3.06900304691  0.0104192740373  21.5774828245
-2.32119267024  106  813  812.63159445  3.01754752312  0.00596081846217  21.4422534742
-2.32119267024  106  846  845.685244544  3.0226017748  -0.0102293201234  21.3050614441
-2.32119267024  106  878  878.136791663  3.04532758715  -0.0156706835439  21.1726558299
-2.32119267024  106  910  910.027463288  2.93799606228  0.0153676259193  21.0395169681
-2.32119267024  105  941  941.275923023  2.92129316343  0.0102299037812  20.9105922238
-2.32119267024  105  972  971.900337021  3.02609652496  0.00657820008867  20.7812160306
-2.32119267024  105  1002  1002.00441863  3.00533551776  0.0165518509094  20.6548136817
-2.09351067024  106  27  27.30941714  4.49266432419  -0.0159905841844  24.3841202962
-2.09351067024  106  78  77.9373294787  4.07153380941  0.0176906293789  24.2066353213
-2.09351067024  107  127  127.209037467  3.85034270041  -0.0315876474079  24.0363133941
-2.09351067024  107  175  175.109225429  3.60098475459  -0.0271582915168  23.8663590404
-2.09351067024  107  222  221.990203004  3.88187896108  -0.0284875535038  23.6965685212
-2.09351067024  108  268  267.906873373  4.03355494247  -0.0149406995063  23.5346927171
-2.09351067024  108  313  312.741872425  3.58456113745  0.0136523955975  23.3691593997
-2.09351067024  108  356  356.351228026  3.35466608144  -0.0169591023651  23.2091368915
-2.09351067024  108  399  398.989313046  3.6314661477  -0.0471634357029  23.0516825918
-2.09351067024  108  441  440.756124192  3.59864966164  -0.0701383607275  22.8933509161
-2.09351067024  108  482  481.675512841  3.56060452364  -0.0069545382333  22.7420223841
-2.09351067024  108  522  521.731182518  3.47426988516  0.00170047645609  22.5872985143
-2.09351067024  108  561  560.769529089  3.34507723969  -0.00320528095269  22.4392465445
-2.09351067024  108  599  598.991946156  3.33617063632  -0.0311649336856  22.2897333161
-2.09351067024  108  636  636.497381635  3.24376833119  -0.0224247011414  22.1438309074
-2.09351067024  108  673  673.162142133  3.35400676973  -0.0237108216028  22.0000765453
-2.09351067024  108  709  709.130512951  3.24379649099  0.00977477157281  21.8566462695
-2.09351067024  108  744  744.357339238  3.11608276973  -0.00567833031972  21.7167951858
-2.09351067024  108  779  778.817327034  3.10992914346  0.0080111556518  21.5774828245
-2.09351067024  107  813  812.654699577  3.00947805836  0.00590063678235  21.4422534742
-2.09351067024  107  846  845.704934495  3.02648819059  -0.00126013108177  21.3050614441
-2.09351067024  107  878  878.163333961  3.08069141279  -0.00519834789274  21.1726558299
-2.09351067024  107  910  910.039341196  2.9869529547  0.019838715616  21.0395169681
-2.09351067024  106  941  941.282284933  2.99760716551  0.00975233885393  20.9105922238
-2.09351067024  106  972  971.894858368  3.00344817454  -0.000750293920474  20.7812160306
-2.09351067024  106  1002  1001.99726761  2.96445040977  0.0108619467879  20.6548136817
-1.86582867024  106  27  27.3523558992  4.4962698635  0.00243106417895  24.3841202962
-1.86582867024  107  78  78.0058542504  4.05041336232  -0.000965821524958  24.2066353213
-1.86582867024  108  145  145.916708289  0.00641636559237  53.8977718723  24.0363133941
-1.86582867024  108  175  175.161005062  3.71896315884  -0.034566432534  23.8663590404
-1.86582867024  108  222  222.046951043  3.9094113298  -0.0365408407388  23.6965685212
-1.86582867024  108  268  267.906770581  4.03164887847  -0.0255184044697  23.5346927171
-1.86582867024  109  313  312.714230516  3.62205423042  -0.014668640616  23.3691593997
-1.86582867024  109  356  356.394851207  3.50292101944  -0.0229428915047  23.2091368915
-1.86582867024  109  399  399.017461588  3.62579701198  -0.0445008360943  23.0516825918
-1.86582867024  109  441  440.797896651  3.68350651979  -0.0351506493086  22.8933509161
-1.86582867024  109  482  481.705692593  3.58467016458  -0.0167560054586  22.7420223841
-1.86582867024  109  522  521.78669855  3.41618413792  0.0147195350193  22.5872985143
-1.86582867024  109  561  560.762443257  3.36339538844  -0.0231848338813  22.4392465445
-1.86582867024  109  599  599.038949795  3.30312244357  -0.0265782244568  22.2897333161
-1.86582867024  109  637  636.527322184  3.25559761415  -0.0292326218933  22.1438309074
-1.86582867024  109  673  673.205259311  3.36429599821  -0.0287131131864  22.0000765453
-1.86582867024  109  709  709.172739545  3.20287827176  0.00570873984177  21.8566462695
-1.86582867024  109  744  744.409896658  3.16903756149  0.00259884467574  21.7167951858
-1.86582867024  108  779  778.817048081  3.10879778726  0.00686226088702  21.5774828245
-1.86582867024  108  813  812.631799549  2.99899299598  -0.0110727090498  21.4422534742
-1.86582867024  108  846  845.731635205  3.11096100016  0.00300153834331  21.3050614441
-1.86582867024  108  878  878.210533884  3.04405545135  -0.000311761619272  21.1726558299
-1.86582867024  107  910  910.039219835  2.98476392676  0.0190990177364  21.0395169681
-1.86582867024  107  941  941.279843842  3.03094279834  0.0101046916164  20.9105922238
-1.86582867024  107  972  971.917411818  3.00174155765  0.00617153854156  20.7812160306
-1.86582867024  106  1002  1001.99902324  2.95945737413  0.00113784320701  20.6548136817
-1.63814667024  107  27  27.3940851476  4.61328074883  -0.0176789335334  24.3841202962
-1.63814667024  108  78  78.1540592  4.01698282761  0.00759416789466  24.2066353213
-1.63814667024  108  145  145.916837931  0.00641976695587  53.8979838735  24.0363133941
-1.63814667024  109  175  175.223370489  3.7791239992  -0.0397099390095  23.8663590404
-1.63814667024  109  222  222.129327634  3.89727993824  -0.031041515615  23.6965685212
-1.63814667024  109  268  268.026457123  3.95236447714  -0.00894996469601  23.5346927171
-1.63814667024  110  313  312.830731198  3.61832919473  0.00118715083651  23.3691593997
-1.63814667024  110  356  356.477663308  3.55330443687  -0.00325631153152  23.2091368915
-1.63814667024  110  399  399.055383297  3.58452135134  -0.0397275184053  23.0516825918
-1.63814667024  110  441  440.817359185  3.76487779799  -0.0442929820744  22.8933509161
-1.63814667024  110  482  481.794622864  3.62495362375  -0.0112398340667  22.7420223841
-1.63814667024  110  522  521.818048584  3.34710217656  0.00584662514966  22.5872985143
-1.63814667024  110  561  560.811073354  3.34384942173  -0.0160666896731  22.4392465445
-1.63814667024  110  599  599.099667013  3.28138064803  -0.0258060869421  22.2897333161
-1.63814667024  110  637  636.520943155  3.31777535764  -0.033558683867  22.1438309074
-1.63814667024  110  673  673.265713751  3.31537700577  -0.0105795657613  22.0000765453
-1.63814667024  110  709  709.183322705  3.20927394639  -0.001559596679  21.8566462695
-1.63814667024  109  744  744.410033183  3.1682492627  0.00318048554433  21.7167951858
-1.63814667024  109  779  778.807725557  3.13692718349  -0.00231398315804  21.5774828245
-1.63814667024  109  813  812.6245139  2.96629848395  -0.0110292292329  21.4422534742
-1.63814667024  109  846  845.725448486  3.15553540648  -0.0119230016529  21.3050614441
-1.63814667024  109  878  878.251915534  2.99663612008  0.00810679450866  21.1726558299
-1.63814667024  108  910  910.029471856  2.94229563912  0.00557217372133  21.0395169681
-1.63814667024  108  941  941.264488038  3.01065631251  0.017336738281  20.9105922238
-1.63814667024  108  972  971.935450316  3.00637803893  0.0075482517484  20.7812160306
-1.63814667024  107  1002  1002.00976334  2.90654065534  0.01748128698  20.6548136817
-1.41046467024  108  28  27.5135607699  4.56885126731  -0.0209954280329  24.3841202962
-1.41046467024  109  78  78.254163819  3.97643155401  0.0249819987168  24.2066353213
-1.41046467024  109  127  127.440247569  3.81555172458  -0.00952648320088  24.0363133941
-1.41046467024  110  175  175.288162172  3.88648096949  -0.0432117359051  23.8663590404
-1.41046467024  110  222  222.142578073  3.90675411485  -0.05121674757  23.6965685212
-1.41046467024  110  268  268.134175334  4.0146195654  0.00229998330053  23.5346927171
-1.41046467024  110  313  312.830718255  3.61663940525  0.00119349334092  23.3691593997
-1.41046467024  111  356  356.516512731  3.56696434852  -0.0148425134456  23.2091368915
-1.41046467024  111  399  399.121238824  3.62130819306  -0.0437953122342  23.0516825918
-1.41046467024  111  441  440.871028785  3.76360490745  -0.0572563848945  22.8933509161
-1.41046467024  111  482  481.870849332  3.63296444937  -0.0115554920692  22.7420223841
-1.41046467024  111  522  521.836437447  3.31480457059  0.00557860929874  22.5872985143
-1.41046467024  111  561  560.902619885  3.28616976472  -0.00105645345011  22.4392465445
-1.41046467024  111  599  599.159235616  3.25753793717  -0.0219349227723  22.2897333161
-1.41046467024  111  637  636.56654574  3.27274607271  -0.0256838968191  22.1438309074
-1.41046467024  111  673  673.285405619  3.30589893639  -0.0163552584466  22.0000765453
-1.41046467024  110  709  709.183677906  3.20761206482  -0.000124922768463  21.8566462695
-1.41046467024  110  744  744.434913467  3.17814996691  0.00376104543949  21.7167951858
-1.41046467024  110  779  778.848124574  3.11926782347  -0.00254261359875  21.5774828245
-1.41046467024  110  813  812.647373696  3.00515593552  -0.0146433755732  21.4422534742
-1.41046467024  110  846  845.759354671  3.10756952979  -0.0139808381928  21.3050614441
-1.41046467024  109  878  878.252067498  3.00252296386  0.011310563805  21.1726558299
-1.41046467024  109  910  910.047379259  2.99628218107  0.00383211925335  21.0395169681
-1.41046467024  109  941  941.280903736  3.02243112246  0.0167644907341  20.9105922238
-1.41046467024  109  972  971.947442527  2.95438823138  0.00407723219365  20.7812160306
-1.41046467024  108  1002  1002.02871906  2.91833056137  0.0154947155154  20.6548136817
-1.18278267024  109  28  27.717240327  4.45134344924  0.00168532660947  24.3841202962
-1.18278267024  110  78  78.3302427481  4.00421397852  0.0148068144204  24.2066353213
-1.18278267024  110  128  127.388225559  3.76782281272  -0.0766479614329  24.0363133941
-1.18278267024  110  175  175.288503722  3.86971950527  -0.0451317979506  23.8663590404
-1.18278267024  111  222  222.242593311  3.97755599657  -0.0251687823359  23.6965685212
-1.18278267024  111  268  268.245717081  3.87147938816  0.0140919264402  23.5346927171
-1.18278267024  111  313  312.913984498  3.56317251874  0.00657303697455  23.3691593997
-1.18278267024  111  356  356.516957235  3.56918108848  -0.013220961273  23.2091368915
-1.18278267024  112  399  399.129907382  3.64398131928  -0.0577151968383  23.0516825918
-1.18278267024  112  441  440.980316099  3.76715850073  -0.0488547144896  22.8933509161
-1.18278267024  112  482  481.971982235  3.65768868465  -0.000990711469038  22.7420223841
-1.18278267024  112  522  521.87004585  3.37618448297  -0.00236109758552  22.5872985143
-1.18278267024  112  561  561.003440736  3.30504342528  0.0065601081618  22.4392465445
-1.18278267024  112  599  599.220414425  3.28420712398  -0.0136030872735  22.2897333161
-1.18278267024  112  637  636.576568335  3.30751675323  -0.0371027333768  22.1438309074
-1.18278267024  111  673  673.298834578  3.30537342528  -0.0158256900363  22.0000765453
-1.18278267024  111  709  709.230119118  3.23994270205  0.0074810717892  21.8566462695
-1.18278267024  111  744  744.491805591  3.16313087289  0.0240439619864  21.7167951858
-1.18278267024  111  779  778.899588899  3.06727547425  -0.0030464585371  21.5774828245
-1.18278267024  111  813  812.63950975  3.04700232006  -0.0184919395052  21.4422534742
-1.18278267024  111  846  845.72848328  3.06688565276  -0.0255062297452  21.3050614441
-1.18278267024  110  878  878.185936809  3.01167229464  -0.0196332428043  21.1726558299
-1.18278267024  110  910  910.041520947  3.01372474825  -0.0079069697366  21.0395169681
-1.18278267024  110  941  941.281549768  2.96491522474  0.00643347407756  20.9105922238
-1.18278267024  109  972  971.95011972  2.9648341952  0.00363752585345  20.7812160306
-1.18278267024  109  1002  1001.9787512  2.8707133063  -0.00656348090813  20.6548136817
-0.955100670235  110  28  27.8580337584  4.38602286938  0.01673483044  24.3841202962
-0.955100670235  110  78  78.3497766757  3.99460778562  0.0313621150256  24.2066353213
-0.955100670235  111  127  127.449407367  3.85215306131  -0.0377001802348  24.0363133941
-0.955100670235  111  175  175.362701778  3.91588336069  -0.0477902580392  23.8663590404
-0.955100670235  112  222  222.318637824  4.03188278094  -0.0299670776314  23.6965685212
-0.955100670235  112  268  268.371174859  3.86280056587  0.0210164733838  23.5346927171
-0.955100670235  112  313  312.996129085  3.60271937266  0.0132064533999  23.3691593997
-0.955100670235  112  357  356.586242515  3.51670218382  -0.0106479050436  23.2091368915
-0.955100670235  112  399  399.129907382  3.64398131928  -0.0577151968383  23.0516825918
-0.955100670235  113  441  441.040856049  3.68027216329  -0.0350812511927  22.8933509161
-0.955100670235  113  482  482.007176745  3.61427902248  -0.00475393125  22.7420223841
-0.955100670235  113  522  521.948264836  3.3782120417  0.00349350300879  22.5872985143
-0.955100670235  113  561  561.031473114  3.3138683813  0.0020605806008  22.4392465445
-0.955100670235  113  599  599.178626786  3.29182790295  -0.0321516839493  22.2897333161
-0.955100670235  112  637  636.576568335  3.30751675323  -0.0371027333768  22.1438309074
-0.955100670235  112  673  673.35431866  3.30891964926  -0.0154134919819  22.0000765453
-0.955100670235  112  709  709.25940519  3.25028019956  0.00661157297945  21.8566462695
-0.955100670235  112  744  744.490601593  3.15624957079  0.0140843171133  21.7167951858
-0.955100670235  112  779  778.941628418  3.07844135767  -0.001585293129  21.5774828245
-0.955100670235  112  813  812.643404986  3.0982270144  -0.0265620844744  21.4422534742
-0.955100670235  111  846  845.732147997  3.07445571098  -0.0260327831089  21.3050614441
-0.955100670235  111  878  878.209298016  2.98645064287  -0.0160279616976  21.1726558299
-0.955100670235  111  910  910.088673044  2.99530574407  0.0111633580326  21.0395169681
-0.955100670235  111  941  941.306650713  3.04054160633  0.0116281755137  20.9105922238
-0.955100670235  110  972  971.991890421  3.01556319277  0.0186876204282  20.7812160306
-0.955100670235  110  1002  1001.99592668  2.93174079784  0.0036753502988  20.6548136817
-0.727418670235  111  28  27.9141563385  4.38440148274  0.0190199781566  24.3841202962
-0.727418670235  111  78  78.3919244222  3.98512843054  0.0172928144526  24.2066353213
-0.727418670235  112  128  127.526640415  3.84415455058  -0.0370665884629  24.0363133941
-0.727418670235  112  175  175.422110775  3.97025683062  -0.0441341830733  23.8663590404
-0.727418670235  112  222  222.317651249  4.03497385077  -0.0329399608425  23.6965685212
-0.727418670235  113  268  268.467414573  3.94469145538  0.0215304779895  23.5346927171
-0.727418670235  113  313  313.067004502  3.57968708523  0.0104530651998  23.3691593997
-0.727418670235  113  357  356.599101743  3.51422290189  -0.0195646534536  23.2091368915
-0.727418670235  113  399  399.192365231  3.64292063895  -0.0457185236944  23.0516825918
-0.727418670235  113  441  441.040945754  3.68002398381  -0.0348558992801  22.8933509161
-0.727418670235  113  482  482.007176745  3.61427902248  -0.00475393125  22.7420223841
-0.727418670235  113  522  521.948264836  3.3782120417  0.00349350300879  22.5872985143
-0.727418670235  113  561  561.031473114  3.3138683813  0.0020605806008  22.4392465445
-0.727418670235  113  599  599.192454656  3.29709078534  -0.029140951988  22.2897333161
-0.727418670235  113  637  636.634816934  3.2963468865  -0.0219386827874  22.1438309074
-0.727418670235  113  673  673.381084819  3.31979814052  -0.0242562670209  22.0000765453
-0.727418670235  113  709  709.274624358  3.29256909842  0.00101126764773  21.8566462695
-0.727418670235  113  744  744.503097117  3.17403111293  0.0123785584184  21.7167951858
-0.727418670235  113  779  778.940304043  3.12399679252  -0.00354786278799  21.5774828245
-0.727418670235  112  813  812.643219175  3.09799410686  -0.0273963031676  21.4422534742
-0.727418670235  112  846  845.760611316  3.04352031442  -0.0214389534752  21.3050614441
-0.727418670235  112  878  878.214271608  3.0100359409  -0.00768020300889  21.1726558299
-0.727418670235  112  910  910.129204551  3.00585602688  0.0218041093662  21.0395169681
-0.727418670235  111  941  941.30746782  3.04549747232  0.0158868575985  20.9105922238
-0.727418670235  111  972  971.96856361  3.01152853892  0.00524882140655  20.7812160306
-0.727418670235  111  1002  1002.02035264  2.90482345457  0.00597474635384  20.6548136817
-0.499736670235  112  28  27.9196654194  4.35112989654  0.0020477977279  24.3841202962
-0.499736670235  112  78  78.4304607084  3.92858169083  0.0157740046934  24.2066353213
-0.499736670235  113  128  127.662553828  3.88324467246  -0.0235515249463  24.0363133941
-0.499736670235  113  176  175.530086444  3.89774279879  -0.0326550599445  23.8663590404
-0.499736670235  113  222  222.480908952  4.13122411247  -0.00175474800238  23.6965685212
-0.499736670235  114  269  268.515803516  3.86531407693  0.0201682532762  23.5346927171
-0.499736670235  114  313  313.095463304  3.57475200969  0.00534549342661  23.3691593997
-0.499736670235  114  357  356.641390663  3.54829750773  -0.0172536376897  23.2091368915
-0.499736670235  114  399  399.259963558  3.6848512866  -0.0456456715316  23.0516825918
-0.499736670235  114  441  441.11302494  3.57466504831  -0.0331538539075  22.8933509161
-0.499736670235  114  482  482.074970688  3.57648164595  0.00332989922262  22.7420223841
-0.499736670235  114  522  522.024940197  3.28469918787  0.00730146482985  22.5872985143
-0.499736670235  114  561  561.051355583  3.2787430331  -0.00989495555083  22.4392465445
-0.499736670235  114  599  599.168591706  3.3126726115  -0.0397044252098  22.2897333161
-0.499736670235  114  637  636.655405093  3.3511251659  -0.0400668190519  22.1438309074
-0.499736670235  114  673  673.416018724  3.33913247063  -0.0132220387311  22.0000765453
-0.499736670235  114  709  709.31214156  3.27942094888  -0.00670363987047  21.8566462695
-0.499736670235  114  744  744.528462614  3.08234042792  0.00381590954847  21.7167951858
-0.499736670235  114  779  778.965014939  3.05893192715  0.00163187613375  21.5774828245
-0.499736670235  113  813  812.673217686  3.13980356111  -0.0221066386956  21.4422534742
-0.499736670235  113  846  845.783738289  3.06733309466  -0.0117161709797  21.3050614441
-0.499736670235  113  878  878.250269355  3.00874079658  -0.00875786960225  21.1726558299
-0.499736670235  113  910  910.117583246  3.0413970513  0.0131072819607  21.0395169681
-0.499736670235  112  941  941.358197808  3.03887573476  0.0255311690053  20.9105922238
-0.499736670235  112  972  971.965875302  2.98468673229  0.011990856028  20.7812160306
-0.499736670235  112  1002  1002.03606137  2.92479764251  0.015417253383  20.6548136817
-0.272054670235  112  28  27.9215303081  4.37001767169  0.00250747928293  24.3841202962
-0.272054670235  113  78  78.453291631  3.91411429826  -0.00559386135084  24.2066353213
-0.272054670235  113  128  127.66155205  3.87633513047  -0.0273372780263  24.0363133941
-0.272054670235  114  176  175.635827305  3.87710879656  -0.0205889892107  23.8663590404
-0.272054670235  114  223  222.611574196  4.14952015054  -0.010415219328  23.6965685212
-0.272054670235  114  269  268.498107039  3.84233672958  0.011549780521  23.5346927171
-0.272054670235  115  313  313.104508082  3.57837359458  -0.00261059774372  23.3691593997
-0.272054670235  115  357  356.710095983  3.51721944316  -0.0261140916861  23.2091368915
-0.272054670235  115  399  399.36565403  3.68209092447  -0.0405339626148  23.0516825918
-0.272054670235  115  441  441.218460441  3.67006467652  -0.0254588948632  22.8933509161
-0.272054670235  115  482  482.089527433  3.51397934094  0.00773493801575  22.7420223841
-0.272054670235  115  522  522.050729918  3.27139798568  0.0111294711985  22.5872985143
-0.272054670235  115  561  561.039326618  3.26923722902  -0.0149568799792  22.4392465445
-0.272054670235  115  599  599.204725241  3.29034189428  -0.0379170081812  22.2897333161
-0.272054670235  115  637  636.685667625  3.29750234722  -0.0420086851208  22.1438309074
-0.272054670235  115  673  673.464499827  3.30849154411  -0.00811528417142  22.0000765453
-0.272054670235  115  709  709.366270491  3.20448833172  0.0118745979998  21.8566462695
-0.272054670235  115  745  744.566645213  3.10595089311  0.00118655554917  21.7167951858
-0.272054670235  114  779  778.952177251  3.0554222268  -0.00116650033603  21.5774828245
-0.272054670235  114  813  812.687595464  3.12174265295  -0.0202063903695  21.4422534742
-0.272054670235  114  846  845.785419299  3.08376230206  -0.00682854022312  21.3050614441
-0.272054670235  114  878  878.303426222  3.06195878637  0.00586240470522  21.1726558299
-0.272054670235  113  910  910.118052252  3.0480829666  0.0164231257196  21.0395169681
-0.272054670235  113  941  941.362744978  2.96864040751  0.0220717951663  20.9105922238
-0.272054670235  113  972  971.934369901  2.96509408478  0.00216178660895  20.7812160306
-0.272054670235  112  1002  1002.03576553  2.9257152995  0.0143620124843  20.6548136817
-0.0443726702354  113  28  28.0123300086  4.35710612818  -0.0017842031055  24.3841202962
-0.0443726702354  114  78  78.5296883478  3.85236547334  -0.0103463745672  24.2066353213
-0.0443726702354  114  128  127.672819403  3.88323007488  -0.0365165958626  24.0363133941
-0.0443726702354  115  176  175.68258744  3.85356081189  -0.0297878381443  23.8663590404
-0.0443726702354  115  223  222.694732599  4.03792891092  -0.00559740995073  23.6965685212
-0.0443726702354  115  269  268.530202737  3.77530732765  0.0184155054488  23.5346927171
-0.0443726702354  116  313  313.173574418  3.57152618505  0.00551411041605  23.3691593997
-0.0443726702354  116  357  356.77045345  3.57204624672  -0.029227740908  23.2091368915
-0.0443726702354  116  399  399.437423572  3.63264985258  -0.0383301156189  23.0516825918
-0.0443726702354  116  441  441.284669534  3.68323626315  -0.0380896895819  22.8933509161
-0.0443726702354  116  482  482.11314486  3.49898049182  -0.00473626279298  22.7420223841
-0.0443726702354  116  522  522.099127829  3.25617111913  0.00519428349287  22.5872985143
-0.0443726702354  116  561  560.995969486  3.263937351  -0.0282678164568  22.4392465445
-0.0443726702354  116  599  599.25373637  3.28066244522  -0.0424458448559  22.2897333161
-0.0443726702354  116  637  636.737551039  3.35559912275  -0.0280105550901  22.1438309074
-0.0443726702354  116  674  673.530192792  3.26877199618  -0.00462412895892  22.0000765453
-0.0443726702354  116  709  709.434860183  3.25882197027  0.0184466843514  21.8566462695
-0.0443726702354  115  745  744.566620032  3.10552887751  0.00109802342715  21.7167951858
-0.0443726702354  115  779  778.963645203  3.07510980485  -0.00538160165925  21.5774828245
-0.0443726702354  115  813  812.695264907  3.08967533529  -0.0288540597866  21.4422534742
-0.0443726702354  115  846  845.778561447  3.0746042862  -0.0223722127442  21.3050614441
-0.0443726702354  115  878  878.311102078  3.10907331684  0.00396818807976  21.1726558299
-0.0443726702354  114  910  910.10114871  3.05308237772  0.0190892131588  21.0395169681
-0.0443726702354  114  941  941.348352544  2.96385992727  0.0142266409935  20.9105922238
-0.0443726702354  114  972  971.962893082  2.93180641903  0.024251397009  20.7812160306
-0.0443726702354  113  1002  1002.0282674  2.9388271703  0.0138518254926  20.6548136817
0.183309329765  114  28  28.1523514435  4.2370541292  0.016734488021  24.3841202962
0.183309329765  115  79  78.602764321  3.85085573975  -0.00280410710555  24.2066353213
0.183309329765  115  128  127.740208698  3.84530548045  -0.037300312336  24.0363133941
0.183309329765  116  176  175.81277571  3.91985033458  -0.0216387056506  23.8663590404
0.183309329765  116  223  222.816398014  4.00194437172  0.0144409884131  23.6965685212
0.183309329765  116  269  268.589708135  3.70621663607  0.0146900105309  23.5346927171
0.183309329765  116  313  313.172092794  3.57847456686  0.00087559889566  23.3691593997
0.183309329765  117  357  356.800485811  3.50325894379  -0.0348446629476  23.2091368915
0.183309329765  117  400  399.447361352  3.68164112255  -0.0470409835251  23.0516825918
0.183309329765  117  441  441.372162596  3.67267124221  -0.00450493080804  22.8933509161
0.183309329765  117  482  482.184316462  3.4939442811  -0.000526301344792  22.7420223841
0.183309329765  117  522  522.11264233  3.34465599846  -0.000224306521736  22.5872985143
0.183309329765  117  561  561.033921606  3.34335818613  -0.0307744206099  22.4392465445
0.183309329765  117  599  599.289131584  3.31154260198  -0.0349719668577  22.2897333161
0.183309329765  117  637  636.761842144  3.36024510522  -0.0306308570712  22.1438309074
0.183309329765  117  674  673.543397499  3.36289937494  -0.0119849843913  22.0000765453
0.183309329765  116  709  709.434524319  3.26052315822  0.0170342475345  21.8566462695
0.183309329765  116  745  744.582647609  3.11015754422  0.00504872838221  21.7167951858
0.183309329765  116  779  779.000007748  3.0126075178  0.0015448414787  21.5774828245
0.183309329765  116  813  812.71853701  3.07068420797  -0.0262257123831  21.4422534742
0.183309329765  116  846  845.806449508  3.0248074238  -0.0152963180482  21.3050614441
0.183309329765  115  878  878.29949821  3.11114360175  -0.00233265201724  21.1726558299
0.183309329765  115  910  910.060109913  3.09510479356  0.0101290038839  21.0395169681
0.183309329765  115  941  941.366857723  2.99088486496  0.02471663088  20.9105922238
0.183309329765  114  972  971.918739995  2.96540272131  -0.000967407048064  20.7812160306
0.183309329765  114  1002  1002.032208  2.89984905544  0.00196894243192  20.6548136817
0.410991329765  115  28  28.2050086726  4.44567515242  0.0195756492255  24.3841202962
0.410991329765  116  79  78.6547746937  3.88200666656  -0.0122770142829  24.2066353213
0.410991329765  116  128  127.804736865  3.81779443065  -0.0378622773667  24.0363133941
0.410991329765  116  176  175.774764624  3.9709605055  -0.0400087126642  23.8663590404
0.410991329765  117  223  223.054954115  4.25408793408  0.196753962049  23.6965685212
0.410991329765  117  269  268.668942228  3.73443062773  0.0254387603494  23.5346927171
0.410991329765  117  313  313.217273368  3.51437069172  -0.00818853269659  23.3691593997
0.410991329765  117  357  356.800330242  3.50227272626  -0.0353793361312  23.2091368915
0.410991329765  118  400  399.52501629  3.66998161511  -0.0375789948515  23.0516825918
0.410991329765  118  441  441.41401134  3.65150695592  -0.00530420688684  22.8933509161
0.410991329765  118  482  482.258525041  3.41928808933  0.00792887439669  22.7420223841
0.410991329765  118  522  522.114977381  3.09540309162  0.0112521397482  22.5872985143
0.410991329765  118  561  561.074869326  3.32414967755  -0.0176579967882  22.4392465445
0.410991329765  118  599  599.363819261  3.38932738026  -0.0296990671395  22.2897333161
0.410991329765  118  637  636.773889682  3.35193886229  -0.0384726672452  22.1438309074
0.410991329765  117  674  673.54334706  3.36309750425  -0.0121628118894  22.0000765453
0.410991329765  117  709  709.436714486  3.25337933445  0.0121390254988  21.8566462695
0.410991329765  117  745  744.56895961  3.10072988525  -0.0081420585125  21.7167951858
0.410991329765  117  779  778.994131851  3.05276477758  -0.000892031923241  21.5774828245
0.410991329765  117  813  812.761405383  3.10127287871  -0.0134416429268  21.4422534742
0.410991329765  116  846  845.801161524  2.99876902373  -0.0266236691948  21.3050614441
0.410991329765  116  878  878.277003268  3.037754765  -0.0173371228499  21.1726558299
0.410991329765  116  910  910.073740912  3.10468371394  0.0089430838582  21.0395169681
0.410991329765  116  941  941.36200279  3.01441304184  0.0302860153683  20.9105922238
0.410991329765  115  972  971.945931675  3.00880367209  0.0165200121183  20.7812160306
0.410991329765  115  1002  1002.01035651  2.93534872742  -0.0148127817674  20.6548136817
0.638673329765  116  28  28.316927522  4.18988291805  0.0209943848745  24.3841202962
0.638673329765  116  79  78.6441672457  3.86053881285  -0.0177986365183  24.2066353213
0.638673329765  117  128  127.841637741  3.88657490251  -0.0506948721514  24.0363133941
0.638673329765  117  176  175.832645368  3.96415809251  -0.0317023505085  23.8663590404
0.638673329765  118  223  222.97238298  4.07455484717  0.00936914993352  23.6965685212
0.638673329765  118  269  268.701431226  3.71217895464  0.0085263620889  23.5346927171
0.638673329765  118  313  313.315179927  3.48474030106  0.0054118063499  23.3691593997
0.638673329765  118  357  356.810187735  3.57971885024  -0.0498643021563  23.2091368915
0.638673329765  118  400  399.524983712  3.66941327545  -0.0377326567356  23.0516825918
0.638673329765  119  442  441.45459141  3.63319462419  -0.0305682322492  22.8933509161
0.638673329765  119  482  482.318059275  3.41336987501  0.00054031808469  22.7420223841
0.638673329765  119  522  522.136925967  3.1236670047  0.0129335443146  22.5872985143
0.638673329765  119  561  561.126255584  3.2894807317  -0.029511985934  22.4392465445
0.638673329765  119  599  599.421334367  3.43633071261  -0.0124892771361  22.2897333161
0.638673329765  118  637  636.773889682  3.35193886229  -0.0384726672452  22.1438309074
0.638673329765  118  674  673.543137182  3.46471021203  -0.00725187721002  22.0000765453
0.638673329765  118  710  709.492533432  3.18438527458  0.0275380256968  21.8566462695
0.638673329765  118  744  744.523964105  3.11144787492  -0.0238411167391  21.7167951858
0.638673329765  118  779  778.981535465  3.07769340706  -0.00903548294544  21.5774828245
0.638673329765  118  813  812.782346782  3.07510168831  -0.0180262518973  21.4422534742
0.638673329765  117  846  845.814650194  3.07510070127  -0.0214163384351  21.3050614441
0.638673329765  117  878  878.253202606  3.0125367263  -0.0203609503063  21.1726558299
0.638673329765  117  910  910.0919181  3.02843209345  0.00280357601554  21.0395169681
0.638673329765  117  941  941.414708733  3.05784183085  0.0393942684519  20.9105922238
0.638673329765  116  972  971.998322521  3.03486078543  0.0388316337746  20.7812160306
0.638673329765  116  1002  1001.99998605  2.94827425543  -1.13190411482e-05  20.6548136817
0.866355329765  117  28  28.4435080872  4.17558749608  0.0156293945761  24.3841202962
0.866355329765  117  79  78.7755317  3.90800101098  -0.0103599828332  24.2066353213
0.866355329765  118  128  127.978045171  3.94861251157  -0.0306884478234  24.0363133941
0.866355329765  118  176  175.905293908  3.97939900994  -0.0400382384007  23.8663590404
0.866355329765  118  223  222.953374552  4.03107553136  -0.00521680480344  23.6965685212
0.866355329765  119  269  268.754928696  3.63472610432  0.00833509972425  23.5346927171
0.866355329765  119  313  313.376801494  3.48338503905  -0.00372911048429  23.3691593997
0.866355329765  119  357  356.909803044  3.56425526053  -0.0291370953612  23.2091368915
0.866355329765  119  400  399.624236793  3.65905034894  -0.0194513832296  23.0516825918
0.866355329765  119  442  441.454715708  3.63284016668  -0.0301367344201  22.8933509161
0.866355329765  119  482  482.318059275  3.41336987501  0.00054031808469  22.7420223841
0.866355329765  119  522  522.136925967  3.1236670047  0.0129335443146  22.5872985143
0.866355329765  119  561  561.126255584  3.2894807317  -0.029511985934  22.4392465445
0.866355329765  119  599  599.406899838  3.42371421967  -0.0175674516812  22.2897333161
0.866355329765  119  637  636.809050464  3.41007306146  -0.0311140815706  22.1438309074
0.866355329765  119  674  673.591519556  3.39816947773  -0.00848995935751  22.0000765453
0.866355329765  119  710  709.504569058  3.19585793894  0.0179781212725  21.8566462695
0.866355329765  119  745  744.578716327  3.01546273555  -0.0110803828857  21.7167951858
0.866355329765  119  779  778.994148663  3.08843689458  -0.00556737736932  21.5774828245
0.866355329765  118  813  812.782375699  3.07318248556  -0.0177606831376  21.4422534742
0.866355329765  118  846  845.855060822  3.06663553555  -0.00948174363809  21.3050614441
0.866355329765  118  878  878.285057107  3.02103904258  -0.0100118454728  21.1726558299
0.866355329765  118  910  910.091865094  3.07021555756  0.00717340696154  21.0395169681
0.866355329765  117  941  941.415558004  3.06644102845  0.0402382317664  20.9105922238
0.866355329765  117  972  972.020041941  3.10066105679  0.0397296667331  20.7812160306
0.866355329765  117  1002  1002.01760732  2.95806157576  0.0105251872807  20.6548136817
1.09403732976  118  29  28.5768054992  4.15995295976  0.0201334514605  24.3841202962
1.09403732976  118  79  78.9125306804  3.91391561958  0.00533972871632  24.2066353213
1.09403732976  119  128  127.992277852  3.9964326093  -0.0622659478145  24.0363133941
1.09403732976  119  176  175.936513681  4.00116485718  -0.0405725382732  23.8663590404
1.09403732976  119  223  223.067667662  3.95249579261  0.00271854587282  23.6965685212
1.09403732976  120  269  268.798146172  3.62490590665  0.00506328331664  23.5346927171
1.09403732976  120  313  313.386397411  3.54915997265  -0.0195071799173  23.3691593997
1.09403732976  120  357  356.953211683  3.65168138664  -0.0311019095625  23.2091368915
1.09403732976  120  400  399.62897096  3.6984707166  -0.0434024596762  23.0516825918
1.09403732976  120  442  441.538611093  3.7449906453  -0.0406173523318  22.8933509161
1.09403732976  120  482  482.326194024  3.41931416922  -0.00183364819873  22.7420223841
1.09403732976  120  522  522.221016287  3.23967109214  0.00855963137073  22.5872985143
1.09403732976  120  561  561.177414943  3.31612867007  -0.0314296599111  22.4392465445
1.09403732976  120  599  599.43076445  3.44657441673  -0.0171264850022  22.2897333161
1.09403732976  120  637  636.904230184  3.42007473549  -0.0196616566095  22.1438309074
1.09403732976  120  674  673.65092809  3.33284009054  -0.00676289239471  22.0000765453
1.09403732976  120  710  709.488106593  3.14377794682  0.0114367968407  21.8566462695
1.09403732976  120  745  744.615204742  3.0622225357  -0.00460532598424  21.7167951858
1.09403732976  120  779  779.012483827  3.18118093491  -0.00308307485801  21.5774828245
1.09403732976  119  813  812.800808457  3.05663818772  -0.0155564493648  21.4422534742
1.09403732976  119  846  845.865391569  3.08690420692  -0.0136782280821  21.3050614441
1.09403732976  119  878  878.304417459  2.99243101316  -0.00838386480156  21.1726558299
1.09403732976  119  910  910.097352836  3.09846751728  0.0045573250877  21.0395169681
1.09403732976  118  941  941.403868494  3.03885876884  0.0239381749747  20.9105922238
1.09403732976  118  972  971.991192752  2.90447935811  0.0130526881681  20.7812160306
1.09403732976  118  1002  1002.00550893  2.88962267839  0.00761226604994  20.6548136817
1.32171932976  118  29  28.6141593511  4.14007528631  0.0401438811763  24.3841202962
1.32171932976  119  79  78.9743527244  3.94846063457  -0.00636211082851  24.2066353213
1.32171932976  119  128  128.030121861  4.00775994921  -0.0322140916077  24.0363133941
1.32171932976  120  176  176.008191826  3.89927374973  -0.0401699361794  23.8663590404
1.32171932976  120  223  223.10764222  3.98912884215  -0.0024612252221  23.6965685212
1.32171932976  120  269  268.797149718  3.62758523485  0.00158855162034  23.5346927171
1.32171932976  121  313  313.422654653  3.60380895127  -0.0202462451305  23.3691593997
1.32171932976  121  357  357.051349103  3.61543860989  -0.0274810149975  23.2091368915
1.32171932976  121  400  399.66391568  3.70552009673  -0.0435834431994  23.0516825918
1.32171932976  121  442  441.651913042  3.68937628497  -0.00678207224456  22.8933509161
1.32171932976  121  482  482.350268063  3.39426641789  -0.00156779310669  22.7420223841
1.32171932976  121  522  522.241836586  3.27426990055  -0.00409941369412  22.5872985143
1.32171932976  121  561  561.200945505  3.31586025142  -0.0226372345512  22.4392465445
1.32171932976  121  599  599.460462725  3.4931467945  -0.0262206949972  22.2897333161
1.32171932976  121  637  636.950081576  3.41405962055  -0.0184047267414  22.1438309074
1.32171932976  121  674  673.68707954  3.29481198045  -0.010180407284  22.0000765453
1.32171932976  121  710  709.502143924  3.15129708754  0.0101133852452  21.8566462695
1.32171932976  121  745  744.658019127  3.0474736869  0.000688263071104  21.7167951858
1.32171932976  120  779  779.000197353  3.18706473264  -0.0174418316194  21.5774828245
1.32171932976  120  813  812.803972041  3.0847170529  -0.0154292817902  21.4422534742
1.32171932976  120  846  845.866921405  3.06542097677  -0.00937239724641  21.3050614441
1.32171932976  120  878  878.3103193  3.0271787044  -0.026083444285  21.1726558299
1.32171932976  119  910  910.0975205  3.09840817539  0.00239573198081  21.0395169681
1.32171932976  119  941  941.364171143  2.99423436435  0.0160481850343  20.9105922238
1.32171932976  119  972  971.994077001  2.93238662647  0.0156679791111  20.7812160306
1.32171932976  118  1002  1001.99090605  2.88696612516  -0.0103700437239  20.6548136817
1.54940132976  119  29  28.7023009877  4.06314650874  0.0287112718462  24.3841202962
1.54940132976  120  79  79.064556466  3.97731431377  -0.00469563878376  24.2066353213
1.54940132976  120  128  128.090343769  3.92553547396  -0.0435753295918  24.0363133941
1.54940132976  121  176  176.13389602  3.97221231331  -0.0509602742318  23.8663590404
1.54940132976  121  223  223.181748393  3.98219027356  0.00874813757353  23.6965685212
1.54940132976  121  269  268.881728433  3.6660778443  0.00695522965622  23.5346927171
1.54940132976  122  314  313.525858799  3.59001627233  -0.00881358174297  23.3691593997
1.54940132976  122  357  357.089230634  3.58971294533  -0.0369687270861  23.2091368915
1.54940132976  122  400  399.685949903  3.71944800486  -0.0426593794245  23.0516825918
1.54940132976  122  442  441.703517038  3.64626726813  -0.00713997786111  22.8933509161
1.54940132976  122  482  482.37822227  3.31032221855  -0.00242962305062  22.7420223841
1.54940132976  122  522  522.286799731  3.31002158702  -0.0098505855605  22.5872985143
1.54940132976  122  561  561.218845435  3.33380156801  -0.0308447933717  22.4392465445
1.54940132976  122  599  599.460421118  3.44534251398  -0.0348210373634  22.2897333161
1.54940132976  122  637  637.000031851  3.38170650841  -0.000138924930735  22.1438309074
1.54940132976  122  674  673.768531091  3.27591404588  0.0195239537236  22.0000765453
1.54940132976  122  710  709.537995151  3.18393537964  0.0143578497125  21.8566462695
1.54940132976  121  745  744.65811637  3.04776608613  0.00116121041002  21.7167951858
1.54940132976  121  779  779.041855775  3.11531452283  -0.00698819826832  21.5774828245
1.54940132976  121  813  812.807825378  3.12805727092  -0.0324767716412  21.4422534742
1.54940132976  121  846  845.876486388  3.13181787615  -0.0232013661811  21.3050614441
1.54940132976  121  878  878.314822921  3.02388305977  -0.0190688147306  21.1726558299
1.54940132976  120  910  910.110328335  3.06423292132  0.0104500269817  21.0395169681
1.54940132976  120  941  941.363360675  3.03202935217  0.0192666756084  20.9105922238
1.54940132976  120  972  972.011059358  2.93386151869  0.0223825829817  20.7812160306
1.54940132976  119  1002  1002.0075976  2.88029581946  0.00964451624592  20.6548136817
1.77708332976  120  29  28.7965925547  4.18966393809  0.0360956402885  24.3841202962
1.77708332976  121  79  79.123745764  3.92993473176  -0.00930305077394  24.2066353213
1.77708332976  121  128  128.124317347  3.89907767955  -0.0534796536099  24.0363133941
1.77708332976  122  176  176.249064441  4.19518504653  -0.0300793322131  23.8663590404
1.77708332976  122  223  223.246688696  3.87566458521  0.00336743007164  23.6965685212
1.77708332976  122  269  268.92921616  3.67851649082  -0.00405808978843  23.5346927171
1.77708332976  122  314  313.525939813  3.58853940451  -0.00856661729447  23.3691593997
1.77708332976  123  357  357.132609894  3.71723486648  -0.0360349405159  23.2091368915
1.77708332976  123  400  399.773799021  3.82544701778  -0.0374132019485  23.0516825918
1.77708332976  123  442  441.736826336  3.6072951257  -0.0234547737859  22.8933509161
1.77708332976  123  482  482.404743083  3.29818992903  -0.0163177546262  22.7420223841
1.77708332976  123  522  522.348163079  3.25411421035  -0.00272954633459  22.5872985143
1.77708332976  123  561  561.246065  3.33877009552  -0.0280534218472  22.4392465445
1.77708332976  123  600  599.516791785  3.42904732414  -0.0324769420126  22.2897333161
1.77708332976  123  637  637.018712352  3.4033144066  -0.00550721721791  22.1438309074
1.77708332976  123  674  673.795054677  3.23718128415  0.019712170429  22.0000765453
1.77708332976  122  710  709.538225983  3.18280734165  0.0153513264666  21.8566462695
1.77708332976  122  745  744.672051544  3.18464753959  0.00114885806728  21.7167951858
1.77708332976  122  779  779.120219313  3.07333331834  0.0161325627394  21.5774828245
1.77708332976  122  813  812.809233393  3.18176734202  -0.0214374251687  21.4422534742
1.77708332976  122  846  845.951500364  3.09363580127  0.00389242774049  21.3050614441
1.77708332976  121  878  878.322001476  3.00930895023  -0.0097606617215  21.1726558299
1.77708332976  121  910  910.117514706  3.0402688025  0.0117948892732  21.0395169681
1.77708332976  121  941  941.353868518  2.9728644081  0.0135800399032  20.9105922238
1.77708332976  120  972  972.010810583  2.93854408664  0.0185898287931  20.7812160306
1.77708332976  120  1002  1002.01483535  2.88845172276  0.0113040512626  20.6548136817
2.00476532976  121  29  28.8273694393  4.1920136338  0.0225385606984  24.3841202962
2.00476532976  122  79  79.2049684505  3.95519377024  0.000350784557642  24.2066353213
2.00476532976  122  128  128.235287661  3.88047815352  -0.0417487499609  24.0363133941
2.00476532976  122  176  176.249761862  4.17619614353  -0.0300960655343  23.8663590404
2.00476532976  123  223  223.303591254  3.78438386736  -0.000996858722399  23.6965685212
2.00476532976  123  269  269.017839455  3.53397686186  0.0185359307843  23.5346927171
2.00476532976  123  314  313.568024269  3.49405096932  -0.00870762038581  23.3691593997
2.00476532976  123  357  357.132814026  3.71885730387  -0.0352145603293  23.2091368915
2.00476532976  124  400  399.910039337  3.80207829334  -0.0178535848232  23.0516825918
2.00476532976  124  442  441.786093759  3.51696475644  -0.0335675690563  22.8933509161
2.00476532976  124  482  482.415840816  3.35986856759  -0.037711759736  22.7420223841
2.00476532976  124  522  522.390062731  3.24896952658  -0.00416470748884  22.5872985143
2.00476532976  124  561  561.309466187  3.37020625956  -0.0218973591014  22.4392465445
2.00476532976  124  600  599.599595712  3.35626038076  -0.0243667880866  22.2897333161
2.00476532976  124  637  637.067729518  3.35018469924  -0.0110238855439  22.1438309074
2.00476532976  123  674  673.795140967  3.23670491409  0.0201241804647  22.0000765453
2.00476532976  123  710  709.541127339  3.18853342998  0.0111692564268  21.8566462695
2.00476532976  123  745  744.68012567  3.15237889113  -0.0113379766489  21.7167951858
2.00476532976  123  779  779.131108514  3.13965530331  0.00986131581674  21.5774828245
2.00476532976  123  813  812.845148467  3.14744829936  -0.0124789867615  21.4422534742
2.00476532976  122  846  845.943441673  3.12373691733  0.0127949206741  21.3050614441
2.00476532976  122  878  878.343351349  3.04352465004  -0.0108949371146  21.1726558299
2.00476532976  122  910  910.159766777  2.99088275607  0.0184463396312  21.0395169681
2.00476532976  122  941  941.387734864  2.94638837657  0.00545513726679  20.9105922238
2.00476532976  121  972  971.994559161  3.0058931922  0.0152060754029  20.7812160306
2.00476532976  121  1002  1001.99393875  2.8732710565  0.00724829869117  20.6548136817
2.23244732976  122  29  28.9191083733  4.18851440739  0.0302097001574  24.3841202962
2.23244732976  122  79  79.2246709628  3.88246724646  0.0124569523898  24.2066353213
2.23244732976  123  128  128.264686352  3.96084834108  -0.0559791936833  24.0363133941
2.23244732976  123  176  176.382498164  4.16087331848  -0.0137616313897  23.8663590404
2.23244732976  124  223  223.439315323  3.8422421755  0.00745884659753  23.6965685212
2.23244732976  124  269  269.043727499  3.5549645631  0.0113591674219  23.5346927171
2.23244732976  124  314  313.615211975  3.52662853598  -0.0165367736253  23.3691593997
2.23244732976  124  357  357.171167716  3.62433147783  -0.0458605564818  23.2091368915
2.23244732976  124  400  399.910039337  3.80207829334  -0.0178535848232  23.0516825918
2.23244732976  125  442  441.824570763  3.56489960085  -0.00568300982027  22.8933509161
2.23244732976  125  482  482.507918753  3.42686618098  -0.0119352375949  22.7420223841
2.23244732976  125  522  522.412437167  3.35984311899  -0.0128806444562  22.5872985143
2.23244732976  125  561  561.33286142  3.40985202862  -0.0319275529549  22.4392465445
2.23244732976  125  600  599.635219611  3.33474409936  -0.0252606721926  22.2897333161
2.23244732976  124  637  637.067729518  3.35018469924  -0.0110238855439  22.1438309074
2.23244732976  124  674  673.818930644  3.27321551072  0.0167904537183  22.0000765453
2.23244732976  124  710  709.563085196  3.11557566082  -0.00679287648821  21.8566462695
2.23244732976  124  745  744.710603778  3.15732221302  -0.00769838724979  21.7167951858
2.23244732976  124  779  779.12845133  3.09948723922  -0.00179994903754  21.5774828245
2.23244732976  124  813  812.873624678  3.18928475817  -0.00840859559534  21.4422534742
2.23244732976  123  846  845.884440538  3.11634345873  -0.0192520384143  21.3050614441
2.23244732976  123  878  878.355460967  3.08891346899  -0.0140580854335  21.1726558299
2.23244732976  123  910  910.184734081  3.05411807239  0.0223443618454  21.0395169681
2.23244732976  123  941  941.424916478  2.95590137782  0.025585818511  20.9105922238
2.23244732976  122  972  971.973787969  3.010322855  0.00834105915128  20.7812160306
2.23244732976  122  1002  1001.97644652  2.88295543136  0.00894157719743  20.6548136817
2.46012932976  123  29  28.999097625  4.0131560688  0.0222414015767  24.3841202962
2.46012932976  123  79  79.279067759  3.88442319782  0.00350296482923  24.2066353213
2.46012932976  124  128  128.35274207  3.96822398267  -0.0461316520712  24.0363133941
2.46012932976  124  176  176.454856219  4.15764351988  -0.019030249735  23.8663590404
2.46012932976  124  223  223.43831448  3.84945380535  0.00411521883971  23.6965685212
2.46012932976  125  269  269.147217942  3.58751064621  0.0175909541389  23.5346927171
2.46012932976  125  314  313.684644819  3.58404487831  -0.013285639608  23.3691593997
2.46012932976  125  357  357.282685427  3.68866186529  -0.0300567805769  23.2091368915
2.46012932976  125  400  400.041992583  3.75267900021  -0.00647332890318  23.0516825918
2.46012932976  125  442  441.824652654  3.56459736013  -0.00545139395468  22.8933509161
2.46012932976  125  482  482.507918753  3.42686618098  -0.0119352375949  22.7420223841
2.46012932976  125  522  522.412437167  3.35984311899  -0.0128806444562  22.5872985143
2.46012932976  125  561  561.33286142  3.40985202862  -0.0319275529549  22.4392465445
2.46012932976  125  600  599.635967088  3.34216467321  -0.0215771683614  22.2897333161
2.46012932976  125  637  637.063094568  3.36704920528  -0.0161921044548  22.1438309074
2.46012932976  125  674  673.756057577  3.22647532913  0.0014745818408  22.0000765453
2.46012932976  125  710  709.596035643  3.16699069  0.00402145123284  21.8566462695
2.46012932976  125  745  744.721993706  3.19509809528  -0.0136384485613  21.7167951858
2.46012932976  125  779  779.159662315  3.14419539904  -0.00443192272296  21.5774828245
2.46012932976  124  813  812.873183034  3.19181793603  -0.01029269633  21.4422534742
2.46012932976  124  846  845.90579525  3.07739951965  -0.0141772417606  21.3050614441
2.46012932976  124  878  878.349783432  3.07717636259  -0.0118935011629  21.1726558299
2.46012932976  124  910  910.172668795  3.06870336411  0.0115258562461  21.0395169681
2.46012932976  123  941  941.433576413  2.99349403621  0.0264638415882  20.9105922238
2.46012932976  123  972  971.960505132  2.93907594482  0.00121697858363  20.7812160306
2.46012932976  123  1002  1001.94780223  2.90145702096  -0.00732492041371  20.6548136817
2.68781132976  124  29  29.1150413391  4.11174596142  0.0162910649167  24.3841202962
2.68781132976  124  79  79.351484688  3.90838590551  -0.000641652959412  24.2066353213
2.68781132976  125  128  128.44313065  3.98692698659  -0.0415113451237  24.0363133941
2.68781132976  125  177  176.506183199  4.10995038149  -0.0247703466212  23.8663590404
2.68781132976  125  224  223.534532229  4.02549810854  0.00628181359797  23.6965685212
2.68781132976  126  269  269.178725009  3.59735153303  0.00146779485721  23.5346927171
2.68781132976  126  314  313.720023236  3.53519901827  -0.0171660789782  23.3691593997
2.68781132976  126  357  357.276163213  3.75876623052  -0.0505563123533  23.2091368915
2.68781132976  126  400  400.056452336  3.70663490639  -0.0155038565671  23.0516825918
2.68781132976  126  442  441.831993095  3.67709418151  -0.0131819795831  22.8933509161
2.68781132976  126  483  482.578990277  3.38344458688  0.00393509993977  22.7420223841
2.68781132976  126  522  522.460936361  3.31722500881  -0.00158656839852  22.5872985143
2.68781132976  126  561  561.401670994  3.41172419348  -0.0198843213306  22.4392465445
2.68781132976  126  600  599.694535833  3.34292037569  -0.016931402487  22.2897333161
2.68781132976  126  637  637.101932304  3.44059701488  -0.0189278041972  22.1438309074
2.68781132976  126  674  673.79490186  3.23482605358  -0.00653057747677  22.0000765453
2.68781132976  126  710  709.626250754  3.12713932315  0.0125806369612  21.8566462695
2.68781132976  126  745  744.764549157  3.1749515866  -0.00272763584038  21.7167951858
2.68781132976  126  779  779.198791561  3.14810012296  0.000365131724457  21.5774828245
2.68781132976  125  813  812.910846815  3.17684301066  -0.0134555576683  21.4422534742
2.68781132976  125  846  845.923388495  3.1083167833  -0.0170899748672  21.3050614441
2.68781132976  125  878  878.360249556  3.02216345566  -0.00784797110631  21.1726558299
2.68781132976  125  910  910.168726241  3.10258079566  0.00036809752398  21.0395169681
2.68781132976  124  941  941.42445091  2.95700178759  0.022998231506  20.9105922238
2.68781132976  124  972  971.997123946  2.92135308179  0.0146336044266  20.7812160306
2.68781132976  124  1002  1001.95583001  2.86953987464  -0.0119192929451  20.6548136817
2.91549332976  124  29  29.1189658277  4.09271631666  0.0211463310051  24.3841202962
2.91549332976  125  79  79.3705506804  3.94490640504  -0.022026188967  24.2066353213
2.91549332976  125  128  128.442090283  3.97259642958  -0.0462771125378  24.0363133941
2.91549332976  126  177  176.586485317  4.14964917893  -0.0254358020322  23.8663590404
2.91549332976  126  224  223.61888541  4.00404868468  0.0124743845997  23.6965685212
2.91549332976  126  269  269.162906898  3.58661464793  -0.00514069034241  23.5346927171
2.91549332976  127  314  313.715052967  3.54075219743  -0.0431627668026  23.3691593997
2.91549332976  127  357  357.372088526  3.75666610108  -0.0356036614022  23.2091368915
2.91549332976  127  400  400.160238099  3.7908527639  -0.00485121069174  23.0516825918
2.91549332976  127  442  441.868369538  3.65837570663  -0.0266225697399  22.8933509161
2.91549332976  127  483  482.611482627  3.38322122995  -0.0035919269603  22.7420223841
2.91549332976  127  522  522.501929388  3.37191313247  -0.00574110863091  22.5872985143
2.91549332976  127  562  561.461420788  3.44914462973  -0.00456991848754  22.4392465445
2.91549332976  127  600  599.762668345  3.39233769056  -0.0103360117229  22.2897333161
2.91549332976  127  637  637.137097822  3.4055355821  -0.0253074405782  22.1438309074
2.91549332976  127  674  673.848096836  3.36822558799  -0.0018518330263  22.0000765453
2.91549332976  127  710  709.639847891  3.1148039313  0.0128055270724  21.8566462695
2.91549332976  127  745  744.814120719  3.06476635002  0.000550321941292  21.7167951858
2.91549332976  126  779  779.198412305  3.14592396447  0.00187772048717  21.5774828245
2.91549332976  126  813  812.93860283  3.17050501817  -0.00685715510954  21.4422534742
2.91549332976  126  846  845.992011842  3.12012317494  -0.00683287685363  21.3050614441
2.91549332976  126  878  878.376895974  3.05248045359  -0.00895621813732  21.1726558299
2.91549332976  125  910  910.157186369  3.11398359672  -8.12177623564e-05  21.0395169681
2.91549332976  125  941  941.441950607  2.93571515458  0.0374838209279  20.9105922238
2.91549332976  125  972  972.011735911  2.92595187549  0.0153637288046  20.7812160306
2.91549332976  124  1002  1001.95508063  2.8700076413  -0.0166435953106  20.6548136817
3.14317532976  125  29  29.2320688852  4.18382945998  0.0234508111177  24.3841202962
3.14317532976  126  79  79.4693949402  3.97223001782  -0.0113872415651  24.2066353213
3.14317532976  126  129  128.543689518  4.04410059821  -0.037698365614  24.0363133941
3.14317532976  127  177  176.644361392  4.20217909881  -0.0368464842944  23.8663590404
3.14317532976  127  224  223.622796587  3.93895008179  -0.0200590158888  23.6965685212
3.14317532976  127  269  269.253155421  3.58142409525  0.00141178248154  23.5346927171
3.14317532976  128  314  313.764265688  3.49725546172  -0.0384115173649  23.3691593997
3.14317532976  128  357  357.44181157  3.83898100186  -0.0341041695148  23.2091368915
3.14317532976  128  400  400.215683765  3.7873436505  -0.00759836089302  23.0516825918
3.14317532976  128  442  441.936563892  3.42766178205  -0.0402322894533  22.8933509161
3.14317532976  128  483  482.642047523  3.3438766144  -0.00506791560559  22.7420223841
3.14317532976  128  522  522.511191723  3.35360700744  -0.0150639236038  22.5872985143
3.14317532976  128  561  561.44923487  3.39230659887  -0.0301169105127  22.4392465445
3.14317532976  128  600  599.808939363  3.4244361793  -0.00135248639666  22.2897333161
3.14317532976  128  637  637.206980268  3.36778995606  -0.0160649051314  22.1438309074
3.14317532976  128  674  673.882206122  3.29537207537  -0.00115554575712  22.0000765453
3.14317532976  128  710  709.663565061  3.08839882222  0.0126387169766  21.8566462695
3.14317532976  127  745  744.814215693  3.0646118426  0.00101517955614  21.7167951858
3.14317532976  127  779  779.169492389  3.06842711098  -0.00789530680082  21.5774828245
3.14317532976  127  813  812.940915695  3.14320255163  -0.014983115115  21.4422534742
3.14317532976  127  846  845.965522782  3.11870898784  -0.0291079080215  21.3050614441
3.14317532976  127  878  878.422931454  3.16504002098  -0.024801474453  21.1726558299
3.14317532976  126  910  910.222521414  3.01211819265  0.0143494128507  21.0395169681
3.14317532976  126  941  941.442197862  2.9037616074  0.0272914942189  20.9105922238
3.14317532976  126  972  972.024167086  2.88398540391  0.0107760471194  20.7812160306
3.14317532976  125  1002  1001.94788375  2.90682080384  -0.0171740757486  20.6548136817
3.37085732976  126  29  29.3911591197  4.19479301603  0.0295706753425  24.3841202962
3.37085732976  127  80  79.4700954037  3.91841429847  -0.026659117393  24.2066353213
3.37085732976  127  129  128.597319899  3.98502517362  -0.0422708901971  24.0363133941
3.37085732976  128  177  176.832934527  4.23107523822  0.0239188613483  23.8663590404
3.37085732976  128  224  223.719061425  3.89561801482  -0.0115724730259  23.6965685212
3.37085732976  128  269  269.324879282  3.5744596888  0.00643545915931  23.5346927171
3.37085732976  128  314  313.763703636  3.49957274033  -0.0402158351169  23.3691593997
3.37085732976  129  358  357.54374219  3.84368879082  -0.0144607758958  23.2091368915
3.37085732976  129  400  400.285730784  3.80467090381  0.00371916125687  23.0516825918
3.37085732976  129  442  442.015442625  3.41981299409  -0.0103669863353  22.8933509161
3.37085732976  129  483  482.646257204  3.42454719048  -0.0245477534274  22.7420223841
3.37085732976  129  522  522.503829958  3.40287856171  -0.0253450019417  22.5872985143
3.37085732976  129  561  561.406270048  3.4695030657  -0.0479597657175  22.4392465445
3.37085732976  129  600  599.848878664  3.51849831315  -0.0113842784952  22.2897333161
3.37085732976  129  637  637.275951229  3.39217493995  -0.0109263205899  22.1438309074
3.37085732976  129  674  673.900220404  3.29090156696  -0.00448807289272  22.0000765453
3.37085732976  128  710  709.6625313  3.09506676561  0.00696747120236  21.8566462695
3.37085732976  128  745  744.769831836  3.06887186624  -0.0215633697798  21.7167951858
3.37085732976  128  779  779.220847283  3.12697087302  0.00409626510118  21.5774828245
3.37085732976  128  813  812.971822507  3.17018078685  -0.0111477394955  21.4422534742
3.37085732976  128  846  845.994208087  3.19131849097  -0.0253402127551  21.3050614441
3.37085732976  127  878  878.406836728  3.08365247314  -0.0170663000965  21.1726558299
3.37085732976  127  910  910.228203504  2.97649318921  -0.00507062192726  21.0395169681
3.37085732976  127  941  941.456080955  2.94476538586  0.0177971510245  20.9105922238
3.37085732976  126  972  971.986132699  2.92132855936  -0.0513222570016  20.7812160306
3.37085732976  126  1002  1001.95439968  2.88180793716  -0.0255986210925  20.6548136817
3.59853932976  127  2  1.27597270208  0.0241889784938  -2.53191838909  24.3841202962
3.59853932976  127  29  29.4650252165  4.16708433375  0.0251263713951  24.5602636158
3.59853932976  127  78  77.8977739225  2.39235713215  -0.569082945278  24.2066353213
3.59853932976  128  129  128.636584509  0.0515201355441  -0.0506046107497  24.0363133941
3.59853932976  128  177  176.768593433  4.3779972222  -0.0128590514973  23.8663590404
3.59853932976  129  224  223.727571571  4.00988281518  -0.00760760549958  23.6965685212
3.59853932976  129  269  269.366101875  3.55829506316  -0.0247950640279  23.5346927171
3.59853932976  129  314  313.795751552  3.61953702623  -0.0440764860173  23.3691593997
3.59853932976  129  358  357.560136789  3.85734551217  -0.0116694961295  23.2091368915
3.59853932976  130  400  400.380338617  4.03232097805  0.00299519085789  23.0516825918
3.59853932976  130  442  442.104564791  3.54389016559  0.00358460584423  22.8933509161
3.59853932976  130  483  482.672453879  3.4867616607  -0.0271199367619  22.7420223841
3.59853932976  130  522  522.527728366  3.57799767912  -0.0286820120812  22.5872985143
3.59853932976  130  561  561.468045994  3.57971544638  -0.0277945527758  22.4392465445
3.59853932976  130  600  599.917579964  3.67425807737  -0.00423196052185  22.2897333161
3.59853932976  130  637  637.356576339  3.56264237285  -0.009701831989  22.1438309074
3.59853932976  129  674  673.89921811  3.29704851973  -0.00774965774743  22.0000765453
3.59853932976  129  710  709.682013879  3.18727871706  -0.0103645834977  21.8566462695
3.59853932976  129  745  744.833362986  3.19733913455  0.00523170269248  21.7167951858
3.59853932976  129  779  779.210133483  3.23026649137  -0.00324248300824  21.5774828245
3.59853932976  129  813  813.049819663  3.32677728753  0.0123715055434  21.4422534742
3.59853932976  128  846  845.875612623  2.84083723596  -0.258251324293  21.3050614441
3.59853932976  128  878  878.417420008  3.20103979447  -0.0248050574049  21.1726558299
3.59853932976  128  910  910.275364101  3.06753361914  -0.00271706995408  21.0395169681
3.59853932976  128  942  941.538436581  3.11138049789  0.0461668731516  20.9105922238
3.59853932976  127  972  972.069632234  2.94585849075  0.0226511990885  20.7812160306
3.59853932976  127  1002  1002.00963908  3.0409155398  -0.000777195596813  20.6548136817
