# Band 4C   Etalon 2B   Slice 11
# Distortion map version 06.04.00 - date 2018-10-11
# Trace (isoalpha): Take pixel trace along specified slice, specified alpha position trace is built by taking the pixel in every detector row with alpha value closest to the one specified 
# xpos[i] = np.argmin(alpha_img[i,:])+funcs.find_nearest(alpha_img[i,:][(slice_img[i,:]!=0)],alpha_pos)
#    alpha       x  y      center         FWHM          skewness        wavelength
0.0  116  33  32.5357677055  2.3055488617  0.0984847582564  27.7939068797
0.0  116  92  91.6040757584  4.249184277  0.0981222994253  27.5684010343
0.0  117  149  148.602511962  2.68911834743  0.281926344775  27.3478093013
0.0  117  203  203.873088695  4.7146642926  0.00637835287107  27.1272422102
0.0  118  258  257.939602946  5.19502283172  0.00256368144708  26.9089735783
0.0  118  310  310.286378151  5.05616426164  -0.00966567047982  26.6951482917
0.0  118  362  361.483459061  4.4612351623  0.00450357585093  26.4874497204
0.0  118  411  410.853235032  4.39301388301  -0.0279588691637  26.2828268367
0.0  118  459  459.376070795  4.44494390653  0.0213214446743  26.0777214036
0.0  118  507  506.581776597  4.04165802927  -0.0176252737465  25.8768125142
0.0  118  553  552.581895994  4.28649048818  -0.0408342476765  25.682287708
0.0  118  598  597.63599403  4.23741369315  0.00138089822221  25.4883755555
0.0  118  641  641.332866133  3.75037452712  -0.01170522665  25.2951186822
0.0  118  684  683.938874571  3.87360461674  0.000925531080759  25.1083939656
0.0  118  726  725.720496984  3.61828207718  0.00911109106877  24.9241191934
0.0  118  766  766.366798067  3.60672234857  -0.0150549679837  24.7390622607
0.0  117  806  806.096287663  3.55380183944  -0.0215311115371  24.5602636158
0.0  117  845  845.018607975  3.51316566688  0.0362437074473  24.3841202962
0.0  117  883  882.748680839  3.29665537599  -0.0415819991364  24.2066353213
0.0  116  920  919.920401948  3.36567923477  0.0124605205493  24.0363133941
0.0  116  956  956.184952904  3.29199085264  -0.00458730559665  23.8663590404
0.0  116  992  991.630764658  3.24058330936  -0.0134891936281  23.6965685212
-2.76894389633  105  32  31.1265590205  0.0186869822729  -6.39025582334  27.7939068797
-2.76894389633  106  90  89.8247106127  37.4495715994  0.0171366435255  27.5684010343
-2.76894389633  107  148  137.938489994  35.1538503478  0.0  27.3478093013
-2.76894389633  107  203  203.160133681  5.47393397356  -0.0130506311694  27.1272422102
-2.76894389633  107  257  257.30333394  5.00921641368  0.0164480551387  26.9089735783
-2.76894389633  108  310  309.63528732  5.16812409601  -0.0195798084595  26.6951482917
-2.76894389633  108  361  360.808140561  4.8877339864  0.024068503759  26.4874497204
-2.76894389633  108  410  410.389062701  4.19879767321  -0.0241401748891  26.2828268367
-2.76894389633  108  459  458.892265463  4.46359024361  0.0142673408904  26.0777214036
-2.76894389633  108  506  506.316993732  4.23497498888  0.029036460773  25.8768125142
-2.76894389633  108  552  552.037130642  4.00737005687  -0.0472572457194  25.682287708
-2.76894389633  108  597  597.342187047  4.1097314519  0.0151434242592  25.4883755555
-2.76894389633  108  641  640.952653235  3.76679627703  0.000408428872661  25.2951186822
-2.76894389633  108  684  683.566784082  3.86653424667  -0.00197748546354  25.1083939656
-2.76894389633  107  725  725.428148572  3.77568823052  0.0244974299204  24.9241191934
-2.76894389633  107  766  766.184531839  3.57217041542  0.00386719962741  24.7390622607
-2.76894389633  107  806  805.876234752  3.49130462921  -0.0163499387022  24.5602636158
-2.76894389633  107  845  844.790851236  3.65179269717  0.0147855738937  24.3841202962
-2.76894389633  106  883  882.69576572  3.41258603214  -0.00567418970407  24.2066353213
-2.76894389633  106  920  919.772647768  3.36493181917  0.00277984838533  24.0363133941
-2.76894389633  106  956  956.141817057  3.37878419865  -0.00711901110807  23.8663590404
-2.76894389633  105  992  991.61075405  3.2204301118  0.0124212296012  23.6965685212
-2.54126189633  106  32  31.1624628765  0.132946397508  -0.263021350771  27.7939068797
-2.54126189633  107  90  90.0696893342  3.70908220881  -0.0933329018054  27.5684010343
-2.54126189633  107  148  147.926080991  0.784039836633  0.42349039521  27.3478093013
-2.54126189633  108  203  203.182964508  4.78769576594  -0.0284037753476  27.1272422102
-2.54126189633  108  258  257.353179371  4.9157904217  0.00161238285705  26.9089735783
-2.54126189633  108  310  309.634839086  5.30762880959  -0.0196228157175  26.6951482917
-2.54126189633  109  374  374.297062546  0.968942189487  0.482436974557  26.4874497204
-2.54126189633  109  410  410.455607313  4.4207245348  -0.00837411092705  26.2828268367
-2.54126189633  109  459  458.893094763  4.56662382951  -0.0110925923117  26.0777214036
-2.54126189633  109  506  506.283330312  4.19436506207  0.00830966128422  25.8768125142
-2.54126189633  109  552  552.034755785  3.9644063529  -0.0559739660625  25.682287708
-2.54126189633  109  597  597.35765237  4.08516855565  0.000399841995402  25.4883755555
-2.54126189633  109  641  641.04298481  3.66734190949  0.0209047364071  25.2951186822
-2.54126189633  109  684  683.590617682  3.73774482352  -0.00958780892339  25.1083939656
-2.54126189633  108  725  725.465325144  3.7272690358  0.0133711789935  24.9241191934
-2.54126189633  108  766  766.211971614  3.57531921303  0.0185234496797  24.7390622607
-2.54126189633  108  806  805.880285884  3.48370484558  -0.0364647907128  24.5602636158
-2.54126189633  108  845  844.782884967  3.67350439233  0.0060438560336  24.3841202962
-2.54126189633  107  883  882.701748024  3.44567309417  0.00240049138217  24.2066353213
-2.54126189633  107  920  919.759765214  3.39957944396  -0.00500344716729  24.0363133941
-2.54126189633  107  956  956.175108475  3.23140330215  -0.0261088332019  23.8663590404
-2.54126189633  106  992  991.591788912  3.27720012528  -0.000752351834104  23.6965685212
-2.31357989633  107  33  32.0915185318  2.67545954239  0.0024097313489  27.7939068797
-2.31357989633  108  90  90.3950043999  4.44390155341  -0.0723456272621  27.5684010343
-2.31357989633  108  148  148.637099058  0.0312950919844  1.95316427883  27.3478093013
-2.31357989633  109  202  202.985330845  4.58555623578  -0.0477301429918  27.1272422102
-2.31357989633  109  257  257.386118214  4.87081866745  -0.00481726006327  26.9089735783
-2.31357989633  109  310  309.545126546  5.05167644532  -0.0607969053728  26.6951482917
-2.31357989633  109  344  344.480787392  2.93805787227  -0.0128160156133  26.4874497204
-2.31357989633  110  377  408.692033599  1885.24136755  20.8804947143  26.2828268367
-2.31357989633  110  410  410.488358674  4.24499821356  -0.00288777088799  26.4874497204
-2.31357989633  110  459  458.995396692  4.58816897055  0.00614863433869  26.0777214036
-2.31357989633  110  506  506.36203411  4.07272036288  0.0300102429345  25.8768125142
-2.31357989633  110  552  552.174769072  4.10757957542  -0.0502507063418  25.682287708
-2.31357989633  110  597  597.346463431  4.20574339208  0.00221689088346  25.4883755555
-2.31357989633  110  641  641.035819226  3.76799786829  0.00728586038832  25.2951186822
-2.31357989633  109  684  683.606607691  3.75986489456  0.000645464615495  25.1083939656
-2.31357989633  109  726  725.540642435  3.66571966014  0.0360019675575  24.9241191934
-2.31357989633  109  766  766.182904107  3.557756137  0.0090948174173  24.7390622607
-2.31357989633  109  806  805.924716151  3.50956934294  -0.0106502418083  24.5602636158
-2.31357989633  108  845  844.782854909  3.678899643  0.00566046194407  24.3841202962
-2.31357989633  108  883  882.703109257  3.40193885768  -0.00374099689642  24.2066353213
-2.31357989633  108  920  919.795236571  3.45722922031  0.0051803096614  24.0363133941
-2.31357989633  107  956  956.192384384  3.28304980249  -0.00578238655339  23.8663590404
-2.31357989633  107  992  991.616715451  3.24678531836  0.0065157264176  23.6965685212
-1.85821589633  109  32  31.131865753  0.020158945788  -5.94788693215  27.7939068797
-1.85821589633  110  110  115.61925788  38.2377874142  0.0  27.5684010343
-1.85821589633  110  148  147.074252397  51.2321832908  0.0428767345543  27.3478093013
-1.85821589633  110  204  203.599206245  11.5372581709  0.0358446327153  27.1272422102
-1.85821589633  111  258  257.563541532  4.68730709647  -0.0354384905542  26.9089735783
-1.85821589633  111  309  309.607124288  4.90138791142  -0.0564535220511  26.6951482917
-1.85821589633  111  361  361.008610008  4.77567251393  0.00636994673389  26.4874497204
-1.85821589633  111  410  410.554888248  4.351217922  0.000570435282203  26.2828268367
-1.85821589633  111  459  459.024932317  4.59062836758  0.00171298539787  26.0777214036
-1.85821589633  111  506  506.442499247  4.09687110919  0.0330337801416  25.8768125142
-1.85821589633  111  552  552.256054137  4.14347365415  -0.0395554258864  25.682287708
-1.85821589633  111  597  597.386766914  4.20603281389  0.0157986091168  25.4883755555
-1.85821589633  111  641  641.090590947  3.778237095  -0.00268736359667  25.2951186822
-1.85821589633  111  684  683.867534532  4.71488044234  0.286350860897  25.1083939656
-1.85821589633  111  726  725.583021321  3.65012911338  0.0225145821644  24.9241191934
-1.85821589633  111  766  766.243235927  3.6684579347  -0.00361295820458  24.7390622607
-1.85821589633  110  806  805.907102397  3.57009576286  -0.00954616481878  24.5602636158
-1.85821589633  110  845  844.832447349  3.6189138724  0.00707708207433  24.3841202962
-1.85821589633  110  883  882.759527818  3.39326013261  0.0165281672811  24.2066353213
-1.85821589633  109  920  919.808910062  3.37613522111  0.000123725697671  24.0363133941
-1.85821589633  109  956  956.144335765  3.41392239542  -0.00785051460749  23.8663590404
-1.85821589633  109  992  991.669373263  3.22601404944  0.0158712456551  23.6965685212
-1.63053389633  110  31  32.6862393341  3.12810350072  0.0  27.7939068797
-1.63053389633  110  90  90.9253178897  31.8407046173  0.030998372982  27.5684010343
-1.63053389633  111  148  148.347337463  7.58555381386  0.293264096087  27.3478093013
-1.63053389633  111  204  203.453652258  6.19135770859  0.0149416913992  27.1272422102
-1.63053389633  112  257  257.659295544  4.55323786225  0.00969781237736  26.9089735783
-1.63053389633  112  310  309.739124393  4.98428018406  -0.0504791481558  26.6951482917
-1.63053389633  112  361  361.073826711  4.90399442836  0.0274516052558  26.4874497204
-1.63053389633  112  411  410.651951294  4.13854912704  -0.00810438018956  26.2828268367
-1.63053389633  112  459  459.041966242  4.71516864791  0.00537453819984  26.0777214036
-1.63053389633  112  506  506.456212605  4.06769743469  0.0253215754676  25.8768125142
-1.63053389633  112  552  552.315800186  4.2845926607  -0.0487547465294  25.682287708
-1.63053389633  112  597  597.402909721  4.32861071704  0.0163826118543  25.4883755555
-1.63053389633  112  641  641.196403557  3.75708869064  0.0152713419011  25.2951186822
-1.63053389633  112  684  683.682131612  0.0643020866507  0.141766422325  25.1083939656
-1.63053389633  112  726  725.557747555  3.73147030681  0.0190554578753  24.9241191934
-1.63053389633  112  766  766.237081131  3.70257021245  -0.0123401579548  24.7390622607
-1.63053389633  111  806  805.90535901  3.49774422549  -0.00900248656359  24.5602636158
-1.63053389633  111  845  844.86795134  3.57174627992  0.0081926694023  24.3841202962
-1.63053389633  111  883  882.733386115  3.42872540367  -0.00516292223871  24.2066353213
-1.63053389633  110  920  919.805825623  3.38455399117  -0.00330795333898  24.0363133941
-1.63053389633  110  956  956.149457548  3.40766637092  -0.014728860314  23.8663590404
-1.63053389633  110  992  991.718136955  3.21112147299  0.0506312941097  23.6965685212
-1.40285189633  110  30  37.752003615  0.00254429211287  5.56277842016  27.7939068797
-1.40285189633  111  91  91.033514628  4.4424080813  -0.00270462711658  27.5684010343
-1.40285189633  112  148  147.795836416  3.40003376872  -0.00364863712584  27.3478093013
-1.40285189633  112  203  203.238580447  5.20240995548  -0.0290439814301  27.1272422102
-1.40285189633  112  257  257.656588802  4.64154941342  0.00246898815728  26.9089735783
-1.40285189633  113  310  309.825871766  5.11920579415  -0.0484022694085  26.6951482917
-1.40285189633  113  361  361.126075284  4.85114180409  0.00995371972786  26.4874497204
-1.40285189633  113  411  410.695507441  4.45466146327  0.00210471436553  26.2828268367
-1.40285189633  113  459  459.206325043  4.66798388792  0.0250345602274  26.0777214036
-1.40285189633  113  506  506.432132278  4.05474300826  0.00843173550491  25.8768125142
-1.40285189633  113  552  552.361871539  4.31825971765  -0.041212552655  25.682287708
-1.40285189633  113  597  597.454813135  4.22776231647  0.0196069441607  25.4883755555
-1.40285189633  113  641  641.205753944  3.72830863125  0.00296149121726  25.2951186822
-1.40285189633  113  684  683.492194517  5.00340481806  0.0314206239084  25.1083939656
-1.40285189633  113  726  725.594521507  3.67602152461  0.0338625791214  24.9241191934
-1.40285189633  112  766  766.233367473  3.67373826187  -0.01257659247  24.7390622607
-1.40285189633  112  806  805.963144545  3.55543326742  0.0257768551332  24.5602636158
-1.40285189633  112  845  844.863788056  3.68965428764  -0.00544794834674  24.3841202962
-1.40285189633  112  883  882.736259628  3.41243712403  -0.00936786189856  24.2066353213
-1.40285189633  111  920  919.847956154  3.40521678745  0.0165439153604  24.0363133941
-1.40285189633  111  956  956.20257134  3.43410920383  0.00373482688913  23.8663590404
-1.40285189633  110  992  991.67080078  3.24997366662  -0.00782173233655  23.6965685212
-1.17516989633  111  32  32.1514701901  0.0104236104677  -3.77048519651  27.7939068797
-1.17516989633  112  92  91.2121472551  4.45303014108  0.0245727651008  27.5684010343
-1.17516989633  112  148  147.921940245  3.00701697472  0.116515710033  27.3478093013
-1.17516989633  113  203  203.300193726  5.35016972257  -0.0256493710948  27.1272422102
-1.17516989633  113  258  257.669336505  4.98780121475  0.00449738978978  26.9089735783
-1.17516989633  114  310  309.747352549  4.91307993245  -0.135925012741  26.6951482917
-1.17516989633  114  361  361.171022391  4.79527217965  0.0202298336424  26.4874497204
-1.17516989633  114  411  410.767958413  4.38004550529  -0.000872928222515  26.2828268367
-1.17516989633  114  459  459.231473916  4.5079619631  0.0194097312639  26.0777214036
-1.17516989633  114  506  506.443241029  4.01972595151  0.00310490440039  25.8768125142
-1.17516989633  114  552  552.368557081  4.17549777056  -0.0417861955885  25.682287708
-1.17516989633  114  598  597.528595604  4.23740952464  0.0213540540656  25.4883755555
-1.17516989633  114  641  641.182925212  3.69523697017  -0.0113709046091  25.2951186822
-1.17516989633  114  684  683.278859607  4.1879964823  -0.104097506762  25.1083939656
-1.17516989633  113  726  725.595336507  3.67214470214  0.0364889253233  24.9241191934
-1.17516989633  113  766  766.201317999  3.7078250055  -0.0260664138245  24.7390622607
-1.17516989633  113  806  806.051970915  3.64588234561  0.0654865245072  24.5602636158
-1.17516989633  113  845  844.87691655  3.75383761853  0.0110516115618  24.3841202962
-1.17516989633  112  883  882.721764859  3.40648888565  -0.0160613442753  24.2066353213
-1.17516989633  112  920  919.849045774  3.38470706021  0.0047205967765  24.0363133941
-1.17516989633  112  956  956.222484912  3.3318217164  -9.08879730727e-05  23.8663590404
-1.17516989633  111  992  991.703596349  3.27343666551  0.0140843655944  23.6965685212
-0.947487896332  112  32  32.2059052761  2.36302602564  -0.136536761051  27.7939068797
-0.947487896332  113  90  91.3843570081  4.31911328525  0.012266541746  27.5684010343
-0.947487896332  114  169  168.663742511  7.62744668392  -0.294778167304  27.3478093013
-0.947487896332  114  204  203.811727728  13.743129439  0.00827301654694  27.1272422102
-0.947487896332  114  258  257.733715702  5.36065637328  0.00686127702257  26.9089735783
-0.947487896332  114  310  309.917732083  5.11890793522  -0.0202248243511  26.6951482917
-0.947487896332  115  361  361.409056999  4.54598758218  0.0950562639946  26.4874497204
-0.947487896332  115  411  410.726196363  4.31377448397  -0.0107316019689  26.2828268367
-0.947487896332  115  459  459.288960518  4.53401228326  0.0132327819528  26.0777214036
-0.947487896332  115  506  506.455821299  4.16541050892  -0.00641484020765  25.8768125142
-0.947487896332  115  552  552.380548431  4.11963610174  -0.0530740791618  25.682287708
-0.947487896332  115  598  597.570119163  4.17614669552  0.0305019966611  25.4883755555
-0.947487896332  115  641  641.221645152  3.64786427553  -0.0215196408446  25.2951186822
-0.947487896332  114  684  683.279129701  4.18910840901  -0.102790321651  25.1083939656
-0.947487896332  114  726  725.557725874  3.72045010042  -0.0100485012539  24.9241191934
-0.947487896332  114  766  766.265322435  3.63220598785  -0.012837800801  24.7390622607
-0.947487896332  114  806  806.135402408  3.66423092428  0.0869435778696  24.5602636158
-0.947487896332  114  845  844.859280912  3.67051864483  0.00484685025258  24.3841202962
-0.947487896332  113  883  882.676775704  3.31394456004  -0.0183650301058  24.2066353213
-0.947487896332  113  920  919.861436415  3.36115466744  0.010002825286  24.0363133941
-0.947487896332  113  956  956.236829077  3.2117068998  0.00454898276132  23.8663590404
-0.947487896332  112  992  991.660373676  3.26748447044  0.0155215144323  23.6965685212
-0.719805896332  113  32  31.1505780982  0.0199866711723  -5.22930749454  27.7939068797
-0.719805896332  114  90  89.7286618018  0.815859091315  -0.128354940974  27.5684010343
-0.719805896332  114  149  17537.2793447  113070.751914  0.0407093724794  23.6965685212
-0.719805896332  115  203  203.660255104  0.0784439346674  0.0885411174162  27.1272422102
-0.719805896332  115  258  257.797456458  4.64725088346  0.0132880433951  26.9089735783
-0.719805896332  115  310  309.959722848  5.18246154197  -0.047373998348  26.6951482917
-0.719805896332  115  361  361.409554088  4.54537707083  0.0975083951025  26.4874497204
-0.719805896332  116  411  410.8114464  4.32908855275  -0.0110342408783  26.2828268367
-0.719805896332  116  459  459.38561878  4.60943692327  0.0290838258035  26.0777214036
-0.719805896332  116  506  506.541665395  4.10101424379  0.0112527600878  25.8768125142
-0.719805896332  116  552  552.38039302  4.1043002408  -0.0700726945616  25.682287708
-0.719805896332  116  598  597.553970047  4.1859019498  0.0144279960711  25.4883755555
-0.719805896332  115  641  641.221118155  3.65973325615  -0.0267518491486  25.2951186822
-0.719805896332  115  684  683.663174575  3.38207228223  -0.0535455876706  25.1083939656
-0.719805896332  115  726  725.623061953  3.81550494227  0.0101289142246  24.9241191934
-0.719805896332  115  766  766.328090819  3.67870821723  0.00280140195469  24.7390622607
-0.719805896332  115  806  806.169015071  3.4859977108  0.129163218079  24.5602636158
-0.719805896332  114  845  844.858072977  3.66882046476  0.00123618700293  24.3841202962
-0.719805896332  114  883  882.730627474  3.36346248574  -0.00702762924799  24.2066353213
-0.719805896332  114  920  919.907201966  3.36039431447  0.0236610689921  24.0363133941
-0.719805896332  113  956  956.23927704  3.23180133404  0.0145312652632  23.8663590404
-0.719805896332  113  992  991.612432766  3.29942072132  -0.000601580970263  23.6965685212
-0.492123896332  114  32  31.7850001785  0.452452651834  -0.286168283407  27.7939068797
-0.492123896332  115  91  75.4789347739  27.1750911584  0.0  27.5684010343
-0.492123896332  115  149  148.366365059  4.80942916227  0.430183807048  27.3478093013
-0.492123896332  115  203  203.662432733  6.283219536  0.0724752047999  27.1272422102
-0.492123896332  116  258  257.683825977  4.95627956066  -0.0238300179478  26.9089735783
-0.492123896332  116  310  310.060285793  4.81785243937  -0.0628030013327  26.6951482917
-0.492123896332  116  361  361.357345358  4.68379023284  0.031250394317  26.4874497204
-0.492123896332  116  411  410.8114464  4.32908855275  -0.0110342408783  26.2828268367
-0.492123896332  117  460  459.468283674  4.49272597028  0.038058262288  26.0777214036
-0.492123896332  117  506  506.561501678  4.04614456556  -0.0117623358864  25.8768125142
-0.492123896332  117  553  552.416886432  4.16220421124  -0.062239582159  25.682287708
-0.492123896332  116  598  597.553970047  4.1859019498  0.0144279960711  25.4883755555
-0.492123896332  116  641  641.260181922  3.75643027357  -0.00653343968661  25.2951186822
-0.492123896332  116  684  684.04255766  3.52488299048  0.0429667572126  25.1083939656
-0.492123896332  116  726  725.648426312  3.74268628605  -0.00206681736306  24.9241191934
-0.492123896332  116  766  766.322666426  3.61874901115  -0.00877656581331  24.7390622607
-0.492123896332  116  806  806.061529801  3.48731734728  -0.0192524168998  24.5602636158
-0.492123896332  115  845  844.919473206  3.5418792789  0.0128333795781  24.3841202962
-0.492123896332  115  883  882.722835402  3.35372780134  -0.0263738848711  24.2066353213
-0.492123896332  115  920  919.898868854  3.3327785729  0.000239854304038  24.0363133941
-0.492123896332  114  956  956.234442554  3.26279650113  -0.00800496140711  23.8663590404
-0.492123896332  114  992  991.642111072  3.15661927012  0.0204536073806  23.6965685212
-0.264441896332  115  33  32.143169152  0.403981377052  -5.47788575295  27.7939068797
-0.264441896332  115  91  90.9265086991  4.20397371009  0.00548775878707  27.5684010343
-0.264441896332  116  148  147.885099539  2.97910862691  0.00408569982043  27.3478093013
-0.264441896332  116  204  203.778643159  5.32414933835  -0.00990650544276  27.1272422102
-0.264441896332  117  258  257.775705662  4.67963032115  -0.0129080993099  26.9089735783
-0.264441896332  117  310  310.114935604  0.0599084116191  -0.0337736563163  26.6951482917
-0.264441896332  117  362  361.5387944  4.55393950161  0.05171010706  26.4874497204
-0.264441896332  117  411  410.781395222  4.54240855185  -0.028607242753  26.2828268367
-0.264441896332  117  460  459.447056903  4.53501324992  0.0308168842015  26.0777214036
-0.264441896332  117  506  506.561501678  4.04614456556  -0.0117623358864  25.8768125142
-0.264441896332  117  553  552.417086795  4.17124901099  -0.0607920555217  25.682287708
-0.264441896332  117  598  597.587388086  4.32494839776  0.0165787128422  25.4883755555
-0.264441896332  117  641  641.301966253  3.69382482921  -0.00839090116606  25.2951186822
-0.264441896332  117  684  683.889453503  3.88919856735  -0.00866755619851  25.1083939656
-0.264441896332  117  726  725.676230934  3.65737199302  0.0114870380751  24.9241191934
-0.264441896332  117  766  766.341325909  3.57086936221  -0.0110082338672  24.7390622607
-0.264441896332  116  806  806.060752415  3.47763681014  -0.0228696763822  24.5602636158
-0.264441896332  116  845  844.961245734  3.49114767171  0.0206484946834  24.3841202962
-0.264441896332  116  883  882.760260502  3.37286117958  -0.0142606587031  24.2066353213
-0.264441896332  115  920  919.885621933  3.33943834551  -0.00106303784013  24.0363133941
-0.264441896332  115  956  956.218179105  3.25246467748  0.00950369223667  23.8663590404
-0.264441896332  115  992  991.619248062  3.23398089097  0.00102915803618  23.6965685212
-0.0367598963317  116  33  32.5358384724  2.30554883304  0.0985101626838  27.7939068797
-0.0367598963317  116  92  91.6040756001  4.24919557693  0.0981233859853  27.5684010343
-0.0367598963317  117  149  148.602511962  2.68911834743  0.281926344775  27.3478093013
-0.0367598963317  117  203  203.873090547  4.71461628918  0.00640775886374  27.1272422102
-0.0367598963317  118  258  257.754920575  4.90633304065  -0.140996614327  26.9089735783
-0.0367598963317  118  310  310.286378151  5.05616426164  -0.00966567047982  26.6951482917
-0.0367598963317  118  362  361.483459061  4.4612351623  0.00450357585093  26.4874497204
-0.0367598963317  118  411  410.853235032  4.39301388301  -0.0279588691637  26.2828268367
-0.0367598963317  118  459  459.376070795  4.44494390653  0.0213214446743  26.0777214036
-0.0367598963317  118  507  506.581776597  4.04165802927  -0.0176252737465  25.8768125142
-0.0367598963317  118  553  552.581895994  4.28649048818  -0.0408342476765  25.682287708
-0.0367598963317  118  598  597.63599403  4.23741369315  0.00138089822221  25.4883755555
-0.0367598963317  118  641  641.332866133  3.75037452712  -0.01170522665  25.2951186822
-0.0367598963317  118  684  683.938874571  3.87360461674  0.000925531080759  25.1083939656
-0.0367598963317  118  726  725.720496984  3.61828207718  0.00911109106877  24.9241191934
-0.0367598963317  117  766  766.357722399  3.51363427357  -0.0108197042057  24.7390622607
-0.0367598963317  117  806  806.096075869  3.55456287259  -0.0221100849695  24.5602636158
-0.0367598963317  117  845  845.018607975  3.51316566688  0.0362437074473  24.3841202962
-0.0367598963317  117  883  882.748680839  3.29665537599  -0.0415819991364  24.2066353213
-0.0367598963317  116  920  919.921089928  3.35753448571  0.0147212886795  24.0363133941
-0.0367598963317  116  956  956.184952904  3.29199085264  -0.00458730559665  23.8663590404
-0.0367598963317  116  992  991.631247604  3.24649406755  -0.011529180904  23.6965685212
0.190922103668  116  33  32.6055763301  2.54942392325  0.0467641707694  27.7939068797
0.190922103668  117  91  90.7158172337  3.06946093564  -0.317985512072  27.5684010343
0.190922103668  118  148  146.806105191  16.7979742969  -0.154607999868  27.3478093013
0.190922103668  118  203  203.923846279  12.3772783265  0.0044663201774  27.1272422102
0.190922103668  118  258  257.956588488  5.16298473555  0.0183603543223  26.9089735783
0.190922103668  119  310  310.147835554  5.18776217569  -0.0400444010044  26.6951482917
0.190922103668  119  362  361.632920594  4.0853883052  0.0487945614864  26.4874497204
0.190922103668  119  411  410.860823118  4.33637448486  -0.0317429837668  26.2828268367
0.190922103668  119  459  459.392755301  4.52825488351  -0.00420385692565  26.0777214036
0.190922103668  119  507  506.616877891  3.96434173177  -0.00221312240577  25.8768125142
0.190922103668  119  552  552.570495496  4.39613726267  -0.0470751954517  25.682287708
0.190922103668  119  598  597.710411393  4.1292825064  0.0136730375065  25.4883755555
0.190922103668  119  641  641.310869152  3.73359869844  -0.0116450820684  25.2951186822
0.190922103668  119  684  683.892196588  3.90188455097  -0.0203118124681  25.1083939656
0.190922103668  119  726  725.803639331  3.49425607237  0.0160861013576  24.9241191934
0.190922103668  118  766  766.366798067  3.60672234857  -0.0150549679837  24.7390622607
0.190922103668  118  806  806.104997872  3.55841221201  -0.0288020146625  24.5602636158
0.190922103668  118  845  845.003702779  3.52372623837  0.0151452742343  24.3841202962
0.190922103668  118  883  882.730455862  3.18134704768  -0.0392911349039  24.2066353213
0.190922103668  117  920  919.928238942  3.32829056802  0.01234537645  24.0363133941
0.190922103668  117  956  956.17996457  3.26538284786  -0.00194082820655  23.8663590404
0.190922103668  116  992  991.630255358  3.24584407716  -0.0153279029242  23.6965685212
0.418604103668  118  53  64.2180481023  21.0730574479  0.0  27.5684010343
0.418604103668  118  92  90.9357561474  34.9033249278  0.0  27.7939068797
0.418604103668  118  148  148.486666495  0.412344607448  0.272907907408  27.3478093013
0.418604103668  119  204  204.101754577  5.38757535633  -0.0128352766077  27.1272422102
0.418604103668  119  258  257.927525875  4.56422738641  0.0036631426795  26.9089735783
0.418604103668  120  310  310.280810965  5.30309126264  -0.0338374880617  26.6951482917
0.418604103668  120  362  361.553440892  4.77138178327  0.00963251964265  26.4874497204
0.418604103668  120  411  410.923978239  4.47858278115  -0.0221016853366  26.2828268367
0.418604103668  120  460  459.504150421  4.64980082372  -0.0029936006819  26.0777214036
0.418604103668  120  507  506.754343962  4.06085111139  0.0101943904932  25.8768125142
0.418604103668  120  553  552.640237988  4.34311198897  -0.0481014205108  25.682287708
0.418604103668  120  598  597.705263265  4.19371443909  0.012426899938  25.4883755555
0.418604103668  120  641  641.331202199  3.65417961995  -0.0199344020894  25.2951186822
0.418604103668  120  684  683.903657871  3.99511247135  -0.0177036810621  25.1083939656
0.418604103668  119  726  725.803835042  3.49359507356  0.0169115065816  24.9241191934
0.418604103668  119  766  766.420673285  3.61994760901  -0.00705839676775  24.7390622607
0.418604103668  119  806  806.116084675  3.57546161408  -0.0230613596189  24.5602636158
0.418604103668  119  845  844.963943004  3.52587456077  0.0052849302715  24.3841202962
0.418604103668  118  883  882.734665746  3.18576348678  -0.0646181926642  24.2066353213
0.418604103668  118  920  919.939389393  3.33433877912  0.0239524569158  24.0363133941
0.418604103668  118  956  956.179397903  3.25709264345  -0.0169331743835  23.8663590404
0.418604103668  117  992  991.628814945  3.21127578671  0.00362291255499  23.6965685212
0.646286103668  118  33  32.1539247111  0.392071982226  -0.384784393426  27.7939068797
0.646286103668  119  92  91.6565748176  3.32755151899  0.0343454891626  27.5684010343
0.646286103668  119  149  148.561414823  5.09645171257  0.399439605875  27.3478093013
0.646286103668  120  205  204.526269621  4.9444390355  0.0491030555024  27.1272422102
0.646286103668  120  243  242.595448791  0.0279880198567  -0.536181752541  26.9089735783
0.646286103668  120  277  274.232150874  0.00346125059542  8.17087882893  27.1272422102
0.646286103668  120  310  310.205789522  5.40678457219  -0.0555831309294  26.6951482917
0.646286103668  121  362  361.604578773  4.60665623294  0.024992554589  26.4874497204
0.646286103668  121  411  411.059180421  4.38381985036  0.00370852941156  26.2828268367
0.646286103668  121  460  459.732453666  4.63637829207  0.0419293025894  26.0777214036
0.646286103668  121  507  506.83265344  4.08514330954  0.0208728191302  25.8768125142
0.646286103668  121  553  552.580830226  4.26250876712  -0.0607411652691  25.682287708
0.646286103668  121  598  597.721442841  4.05713613858  0.0174735480577  25.4883755555
0.646286103668  121  641  641.37537627  3.70119764654  -0.0126149448417  25.2951186822
0.646286103668  120  684  683.902412074  4.00144964468  -0.021317466429  25.1083939656
0.646286103668  120  726  725.836121611  3.59694689947  0.0161948338033  24.9241191934
0.646286103668  120  766  766.429583382  3.57746080277  -0.000196741638964  24.7390622607
0.646286103668  120  806  806.130169699  3.60875167631  -0.0223898143475  24.5602636158
0.646286103668  120  845  844.980967762  3.52515851477  0.00393653509602  24.3841202962
0.646286103668  119  883  882.752641299  3.23717814094  -0.0806369919663  24.2066353213
0.646286103668  119  920  919.961258555  3.34248855262  0.0252620126764  24.0363133941
0.646286103668  119  956  956.148657078  3.14472785804  -0.0564981348698  23.8663590404
0.646286103668  118  992  991.616092652  3.16220140752  -0.000502304611362  23.6965685212
0.873968103668  119  33  32.8523520156  2.27291946051  0.223057663968  27.7939068797
0.873968103668  120  92  91.7829125253  4.29861588664  0.0108118839861  27.5684010343
0.873968103668  120  148  148.362042954  3.52700761072  -0.00581255492102  27.3478093013
0.873968103668  121  204  204.449152513  4.8392209229  0.00308729903045  27.1272422102
0.873968103668  121  258  258.011518211  4.93243482207  0.0143466449323  26.9089735783
0.873968103668  121  310  310.305819393  5.45176763023  -0.0490156789644  26.6951482917
0.873968103668  121  362  361.584015195  4.5897345105  0.0205632560751  26.4874497204
0.873968103668  122  411  411.132209872  4.32624189306  -0.00388034080299  26.2828268367
0.873968103668  122  460  459.786385442  4.51740658985  0.0324780451238  26.0777214036
0.873968103668  122  507  506.81633421  4.12159988994  -0.000538945371067  25.8768125142
0.873968103668  122  553  552.664007249  4.28616353326  -0.0621595702953  25.682287708
0.873968103668  122  598  597.752574661  4.07999920276  0.0041006206894  25.4883755555
0.873968103668  121  641  641.377810898  3.68707941281  -0.00426187965674  25.2951186822
0.873968103668  121  684  683.964046547  3.99126376394  -0.00548669748995  25.1083939656
0.873968103668  121  726  725.843780107  3.53250396538  0.0130622184299  24.9241191934
0.873968103668  121  766  766.419544357  3.67113009098  -0.00444811900169  24.7390622607
0.873968103668  121  806  806.183175258  3.61206717681  -0.0125418001842  24.5602636158
0.873968103668  120  845  844.98037685  3.52928806953  0.00301890381992  24.3841202962
0.873968103668  120  883  882.784769429  3.41732256447  -0.0178645767641  24.2066353213
0.873968103668  120  920  919.991482617  3.30097994115  0.0255032660344  24.0363133941
0.873968103668  119  956  956.20058452  3.20458321546  0.00604009130699  23.8663590404
0.873968103668  119  992  991.619748232  3.20091919126  -0.0120548548123  23.6965685212
1.10165010367  120  32  33.1798199805  0.0107869602038  -3.86429055823  27.7939068797
1.10165010367  121  92  92.2753639203  4.26051827885  0.0565437546674  27.5684010343
1.10165010367  121  148  148.323595994  2.75434362813  0.122601589289  27.3478093013
1.10165010367  121  204  204.145329627  9.15140802889  -0.237900727628  27.1272422102
1.10165010367  122  258  258.077051318  5.97052654518  0.0026780339043  26.9089735783
1.10165010367  122  311  310.548156001  5.52585876281  -0.011906550826  26.6951482917
1.10165010367  122  362  361.671169483  4.66058186993  0.0240281854764  26.4874497204
1.10165010367  122  411  411.132209872  4.32624189306  -0.00388034080299  26.2828268367
1.10165010367  123  460  459.774919362  4.46733660096  0.0422453380338  26.0777214036
1.10165010367  123  507  506.856836494  4.15759983604  -0.0113663382816  25.8768125142
1.10165010367  123  553  552.747299389  4.34715177986  -0.0433944210419  25.682287708
1.10165010367  122  598  597.752574661  4.07999920276  0.0041006206894  25.4883755555
1.10165010367  122  641  641.36948829  3.69216027923  -0.015346033972  25.2951186822
1.10165010367  122  684  684.001432874  3.90443926233  -0.00487455841843  25.1083939656
1.10165010367  122  726  725.864603949  3.42021512364  0.0101332366172  24.9241191934
1.10165010367  122  766  766.475546106  3.65170978792  -0.00180065100846  24.7390622607
1.10165010367  122  806  806.195505214  3.56541219412  0.00774156321798  24.5602636158
1.10165010367  121  845  844.962149926  3.54909298683  -0.0093050043708  24.3841202962
1.10165010367  121  883  882.782589228  3.42142996527  -0.0163839727128  24.2066353213
1.10165010367  121  920  919.995759722  3.34223880401  0.0160174993828  24.0363133941
1.10165010367  120  956  956.277475301  3.14756226506  0.0218583115176  23.8663590404
1.10165010367  120  992  991.628952392  3.21968004394  -0.00413018649034  23.6965685212
1.32933210367  121  33  32.1327739014  0.0180536609927  -6.07295072523  27.7939068797
1.32933210367  122  108  108.1288118  0.394686481228  -0.157083587361  27.5684010343
1.32933210367  122  147  148.023382025  54.2566327281  0.0  27.3478093013
1.32933210367  122  204  204.282896291  15.6531499815  0.00989054468323  27.1272422102
1.32933210367  123  258  258.080903043  4.6292754492  -0.00718652604573  26.9089735783
1.32933210367  123  310  310.659759018  5.74857603044  -0.00435094964247  26.6951482917
1.32933210367  123  362  361.680609772  4.6399362004  0.0311984970683  26.4874497204
1.32933210367  123  411  411.085136579  4.95914291127  -0.0361679829961  26.2828268367
1.32933210367  123  460  459.755883538  4.50002881535  0.0304606047021  26.0777214036
1.32933210367  123  507  506.856836494  4.15759983604  -0.0113663382816  25.8768125142
1.32933210367  123  553  552.747869066  4.35554246637  -0.0406501391916  25.682287708
1.32933210367  123  598  597.83087668  4.03936050747  0.0203542333398  25.4883755555
1.32933210367  123  642  641.464505526  3.70471617802  -0.0133488546147  25.2951186822
1.32933210367  123  684  684.049330331  3.97708829141  -0.00351472453738  25.1083939656
1.32933210367  123  726  725.848217849  3.52825225955  0.00557713756862  24.9241191934
1.32933210367  123  766  766.495894912  3.6327342481  -0.0132166118248  24.7390622607
1.32933210367  122  806  806.180889898  3.55973829376  -0.00269720910367  24.5602636158
1.32933210367  122  845  845.013338431  3.51513418402  -0.00562566863062  24.3841202962
1.32933210367  122  883  882.777687904  3.35165418467  -0.0185971863376  24.2066353213
1.32933210367  121  920  919.996529495  3.33755804326  0.0192726255125  24.0363133941
1.32933210367  121  956  956.303947926  3.18175228873  0.0323725535978  23.8663590404
1.32933210367  121  992  991.625965379  3.21210910309  -0.0136774108848  23.6965685212
1.55701410367  122  33  32.4506894008  0.458844484988  -0.35950270347  27.7939068797
1.55701410367  122  92  91.4996221577  40.6051407931  0.0110765485064  27.5684010343
1.55701410367  123  149  148.34878642  5.58935170591  0.010452056802  27.3478093013
1.55701410367  123  204  204.409055474  5.42046306712  0.0143714217401  27.1272422102
1.55701410367  124  258  258.179519498  4.61253463025  0.0181651512695  26.9089735783
1.55701410367  124  311  310.645948728  5.53018779524  -0.0108246414875  26.6951482917
1.55701410367  124  362  361.749903508  4.49217387352  0.0137173189059  26.4874497204
1.55701410367  124  412  412.216494615  0.0289700810317  -1.67866847285  26.2828268367
1.55701410367  124  460  459.790483146  4.57072842967  0.0282366693784  26.0777214036
1.55701410367  124  507  506.917554043  4.09116823506  0.00670647623708  25.8768125142
1.55701410367  124  553  552.861916035  4.28478992922  -0.0151630229904  25.682287708
1.55701410367  124  598  597.846293367  4.03347703423  0.0190675659935  25.4883755555
1.55701410367  124  642  641.492221172  3.60541636135  -0.0111872121218  25.2951186822
1.55701410367  124  684  684.060342439  3.88550762744  -0.0161220972025  25.1083939656
1.55701410367  124  726  725.877465044  3.604229533  0.0126492325711  24.9241191934
1.55701410367  123  766  766.496252713  3.62560700466  -0.00942588058978  24.7390622607
1.55701410367  123  806  806.201332207  3.51496728776  -0.0187098858229  24.5602636158
1.55701410367  123  845  845.029900528  3.45525983669  0.013407292783  24.3841202962
1.55701410367  123  883  882.793416825  3.30008841555  -0.0168031172563  24.2066353213
1.55701410367  122  920  919.981693583  3.39310625474  0.0193780521878  24.0363133941
1.55701410367  122  956  956.254613883  3.24543761885  0.00681373973572  23.8663590404
1.55701410367  122  992  991.659273444  3.31534943436  0.0294539048599  23.6965685212
1.78469610367  122  33  33.414672352  4.83047283164  0.347342020216  27.7939068797
1.78469610367  123  93  92.2181608828  0.0459888661197  0.0456930598459  27.5684010343
1.78469610367  124  149  148.484299626  3.11493228457  -0.087354438102  27.3478093013
1.78469610367  124  204  204.626720513  5.01380090681  0.0174014405783  27.1272422102
1.78469610367  124  258  258.057029433  4.9212788519  -0.0302708684777  26.9089735783
1.78469610367  125  310  310.60043938  5.63760729806  -0.0543528734507  26.6951482917
1.78469610367  125  362  361.73564103  4.3628312867  -0.00737283898716  26.4874497204
1.78469610367  125  411  410.91458515  0.0441595636266  -0.526911783222  26.2828268367
1.78469610367  125  460  459.794570714  4.59025336392  0.00635114095989  26.0777214036
1.78469610367  125  507  506.919313507  4.19123621041  -0.0223520917957  25.8768125142
1.78469610367  125  553  552.916220936  4.35848477922  -0.0113013118755  25.682287708
1.78469610367  125  598  597.877672375  4.12059297379  0.0205394149317  25.4883755555
1.78469610367  125  642  641.507385209  3.64600080616  -0.0154289596029  25.2951186822
1.78469610367  125  684  684.100115212  2.99445301646  0.265832263488  25.1083939656
1.78469610367  125  726  725.892102272  3.64763754062  0.00671820019926  24.9241191934
1.78469610367  124  766  766.477628029  3.64461100643  -0.017609761797  24.7390622607
1.78469610367  124  806  806.201143049  3.46942968934  -0.0261079728274  24.5602636158
1.78469610367  124  845  845.060599598  3.51516182201  0.0145891755287  24.3841202962
1.78469610367  123  883  882.82604613  3.2432982941  -0.0153334142673  24.2066353213
1.78469610367  123  920  920.012843743  3.36699303491  0.0289561587544  24.0363133941
1.78469610367  123  956  956.236216493  3.30259550797  0.0151202742177  23.8663590404
1.78469610367  122  992  991.612163299  3.29064258565  -0.0199399020469  23.6965685212
2.01237810367  123  33  33.3931718237  2.14874720439  0.222331015882  27.7939068797
2.01237810367  124  93  92.4004011427  4.10356423392  0.0150970683601  27.5684010343
2.01237810367  124  149  148.49770237  3.11395620138  -0.0856879759685  27.3478093013
2.01237810367  125  205  204.81498687  4.95690574835  0.0398306324125  27.1272422102
2.01237810367  125  258  258.207085915  4.98299423441  -0.030782445757  26.9089735783
2.01237810367  126  311  310.556375479  5.66122858666  -0.140458276314  26.6951482917
2.01237810367  126  362  361.816531021  4.65413439813  0.00599907262792  26.4874497204
2.01237810367  126  411  410.877579129  4.08618911907  -0.314340996926  26.2828268367
2.01237810367  126  460  459.872305829  4.45516137661  0.0173206908692  26.0777214036
2.01237810367  126  507  506.967084788  4.11934796832  0.00375788763791  25.8768125142
2.01237810367  126  553  552.995110402  4.42941108933  -0.0259431952386  25.682287708
2.01237810367  126  598  597.972553905  4.05319630235  0.0273150432179  25.4883755555
2.01237810367  126  642  641.518560589  3.68714094368  -0.0294512549042  25.2951186822
2.01237810367  126  684  683.914216743  3.73376444382  -0.072008207639  25.1083939656
2.01237810367  125  726  725.893456644  3.64968305198  0.0111912233149  24.9241191934
2.01237810367  125  766  766.488526119  3.59453719766  -0.0245167179429  24.7390622607
2.01237810367  125  806  806.187378141  3.52060527437  -0.0348470711569  24.5602636158
2.01237810367  125  845  845.08586987  3.52236270208  0.010431577647  24.3841202962
2.01237810367  124  883  882.842662005  3.26000213759  -0.0243950288667  24.2066353213
2.01237810367  124  920  919.998860164  3.31216151247  0.0162148287406  24.0363133941
2.01237810367  124  956  956.215578803  3.22981396967  0.0113113100859  23.8663590404
2.01237810367  123  992  991.644028032  3.24532945319  0.0119584695904  23.6965685212
2.24006010367  124  32  32.1162876307  0.0213641973853  -6.77347600508  27.7939068797
2.24006010367  125  93  92.406645362  3.49795016402  0.0579109508042  27.5684010343
2.24006010367  125  149  148.658519846  3.18882891976  0.0619218032321  27.3478093013
2.24006010367  126  205  204.753581276  11.4383793227  -0.00238918343797  27.1272422102
2.24006010367  126  258  258.434541933  5.22338529635  0.00709990673367  26.9089735783
2.24006010367  126  311  310.864156158  5.62502206606  -0.0186954260098  26.6951482917
2.24006010367  127  362  361.884916545  4.41809107451  0.0323354188663  26.4874497204
2.24006010367  127  411  411.079455238  4.51809375672  -0.126608345398  26.2828268367
2.24006010367  127  460  459.983834191  4.22281262806  0.027121579853  26.0777214036
2.24006010367  127  507  506.938249862  4.11336422554  -0.0136494523876  25.8768125142
2.24006010367  127  553  553.0821343  4.4555296688  -0.0114062451853  25.682287708
2.24006010367  127  598  597.969683238  3.92523003315  0.0141413991809  25.4883755555
2.24006010367  127  642  641.547345478  3.67700112156  -0.0247304336893  25.2951186822
2.24006010367  126  684  683.898351901  3.70322311303  -0.0850738559837  25.1083939656
2.24006010367  126  726  725.870764026  3.48755399195  -0.00287339300787  24.9241191934
2.24006010367  126  766  766.484605914  3.64731015334  -0.016855091062  24.7390622607
2.24006010367  126  806  806.223142205  3.61258394152  -0.0289342838763  24.5602636158
2.24006010367  126  845  845.05172702  3.51044472445  0.00808832903925  24.3841202962
2.24006010367  125  883  882.846130793  3.31024807652  -0.0304783991873  24.2066353213
2.24006010367  125  920  919.963748237  3.2817019271  0.0142499313126  24.0363133941
2.24006010367  124  957  957.151321491  0.522428839368  -4.74752373281  23.8663590404
2.24006010367  124  992  991.614775895  3.21597968085  -0.000950687533675  23.6965685212
2.46774210367  125  32  32.1086051034  0.0199705642745  -6.57506400032  27.7939068797
2.46774210367  126  93  91.2127406702  13.6373699615  -0.185456449797  27.5684010343
2.46774210367  126  149  146.421699749  68.5985333275  0.0  27.3478093013
2.46774210367  127  205  205.132578491  5.82122196467  0.0700098432474  27.1272422102
2.46774210367  127  258  258.414171238  4.52751920439  -0.0270200282249  26.9089735783
2.46774210367  127  310  310.816451828  5.31824286024  -0.0199353448097  26.6951482917
2.46774210367  127  362  361.884692695  4.42371689948  0.0306999759378  26.4874497204
2.46774210367  128  412  411.40879451  4.58703857785  -0.0252151154854  26.2828268367
2.46774210367  128  460  460.069486722  4.21257663678  0.0473455714004  26.0777214036
2.46774210367  128  507  507.006890207  4.08122033195  -0.00965907506787  25.8768125142
2.46774210367  128  553  553.161654834  4.37956069725  -0.00917764293243  25.682287708
2.46774210367  128  598  597.950501894  3.91280678942  0.00794279200418  25.4883755555
2.46774210367  127  642  641.549077588  3.66436114419  -0.0172375893025  25.2951186822
2.46774210367  127  684  684.220733623  3.94466026459  0.000395447637266  25.1083939656
2.46774210367  127  726  725.922172785  3.50000843487  0.00796151588017  24.9241191934
2.46774210367  127  767  766.53443648  3.65558100491  -0.00124010080311  24.7390622607
2.46774210367  127  806  806.226657053  3.62532269253  -0.0188643804756  24.5602636158
2.46774210367  126  845  845.037193505  3.50050608864  -0.00836959004806  24.3841202962
2.46774210367  126  883  882.87713732  3.37327205122  -0.0273440647608  24.2066353213
2.46774210367  126  920  919.950987383  3.34922108925  0.00907061794387  24.0363133941
2.46774210367  125  957  957.158442503  0.568171080689  -4.34300712784  23.8663590404
2.46774210367  125  992  991.620044602  3.24859803244  -0.00367852707802  23.6965685212
2.69542410367  126  32  32.7770129217  0.467781176496  -0.351050127822  27.7939068797
2.69542410367  126  89  74.8104007335  30.7944569365  0.0  27.5684010343
2.69542410367  127  149  148.780678011  5.16530395495  0.149032041252  27.3478093013
2.69542410367  127  205  205.296748726  6.00020332952  0.109153931842  27.1272422102
2.69542410367  128  258  258.393237121  0.0572295197966  -0.0457212781309  26.9089735783
2.69542410367  128  310  310.90146836  5.52107893236  -0.0268465016998  26.6951482917
2.69542410367  128  362  361.931707211  4.18533047419  -0.000922086077961  26.4874497204
2.69542410367  128  412  411.40879451  4.58703857785  -0.0252151154854  26.2828268367
2.69542410367  129  460  460.136340521  4.41029853012  0.0371453382684  26.0777214036
2.69542410367  129  507  507.064499305  4.28190011025  -0.0123074254223  25.8768125142
2.69542410367  129  553  553.167179046  4.39195730831  -0.0192154114826  25.682287708
2.69542410367  128  598  597.950501894  3.91280678942  0.00794279200418  25.4883755555
2.69542410367  128  642  641.578650025  3.78682370718  -0.0188634079479  25.2951186822
2.69542410367  128  684  684.261834866  4.01359523127  -0.000868413777559  25.1083939656
2.69542410367  128  726  725.885257985  3.50935843675  -0.000251473190472  24.9241191934
2.69542410367  128  766  766.527207143  3.73772899688  -0.015067105908  24.7390622607
2.69542410367  128  806  806.274002329  3.64291110727  -0.00519354471841  24.5602636158
2.69542410367  127  845  845.049076259  3.49337383978  -0.000460174912628  24.3841202962
2.69542410367  127  883  882.885002506  3.35911988082  -0.0167110938617  24.2066353213
2.69542410367  127  920  919.966960391  3.41685795813  0.00642011101189  24.0363133941
2.69542410367  126  958  957.939821875  0.0761242243856  -41.7189173142  23.8663590404
2.69542410367  126  992  991.589818914  3.2818923498  -0.0229476850171  23.6965685212
2.92310610367  127  33  33.1315832432  2.40785186103  -0.0918614802542  27.7939068797
2.92310610367  127  92  92.5442181092  3.65895786334  0.0341150157465  27.5684010343
2.92310610367  128  148  148.644159864  3.15354983952  0.0383897347427  27.3478093013
2.92310610367  128  206  205.073092578  4.87221201885  0.00855504189527  27.1272422102
2.92310610367  129  258  258.386035113  0.0564032863536  -0.0388560173477  26.9089735783
2.92310610367  129  311  311.025454639  5.43838058341  -0.0175489564367  26.6951482917
2.92310610367  129  362  362.056247003  4.43470258459  -0.0145260306971  26.4874497204
2.92310610367  129  412  411.422705496  4.95685226845  -0.0186256701319  26.2828268367
2.92310610367  129  460  460.116628682  4.43308888854  0.0318371086886  26.0777214036
2.92310610367  129  507  507.064499305  4.28190011025  -0.0123074254223  25.8768125142
2.92310610367  129  553  553.168218578  4.40024958138  -0.0167174785769  25.682287708
2.92310610367  129  598  597.98159634  3.93488032262  0.00738828763515  25.4883755555
2.92310610367  129  642  641.508573028  3.86521447503  -0.0415084298885  25.2951186822
2.92310610367  129  684  684.254483868  3.91342246427  -0.0193048439514  25.1083939656
2.92310610367  129  726  725.975451745  3.54708375134  0.0114067545106  24.9241191934
2.92310610367  129  767  766.526539851  3.78402113792  -0.017024313843  24.7390622607
2.92310610367  128  806  806.265384632  3.66884473545  -0.0183176527702  24.5602636158
2.92310610367  128  845  845.09069824  3.4774576605  0.0130352079418  24.3841202962
2.92310610367  128  883  882.898688176  3.39406989303  -0.0224893260232  24.2066353213
2.92310610367  127  920  919.983199948  3.40794331492  0.0158220822956  24.0363133941
2.92310610367  127  958  958.065199647  0.39773629866  -6.6027244799  23.8663590404
2.92310610367  127  992  991.560173552  3.22115973265  -0.0354000512727  23.6965685212
3.15078810367  128  33  33.1401023796  0.452806002594  -5.04978410078  27.7939068797
3.15078810367  128  92  92.341287  4.26521088049  0.0666634927249  27.5684010343
3.15078810367  129  148  148.517561174  2.54242164183  -0.0996029087393  27.3478093013
3.15078810367  129  205  204.769902706  0.0554649144673  -0.0379743861109  27.1272422102
3.15078810367  130  259  258.232198852  5.19078568167  -0.165153382145  26.9089735783
3.15078810367  130  311  311.194825712  5.46079426383  -0.0145623929758  26.6951482917
3.15078810367  130  362  362.145408029  4.36987814459  0.00456186071035  26.4874497204
3.15078810367  130  411  411.537818432  4.91783795896  0.00347013354371  26.2828268367
3.15078810367  130  460  460.119497472  4.33123614956  0.0125334676134  26.0777214036
3.15078810367  130  507  507.15096626  4.23596750645  0.00220646682174  25.8768125142
3.15078810367  130  553  553.232837025  4.51031511547  -0.00270699696548  25.682287708
3.15078810367  130  598  598.074700936  3.88329764991  0.0172416172807  25.4883755555
3.15078810367  130  642  641.560962363  3.72805172613  -0.0576041886251  25.2951186822
3.15078810367  130  684  684.310126896  3.73622320114  -0.00847224587341  25.1083939656
3.15078810367  130  726  725.992601739  3.49893163708  6.93581558464e-06  24.9241191934
3.15078810367  129  767  766.52061826  3.74016553565  -0.0320655911925  24.7390622607
3.15078810367  129  806  806.260378054  3.61417909354  -0.0162171017876  24.5602636158
3.15078810367  129  845  845.118846002  3.50610074259  0.00502466494331  24.3841202962
3.15078810367  129  883  882.889168065  3.38535362602  -0.0309146293579  24.2066353213
3.15078810367  128  920  919.995449647  3.30266441883  0.0179661105053  24.0363133941
3.15078810367  128  958  958.072366374  0.577307244264  -4.53739205282  23.8663590404
3.15078810367  128  992  991.598761225  3.27151080419  -0.0324862300027  23.6965685212
3.37847010367  128  33  33.1425919297  0.0136577332832  -4.973144241  27.7939068797
3.37847010367  129  92  92.4034319201  3.17110277083  -0.0152949729497  27.5684010343
3.37847010367  130  149  147.938518454  0.482867868848  -0.153229194239  27.3478093013
3.37847010367  130  206  204.935098643  13.9979519406  0.0114188966737  27.1272422102
3.37847010367  130  259  258.478076626  5.3662407714  0.00891344081504  26.9089735783
3.37847010367  131  311  311.308894252  5.03460360418  0.0248221211572  26.6951482917
3.37847010367  131  362  362.146777543  4.48451433356  0.0246644144263  26.4874497204
3.37847010367  131  412  411.461410276  4.80657547687  -0.0364971162141  26.2828268367
3.37847010367  131  460  460.226960249  4.36367604661  0.0426994031379  26.0777214036
3.37847010367  131  507  507.192785099  4.17865923051  0.00422988371597  25.8768125142
3.37847010367  131  553  553.298542699  4.62710201466  0.00453169939442  25.682287708
3.37847010367  131  598  598.11332331  4.01918546371  0.023804111601  25.4883755555
3.37847010367  131  642  641.640762393  3.90313346526  -0.0254121531471  25.2951186822
3.37847010367  131  684  684.318202489  3.9248931395  -3.15597545373e-05  25.1083939656
3.37847010367  131  726  725.98739241  3.55396757475  -0.00654209631666  24.9241191934
3.37847010367  130  766  766.513102814  3.85597539591  -0.0275480145637  24.7390622607
3.37847010367  130  806  806.304528385  3.62700034802  -0.0327846747368  24.5602636158
3.37847010367  130  845  845.123194618  3.56199992669  -0.00933248322483  24.3841202962
3.37847010367  129  883  882.856544276  0.037345660651  -0.153236385603  24.2066353213
3.37847010367  129  920  920.017633855  3.34091865828  0.0110584595313  24.0363133941
3.37847010367  129  958  958.094494782  0.0138898277523  -4.33243052162  23.8663590404
3.37847010367  128  992  991.611748291  3.28822118477  -0.0284159767624  23.6965685212
3.60615210367  130  56  65.2944723093  18.5144324902  0.0  27.5684010343
3.60615210367  130  92  92.3452612934  82.0021556453  -0.000248771801313  27.7939068797
3.60615210367  130  149  148.60638174  0.43878678304  0.195787088065  27.3478093013
3.60615210367  131  205  204.797180886  5.75344966308  -0.0353012482535  27.1272422102
3.60615210367  131  259  258.612858688  4.96251962034  -0.00336788632693  26.9089735783
3.60615210367  132  312  311.349422791  4.9265364746  0.00075505904456  26.6951482917
3.60615210367  132  362  362.308638057  4.31497711255  0.0557005011438  26.4874497204
3.60615210367  132  412  411.633459627  4.82582443338  0.0228855543464  26.2828268367
3.60615210367  132  460  460.288071645  4.24569761502  0.0362265545574  26.0777214036
3.60615210367  132  507  507.21073362  4.41669755894  -0.00734335537622  25.8768125142
3.60615210367  132  553  553.25865336  4.60476877358  -0.0174201038912  25.682287708
3.60615210367  132  598  598.169665794  4.20440975469  0.0164029260959  25.4883755555
3.60615210367  132  642  641.705737216  3.87624136148  -0.0166758387024  25.2951186822
3.60615210367  132  684  684.394731224  3.98131175755  0.00725714480624  25.1083939656
3.60615210367  131  726  725.988349915  3.55637825257  -0.00359569373908  24.9241191934
3.60615210367  131  767  766.562115516  3.85796403211  -0.0268000390697  24.7390622607
3.60615210367  131  806  806.327448264  3.70714133996  -0.023455614453  24.5602636158
3.60615210367  131  845  845.167168614  3.74607939476  0.00349288406129  24.3841202962
3.60615210367  130  883  882.776502881  3.15549794968  -0.0690002770975  24.2066353213
3.60615210367  130  920  920.123039317  3.46014640309  0.0288538807536  24.0363133941
3.60615210367  130  956  956.052061657  0.0189920429582  -39.1367235542  23.8663590404
3.60615210367  129  992  991.613682904  3.37712285691  -0.0222099610542  23.6965685212
