# Band 2A   Etalon 1A   Slice 10
# Distortion map version 06.04.00 - date 2018-10-16
# Trace (isoalpha): Take pixel trace along specified slice, specified alpha position trace is built by taking the pixel in every detector row with alpha value closest to the one specified 
# xpos[i] = np.argmin(alpha_img[i,:])+funcs.find_nearest(alpha_img[i,:][(slice_img[i,:]!=0)],alpha_pos)
#    alpha       x  y      center         FWHM          skewness
0.0  562  14  14.2474990722  1.56438029683  0.0458111937232
0.0  563  26  26.4824880024  1.47801427286  0.0352980483809
0.0  563  39  38.9359852835  1.63532908478  0.0120259306785
0.0  564  51  51.4094462643  1.51305152938  0.0641009283118
0.0  564  64  64.0599056273  1.62715634752  0.0656305321866
0.0  565  77  76.6557325297  1.52022643864  0.0147765931721
0.0  565  90  89.5157928289  1.37258188952  0.107544769024
0.0  566  102  102.405041649  1.47031644466  0.130774665478
0.0  566  115  115.376717459  1.39125395438  0.12424731514
0.0  567  128  128.46258453  1.37404136353  0.117977998737
0.0  567  142  141.614375891  1.27482441184  0.0133824482771
0.0  568  155  154.893490716  1.60252431083  0.00295422739903
0.0  568  168  168.39754035  1.53001684711  0.0826710404951
0.0  569  182  181.771597867  1.64145962245  -0.00904574910703
0.0  569  195  195.473257262  1.57005204496  0.045194735098
0.0  570  209  209.126933976  1.68209774659  0.0453059213076
0.0  570  223  222.997913568  1.68214457928  0.0436360910616
0.0  570  237  236.914688291  1.574807929  0.0695441591515
0.0  571  251  250.939208341  1.69777632548  0.0510607574016
0.0  571  265  265.178859114  1.66770277086  0.098098733645
0.0  572  279  279.375317796  1.6107236634  0.107191216506
0.0  572  294  293.75696732  1.67243068216  0.0409766640269
0.0  572  308  308.360615775  1.59465160021  0.110462013838
0.0  573  323  322.900838343  1.60576367956  0.0287913701523
0.0  573  338  337.62218565  1.63007650491  0.0144667039865
0.0  573  353  352.533703382  1.63812458912  0.0242353386156
0.0  573  368  367.557945619  1.67552914895  0.0287218878425
0.0  574  383  382.555144372  1.59397695313  -0.0526558914456
0.0  574  398  397.834478793  1.78999081684  0.0322942737036
0.0  574  413  413.251742442  1.78174070146  0.0648069281839
0.0  574  429  428.734690992  1.77015274543  0.0434023818946
0.0  574  444  444.415396923  1.69426585637  0.106526095634
0.0  574  460  460.192313754  1.79222222797  0.104289303856
0.0  574  476  476.07829199  1.8398548469  0.0787503054891
0.0  575  492  491.947908268  1.83914317174  0.0339037303644
0.0  575  508  508.136612198  1.86123873273  0.0529194314481
0.0  575  524  524.443775551  1.77099842905  0.0536041056457
0.0  575  541  540.871101628  1.89148266292  0.0229431617239
0.0  575  557  557.482214157  1.8757402845  0.061336374529
0.0  575  574  574.216268942  1.91747033264  0.0835218524453
0.0  575  591  591.043205769  1.9322426447  0.0631849690644
0.0  575  608  608.170023414  2.09918798387  0.102312307134
0.0  574  625  625.368998031  1.89593184368  0.101009113509
0.0  574  643  642.636672245  1.86672151251  0.0557126969071
0.0  574  660  660.117344774  1.96952944607  0.0686652973063
0.0  574  678  677.70171456  1.93619696082  0.0237833508172
0.0  574  695  695.480979165  1.95175506453  0.0419359049692
0.0  573  714  713.582068955  1.97362282399  0.0296747081827
0.0  573  732  731.641246635  2.08025975749  0.0239065643811
0.0  573  750  749.88320057  2.11333088231  0.030254719259
0.0  572  768  768.469557781  2.03157029475  0.0819641807267
0.0  572  787  787.000965758  2.16747826411  0.0458773504951
0.0  572  806  805.70944215  2.16693742275  0.0436609043915
0.0  571  825  824.774631473  2.15860700365  0.0522883636977
0.0  571  844  843.831243804  2.18269080879  0.0700416910163
0.0  570  863  863.274886926  2.17079596421  0.099289014319
0.0  570  883  882.644484127  2.13678431954  0.0586923772829
0.0  569  902  902.445674862  2.1369948368  0.0783735159394
0.0  568  922  922.429045412  2.21852297029  0.0721689188934
0.0  568  942  942.383845916  2.24893417632  0.0566530461202
0.0  567  963  962.708307982  2.3135560133  0.0170371139823
0.0  566  983  983.257551832  2.42466111427  0.0321145253817
0.0  565  1004  1003.98428101  2.52493363072  0.0273060643844
-1.42132789924  570  14  13.5047604717  1.41191218688  -0.0312189875189
-1.42132789924  570  26  25.8339340334  1.61477251863  -0.0213841765585
-1.42132789924  571  38  38.2314771385  1.57961977583  0.044521349954
-1.42132789924  572  51  50.684264204  1.4685244763  0.0034378238858
-1.42132789924  572  63  63.3041950735  1.54595226333  0.0662403571708
-1.42132789924  573  76  75.9142144368  1.60367656148  0.0379876526733
-1.42132789924  573  89  88.704279804  1.49323118829  0.00681658093519
-1.42132789924  574  102  101.546220317  1.38658063731  0.0309147580932
-1.42132789924  574  115  114.567182962  1.32931939882  0.0128154705345
-1.42132789924  575  128  127.581631391  1.34697564915  -0.00941679040413
-1.42132789924  575  141  140.806246243  1.53603080093  -0.0220574109771
-1.42132789924  576  154  154.084895045  1.60505447239  0.0240249559904
-1.42132789924  576  168  167.50384315  1.48727997172  0.00916215841406
-1.42132789924  577  181  180.962806845  1.54483589355  -0.0111892483395
-1.42132789924  577  195  194.575700603  1.5430619621  0.0005316124454
-1.42132789924  577  208  208.364225407  1.59025148465  0.0664921264711
-1.42132789924  578  222  222.096931767  1.68344261581  0.0518480046108
-1.42132789924  578  236  236.055414568  1.69492142587  0.0552672130897
-1.42132789924  579  250  250.01527967  1.67986641946  0.0597077825714
-1.42132789924  579  264  264.229065065  1.63614096591  0.107245464347
-1.42132789924  579  278  278.504471829  1.50620621335  0.0915545119928
-1.42132789924  580  293  292.758716989  1.64281214376  0.0128034277311
-1.42132789924  580  307  307.344408494  1.59432838261  0.0916296522086
-1.42132789924  580  322  321.958793303  1.70796131651  0.0214996460202
-1.42132789924  581  337  336.643256839  1.52242333411  0.00177164513557
-1.42132789924  581  352  351.50382326  1.63308094138  0.0317396091549
-1.42132789924  581  367  366.50738975  1.64083084408  0.0296041198048
-1.42132789924  581  382  381.623382565  1.70943797488  0.00619768063752
-1.42132789924  581  397  396.874229754  1.75983686122  0.0238615961232
-1.42132789924  582  412  412.15302789  1.76576856446  0.0694277518815
-1.42132789924  582  428  427.600707892  1.70617916557  0.0295956504624
-1.42132789924  582  443  443.273311184  1.74063511591  0.0855969530698
-1.42132789924  582  459  459.001037189  1.77825651449  0.0639543234187
-1.42132789924  582  475  474.870560107  1.76715906809  0.0306301310523
-1.42132789924  582  491  490.892502649  1.788641747  0.0136755011641
-1.42132789924  582  507  507.070733225  1.8156981001  0.0275796183133
-1.42132789924  582  523  523.370602064  1.80590638212  0.0297605853587
-1.42132789924  582  540  539.776908155  1.84121504662  0.00387974986609
-1.42132789924  582  556  556.377075704  1.84317353853  0.0449367931238
-1.42132789924  582  573  573.078356825  1.90692407006  0.0543604568045
-1.42132789924  582  590  589.915051173  1.92500169081  0.0542069706595
-1.42132789924  582  607  606.880655883  1.8986389592  0.0434142534364
-1.42132789924  582  624  624.035326635  1.92170944835  0.0733667692304
-1.42132789924  582  641  641.334821195  1.83556590663  0.089563249554
-1.42132789924  582  659  658.727543687  1.89139956048  0.0163926711434
-1.42132789924  582  676  676.356734906  1.86583126756  0.0537860783466
-1.42132789924  581  694  694.281015064  1.95547682365  0.0562084575183
-1.42132789924  581  712  712.181100846  2.0252389639  0.0313920207997
-1.42132789924  581  730  730.241066388  2.04150179324  0.0422696612735
-1.42132789924  581  748  748.445475271  1.99352369013  0.0322645362619
-1.42132789924  580  767  766.992948302  2.11348883398  0.0328189674169
-1.42132789924  580  786  785.515251813  2.07622571179  0.0398376208505
-1.42132789924  579  804  804.41623898  2.04943671469  0.0840463150101
-1.42132789924  579  823  823.265435425  2.11501583936  0.0729216871195
-1.42132789924  578  842  842.463399651  2.25505335526  0.129507017043
-1.42132789924  578  862  861.655739267  2.13157740275  0.0438444912907
-1.42132789924  577  881  881.285297348  2.12149697076  0.0872386477203
-1.42132789924  577  901  900.810721646  2.20439716098  0.0247583190943
-1.42132789924  576  921  920.771541974  2.1987026922  0.0228911000658
-1.42132789924  575  941  940.914017815  2.37229825015  0.0784555480657
-1.42132789924  575  961  961.046157417  2.33687647035  0.0128848411703
-1.42132789924  574  982  981.552572928  2.38371415792  0.00263470201479
-1.42132789924  573  1002  1002.25120353  2.40281289258  0.0134372731015
-1.24345789924  569  14  13.5593253436  1.40733835235  -0.0601945442926
-1.24345789924  569  26  25.9355634922  1.62574782948  0.0122852643844
-1.24345789924  570  38  38.3236177296  1.54525053372  0.0553182639676
-1.24345789924  571  51  50.6994577017  1.51606006882  -0.0397254876002
-1.24345789924  571  63  63.3851845297  1.52572301914  0.0625129832498
-1.24345789924  572  76  76.0157062654  1.61147009155  0.0534395760187
-1.24345789924  572  89  88.7918652393  1.54027139359  0.00627940498707
-1.24345789924  573  102  101.630780263  1.44558495637  0.0125783878149
-1.24345789924  573  115  114.644084911  1.40459072375  -0.00165522301496
-1.24345789924  574  128  127.669227698  1.45276808586  -0.0194403627122
-1.24345789924  574  141  140.919805484  1.5583851257  0.00622388323428
-1.24345789924  575  154  154.203121362  1.56977905962  0.0616130879953
-1.24345789924  575  168  167.582227039  1.47952913541  -0.0220874223824
-1.24345789924  576  181  181.027682279  1.63554716913  -0.0013408555971
-1.24345789924  576  195  194.661110301  1.54571251325  -0.0212648435177
-1.24345789924  576  208  208.455839054  1.56677234905  0.0655877546478
-1.24345789924  577  222  222.217499024  1.6459554102  0.0679823702254
-1.24345789924  577  236  236.191490674  1.65496696633  0.0845229073721
-1.24345789924  578  250  250.148178229  1.65725670186  0.0863869362897
-1.24345789924  578  264  264.342208166  1.57992133604  0.121830214384
-1.24345789924  578  279  278.593861918  1.52400988791  0.0409498596256
-1.24345789924  579  293  292.89524572  1.67039845951  0.0376254766766
-1.24345789924  579  307  307.461139416  1.51776951692  0.0843585223492
-1.24345789924  579  322  322.117064074  1.68954842802  0.0696272075701
-1.24345789924  580  337  336.700106479  1.63278799123  -0.0236455784388
-1.24345789924  580  352  351.608755434  1.63887114839  0.0125104169287
-1.24345789924  580  367  366.609790922  1.66625084741  0.00967072976161
-1.24345789924  580  382  381.74320824  1.72546302386  0.0108511596105
-1.24345789924  580  397  397.028848948  1.78480075325  0.0841996341979
-1.24345789924  581  412  412.292976678  1.71298823563  0.0664496773295
-1.24345789924  581  428  427.74434537  1.74064583183  0.034826024104
-1.24345789924  581  443  443.410538781  1.66502919909  0.0920232415336
-1.24345789924  581  459  459.157034007  1.75614751739  0.0785200379019
-1.24345789924  581  475  475.03308433  1.78334225787  0.0571620121801
-1.24345789924  581  491  491.05543952  1.81526130742  0.0513021445965
-1.24345789924  581  507  507.242978909  1.7858427386  0.0549744542837
-1.24345789924  581  524  523.519510116  1.79729708763  0.0251901777536
-1.24345789924  581  540  539.941661657  1.86710968905  0.0085818120674
-1.24345789924  581  557  556.502560455  1.81716782313  0.0254929344696
-1.24345789924  581  573  573.247172729  1.88830655854  0.0611840318584
-1.24345789924  581  590  590.082356884  1.91205596893  0.0670475701678
-1.24345789924  581  607  607.058192823  1.92211897349  0.0732315658409
-1.24345789924  581  624  624.212882489  1.87167483157  0.0948812077715
-1.24345789924  581  641  641.47974375  1.79399803702  0.0683767020207
-1.24345789924  581  659  658.891543031  1.93720224503  0.0270189188466
-1.24345789924  581  677  676.499749666  1.83607796623  0.029359162337
-1.24345789924  580  694  694.440045383  1.90551565671  0.0417703223919
-1.24345789924  580  712  712.349848982  1.9520395132  0.042929476124
-1.24345789924  580  730  730.4075237  2.00380188816  0.0413402984334
-1.24345789924  580  749  748.598190186  2.01540820972  0.0148776605019
-1.24345789924  579  767  767.18635811  2.11223866217  0.0550187619145
-1.24345789924  579  786  785.670584761  2.09785383731  0.0215467481072
-1.24345789924  578  805  804.573538399  2.08020060981  0.0634173344089
-1.24345789924  578  823  823.435194861  2.09415490976  0.0586920679299
-1.24345789924  578  842  842.48142833  2.26275781171  -0.021302787554
-1.24345789924  577  862  861.844288635  2.18803828724  0.0491367607598
-1.24345789924  576  881  881.462782745  2.07694913889  0.0778118079629
-1.24345789924  576  901  901.038978153  2.21619941989  0.0616722959487
-1.24345789924  575  921  920.979349541  2.26680921168  0.032039768449
-1.24345789924  574  941  941.033298805  2.52160317902  0.022812151282
-1.24345789924  574  961  961.264070622  2.34574193324  0.0327832499881
-1.24345789924  573  982  981.751973871  2.39059234373  0.00112246902332
-1.24345789924  572  1002  1002.45745578  2.38819375168  0.0113657263868
-1.06558789924  568  14  13.639051887  1.47209972766  -0.0470367828974
-1.06558789924  568  26  25.9688651261  1.53140085842  -0.00731479907005
-1.06558789924  569  38  38.4121404706  1.49781606404  0.0575924741152
-1.06558789924  570  51  50.7956275698  1.57547791327  -0.00534424644639
-1.06558789924  570  63  63.4616979869  1.44964449284  0.0638264878143
-1.06558789924  571  76  76.1136835027  1.58988038343  0.0693938777456
-1.06558789924  571  89  88.902358235  1.56713550441  0.0346932673857
-1.06558789924  572  102  101.723962519  1.50992183817  0.00846805821682
-1.06558789924  572  115  114.737877507  1.49938083479  -0.00868607286909
-1.06558789924  573  128  127.770954466  1.53257396995  -0.0156286183727
-1.06558789924  573  141  141.041539271  1.58095800687  0.0318452136461
-1.06558789924  574  154  154.314322551  1.51617093878  0.0920594669116
-1.06558789924  574  168  167.666928649  1.54365941393  -0.0280491028175
-1.06558789924  575  181  181.147998653  1.6314080507  0.024121389923
-1.06558789924  575  195  194.760314836  1.59264334708  -0.0209312478293
-1.06558789924  575  209  208.543915071  1.46175660072  0.0815971576647
-1.06558789924  576  222  222.328999135  1.62118168654  0.0876545992601
-1.06558789924  576  236  236.299832991  1.61537757629  0.0976943275538
-1.06558789924  577  250  250.272558397  1.62453862515  0.102870442032
-1.06558789924  577  264  264.444361187  1.51103249789  0.110910309311
-1.06558789924  577  279  278.693586039  1.59350077956  0.0237785858503
-1.06558789924  578  293  293.024021952  1.70364543261  0.0568743861214
-1.06558789924  578  308  307.544308279  1.49532928046  0.0271018747843
-1.06558789924  578  322  322.246873357  1.64581988161  0.0897885952511
-1.06558789924  579  337  336.837508068  1.67216724252  0.00740867272272
-1.06558789924  579  352  351.730336386  1.67335905474  0.000737944738034
-1.06558789924  579  367  366.727726662  1.69891334251  -0.00374443137252
-1.06558789924  579  382  381.883084064  1.75747127889  0.0220223586019
-1.06558789924  580  397  396.992104706  1.78306425128  -0.0147560426679
-1.06558789924  580  412  412.416458611  1.6757800623  0.0756040403531
-1.06558789924  580  428  427.882363677  1.76933334308  0.0455778918593
-1.06558789924  580  444  443.525186923  1.65901429236  0.0505917801013
-1.06558789924  580  459  459.296216222  1.70059263218  0.0900835805495
-1.06558789924  580  475  475.197541959  1.76653431687  0.0911117037119
-1.06558789924  580  491  491.210845332  1.77143126533  0.0736158480862
-1.06558789924  580  507  507.383372762  1.75801770947  0.0604635080802
-1.06558789924  580  524  523.630187378  1.78745780428  -0.00540661858017
-1.06558789924  580  540  540.108024565  1.88315288382  0.0290596044698
-1.06558789924  580  557  556.650163899  1.84517017781  0.015524360741
-1.06558789924  580  573  573.383394688  1.84534700374  0.0483204979964
-1.06558789924  580  590  590.238988863  1.89278743973  0.0794386306437
-1.06558789924  580  607  607.234952545  1.88718425607  0.0894662207328
-1.06558789924  580  624  624.376064129  1.8285261692  0.0995376973013
-1.06558789924  580  642  641.618500181  1.83334074239  0.0546853566451
-1.06558789924  580  659  659.08560327  1.95064629236  0.0573038856684
-1.06558789924  580  677  676.644346599  1.87726097387  0.00634956707602
-1.06558789924  579  695  694.613276448  2.07568355425  0.113060828966
-1.06558789924  579  713  712.507471816  1.93058228512  0.0306148479456
-1.06558789924  579  731  730.575490832  2.01151103571  0.0293395123086
-1.06558789924  579  749  748.765004829  2.01927884805  0.00518084931231
-1.06558789924  578  767  767.363000054  2.09560008849  0.0595111097433
-1.06558789924  578  786  785.866901096  2.12958721311  0.0358055522578
-1.06558789924  577  805  804.757337489  2.22514564982  0.115906895225
-1.06558789924  577  824  823.608244061  2.11367482231  0.0503533394341
-1.06558789924  577  843  842.632935445  2.05184930451  0.0165406170267
-1.06558789924  576  862  862.074183995  2.19230132949  0.0778845331771
-1.06558789924  575  882  881.644443286  2.11088230364  0.0809407889416
-1.06558789924  575  901  901.23397611  2.18925219066  0.076213825224
-1.06558789924  574  921  921.199100153  2.25117658706  0.057866205841
-1.06558789924  574  941  941.23329135  2.46942849594  0.043205803569
-1.06558789924  573  961  961.477116308  2.2948540557  0.0343717750007
-1.06558789924  572  982  981.966560393  2.43256407992  0.0121917634804
-1.06558789924  571  1003  1002.65521965  2.43792034474  -0.00424428292041
-0.887717899238  567  14  13.7219078103  1.53020140641  -0.0459777981992
-0.887717899238  568  26  26.07463901  1.51516767638  0.0137633210656
-0.887717899238  568  38  38.4703426965  1.46363704433  0.0331122042626
-0.887717899238  569  51  50.9022667871  1.59525798515  0.00992467516897
-0.887717899238  569  64  63.5340799581  1.46261684998  0.00905745177806
-0.887717899238  570  76  76.2192738265  1.56399465403  0.0892263924733
-0.887717899238  570  89  89.02119541  1.58729811407  0.0545052846788
-0.887717899238  571  102  101.819886796  1.56534635533  0.0129918129969
-0.887717899238  571  115  114.852255917  1.55457768068  0.0114342732618
-0.887717899238  572  128  127.889289401  1.57887321592  0.0131860866126
-0.887717899238  572  141  141.159122116  1.5799985128  0.057336181956
-0.887717899238  573  154  154.414059986  1.45231233833  0.0827209385312
-0.887717899238  573  168  167.7730837  1.58752169284  -0.0286723043335
-0.887717899238  574  181  181.25727084  1.60608060528  0.0275986151034
-0.887717899238  574  195  194.882862628  1.6247396922  0.00209630122449
-0.887717899238  575  209  208.584024208  1.48417733206  0.0115986694601
-0.887717899238  575  222  222.422882105  1.58665045153  0.0646853496811
-0.887717899238  575  236  236.39907882  1.57566826289  0.0903328238633
-0.887717899238  576  250  250.381620237  1.59147464907  0.110137558484
-0.887717899238  576  265  264.527236749  1.49716295364  0.0617046885179
-0.887717899238  576  279  278.814962883  1.65684144151  0.0266495647338
-0.887717899238  577  293  293.162590508  1.65980051607  0.0880403036029
-0.887717899238  577  308  307.659515099  1.55025593247  0.017321086215
-0.887717899238  577  322  322.370427185  1.5970391907  0.0943559103247
-0.887717899238  578  337  336.97951133  1.70780975134  0.0244591703599
-0.887717899238  578  352  351.850302416  1.73397779088  0.000382561181246
-0.887717899238  578  367  366.872896072  1.7332541553  0.00787422318403
-0.887717899238  578  382  382.024811323  1.79130102029  0.0359724270423
-0.887717899238  579  397  397.160466067  1.76447388395  0.0588348204995
-0.887717899238  579  413  412.529856934  1.69555580495  0.0445926098851
-0.887717899238  579  428  428.041906769  1.79468545665  0.0675719257829
-0.887717899238  579  444  443.639712272  1.72570532974  0.0245334640927
-0.887717899238  579  459  459.429573954  1.6612682876  0.0849176053171
-0.887717899238  579  475  475.342827077  1.73504359164  0.0892466725617
-0.887717899238  579  491  491.362843609  1.73521292087  0.0838455522765
-0.887717899238  579  508  507.50441002  1.71726812484  0.0328460909317
-0.887717899238  579  524  523.786703071  1.83569385428  0.00643923353287
-0.887717899238  580  540  540.108024565  1.88315288382  0.0290596044698
-0.887717899238  580  557  556.650214452  1.84562257666  0.015858099012
-0.887717899238  579  574  573.534771304  1.86324081204  0.0375467499812
-0.887717899238  579  590  590.391825161  1.85658841479  0.0671313666295
-0.887717899238  579  607  607.395233109  1.83611133243  0.0958540515256
-0.887717899238  579  625  624.510365067  1.81590232371  0.0716734666847
-0.887717899238  579  642  641.776891854  1.8981193029  0.0388975086122
-0.887717899238  579  659  659.263472605  1.92232646549  0.0776362925374
-0.887717899238  579  677  676.812153453  1.9246823682  0.00926608711382
-0.887717899238  579  695  694.619595558  2.13852088667  -0.0461946944566
-0.887717899238  578  713  712.664816256  1.95193648025  0.00722309678271
-0.887717899238  578  731  730.733944356  2.04254778058  0.0117946749724
-0.887717899238  578  749  748.951014216  2.07686258704  0.0163051168161
-0.887717899238  577  768  767.518177047  2.07565666517  0.0317931280051
-0.887717899238  577  786  786.052880315  2.14700328916  0.0489452020263
-0.887717899238  577  805  804.824336906  2.3959856412  0.00508230399026
-0.887717899238  576  824  823.794618087  2.14255591634  0.0497535089186
-0.887717899238  576  843  842.843284371  2.16108930216  0.0520497919896
-0.887717899238  575  862  862.26929609  2.13029160784  0.100644332194
-0.887717899238  574  882  881.837872453  2.25557659513  0.122315477091
-0.887717899238  574  901  901.430648419  2.15143233784  0.0778662857883
-0.887717899238  573  921  921.427262331  2.20163315185  0.0842816806494
-0.887717899238  573  941  941.313992366  2.4373564672  -0.0478045514073
-0.887717899238  572  962  961.666302177  2.28137252842  0.0173240304223
-0.887717899238  571  982  982.187486293  2.42107206778  0.0217891547706
-0.887717899238  570  1003  1002.87226162  2.48839081827  0.00192692503117
-0.709847899238  566  14  13.8199452257  1.57566250944  -0.0348381379267
-0.709847899238  567  26  26.1671429453  1.50191908494  0.0262934524439
-0.709847899238  567  39  38.5507122345  1.4824047442  0.0101280136549
-0.709847899238  568  51  50.9946222986  1.61784012409  0.0211844438432
-0.709847899238  568  64  63.6130306738  1.5267339197  -0.00635773756925
-0.709847899238  569  76  76.3200759514  1.50065831617  0.105294309436
-0.709847899238  569  89  89.1318177804  1.57264395841  0.0655237328004
-0.709847899238  570  102  101.942076009  1.59467640909  0.0356136962072
-0.709847899238  570  115  114.95708276  1.571607751  0.0279132703665
-0.709847899238  571  128  128.019634444  1.58871321798  0.0528957917797
-0.709847899238  571  141  141.277477893  1.55068638041  0.0786595225018
-0.709847899238  572  154  154.490974817  1.32824295334  0.0685490315696
-0.709847899238  572  168  167.898075437  1.63097087912  -0.00423482922347
-0.709847899238  573  181  181.374535496  1.55061450215  0.047664564908
-0.709847899238  573  195  195.014388604  1.64201334607  0.012119292124
-0.709847899238  574  209  208.619014392  1.51751395888  -0.0615072041357
-0.709847899238  574  223  222.520556967  1.5887299132  0.0401826293556
-0.709847899238  574  236  236.49319898  1.53730785398  0.0536765903998
-0.709847899238  575  250  250.463487007  1.55974966571  0.0687030033595
-0.709847899238  575  265  264.627280974  1.58453891446  0.0275986098408
-0.709847899238  575  279  278.961722358  1.67598562555  0.0607407696651
-0.709847899238  576  293  293.287989765  1.61697174801  0.0973970091943
-0.709847899238  576  308  307.773541764  1.65316127335  0.00951095999701
-0.709847899238  576  322  322.465235604  1.55024655127  0.0691817782147
-0.709847899238  577  337  337.132090981  1.70435791943  0.0487557346236
-0.709847899238  577  352  351.997976591  1.73353791299  0.0270013804909
-0.709847899238  577  367  367.020044113  1.75445284087  0.0296096701552
-0.709847899238  577  382  382.188353062  1.77139063471  0.0699098279633
-0.709847899238  578  397  397.302526248  1.71575130924  0.0686612465663
-0.709847899238  578  413  412.645908892  1.71519315636  0.0214124182948
-0.709847899238  578  428  428.187306456  1.75818606064  0.0920874230286
-0.709847899238  578  444  443.777971174  1.79104800107  0.0245574311715
-0.709847899238  578  460  459.541644646  1.67710315495  0.0415505776582
-0.709847899238  578  475  475.464543165  1.65965226998  0.0680112509149
-0.709847899238  578  491  491.491890167  1.68667368474  0.0622650622675
-0.709847899238  578  508  507.639576813  1.75666733388  0.0115344170256
-0.709847899238  579  524  523.786705293  1.8355896467  0.00655923646492
-0.709847899238  579  540  540.267296906  1.86901881707  0.0488923825947
-0.709847899238  579  557  556.803554539  1.8930305689  0.0155581613498
-0.709847899238  579  574  573.534663203  1.85534449324  0.0347103956592
-0.709847899238  578  591  590.533709637  1.85651429759  0.0463351112359
-0.709847899238  578  608  607.535774924  1.85565148766  0.068888440257
-0.709847899238  578  625  624.651148346  1.86350214598  0.038073869461
-0.709847899238  578  642  641.965762389  1.94795717768  0.0636785760939
-0.709847899238  578  659  659.422723813  1.88042313961  0.075054879424
-0.709847899238  578  677  677.00190732  1.98799554379  0.0270279817306
-0.709847899238  578  695  694.735056308  1.95958300757  -0.00201363290898
-0.709847899238  577  713  712.842108772  2.02138476583  0.000716217207791
-0.709847899238  577  731  730.91253761  2.11334167386  0.0110616565734
-0.709847899238  577  749  749.158474385  2.08598456559  0.0391619461232
-0.709847899238  576  768  767.699711721  2.09896290731  0.0276073381918
-0.709847899238  576  786  786.256387064  2.12794069659  0.0573629611818
-0.709847899238  576  805  804.928968799  2.17857324486  -0.00152147087988
-0.709847899238  575  824  824.006780553  2.16046848386  0.0689034199745
-0.709847899238  575  843  843.049479141  2.19827365246  0.0720206068728
-0.709847899238  574  862  862.444405566  2.10174471899  0.077077908099
-0.709847899238  573  882  881.945547805  2.43133655042  0.0551071156759
-0.709847899238  573  902  901.603758951  2.15898574606  0.0399382846038
-0.709847899238  572  922  921.585703571  2.22181800028  0.0433256306249
-0.709847899238  572  942  941.523043893  2.21221876809  0.00900617941261
-0.709847899238  571  962  961.865870674  2.34851575912  0.0182986478901
-0.709847899238  570  982  982.390338743  2.39397956099  0.0171526957402
-0.709847899238  569  1003  1003.10137845  2.48880382538  0.0172024118391
-0.531977899238  565  14  13.9205253805  1.58502074511  -0.0272988409608
-0.531977899238  566  26  26.2205818923  1.59374888612  0.0221723190372
-0.531977899238  566  39  38.627103229  1.50389108449  -0.010550385266
-0.531977899238  567  51  51.1101653702  1.59326043964  0.0445801708203
-0.531977899238  567  64  63.7188386067  1.5742658742  0.00570688862307
-0.531977899238  568  76  76.4129954771  1.45517785247  0.107159777254
-0.531977899238  568  89  89.2386977004  1.5423579671  0.0853721828245
-0.531977899238  569  102  102.069705775  1.59481209974  0.0715943421763
-0.531977899238  569  115  115.099779791  1.5765858232  0.0629335453349
-0.531977899238  570  128  128.140806243  1.57872352874  0.0725801730655
-0.531977899238  570  141  141.381339317  1.45672538096  0.079857970576
-0.531977899238  571  155  154.559263239  1.33119947009  0.00463355489287
-0.531977899238  571  168  168.017149904  1.63864489801  0.0152608367986
-0.531977899238  572  181  181.465810072  1.48715565522  0.0355606726627
-0.531977899238  572  195  195.120637329  1.65933293652  0.0185278867993
-0.531977899238  573  209  208.736802508  1.61257611831  -0.0117509086383
-0.531977899238  573  223  222.617129475  1.56985908134  0.0136289355153
-0.531977899238  573  237  236.595415058  1.58546442181  0.0299464973255
-0.531977899238  574  251  250.564806709  1.55997266925  0.0446272030802
-0.531977899238  574  265  264.737646098  1.63312568936  0.0210848333907
-0.531977899238  574  279  279.109211766  1.66538085305  0.0947725499871
-0.531977899238  575  293  293.416937563  1.55117485606  0.106689024527
-0.531977899238  575  308  307.92852059  1.67505449464  0.0496123376915
-0.531977899238  575  323  322.579822568  1.55186117897  0.0353665723661
-0.531977899238  576  337  337.272030933  1.68977818231  0.0749498998882
-0.531977899238  576  352  352.150968459  1.74379496199  0.0515364077506
-0.531977899238  576  367  367.170018571  1.73091353776  0.0561528874132
-0.531977899238  576  382  382.327699474  1.73142083906  0.0718232317944
-0.531977899238  577  397  397.428256237  1.70083863935  0.0532143222546
-0.531977899238  577  413  412.782518527  1.77924866161  0.0151051411292
-0.531977899238  577  428  428.343327612  1.69834113879  0.0992515272472
-0.531977899238  577  444  443.947154936  1.81392533786  0.0541136108715
-0.531977899238  577  460  459.690399925  1.73724438598  0.0321343861083
-0.531977899238  577  476  475.596170161  1.69439578015  0.0341198637954
-0.531977899238  577  492  491.620699662  1.69718832758  0.0146053874795
-0.531977899238  578  508  507.639351106  1.75435767493  0.010005833209
-0.531977899238  578  524  523.956019581  1.8927074553  0.0230192722622
-0.531977899238  578  540  540.420763194  1.83556611811  0.0495218555514
-0.531977899238  578  557  556.961621706  1.89871954191  0.0238361432973
-0.531977899238  578  574  573.687327502  1.89620906338  0.0287776396156
-0.531977899238  577  591  590.683491136  1.89988151989  0.0267202805186
-0.531977899238  577  608  607.68419291  1.90092490026  0.0551606614232
-0.531977899238  577  625  624.822362901  1.93241362149  0.0446938325812
-0.531977899238  577  642  642.167332045  1.91703397571  0.101031967943
-0.531977899238  577  660  659.577799844  1.88275876955  0.0439407104481
-0.531977899238  577  677  677.215496886  1.9567291549  0.0632258039427
-0.531977899238  577  695  694.93231732  2.0228029973  0.0174547263824
-0.531977899238  576  713  713.027308248  2.05642541413  0.0246932868657
-0.531977899238  576  731  731.11017719  2.11983834215  0.0389526429783
-0.531977899238  576  749  749.335686773  2.06257284355  0.0391150245702
-0.531977899238  575  768  767.892362209  2.14605012411  0.035191251823
-0.531977899238  575  786  786.446829562  2.06268624616  0.0652146427942
-0.531977899238  575  805  805.15456145  2.17509584956  0.0677941439949
-0.531977899238  574  824  824.221092849  2.13067466425  0.0923628533697
-0.531977899238  574  843  843.268850886  2.1515015353  0.0958801302651
-0.531977899238  573  863  862.636812863  2.10756378937  0.0626880729001
-0.531977899238  573  882  882.043599373  2.25300798682  0.00280880833934
-0.531977899238  572  902  901.805408488  2.21152065303  0.0391756791929
-0.531977899238  571  922  921.786962842  2.24736873549  0.0411545682208
-0.531977899238  571  942  941.717841114  2.25466551382  0.0012408543582
-0.531977899238  570  962  962.09465387  2.36660880759  0.0285578798529
-0.531977899238  569  983  982.580256584  2.38007998188  -0.00601682376907
-0.531977899238  568  1003  1003.33930841  2.46967762946  0.0273118443351
-0.354107899238  564  14  14.0369286785  1.61539004739  0.00905356916833
-0.354107899238  565  26  26.3228364866  1.5462704889  0.0543426293882
-0.354107899238  565  39  38.7106123579  1.55835913019  -0.0121571711827
-0.354107899238  566  51  51.2124250885  1.58887480752  0.0547623880369
-0.354107899238  566  64  63.8220511356  1.62304313612  0.0236738970602
-0.354107899238  567  76  76.4930878478  1.44007634323  0.0803456830418
-0.354107899238  567  89  89.3424621143  1.49605989636  0.097837361545
-0.354107899238  568  102  102.184011006  1.56048382231  0.0989636448806
-0.354107899238  568  115  115.214890759  1.54813685597  0.0963509244996
-0.354107899238  569  128  128.269964885  1.53300274816  0.11331709324
-0.354107899238  569  141  141.473232952  1.36188600792  0.0816914352581
-0.354107899238  570  155  154.645771516  1.4518149878  -0.0170171561241
-0.354107899238  570  168  168.157191627  1.61564321552  0.0542936379893
-0.354107899238  571  182  181.55880148  1.50627342471  -0.00130750908837
-0.354107899238  571  195  195.255072207  1.6289470771  0.0467130579404
-0.354107899238  572  209  208.848450735  1.65374615704  -0.00490794286518
-0.354107899238  572  223  222.731982119  1.63601804843  0.0132869739107
-0.354107899238  572  237  236.705979297  1.63403272698  0.00949809439487
-0.354107899238  573  251  250.671998812  1.61915613839  0.0222120412374
-0.354107899238  573  265  264.889810922  1.70073165316  0.0421327149663
-0.354107899238  573  279  279.169651522  1.57461716912  0.102586706831
-0.354107899238  574  294  293.508761415  1.5435634514  0.0572224915566
-0.354107899238  574  308  308.078901688  1.70778164541  0.071927134676
-0.354107899238  574  323  322.690169767  1.62147107801  0.0217239104451
-0.354107899238  575  337  337.400353184  1.65404722929  0.0698003864157
-0.354107899238  575  352  352.284052861  1.69553349272  0.0586137261183
-0.354107899238  575  367  367.312912288  1.70463008005  0.0617391769827
-0.354107899238  575  382  382.452621914  1.66701455833  0.0596703378496
-0.354107899238  576  398  397.556488905  1.70897575398  0.0294523934064
-0.354107899238  576  413  412.947631859  1.81728777813  0.0448915452635
-0.354107899238  576  428  428.47015781  1.64595012923  0.0800444634221
-0.354107899238  576  444  444.122647633  1.79621615594  0.0920735819579
-0.354107899238  576  460  459.846103191  1.80139636359  0.0455822451724
-0.354107899238  576  476  475.72527039  1.76293614327  0.0191991028221
-0.354107899238  576  492  491.770291322  1.78231152358  0.0205882368796
-0.354107899238  577  508  507.799370898  1.80549318131  0.0148223717517
-0.354107899238  577  524  524.13049662  1.8737151705  0.0440225485143
-0.354107899238  577  541  540.55119829  1.80803572105  0.0245750213512
-0.354107899238  577  557  557.144842666  1.9023699792  0.041899943463
-0.354107899238  577  574  573.859691988  1.92466433401  0.0428592987702
-0.354107899238  577  591  590.683375592  1.89902321534  0.0259704535964
-0.354107899238  576  608  607.862877862  1.95902991415  0.05548750412
-0.354107899238  576  625  625.017945069  1.95762690382  0.0808536026588
-0.354107899238  576  642  642.341018272  1.85292274701  0.115362125275
-0.354107899238  576  660  659.715444411  1.92144535337  0.0231522635366
-0.354107899238  576  677  677.386251205  1.90483690375  0.0706054169631
-0.354107899238  576  695  695.120943457  2.01346243746  0.0357181126612
-0.354107899238  575  713  713.234696016  2.03421807357  0.0445246053978
-0.354107899238  575  731  731.315481306  2.07301975408  0.0586009839139
-0.354107899238  575  750  749.513109656  2.05499394355  0.036537274831
-0.354107899238  574  768  768.09112493  2.15236076304  0.0502853849495
-0.354107899238  574  787  786.614163228  2.08813597042  0.0404629585231
-0.354107899238  574  805  805.343134592  2.1359758779  0.0715776579956
-0.354107899238  573  824  824.413845243  2.09679532195  0.0836273095687
-0.354107899238  573  843  843.446641874  2.11552605739  0.0790430688719
-0.354107899238  572  863  862.817058234  2.17753768737  0.0497152974802
-0.354107899238  572  882  882.270913056  2.14178238495  0.0819224265833
-0.354107899238  571  902  902.030028905  2.2302647651  0.063261553499
-0.354107899238  570  922  922.011385477  2.31217458952  0.0514948839202
-0.354107899238  570  942  941.927473489  2.32028873989  0.0209062099158
-0.354107899238  569  962  962.32229193  2.33194455886  0.0511129337797
-0.354107899238  568  983  982.804025116  2.40046792898  0.000683232229841
-0.354107899238  567  1004  1003.5485449  2.45649295788  0.0217763793408
-0.176237899238  563  14  14.1382541373  1.60177030796  0.0300520897974
-0.176237899238  564  26  26.4104911524  1.47876453852  0.0493599288632
-0.176237899238  564  39  38.8085896158  1.58701457575  -0.00408573082476
-0.176237899238  565  51  51.3174413639  1.5569958608  0.0556873929372
-0.176237899238  565  64  63.9443140288  1.63991225777  0.0403566200959
-0.176237899238  566  77  76.5654059471  1.4824523919  0.0268055703045
-0.176237899238  566  89  89.4378766605  1.46319359565  0.096082234863
-0.176237899238  567  102  102.298563032  1.5182539926  0.115980141099
-0.176237899238  567  115  115.331931797  1.49472113793  0.143354942939
-0.176237899238  568  128  128.375972022  1.45994515639  0.126123107814
-0.176237899238  568  142  141.552438325  1.43667029048  0.0247903039051
-0.176237899238  569  155  154.761233459  1.53127298237  -0.0162784936843
-0.176237899238  569  168  168.299302766  1.56332718131  0.0799257219615
-0.176237899238  570  182  181.661214928  1.58186956933  -0.0154752524605
-0.176237899238  570  195  195.366872793  1.59114938846  0.0551189261845
-0.176237899238  571  209  208.994055972  1.6684809559  0.0247002396186
-0.176237899238  571  223  222.859602327  1.67253343842  0.0212657000845
-0.176237899238  571  237  236.847241538  1.68853958665  0.0437409082505
-0.176237899238  572  251  250.802709727  1.65841765743  0.0371332436713
-0.176237899238  572  265  265.036496581  1.70133105913  0.0772865558443
-0.176237899238  573  279  279.298069436  1.49776690607  0.114733878208
-0.176237899238  573  294  293.620995069  1.58775884429  0.0308061890214
-0.176237899238  573  308  308.239558011  1.67142236103  0.104487161195
-0.176237899238  573  323  322.847627067  1.71453997757  0.0540529436742
-0.176237899238  574  338  337.507110899  1.6232454841  0.0457680732182
-0.176237899238  574  352  352.416759523  1.63128853407  0.06438966486
-0.176237899238  574  367  367.444113497  1.67876246686  0.0623765029231
-0.176237899238  574  383  382.562081879  1.55916893704  0.10543579992
-0.176237899238  575  398  397.684932652  1.75603065687  0.0290132937194
-0.176237899238  575  413  413.104300921  1.79636927534  0.0654832302943
-0.176237899238  575  429  428.588151859  1.70379575914  0.044213954721
-0.176237899238  575  444  444.271952835  1.74513327445  0.103772912717
-0.176237899238  575  460  460.024708793  1.80512074602  0.0799121156627
-0.176237899238  575  476  475.909223323  1.8147374683  0.0463861975819
-0.176237899238  576  492  491.768738945  1.77549742693  0.0111136703964
-0.176237899238  576  508  507.958467496  1.85954852905  0.0267083595378
-0.176237899238  576  524  524.287686486  1.82403598832  0.0538367309516
-0.176237899238  576  541  540.711357218  1.85134119956  0.0198058396108
-0.176237899238  576  557  557.306635915  1.89771652067  0.0530636560078
-0.176237899238  576  574  574.042384646  1.95736024748  0.0629473515657
-0.176237899238  576  591  590.865109116  1.93261416424  0.0405894887536
-0.176237899238  575  608  608.059804845  1.95453366358  0.0972110116367
-0.176237899238  575  625  625.207702262  1.93592467162  0.0968818977206
-0.176237899238  575  642  642.491772026  1.80775060871  0.0851111977336
-0.176237899238  575  660  659.922030491  1.98067209657  0.0408473313474
-0.176237899238  575  678  677.536578485  1.89072790904  0.0412621739274
-0.176237899238  575  695  695.303472424  1.98129621288  0.0490410198267
-0.176237899238  574  713  713.407578021  1.98422106607  0.0460232452496
-0.176237899238  574  731  731.472620474  2.04574685142  0.0464541930612
-0.176237899238  574  750  749.684748923  2.07630535683  0.0249798430409
-0.176237899238  573  768  768.295255179  2.10785058164  0.0651796941919
-0.176237899238  573  787  786.79904794  2.14320975963  0.0309500950339
-0.176237899238  573  806  805.530584083  2.10154097691  0.0553944259075
-0.176237899238  572  825  824.565670602  2.10233112301  0.0441257718229
-0.176237899238  572  844  843.636225186  2.15632775535  0.060968075951
-0.176237899238  571  863  863.054743013  2.22587561312  0.0818308309275
-0.176237899238  571  882  882.457078359  2.12542716091  0.0793779320632
-0.176237899238  570  902  902.254461924  2.1864235378  0.0852090369225
-0.176237899238  569  922  922.241395156  2.28152233667  0.0770023817886
-0.176237899238  569  942  942.162243381  2.2860715824  0.044278351967
-0.176237899238  568  963  962.518761465  2.27265971615  0.0389595190436
-0.176237899238  567  983  983.042477641  2.41405757184  0.0247964961494
-0.176237899238  566  1004  1003.74087392  2.50312688238  0.0122640855822
0.00163210076237  562  14  14.2474990722  1.56438029683  0.0458111937232
0.00163210076237  563  26  26.4824880024  1.47801427286  0.0352980483809
0.00163210076237  563  39  38.9359852835  1.63532908478  0.0120259306785
0.00163210076237  564  51  51.4094462643  1.51305152938  0.0641009283118
0.00163210076237  564  64  64.0599056273  1.62715634752  0.0656305321866
0.00163210076237  565  77  76.6557325297  1.52022643864  0.0147765931721
0.00163210076237  565  90  89.5157928289  1.37258188952  0.107544769024
0.00163210076237  566  102  102.405041649  1.47031644466  0.130774665478
0.00163210076237  566  115  115.376717459  1.39125395438  0.12424731514
0.00163210076237  567  128  128.46258453  1.37404136353  0.117977998737
0.00163210076237  567  142  141.614375891  1.27482441184  0.0133824482771
0.00163210076237  568  155  154.893490716  1.60252431083  0.00295422739903
0.00163210076237  568  168  168.39754035  1.53001684711  0.0826710404951
0.00163210076237  569  182  181.771597867  1.64145962245  -0.00904574910703
0.00163210076237  569  195  195.473257262  1.57005204496  0.045194735098
0.00163210076237  570  209  209.126834676  1.68228589133  0.0448392261378
0.00163210076237  570  223  222.997913568  1.68214457928  0.0436360910616
0.00163210076237  570  237  236.914688291  1.574807929  0.0695441591515
0.00163210076237  571  251  250.939208341  1.69777632548  0.0510607574016
0.00163210076237  571  265  265.178859114  1.66770277086  0.098098733645
0.00163210076237  572  279  279.375317796  1.6107236634  0.107191216506
0.00163210076237  572  294  293.75696732  1.67243068216  0.0409766640269
0.00163210076237  572  308  308.360615775  1.59465160021  0.110462013838
0.00163210076237  572  323  322.902058375  1.59382770087  0.030437126962
0.00163210076237  573  338  337.62218565  1.63007650491  0.0144667039865
0.00163210076237  573  353  352.533703382  1.63812458912  0.0242353386156
0.00163210076237  573  368  367.557945619  1.67552914895  0.0287218878425
0.00163210076237  574  383  382.555144372  1.59397695313  -0.0526558914456
0.00163210076237  574  398  397.834478793  1.78999081684  0.0322942737036
0.00163210076237  574  413  413.251742442  1.78174070146  0.0648069281839
0.00163210076237  574  429  428.734690992  1.77015274543  0.0434023818946
0.00163210076237  574  444  444.415396923  1.69426585637  0.106526095634
0.00163210076237  574  460  460.192313754  1.79222222797  0.104289303856
0.00163210076237  574  476  476.078252887  1.83986975029  0.0785165490917
0.00163210076237  575  492  491.947908268  1.83914317174  0.0339037303644
0.00163210076237  575  508  508.136612198  1.86123873273  0.0529194314481
0.00163210076237  575  524  524.443775551  1.77099842905  0.0536041056457
0.00163210076237  575  541  540.871101628  1.89148266292  0.0229431617239
0.00163210076237  575  557  557.482214157  1.8757402845  0.061336374529
0.00163210076237  575  574  574.216268942  1.91747033264  0.0835218524453
0.00163210076237  575  591  591.043205769  1.9322426447  0.0631849690644
0.00163210076237  574  608  608.252848553  1.89969063594  0.158020194014
0.00163210076237  574  625  625.368998031  1.89593184368  0.101009113509
0.00163210076237  574  643  642.636672245  1.86672151251  0.0557126969071
0.00163210076237  574  660  660.117344774  1.96952944607  0.0686652973063
0.00163210076237  574  678  677.70171456  1.93619696082  0.0237833508172
0.00163210076237  574  695  695.480979165  1.95175506453  0.0419359049692
0.00163210076237  573  714  713.582068955  1.97362282399  0.0296747081827
0.00163210076237  573  732  731.641246635  2.08025975749  0.0239065643811
0.00163210076237  573  750  749.88320057  2.11333088231  0.030254719259
0.00163210076237  572  768  768.469557781  2.03157029475  0.0819641807267
0.00163210076237  572  787  787.000965758  2.16747826411  0.0458773504951
0.00163210076237  572  806  805.70944215  2.16693742275  0.0436609043915
0.00163210076237  571  825  824.774631473  2.15860700365  0.0522883636977
0.00163210076237  571  844  843.831243804  2.18269080879  0.0700416910163
0.00163210076237  570  863  863.274886926  2.17079596421  0.099289014319
0.00163210076237  570  883  882.644484127  2.13678431954  0.0586923772829
0.00163210076237  569  902  902.445674862  2.1369948368  0.0783735159394
0.00163210076237  568  922  922.429018081  2.22047191928  0.0711215501354
0.00163210076237  568  942  942.383845498  2.24893920578  0.0566592412703
0.00163210076237  567  963  962.708307982  2.3135560133  0.0170371139823
0.00163210076237  566  983  983.257576467  2.42451732626  0.0322919710424
0.00163210076237  565  1004  1003.98428101  2.52493363072  0.0273060643844
0.179502100762  561  14  14.3347150307  1.53436856226  0.0533881304748
0.179502100762  562  27  26.5553685517  1.45523910095  -0.000509892510779
0.179502100762  562  39  39.0285227889  1.61470916976  0.0306565822064
0.179502100762  563  51  51.4837146318  1.51725576558  0.0315796164965
0.179502100762  563  64  64.1858850832  1.59772822987  0.113444174935
0.179502100762  564  77  76.7541813245  1.5746140445  0.0176592007612
0.179502100762  565  90  89.545684877  1.28738798745  0.0352311606439
0.179502100762  565  102  102.478403623  1.34149586391  0.120338724229
0.179502100762  566  115  115.435407564  1.22174708706  0.0736258048166
0.179502100762  566  129  128.525618114  1.27423914372  0.0429728997152
0.179502100762  567  142  141.698428896  1.44957885261  0.00602060846672
0.179502100762  567  155  155.026423751  1.61014727202  0.0359008684347
0.179502100762  567  168  168.483980877  1.4562683484  0.0698046706855
0.179502100762  568  182  181.906423755  1.67291021846  0.00514070336811
0.179502100762  568  196  195.564071784  1.58456172523  0.011969184368
0.179502100762  569  209  209.259046447  1.64574641994  0.0569227159983
0.179502100762  569  223  223.123483486  1.6817812251  0.0509458064895
0.179502100762  570  237  237.045524382  1.56562737538  0.0657550761481
0.179502100762  570  251  251.082945804  1.69166886311  0.0807153941846
0.179502100762  570  265  265.304982311  1.63322060858  0.115971128388
0.179502100762  571  279  279.48433346  1.55717162388  0.0952015725149
0.179502100762  571  294  293.889597891  1.70868457859  0.0533168163407
0.179502100762  571  308  308.471155059  1.51129860504  0.101340929705
0.179502100762  572  323  322.959985403  1.73412021506  -0.00724464660219
0.179502100762  572  338  337.744830141  1.6902812226  0.00751323620095
0.179502100762  572  353  352.64802007  1.6580568194  0.00347791200418
0.179502100762  572  368  367.676950095  1.70218919232  0.0153955275472
0.179502100762  573  383  382.692909377  1.72747250283  0.00653314527548
0.179502100762  573  398  397.995472049  1.80807967883  0.0545580059209
0.179502100762  573  413  413.390788074  1.72764812363  0.0684217673236
0.179502100762  573  429  428.88693861  1.80553163475  0.0450934122464
0.179502100762  573  445  444.527433087  1.67993013451  0.0632168050999
0.179502100762  573  460  460.352762925  1.7393920071  0.13339274918
0.179502100762  573  476  476.162291143  1.69989819809  0.0915196005927
0.179502100762  574  492  492.122611231  1.8186651045  0.0707924174967
0.179502100762  574  508  508.311433541  1.80844560069  0.0862739319515
0.179502100762  574  525  524.5785411  1.77058170339  0.0307783204826
0.179502100762  574  541  541.040320819  1.92465126319  0.0321260301722
0.179502100762  574  558  557.610465514  1.8678397505  0.0247169253468
0.179502100762  574  574  574.371697382  1.85474984531  0.0794634705418
0.179502100762  574  591  591.217705272  1.92023118714  0.0735071856836
0.179502100762  574  608  608.234794565  1.93761670946  0.109604136798
0.179502100762  573  626  625.514195744  1.85570575326  0.0682604153403
0.179502100762  573  643  642.798269023  1.91854742668  0.046406774152
0.179502100762  573  660  660.302551976  1.91266222499  0.0958042399389
0.179502100762  573  678  677.887704835  1.99389805341  0.0331938020104
0.179502100762  573  696  695.636401514  1.97704334664  0.0143406243072
0.179502100762  572  714  713.74151149  2.01308279978  0.0263915799614
0.179502100762  572  732  731.820441173  2.06942405445  0.0264790971233
0.179502100762  572  750  750.07419859  2.12240586179  0.0452260196642
0.179502100762  571  769  768.644723786  2.2296097408  0.121862637127
0.179502100762  571  787  787.204485033  2.16056855136  0.069981164909
0.179502100762  571  806  805.922601171  2.19507426288  0.0616207871221
0.179502100762  570  825  824.972047614  2.17232562763  0.0614534307338
0.179502100762  570  844  844.045002242  2.20403536763  0.0787810921803
0.179502100762  569  863  863.461321314  2.12395551131  0.0839682043597
0.179502100762  569  883  882.827000203  2.19035665684  0.0483417227109
0.179502100762  568  903  902.621613978  2.12654532781  0.0420286736606
0.179502100762  567  923  922.605757143  2.19478874488  0.0462441178738
0.179502100762  567  943  942.549800729  2.22563895326  0.0193296242488
0.179502100762  566  963  962.907929349  2.37825859506  0.0201773053815
0.179502100762  565  983  983.468654898  2.35375183442  0.0307578392014
0.179502100762  564  1004  1004.19266498  2.46945366043  0.0368672701832
0.357372100762  560  14  14.4157785221  1.47183670152  0.0608514565483
0.357372100762  561  27  26.6340777121  1.48688616029  -0.0145225373196
0.357372100762  561  39  39.1418312469  1.59058189909  0.0451363048468
0.357372100762  562  52  51.5704486321  1.52280721759  0.0214104980951
0.357372100762  562  64  64.2221687402  1.49799194207  0.101395401479
0.357372100762  563  77  76.8550302467  1.58079433572  0.0272329456164
0.357372100762  564  90  89.5843612833  1.42068167256  -0.0391409206643
0.357372100762  564  103  102.545328898  1.30827496314  0.0623607113251
0.357372100762  565  115  115.49924124  1.17160575373  0.0488577490505
0.357372100762  565  129  128.606568314  1.3836551675  0.00115061911156
0.357372100762  566  142  141.733407576  1.55228110691  -0.0478882909111
0.357372100762  566  155  155.140301324  1.60190606437  0.0497488688392
0.357372100762  566  169  168.55777383  1.33933674763  0.082897506
0.357372100762  567  182  182.039558341  1.68036627679  0.0375681685106
0.357372100762  567  196  195.661203507  1.59749039371  -0.00509360597263
0.357372100762  568  209  209.364140136  1.61839675859  0.0610387778931
0.357372100762  568  223  223.238762889  1.65147861277  0.0637659004464
0.357372100762  569  237  237.098239576  1.6751811437  0.0408341482016
0.357372100762  569  251  251.221519265  1.65327775061  0.10031322186
0.357372100762  569  265  265.411187377  1.54459309206  0.108673710395
0.357372100762  570  280  279.575993154  1.55250687778  0.0514605187476
0.357372100762  570  294  294.035495613  1.69347089606  0.0797191972192
0.357372100762  570  309  308.561617533  1.5202717397  0.0581268765175
0.357372100762  571  323  323.132515368  1.69835482602  0.0737067645548
0.357372100762  571  338  337.894055539  1.72311505448  0.035100819396
0.357372100762  571  353  352.770968963  1.69667622042  0.00215865056028
0.357372100762  571  368  367.824465815  1.74593255364  0.0334843432551
0.357372100762  572  383  382.824193631  1.75002481599  0.00481435907062
0.357372100762  572  398  398.146573343  1.80330614486  0.0663672852629
0.357372100762  572  414  413.50698729  1.71404167286  0.0506531360185
0.357372100762  572  429  429.043512181  1.80867354383  0.0671321402135
0.357372100762  572  445  444.644223331  1.73096887479  0.0286132402305
0.357372100762  572  460  460.47359857  1.64790185227  0.115302287712
0.357372100762  573  476  476.242350988  1.7722856036  0.105234488366
0.357372100762  573  492  492.288247974  1.75333788649  0.10258310793
0.357372100762  573  508  508.436465377  1.73142327963  0.0636790145533
0.357372100762  573  525  524.706761214  1.82184333295  -0.00140143572805
0.357372100762  573  541  541.202696155  1.91137511136  0.0388970332368
0.357372100762  573  558  557.771001584  1.90900659865  0.0261636985644
0.357372100762  573  575  574.508343726  1.82910268693  0.0518418325287
0.357372100762  573  591  591.378553119  1.88444242159  0.0812327941298
0.357372100762  573  608  608.393770862  1.85943641522  0.106876961086
0.357372100762  572  626  625.661181032  1.89111150689  0.0499898057324
0.357372100762  572  643  642.994145581  1.97377161628  0.073108038279
0.357372100762  572  660  660.453926705  1.83367671132  0.0895189933761
0.357372100762  572  678  678.074008263  2.00073800239  0.0600459138249
0.357372100762  572  696  695.807686205  2.03554849625  0.0193814170324
0.357372100762  571  714  713.939946832  2.04490016982  0.0499692770064
0.357372100762  571  732  732.011977827  2.11240390946  0.0467007737
0.357372100762  571  750  750.267025956  2.07428810924  0.0600564543544
0.357372100762  571  769  768.657838475  2.3209575982  -0.0229340979533
0.357372100762  570  787  787.392393267  2.11868134504  0.0715349802789
0.357372100762  570  806  806.098202353  2.17185690321  0.0612410574435
0.357372100762  569  825  825.181294477  2.16040331479  0.0828025840405
0.357372100762  569  844  844.261583331  2.20830851464  0.106292375479
0.357372100762  568  864  863.636966452  2.1214796028  0.0648405679286
0.357372100762  568  883  883.057595685  2.22163630055  0.0814038678996
0.357372100762  567  903  902.824560085  2.20119168398  0.0503147817115
0.357372100762  566  923  922.797520988  2.2722291453  0.0305481115669
0.357372100762  566  943  942.752012347  2.29167898768  0.0176187641315
0.357372100762  565  963  963.135321635  2.3915010619  0.0374488514617
0.357372100762  564  984  983.654506097  2.36073071763  0.0140018427392
0.357372100762  563  1004  1004.40032592  2.41420226638  0.0329995238436
0.535242100762  559  14  14.4974656647  1.39908175747  0.0395707785719
0.535242100762  560  27  26.7187150692  1.53378988425  -0.0248058166079
0.535242100762  560  39  39.246281781  1.5593324606  0.0658214938896
0.535242100762  561  52  51.6609113041  1.55354684312  0.00271319118935
0.535242100762  561  64  64.3124450513  1.4693129719  0.104752306318
0.535242100762  562  77  76.9652007318  1.60516324988  0.0403253117141
0.535242100762  563  90  89.6850114068  1.53238599812  0.0114952751503
0.535242100762  563  103  102.634024372  1.4547138256  0.0345482397947
0.535242100762  564  116  115.570980374  1.41537776222  0.0078696543686
0.535242100762  564  129  128.711637809  1.48515808595  0.00663107026868
0.535242100762  565  142  141.872110374  1.60137020098  0.0180554537418
0.535242100762  565  155  155.264251636  1.55468703188  0.0725167133101
0.535242100762  566  169  168.600933509  1.38426841096  -0.00217870304191
0.535242100762  566  182  182.160536289  1.66156781896  0.0547247204616
0.535242100762  566  196  195.781576289  1.64878252919  0.00787816172908
0.535242100762  567  209  209.471453221  1.57435002958  0.0623918852551
0.535242100762  567  223  223.365542731  1.60885735662  0.0766524250412
0.535242100762  568  237  237.229255989  1.6494888337  0.0772221889149
0.535242100762  568  251  251.330581439  1.63464937801  0.100201757271
0.535242100762  568  266  265.513511767  1.56181119165  0.0625532810166
0.535242100762  569  280  279.692046182  1.63066005787  0.033339159748
0.535242100762  569  294  294.183021154  1.66864792586  0.111414571691
0.535242100762  569  309  308.673336917  1.60084132301  0.0139562685283
0.535242100762  570  323  323.263378423  1.66469732595  0.0880900033173
0.535242100762  570  338  338.037152279  1.734016275  0.0560348487175
0.535242100762  570  353  352.905882509  1.74278675655  0.00956014037482
0.535242100762  570  368  367.979841675  1.78297020914  0.0485852475755
0.535242100762  571  383  382.987686178  1.78309826367  0.0415758310692
0.535242100762  571  398  398.284991705  1.73422304675  0.0915946221791
0.535242100762  571  414  413.645813279  1.74644922582  0.0320585830363
0.535242100762  571  429  429.200436716  1.77176558484  0.0905239481605
0.535242100762  571  445  444.79513341  1.78856657222  0.0358346413869
0.535242100762  571  461  460.579317377  1.6697823763  0.0491236242485
0.535242100762  572  476  476.376985164  1.69386380893  0.104759642848
0.535242100762  572  492  492.425017411  1.65475759061  0.0948316671677
0.535242100762  572  509  508.574153669  1.71919445999  0.0413476782917
0.535242100762  572  525  524.866557431  1.87113363465  0.0101454022315
0.535242100762  572  541  541.375832937  1.86807394324  0.0665652460227
0.535242100762  572  558  557.942162162  1.9158357242  0.0449298004077
0.535242100762  572  575  574.653183565  1.87861310357  0.0357187795943
0.535242100762  572  592  591.506422763  1.87738548119  0.0390050652651
0.535242100762  572  609  608.532365807  1.84159659132  0.0669194645245
0.535242100762  571  626  625.849412232  1.95375411345  0.0691287853247
0.535242100762  571  643  643.193981  1.92822153331  0.103910791015
0.535242100762  571  661  660.607391669  1.87772425172  0.0522934289766
0.535242100762  571  678  678.283298216  1.94779181803  0.0979226825847
0.535242100762  571  696  696.004093821  2.03169197969  0.0481426540322
0.535242100762  570  714  714.05545127  2.25478814583  0.0475821303902
0.535242100762  570  732  732.217190766  2.08476300008  0.0656605138991
0.535242100762  570  750  750.433936255  2.03561198616  0.0447122828339
0.535242100762  570  769  768.798238678  2.10754386639  -0.00940508951188
0.535242100762  569  788  787.579743078  2.1128318392  0.0526520671319
0.535242100762  569  806  806.309012172  2.12745590095  0.0874586078677
0.535242100762  568  825  825.37467942  2.1221495088  0.0857998307917
0.535242100762  568  844  844.422787401  2.05972469522  0.0777130875696
0.535242100762  567  864  863.830546982  2.18163446616  0.0720144454244
0.535242100762  567  883  883.265896406  2.17694700577  0.0904269668987
0.535242100762  566  903  903.049721068  2.236081541  0.0717694597919
0.535242100762  565  923  923.044776662  2.30939190786  0.0727456759956
0.535242100762  565  943  942.983465976  2.32744961974  0.0359371777598
0.535242100762  564  963  963.351168868  2.32957318097  0.0439933086691
0.535242100762  563  984  983.866113532  2.39915688922  0.0112776404764
0.535242100762  562  1005  1004.6020488  2.41734164174  0.0184315946492
0.713112100762  558  15  14.566415372  1.36400281023  0.00336343877186
0.713112100762  559  27  26.8300347139  1.58613089838  -0.00104767006163
0.713112100762  559  39  39.360056518  1.52047978326  0.111739128542
0.713112100762  560  52  51.7596630751  1.59133319463  0.0154778403867
0.713112100762  561  64  64.3910092784  1.34146960251  0.0940726801366
0.713112100762  561  77  77.1024613969  1.5935624565  0.084129449743
0.713112100762  562  90  89.7943573741  1.57406505145  0.0301374877047
0.713112100762  562  103  102.737560879  1.51600881881  0.0291818972099
0.713112100762  563  116  115.67506688  1.47455588098  0.0035253614643
0.713112100762  563  129  128.832205214  1.5751658661  0.0230945789094
0.713112100762  564  142  142.000151213  1.63057815607  0.0430093710714
0.713112100762  564  155  155.377460845  1.51307181302  0.0888494735206
0.713112100762  565  169  168.648003112  1.51098744382  -0.0510095766526
0.713112100762  565  182  182.297079713  1.59331755011  0.093228150774
0.713112100762  565  196  195.915949745  1.68953382517  0.0252189309991
0.713112100762  566  210  209.575067555  1.61963172261  0.0366860719188
0.713112100762  566  223  223.469581287  1.58755975979  0.0663539553319
0.713112100762  567  237  237.354265944  1.60504419243  0.0966327602111
0.713112100762  567  251  251.449864992  1.58022368216  0.0807326631601
0.713112100762  567  266  265.640076576  1.61449848156  0.0467174962858
0.713112100762  568  280  279.82355006  1.69146660392  0.0446365894893
0.713112100762  568  294  294.317567394  1.59242143369  0.136473816529
0.713112100762  568  309  308.809353734  1.66929710174  0.0253163515119
0.713112100762  569  323  323.401722166  1.59999627792  0.0891768812414
0.713112100762  569  338  338.189835692  1.7183556307  0.0767252717435
0.713112100762  569  353  353.08273643  1.75936859233  0.0544651081351
0.713112100762  569  368  368.13894856  1.74989624849  0.0700026514735
0.713112100762  570  383  383.138454104  1.7667217958  0.0563115102806
0.713112100762  570  398  398.42170077  1.69080930188  0.0914439962083
0.713112100762  570  414  413.773973016  1.81014400925  0.0251758401884
0.713112100762  570  429  429.361072905  1.74325945678  0.104540279957
0.713112100762  570  445  444.960064384  1.81347804356  0.053515762889
0.713112100762  570  461  460.729020014  1.77753469961  0.0607666605264
0.713112100762  571  476  476.506037481  1.63591711683  0.0792039852331
0.713112100762  571  493  492.54422669  1.66283969972  0.0507674884403
0.713112100762  571  509  508.700954365  1.76379358935  0.0135522573847
0.713112100762  571  525  525.064088184  1.87325505963  0.0371210671079
0.713112100762  571  542  541.512937088  1.83549449869  0.0468493772029
0.713112100762  571  558  558.119246623  1.91518793986  0.0604454504467
0.713112100762  571  575  574.823788832  1.9309682  0.0372621278711
0.713112100762  571  592  591.67528104  1.89472887255  0.0441449771249
0.713112100762  571  609  608.692298402  1.89237398061  0.0547376055508
0.713112100762  570  626  625.946811211  2.14863747028  0.0590614417721
0.713112100762  570  643  643.363886276  1.86541268798  0.103723283809
0.713112100762  570  661  660.775140391  1.9184617695  0.0437828870131
0.713112100762  570  678  678.433980848  1.90094581769  0.0886076843386
0.713112100762  570  696  696.201576469  1.9947625902  0.0670053509075
0.713112100762  570  714  714.121474607  2.07081448282  -0.0136977177204
0.713112100762  569  732  732.400035051  2.01765549226  0.0703457858064
0.713112100762  569  751  750.61567459  2.05238677574  0.0296300059357
0.713112100762  569  769  769.00433762  2.15033168765  0.044913939339
0.713112100762  568  788  787.772309112  2.12485194349  0.054005295473
0.713112100762  568  806  806.485372686  2.1153641966  0.061837209756
0.713112100762  567  826  825.552863534  2.13236151079  0.0624505966045
0.713112100762  567  845  844.590787543  2.10451975599  0.0512065905895
0.713112100762  566  864  864.065670648  2.21645971123  0.0943704820183
0.713112100762  566  883  883.447083494  2.14993701937  0.0732891864107
0.713112100762  565  903  903.28225093  2.18636218688  0.0966229169307
0.713112100762  564  923  923.275190158  2.27449595211  0.116857735115
0.713112100762  564  943  943.209207556  2.30230693378  0.0589275166739
0.713112100762  563  964  963.559564359  2.31598024256  0.0309574728073
0.713112100762  562  984  984.096818278  2.39109129161  0.0240698149809
0.713112100762  561  1005  1004.83473488  2.47520211952  0.0358384805155
0.890982100762  557  15  14.6470599359  1.46192466915  -0.0174826042406
0.890982100762  558  27  26.9474323867  1.59610184289  0.0192095281804
0.890982100762  558  39  39.3891305748  1.45596753791  0.0705958512262
0.890982100762  559  52  51.8700254919  1.61706256779  0.0240183831958
0.890982100762  560  64  64.4542646266  1.4884327393  0.0776386040067
0.890982100762  560  77  77.2119156607  1.5521138135  0.0989762879619
0.890982100762  561  90  89.9258750064  1.60976430856  0.0471365353666
0.890982100762  561  103  102.856908731  1.57242966302  0.0433504730986
0.890982100762  562  116  115.793190363  1.56969724451  0.021770666682
0.890982100762  562  129  128.952716547  1.59614081288  0.0418627325663
0.890982100762  563  142  142.138193272  1.59619859076  0.0912341853558
0.890982100762  563  155  155.476003009  1.42649828173  0.0758638173254
0.890982100762  564  169  168.777609804  1.58867791847  0.00251567729153
0.890982100762  564  182  182.409364757  1.53088664155  0.0895568601417
0.890982100762  564  196  196.075306154  1.67987870054  0.096299970219
0.890982100762  565  210  209.680580697  1.6186337767  0.0139306733522
0.890982100762  565  224  223.588001089  1.61804996839  0.0365026665314
0.890982100762  566  237  237.462884981  1.58520902791  0.065470946668
0.890982100762  566  252  251.552255367  1.5970679205  0.0531483219652
0.890982100762  566  266  265.763564959  1.66970006009  0.0554980303748
0.890982100762  567  280  279.970598982  1.70833576326  0.067245578248
0.890982100762  567  294  294.437848754  1.52790397638  0.120084008654
0.890982100762  567  309  308.965203897  1.69841131747  0.0575470504681
0.890982100762  568  324  323.508563559  1.57550262649  0.060592201922
0.890982100762  568  338  338.333515725  1.67130229441  0.0938574398459
0.890982100762  568  353  353.239451855  1.72437458224  0.0714033335478
0.890982100762  568  368  368.285612439  1.72088412529  0.083555593488
0.890982100762  569  383  383.297077693  1.73352541858  0.0771505683713
0.890982100762  569  399  398.546735992  1.69922385932  0.054829329232
0.890982100762  569  414  413.951046328  1.80540557152  0.0525464720212
0.890982100762  569  429  429.492433971  1.66533273951  0.0697514649299
0.890982100762  569  445  445.145517134  1.75868213846  0.0901558092982
0.890982100762  570  461  460.72296145  1.74346011167  0.0321249601277
0.890982100762  570  477  476.631850701  1.69559839416  0.0295316209832
0.890982100762  570  493  492.694785867  1.7318113183  0.0346998047518
0.890982100762  570  509  508.869351694  1.85604343765  0.0244636119404
0.890982100762  570  525  525.237956024  1.86872372759  0.0604609230702
0.890982100762  570  542  541.654032591  1.84881598625  0.0144277172173
0.890982100762  570  558  558.290141672  1.88316023987  0.0698743228006
0.890982100762  570  575  575.000130376  1.9644526379  0.051880614173
0.890982100762  570  592  591.853066915  1.95191782664  0.0455923597071
0.890982100762  570  609  608.877017532  1.94513254989  0.0656372459424
0.890982100762  570  626  626.051919532  1.96678720649  0.0915177404011
0.890982100762  569  644  643.520944664  1.85459692469  0.0698015661957
0.890982100762  569  661  660.98093092  1.95980219586  0.0632344856778
0.890982100762  569  679  678.601519918  1.89836526958  0.0593928728022
0.890982100762  569  696  696.388097052  1.94197842615  0.077098032456
0.890982100762  569  714  714.328720461  1.99737248832  0.066803344571
0.890982100762  568  733  732.557817888  1.99524729387  0.0394773054106
0.890982100762  568  751  750.806446051  2.11268483153  0.0317252791322
0.890982100762  568  769  769.219018029  2.13527044997  0.0585642389896
0.890982100762  567  788  787.976582626  2.13351303503  0.06921596914
0.890982100762  567  807  806.656556474  2.12530390245  0.0357372446559
0.890982100762  566  826  825.757801954  2.16530239683  0.0588990427156
0.890982100762  566  845  844.798513685  2.16159473146  0.0571041291713
0.890982100762  565  864  864.295909042  2.14787099351  0.109101812247
0.890982100762  565  884  883.652676453  2.18590903072  0.0536634716583
0.890982100762  564  903  903.462848799  2.13668907885  0.075879295538
0.890982100762  563  923  923.433847296  2.47303279572  0.121393971678
0.890982100762  563  943  943.424747929  2.22166535015  0.0551080871167
0.890982100762  562  964  963.755897041  2.3643427015  0.0223533127998
0.890982100762  561  984  984.336532707  2.33226098861  0.0410234955042
0.890982100762  560  1005  1005.08942355  2.58116443626  0.086559328015
1.06885210076  556  15  14.7403155251  1.50393111578  -0.00830761133766
1.06885210076  557  27  27.0584028134  1.60184008383  0.0204090496645
1.06885210076  557  39  39.4854544828  1.39556577042  0.0521399040648
1.06885210076  558  52  51.9920127919  1.62280221435  0.0576471765032
1.06885210076  559  65  64.5368563127  1.42361378499  0.0598204837963
1.06885210076  559  77  77.3275890166  1.52509082449  0.109839961741
1.06885210076  560  90  90.0615012405  1.59794226186  0.0873113521383
1.06885210076  560  103  102.987499191  1.59178147722  0.0757220713778
1.06885210076  561  116  115.928086835  1.60854996665  0.060879901468
1.06885210076  561  129  129.106173173  1.59023214387  0.0890448780027
1.06885210076  562  142  142.277014972  1.54357463107  0.118861679827
1.06885210076  562  156  155.566117515  1.44227486633  0.026482394515
1.06885210076  563  169  168.909685172  1.61720756558  0.0211433390168
1.06885210076  563  183  182.508177668  1.51546291716  0.052575249047
1.06885210076  563  196  196.137915458  1.56100215614  0.0657734447437
1.06885210076  564  210  209.805364108  1.6540225799  0.0256516860936
1.06885210076  564  224  223.689886359  1.63530681315  0.0190430999444
1.06885210076  565  238  237.569241522  1.61006064615  0.0327742631448
1.06885210076  565  252  251.663384616  1.63924410967  0.0330742964104
1.06885210076  565  266  265.914317831  1.71129157863  0.0734259403958
1.06885210076  566  280  280.137006611  1.68254442039  0.124893886595
1.06885210076  566  295  294.545438786  1.53634275507  0.0756805502898
1.06885210076  566  309  309.118845653  1.7089261412  0.0902487841899
1.06885210076  567  324  323.625721113  1.61200779478  0.0322672848301
1.06885210076  567  338  338.45580768  1.60517990863  0.0754567561935
1.06885210076  567  353  353.380598671  1.66355308115  0.0719177197291
1.06885210076  567  368  368.432577017  1.61992422478  0.137019484929
1.06885210076  568  383  383.426119304  1.6810384944  0.0610638314756
1.06885210076  568  399  398.664229461  1.72673319715  0.0228482583367
1.06885210076  568  414  414.122140426  1.78829627374  0.0826632596606
1.06885210076  568  430  429.612579519  1.72151011537  0.031644791133
1.06885210076  568  445  445.299147434  1.73388827755  0.0960160599569
1.06885210076  569  461  460.898976094  1.81521494868  0.0540366716019
1.06885210076  569  477  476.797724875  1.79562325681  0.0331447635864
1.06885210076  569  493  492.860283341  1.797758234  0.0363507320893
1.06885210076  569  509  509.068860549  1.86505159238  0.0598286378068
1.06885210076  569  525  525.400927089  1.81236679778  0.0731483732848
1.06885210076  569  542  541.819913216  1.90311352958  0.0262192950758
1.06885210076  569  558  558.441873014  1.84087440728  0.0585950615865
1.06885210076  569  575  575.186122158  1.96916322415  0.0710899138311
1.06885210076  569  592  592.047816593  1.94056963414  0.0687076577042
1.06885210076  569  609  609.065299843  1.96110970677  0.0791617706343
1.06885210076  569  626  626.252487843  1.92461050504  0.121147132565
1.06885210076  568  644  643.684055286  1.89357527058  0.0555123977301
1.06885210076  568  661  661.187339804  1.93885915392  0.0954092823172
1.06885210076  568  679  678.758254835  1.94745178934  0.0283159367223
1.06885210076  568  697  696.553594787  1.92331963937  0.0438864838763
1.06885210076  568  714  714.503724517  1.96509760033  0.0592913970358
1.06885210076  567  733  732.729796079  2.0353479043  0.0233406759191
1.06885210076  567  751  751.006438087  2.14023356666  0.0399252278281
1.06885210076  567  769  769.410365226  2.08878555595  0.0583588008536
1.06885210076  566  788  788.183676381  2.12247623851  0.0794145934241
1.06885210076  566  807  806.865021681  2.19203097204  0.0470308013494
1.06885210076  565  826  825.973294115  2.20091084325  0.0695907898168
1.06885210076  565  845  845.041136672  2.18958476328  0.0787185393135
1.06885210076  564  864  864.484212484  2.08047772246  0.0944142996494
1.06885210076  564  884  883.866406972  2.24382607535  0.0575098529429
1.06885210076  563  904  903.678124378  2.17879071757  0.0536666383749
1.06885210076  562  924  923.550514395  2.33590409995  0.0342246305086
1.06885210076  562  944  943.626827763  2.24108173978  0.0303290212673
1.06885210076  561  964  963.993110131  2.39215965226  0.0309438948471
1.06885210076  560  985  984.535753689  2.32325626342  0.0162151507498
1.06885210076  559  1005  1005.20657484  2.77770817782  0.0511593546781
1.24672210076  555  15  14.8561810469  1.54172552227  0.0040360513423
1.24672210076  556  27  27.1777191087  1.57317063203  0.0534398188649
1.24672210076  557  40  39.5146093052  1.43131588562  -0.0358105869068
1.24672210076  557  52  52.1195737876  1.61107115915  0.0851557088898
1.24672210076  558  65  64.6237025066  1.47382393535  0.0299086457051
1.24672210076  558  77  77.4202952968  1.4842992293  0.0950757084118
1.24672210076  559  90  90.1977199267  1.54179575218  0.126543898098
1.24672210076  559  103  103.125568411  1.58246560056  0.0998017826991
1.24672210076  560  116  116.062774556  1.59778905345  0.0973867500416
1.24672210076  560  129  129.240289375  1.54576004474  0.11464404024
1.24672210076  561  142  142.393186116  1.48126369099  0.122509810286
1.24672210076  561  156  155.674790091  1.52513391532  0.00690509266142
1.24672210076  562  169  169.051392675  1.62037206687  0.039843630409
1.24672210076  562  183  182.597147076  1.51466512449  0.0192613280208
1.24672210076  563  196  196.244108288  1.48095443226  0.0711902153957
1.24672210076  563  210  209.951677152  1.67452522966  0.0505676299602
1.24672210076  563  224  223.832444545  1.69414900477  0.0361741731588
1.24672210076  564  238  237.688848083  1.66152988812  0.0324121373929
1.24672210076  564  252  251.807002266  1.70706725735  0.0418696490649
1.24672210076  564  266  266.086734773  1.68290596409  0.152126037789
1.24672210076  565  280  280.284135804  1.62887684012  0.137603000009
1.24672210076  565  295  294.661120178  1.60393452601  0.0387620345327
1.24672210076  565  309  309.28149149  1.65244986018  0.117564478623
1.24672210076  566  324  323.757088322  1.66929157471  0.0284248079219
1.24672210076  566  339  338.572421816  1.58717724937  0.0439324945904
1.24672210076  566  353  353.501495751  1.62201964149  0.048893339861
1.24672210076  567  368  368.432859581  1.44106006235  0.0348375487154
1.24672210076  567  384  383.547919743  1.69814328706  0.0287226057349
1.24672210076  567  399  398.831219075  1.75945172512  0.0337586484753
1.24672210076  567  414  414.277559887  1.74161629672  0.092927449004
1.24672210076  567  430  429.770764162  1.78272566027  0.0537792068348
1.24672210076  567  445  445.438662481  1.67058197056  0.0833541110484
1.24672210076  568  461  461.075482964  1.79322615663  0.0807751766541
1.24672210076  568  477  476.971500089  1.82745959589  0.0609764201574
1.24672210076  568  493  493.0395934  1.81713909464  0.0744370625685
1.24672210076  568  509  509.241829735  1.82903088591  0.0776414648377
1.24672210076  568  526  525.545584735  1.77154704373  0.0397247303139
1.24672210076  568  542  542.007815993  1.91756416663  0.0398049344971
1.24672210076  568  559  558.592113428  1.82297137776  0.0384044266705
1.24672210076  568  575  575.35793148  1.88652906698  0.0676487158894
1.24672210076  568  592  592.242953205  1.91648766453  0.0919729613217
1.24672210076  568  609  609.259019525  1.91178950552  0.102732312835
1.24672210076  568  626  626.413829838  1.83992976411  0.114483393214
1.24672210076  567  644  643.871783336  1.9515410332  0.0701210296023
1.24672210076  567  661  661.363562379  1.86994060697  0.0964262090645
1.24672210076  567  679  678.981796242  1.98551787609  0.0577717455209
1.24672210076  567  697  696.714482477  1.93630591856  0.0204534002324
1.24672210076  567  715  714.659542571  1.96327713501  0.0274686331859
1.24672210076  566  733  732.928452954  2.0971437261  0.0252222274668
1.24672210076  566  751  751.219931219  2.09999673184  0.0654914892667
1.24672210076  566  770  769.577098719  2.0922678844  0.0277210416642
1.24672210076  565  788  788.381839489  2.08353826006  0.0802443473342
1.24672210076  565  807  807.091884069  2.18726547886  0.0740564184796
1.24672210076  564  826  826.201981957  2.17899527438  0.0995520956898
1.24672210076  564  845  845.243756534  2.17614020375  0.0909462077405
1.24672210076  563  865  864.663803807  2.11696697897  0.0675735238101
1.24672210076  563  884  884.089980573  2.24153002342  0.085764213921
1.24672210076  562  904  903.898466105  2.23907274123  0.0705897356538
1.24672210076  562  924  923.712450532  2.53022282596  -0.00324055277843
1.24672210076  561  944  943.849073366  2.31685032576  0.030788200945
1.24672210076  560  964  964.221873569  2.33650933478  0.0465513184345
1.24672210076  559  985  984.751464167  2.35739525456  0.00905650679634
1.24672210076  558  1006  1005.47233931  2.72009522245  0.0760399777405
1.42459210076  554  15  14.9816592545  1.57726094185  0.0382010356568
1.42459210076  555  27  27.2885309871  1.53829235782  0.075743949067
1.42459210076  556  40  39.6101291158  1.52557440508  0.0104872505039
1.42459210076  556  52  52.2288071824  1.58021293571  0.0969857235785
1.42459210076  557  65  64.7288759939  1.53461449853  0.0112758380583
1.42459210076  557  78  77.5085145657  1.46880075163  0.0561500320289
1.42459210076  558  90  90.3058279814  1.50728852361  0.144319763088
1.42459210076  558  103  103.253479859  1.53401599529  0.12326459509
1.42459210076  559  116  116.199486545  1.5528112752  0.133305696492
1.42459210076  559  129  129.355370012  1.4853251756  0.119240287437
1.42459210076  560  142  142.48435377  1.33758949737  0.102279413771
1.42459210076  560  156  155.79628161  1.61569869052  0.0137669131711
1.42459210076  561  169  169.187774716  1.5833212285  0.070676501883
1.42459210076  561  183  182.713647162  1.58429728376  0.0121365480735
1.42459210076  562  196  196.313947243  1.62016163146  0.0609393798849
1.42459210076  562  210  210.105127732  1.67341258301  0.0734855689667
1.42459210076  562  224  223.979528935  1.70390548687  0.0639344862359
1.42459210076  563  238  237.832178109  1.67885059485  0.046910929979
1.42459210076  563  252  251.954707938  1.69735380254  0.0757582553768
1.42459210076  563  266  266.143331296  1.58301929348  0.120328236921
1.42459210076  564  280  280.404441585  1.54168421942  0.144138419243
1.42459210076  564  295  294.795575475  1.65402895711  0.0431252118784
1.42459210076  564  309  309.418518415  1.54022580912  0.181580048074
1.42459210076  565  324  323.919055227  1.70575127513  0.0495616620989
1.42459210076  565  339  338.69574361  1.64474597946  0.0216250883824
1.42459210076  565  354  353.625933634  1.64191243928  0.0215511393462
1.42459210076  566  369  368.541916671  1.65541803532  0.0468635805483
1.42459210076  566  384  383.680419749  1.73005507983  0.0231296992167
1.42459210076  566  399  399.000059536  1.81001548526  0.064232029911
1.42459210076  566  414  414.414153868  1.70122396058  0.0765675839557
1.42459210076  566  430  429.932102515  1.81225737149  0.0563934040278
1.42459210076  566  446  445.573801713  1.74089455716  0.0590754581652
1.42459210076  567  461  461.256785646  1.75492333877  0.121783955142
1.42459210076  567  477  477.168928841  1.78725195099  0.105934298425
1.42459210076  567  493  493.224153712  1.76496075214  0.105170631911
1.42459210076  567  509  509.395692633  1.75006173309  0.0854888276677
1.42459210076  567  526  525.689983533  1.81351366339  0.0237869824661
1.42459210076  567  542  542.195450202  1.88000161604  0.0698281689664
1.42459210076  567  559  558.763378832  1.89255631774  0.0361227722411
1.42459210076  567  576  575.5086985  1.89741117286  0.0459853361495
1.42459210076  567  592  592.40834516  1.85942812235  0.0843585254293
1.42459210076  567  609  609.419755743  1.86308878686  0.0870090851187
1.42459210076  567  627  626.56751794  1.8449061153  0.0673272846376
1.42459210076  566  644  644.088049109  1.97027553349  0.0958455775875
1.42459210076  566  662  661.524604988  1.8236679675  0.0675455282597
1.42459210076  566  679  679.165729371  1.9835466317  0.0690004948622
1.42459210076  566  697  696.912179129  2.04044133286  0.0317823964383
1.42459210076  566  715  714.85029738  2.03194760347  0.0301638028933
1.42459210076  565  733  733.147055556  2.06657619698  0.0530733597194
1.42459210076  565  751  751.410339559  2.08071290801  0.05938689598
1.42459210076  565  770  769.775530629  2.12859526524  0.0301315121379
1.42459210076  564  789  788.561151054  2.09884847235  0.0561141492974
1.42459210076  564  807  807.295401421  2.13704233619  0.0727273243798
1.42459210076  563  826  826.394585833  2.09941624038  0.0935332237744
1.42459210076  563  845  845.445589415  2.12768182002  0.0851152832369
1.42459210076  562  865  864.869576833  2.19751520859  0.0711137862728
1.42459210076  562  884  884.306886311  2.14132322609  0.0997824060155
1.42459210076  561  904  904.134405014  2.24421339666  0.0958851563316
1.42459210076  561  924  923.867603909  2.30394343025  -0.00833464170133
1.42459210076  560  944  944.090451626  2.29824038314  0.0639664823563
1.42459210076  559  964  964.438329093  2.27485851657  0.0320327770456
1.42459210076  558  985  985.006765917  2.41415895802  0.0311899943768
1.42459210076  557  1006  1005.60045529  2.63731876672  0.0100910193155
1.60246210076  553  15  15.0234471626  1.4874361609  0.00332763214033
1.60246210076  554  27  27.3762425487  1.50657548426  0.064074841772
1.60246210076  555  40  39.7130147431  1.56114232485  0.0156820492702
1.60246210076  555  52  52.3467939636  1.53899907366  0.108984718258
1.60246210076  556  65  64.8429426876  1.58958653846  0.0363436556792
1.60246210076  556  78  77.6004971816  1.4996132785  0.0284932772698
1.60246210076  557  90  90.4051947317  1.44151717717  0.125582629242
1.60246210076  557  103  103.373743097  1.46885558734  0.140060825571
1.60246210076  558  116  116.322233398  1.50040318767  0.149382203891
1.60246210076  558  129  129.447652755  1.40447116174  0.120271907409
1.60246210076  559  143  142.560484745  1.37659374956  0.0417848039113
1.60246210076  559  156  155.943725995  1.63361461514  0.0548907102862
1.60246210076  560  169  169.31811472  1.56087016202  0.0869827366685
1.60246210076  560  183  182.84134486  1.60588676901  0.0182201610796
1.60246210076  561  196  196.440223696  1.5383163018  0.0823881988796
1.60246210076  561  210  210.242844339  1.6207847979  0.0929947214537
1.60246210076  561  224  224.122549064  1.68610879027  0.0827891192799
1.60246210076  562  238  237.980351294  1.70781576297  0.0709018397463
1.60246210076  562  252  252.1096382  1.68725364446  0.105505010831
1.60246210076  563  266  266.26554843  1.4803775506  0.133022508296
1.60246210076  563  281  280.51349363  1.53535723601  0.0871393306411
1.60246210076  563  295  294.964563203  1.69696892933  0.0700303650079
1.60246210076  563  309  309.470289543  1.463951348  0.109041422804
1.60246210076  564  324  324.088792781  1.69679130414  0.0855794633261
1.60246210076  564  339  338.842298949  1.69657405818  0.0225986366206
1.60246210076  564  354  353.771557875  1.72162070539  0.0207032119736
1.60246210076  565  369  368.662553494  1.70190202267  0.0217416575374
1.60246210076  565  384  383.850283752  1.76257816824  0.0402532470072
1.60246210076  565  399  399.167648194  1.76885833051  0.0814327752251
1.60246210076  565  415  414.548983938  1.69728167643  0.0390861654594
1.60246210076  565  430  430.119741206  1.80376603983  0.090316583452
1.60246210076  566  446  445.557746151  1.62894979289  -0.0347754254827
1.60246210076  566  461  461.414965934  1.67245882337  0.123421851264
1.60246210076  566  477  477.329121526  1.71490738195  0.117576592909
1.60246210076  566  493  493.386778666  1.72323777087  0.0999614511416
1.60246210076  566  510  509.539691709  1.69498502895  0.0568004602573
1.60246210076  566  526  525.860131692  1.87660752325  0.0271434738893
1.60246210076  566  542  542.357163112  1.83786968708  0.0643709194357
1.60246210076  566  559  558.941556244  1.91936224747  0.0405351849019
1.60246210076  566  576  575.669702363  1.91636516296  0.0393520837377
1.60246210076  566  593  592.561043938  1.85975345805  0.0558168592315
1.60246210076  566  610  609.583518787  1.86721596104  0.063839329131
1.60246210076  566  627  626.73532158  1.89197917486  0.0591853272802
1.60246210076  566  644  644.20429759  2.10467487079  0.116762041544
1.60246210076  565  662  661.696828035  1.90835804217  0.0402980718321
1.60246210076  565  679  679.363178869  1.92709096295  0.0865391181137
1.60246210076  565  697  697.136541634  1.99764384181  0.0587157301583
1.60246210076  565  715  715.055927695  2.06206294778  0.0385237009287
1.60246210076  564  733  733.346009694  2.00466878003  0.0524778577974
1.60246210076  564  752  751.588795805  2.07947907726  0.0383581121862
1.60246210076  564  770  769.988385998  2.12306076876  0.0482806555327
1.60246210076  563  789  788.756228671  2.14805842077  0.0480263194861
1.60246210076  563  807  807.495510222  2.10233741979  0.0651016968907
1.60246210076  562  827  826.588259422  2.10713100796  0.0747003305362
1.60246210076  562  846  845.630643026  2.14560771706  0.0554792204597
1.60246210076  561  865  865.115016884  2.17622330244  0.0942410692847
1.60246210076  561  885  884.504681623  2.08564049606  0.0757533602454
1.60246210076  560  904  904.353224048  2.18441225148  0.102777157451
1.60246210076  560  924  924.123251596  2.27054916509  0.0680278612155
1.60246210076  559  944  944.311407086  2.23483092588  0.0619414686087
1.60246210076  558  965  964.64116621  2.31060747279  0.0171589480655
1.60246210076  557  985  985.260239187  2.39583537622  0.0544891607631
1.60246210076  557  1006  1005.83290138  2.76178609202  0.00123775686982
1.78033210076  553  15  15.1506656587  1.47103760698  0.0421577047305
1.78033210076  553  27  27.4738680694  1.47013457166  0.0429199055137
1.78033210076  554  40  39.8265575259  1.59763041303  0.0179181790071
1.78033210076  554  52  52.4330544232  1.47340778246  0.0937408029751
1.78033210076  555  65  64.9663033706  1.60148874023  0.0555433947665
1.78033210076  555  78  77.7080271483  1.57063670507  0.0308131247479
1.78033210076  556  90  90.4998469372  1.33937675115  0.132208750509
1.78033210076  556  103  103.462456948  1.40825378612  0.116672406907
1.78033210076  557  116  116.42819473  1.39574345149  0.144923193725
1.78033210076  557  130  129.527099836  1.35683333733  0.0426262127604
1.78033210076  558  143  142.664803065  1.45410723328  0.0202212815908
1.78033210076  558  156  156.09826454  1.61433651967  0.0852591728886
1.78033210076  559  169  169.430100426  1.48610179395  0.0908004035431
1.78033210076  559  183  182.990882051  1.64755206244  0.0469570591502
1.78033210076  560  197  196.543662896  1.53741512684  0.0384825168325
1.78033210076  560  210  210.362001408  1.57935993198  0.0969887102023
1.78033210076  560  224  224.265633813  1.62603075946  0.110741911999
1.78033210076  561  238  238.146817361  1.68314150932  0.109875509509
1.78033210076  561  252  252.255272148  1.62982249091  0.120895189323
1.78033210076  562  266  266.341830398  1.61973611646  0.112031765994
1.78033210076  562  281  280.615019529  1.57517703334  0.0541407027564
1.78033210076  562  295  295.119229559  1.68730655308  0.100880918899
1.78033210076  563  310  309.521826313  1.5830363901  0.0626465934584
1.78033210076  563  324  324.255452241  1.66111474193  0.115096542157
1.78033210076  563  339  339.016427947  1.72616512333  0.0573343404696
1.78033210076  563  354  353.940896271  1.74533225948  0.0376506413238
1.78033210076  564  369  368.814411942  1.73494233827  0.0309203228497
1.78033210076  564  384  384.009746306  1.785291956  0.054543036511
1.78033210076  564  399  399.32610336  1.72783265517  0.091273465607
1.78033210076  564  415  414.694311314  1.7555775404  0.0346633064884
1.78033210076  564  430  430.284998794  1.76466411909  0.106314704316
1.78033210076  565  446  445.727040697  1.75551956188  0.0383552151306
1.78033210076  565  462  461.54462434  1.67279859117  0.070547123511
1.78033210076  565  477  477.472937091  1.67321888024  0.0921150840417
1.78033210076  565  494  493.530644316  1.65174496481  0.0730314929176
1.78033210076  565  510  509.684912138  1.76260469306  0.0195265047589
1.78033210076  565  526  526.070962357  1.87988736534  0.0638566276558
1.78033210076  565  543  542.508918952  1.81137182603  0.0403348454678
1.78033210076  565  559  559.147983994  1.92479127583  0.0651765983619
1.78033210076  565  576  575.856637555  1.93822031532  0.0463331051907
1.78033210076  565  593  592.718311469  1.90296814879  0.0265090767518
1.78033210076  565  610  609.754185114  1.93156550596  0.0478704256516
1.78033210076  565  627  626.936856132  1.94772619945  0.0783610644078
1.78033210076  565  644  644.2918604  1.88952990997  0.130500847528
1.78033210076  564  662  661.888405635  1.94956250563  0.036396618554
1.78033210076  564  680  679.537759081  1.87712284587  0.061983212604
1.78033210076  564  697  697.333667293  1.96055197162  0.0857367673027
1.78033210076  564  715  715.276392021  2.01591369856  0.0742247970682
1.78033210076  563  734  733.539050713  2.00764253385  0.0446441603514
1.78033210076  563  752  751.781784363  2.10280454448  0.0350170668769
1.78033210076  563  770  770.216243806  2.11081352314  0.0729014443076
1.78033210076  562  789  788.982310336  2.1814956867  0.0610539732223
1.78033210076  562  808  807.687453527  2.14047869846  0.0467428990249
1.78033210076  561  827  826.797648899  2.184132155  0.0708073577789
1.78033210076  561  846  845.854713453  2.19719052672  0.0708430194815
1.78033210076  560  865  865.356805666  2.13002939049  0.119231867996
1.78033210076  560  885  884.699488398  2.17720538533  0.0465393414106
1.78033210076  559  905  904.545549284  2.12603137796  0.0720978538332
1.78033210076  559  924  924.345445373  2.1881681435  0.0756038565099
1.78033210076  558  945  944.52159397  2.1755703572  0.0501746383271
1.78033210076  557  965  964.876178577  2.37248486071  0.0186137675715
1.78033210076  556  985  985.472709999  2.34324889227  0.0374576177297
1.78033210076  556  1006  1005.96040249  2.59132895517  -0.0394136401068
1.95820210076  552  15  15.251679268  1.41650749891  0.0425836144419
1.95820210076  552  28  27.5602581147  1.46626542915  0.0180514585072
1.95820210076  553  40  39.9376735194  1.62196056283  0.0317709171685
1.95820210076  553  53  52.5206331283  1.47521336675  0.059420171796
1.95820210076  554  65  65.0987754287  1.60187966007  0.0813585747675
1.95820210076  554  78  77.8291628501  1.59807916811  0.0525233800418
1.95820210076  555  91  90.5768854121  1.40896691293  0.0551859559871
1.95820210076  555  104  103.542146168  1.37780142312  0.0584303335461
1.95820210076  556  117  116.510434906  1.33364422898  0.109706216781
1.95820210076  556  130  129.632743805  1.46806767307  0.028664433284
1.95820210076  557  143  142.795384876  1.5571405603  0.0252456568213
1.95820210076  557  156  156.235939203  1.56747639294  0.118516955521
1.95820210076  558  170  169.52355383  1.48904639098  0.0407701048325
1.95820210076  558  183  183.119970671  1.62802020665  0.0622801745434
1.95820210076  559  197  196.65146917  1.57163799454  0.0148762837023
1.95820210076  559  210  210.480687863  1.56238515817  0.0790208383557
1.95820210076  559  224  224.398660431  1.51193319819  0.162795004491
1.95820210076  560  238  238.280105962  1.63421749432  0.1174033611
1.95820210076  560  252  252.374456457  1.55581211651  0.120721892047
1.95820210076  561  266  266.470384117  1.52407824917  0.129921789977
1.95820210076  561  281  280.753970272  1.65464945602  0.0412585851066
1.95820210076  561  295  295.276263821  1.6361824123  0.126519526638
1.95820210076  562  310  309.62958372  1.60788076739  0.032952416399
1.95820210076  562  324  324.392964447  1.58658606198  0.125388365065
1.95820210076  562  339  339.177104252  1.69872694543  0.0826223579099
1.95820210076  562  354  354.110810411  1.73347076739  0.0826115509269
1.95820210076  563  369  368.987352257  1.77409927197  0.0498203353682
1.95820210076  563  384  384.186279756  1.73296635481  0.0861200710779
1.95820210076  563  399  399.460540826  1.71263127551  0.0650852973664
1.95820210076  563  415  414.859232854  1.8024979748  0.0442572092217
1.95820210076  563  430  430.425849325  1.68750009635  0.0916284068178
1.95820210076  564  446  445.891312736  1.81213560914  0.0501444094825
1.95820210076  564  462  461.666684005  1.74106076892  0.0282733325776
1.95820210076  564  478  477.599521692  1.72264067963  0.0416627359852
1.95820210076  564  494  493.658344851  1.72719262046  0.0293331153313
1.95820210076  564  510  509.872681015  1.84130164319  0.0357913311511
1.95820210076  564  526  526.248795308  1.8542949992  0.0873383785481
1.95820210076  564  543  542.653580494  1.84540193059  0.0117659087594
1.95820210076  564  559  559.328453728  1.89630673461  0.0757248225223
1.95820210076  564  576  576.05638502  1.95499361961  0.0627737761895
1.95820210076  564  593  592.941564123  1.93008347187  0.0702267686045
1.95820210076  564  610  609.960815763  1.95985847599  0.0792579869556
1.95820210076  564  627  627.154182399  1.92315964019  0.117352985555
1.95820210076  564  644  644.450421013  1.82589538247  0.109628138366
1.95820210076  563  662  662.119936935  1.94179906247  0.0986191667898
1.95820210076  563  680  679.7068126  1.93657649637  0.0438285496177
1.95820210076  563  697  697.501319932  1.91170706258  0.0519091225678
1.95820210076  563  715  715.459864456  1.9792762201  0.0600003988008
1.95820210076  562  734  733.727507769  2.03792167957  0.0217865647482
1.95820210076  562  752  752.00350765  2.13510186534  0.0566939357334
1.95820210076  562  770  770.418605698  2.06341654834  0.0603209922487
1.95820210076  561  789  789.212256297  2.15898706461  0.0837361759323
1.95820210076  561  808  807.903970068  2.17248588894  0.0506046216212
1.95820210076  560  827  827.04544558  2.22529300082  0.137273732938
1.95820210076  560  846  846.086235778  2.20367517685  0.0856208298609
1.95820210076  559  866  865.55750072  2.09152073363  0.120246138596
1.95820210076  559  885  884.945059636  2.20940369521  0.0737348697012
1.95820210076  558  905  904.760102875  2.1831118715  0.0609030438727
1.95820210076  558  925  924.549173359  2.15631792478  0.054672362317
1.95820210076  557  945  944.745727355  2.23484041934  0.0397863892671
1.95820210076  556  965  965.130982594  2.37024661995  0.044384442687
1.95820210076  555  986  985.708740956  2.37059367458  0.0309749128572
1.95820210076  555  1006  1006.21224322  2.63230812343  -0.0555033824481
2.13607210076  551  15  15.3217679881  1.53590987884  0.0580248068033
2.13607210076  551  28  27.6546179845  1.51199982248  -0.00224939870594
2.13607210076  552  40  40.0743222851  1.60431614522  0.0679153936952
2.13607210076  552  53  52.6162358272  1.478921067  0.0346920353639
2.13607210076  553  65  65.2277959992  1.56271761532  0.10433319619
2.13607210076  553  78  77.9827760481  1.61112536365  0.0711310556178
2.13607210076  554  91  90.6750002088  1.48952633458  0.0314471365057
2.13607210076  554  104  103.639082151  1.50200540535  0.0351719300414
2.13607210076  555  117  116.58959601  1.34649728792  0.0380851234334
2.13607210076  555  130  129.768945571  1.55430200673  0.0406830589209
2.13607210076  556  143  142.930478088  1.60271021243  0.0499443544116
2.13607210076  556  156  156.367291171  1.47524147836  0.136625030747
2.13607210076  557  170  169.622573086  1.51690797051  0.00628376053044
2.13607210076  557  183  183.267981024  1.58194948552  0.0801437745212
2.13607210076  558  197  196.760806161  1.60031972575  0.00667165051322
2.13607210076  558  211  210.584035452  1.5709697925  0.0434820881357
2.13607210076  558  224  224.43056719  1.44407585242  0.0929758565083
2.13607210076  559  238  238.404331528  1.59875548988  0.106720396597
2.13607210076  559  252  252.490813304  1.53784399204  0.0952173840016
2.13607210076  560  267  266.571659412  1.57050308711  0.0655792700243
2.13607210076  560  281  280.917203061  1.70096777528  0.071217567047
2.13607210076  560  295  295.407426183  1.57103366803  0.117694381526
2.13607210076  561  310  309.795852166  1.68000753072  0.0418677174407
2.13607210076  561  325  324.514310841  1.50700860906  0.0836212941565
2.13607210076  561  339  339.326438032  1.64151741854  0.0870840858525
2.13607210076  561  354  354.285094582  1.67192344029  0.105814297417
2.13607210076  562  369  369.156889462  1.75677989919  0.076167973629
2.13607210076  562  384  384.354919882  1.70599126  0.0997857193509
2.13607210076  562  400  399.58213788  1.7202997581  0.0242445235345
2.13607210076  562  415  415.032113419  1.80274164535  0.071722629885
2.13607210076  562  431  430.54339059  1.67133322398  0.0648536591146
2.13607210076  563  446  446.09522928  1.80495626229  0.10360300066
2.13607210076  563  462  461.844834217  1.8024858745  0.0491090884505
2.13607210076  563  478  477.775985316  1.79557977727  0.0546501367407
2.13607210076  563  494  493.846008628  1.8129879936  0.0455666036629
2.13607210076  563  510  510.060900828  1.86190213333  0.0689397338184
2.13607210076  563  526  526.41210987  1.79970370493  0.0762081318461
2.13607210076  563  543  542.842100311  1.90214425407  0.026642276024
2.13607210076  563  559  559.490311669  1.86005369199  0.0634976212117
2.13607210076  563  576  576.246052629  1.912505404  0.0867714944285
2.13607210076  563  593  593.132902605  1.95602634731  0.0839432167568
2.13607210076  563  610  610.15545036  1.90490878186  0.102971336936
2.13607210076  563  627  627.328532036  1.85560023899  0.116998418379
2.13607210076  563  645  644.610847004  1.8581456489  0.0662247553792
2.13607210076  562  662  662.317668922  1.86384466737  0.130783591152
2.13607210076  562  680  679.910203963  1.98958037752  0.0563942287869
2.13607210076  562  698  697.668557037  1.93829341712  0.0257508449727
2.13607210076  562  716  715.634785789  1.98209819963  0.0291262187533
2.13607210076  561  734  733.943935026  2.08441274668  0.0513229728982
2.13607210076  561  752  752.231370943  2.12690484766  0.0829827735829
2.13607210076  561  771  770.592771545  2.05973586798  0.0408152398067
2.13607210076  560  789  789.395854452  2.09598705405  0.0783979478359
2.13607210076  560  808  808.135736466  2.14859007212  0.0793649505391
2.13607210076  560  827  827.121225183  2.35480110992  0.0816225754507
2.13607210076  559  846  846.317682291  2.12547925756  0.107078575655
2.13607210076  558  866  865.769965856  2.27682213935  0.172364399597
2.13607210076  558  885  885.185995247  2.21327882242  0.0964710952149
2.13607210076  557  905  905.012270777  2.24317257925  0.0806005389311
2.13607210076  557  925  924.766430596  2.23032187679  0.0366077053664
2.13607210076  556  945  944.990261073  2.36360295451  0.0502973587193
2.13607210076  555  965  965.358143177  2.3235586878  0.0479298386691
2.13607210076  554  986  985.964752202  2.37645491029  0.0594062264919
2.13607210076  554  1006  1006.44252988  2.4296780093  0.0119029023229
