# Band 4A   Etalon 2A   Slice 9
# Distortion map version 7B.05.01 - date 2019-03-22
# Trace (isoalpha): Take pixel trace along specified slice, specified alpha position trace is built by taking the pixel in every detector row with alpha value closest to the one specified 
# xpos[i] = np.argmin(alpha_img[i,:])+funcs.find_nearest(alpha_img[i,:][(slice_img[i,:]!=0)],alpha_pos)
#    alpha       x  y      center         FWHM          skewness
0.0  267  47  46.849350312490614  4.0132882090384925  -0.024548176539945718
0.0  268  92  92.09466202647934  3.7430726749679195  0.020507507064432575
0.0  268  136  136.09378506869692  3.5645923758846436  -0.02043606975825154
0.0  269  179  179.23432464767674  3.3624487124305347  -0.008248481567759267
0.0  269  222  221.47973590270757  3.1749519312007806  -0.006929582409307125
0.0  269  263  262.6550800020818  3.15885967605891  -0.025134759358280204
0.0  270  303  303.14366608357614  2.9911809469501804  -0.02901630663423738
0.0  270  343  342.7878364477576  2.92295264242415  -0.02965871362286239
0.0  270  382  381.54442533684164  2.927040436665493  -0.01812881280921538
0.0  270  420  419.55965995889045  2.8439798977266264  0.01503200405109998
0.0  270  457  456.7194368738191  2.7129030183526197  -0.02747187256708042
0.0  270  493  493.2197665045611  2.698686713825282  -0.007910883740835416
0.0  270  529  528.979784493832  2.668539823819401  0.0009761885309062994
0.0  270  564  564.0428104648006  2.6062811826100187  0.01254328661539772
0.0  270  598  598.4424824961757  2.532382830203005  0.0007526857487917218
0.0  270  632  632.0699131388529  2.621162968908152  -0.11026183635871642
0.0  270  665  665.2624860646368  2.5265500455402616  0.016737952756355538
0.0  270  698  697.7129538418365  2.5226184884077156  0.0016950144167092813
0.0  270  730  729.5661901794032  2.434801918826224  0.007408216238831167
0.0  269  761  760.867769026937  2.464219214076593  -0.011836833564683657
0.0  269  792  791.5374505558883  2.372114239263965  -0.005680159932645622
0.0  269  822  821.7103667461299  2.3878634123223037  0.011469745699040794
0.0  269  851  851.3226178305332  2.4190943174696713  0.02254851661898256
0.0  268  880  880.3974464636505  2.269597888092221  -0.02123901673046915
0.0  268  909  908.9597738035424  2.403607099212877  -0.006432215387102309
0.0  268  937  936.9964442268193  2.368344696087206  -0.025112126702297677
0.0  267  965  964.5922711786104  2.2985142810823618  -0.03567818777823088
0.0  267  992  991.7116123823449  2.2620417340117456  0.019728755360348234
0.0  267  1018  1018.3055309400713  2.1985128983493496  0.02000141826942269
-2.626543259576133  258  47  46.67088023997029  3.7218351568159704  -0.03448990380907503
-2.626543259576133  258  92  91.92166061526858  3.7575102744471423  -0.021109071189109315
-2.626543259576133  259  136  136.01301865269713  3.4904428378554258  -0.016210638023321927
-2.626543259576133  259  179  179.25528094429436  3.3769063252278215  0.026311971453643144
-2.626543259576133  259  222  221.4574964802262  3.3271001749933475  0.002045913492304559
-2.626543259576133  260  263  262.7489163689381  3.135634161549035  -0.017834865197272006
-2.626543259576133  260  303  303.2320800562773  3.0318445599396  -0.01375464237794221
-2.626543259576133  260  343  342.7898447629779  2.9573594049783196  -0.033210348504567506
-2.626543259576133  260  382  381.6157103288355  2.8749958221834504  -0.015351478906348519
-2.626543259576133  260  420  419.62800455022654  2.8673178287006067  -0.006358093190093515
-2.626543259576133  260  457  456.89239424663265  2.769587101330103  -0.033100877478339105
-2.626543259576133  260  493  493.4621457263098  2.6594816889096364  0.019964698826047747
-2.626543259576133  260  529  529.227728796808  2.716365347361034  0.012763071961944124
-2.626543259576133  260  564  564.3052016271218  2.6061008575350115  -0.003507480908061355
-2.626543259576133  260  599  598.6742111029067  2.5604018607339185  -0.02916708126159986
-2.626543259576133  260  632  632.4559851683562  2.5790532291127874  -0.018545289748938668
-2.626543259576133  260  666  665.5921827917847  2.496866337387928  0.005209597845219439
-2.626543259576133  260  698  698.0745325789877  2.515170426286886  0.002224023067030941
-2.626543259576133  260  730  729.9397218470169  2.4840602183928695  -0.01412025659213442
-2.626543259576133  260  761  761.2433007535989  2.4340467884039754  0.008382856932797864
-2.626543259576133  259  792  792.0025477212613  2.4250513443723776  0.001463728353041122
-2.626543259576133  259  822  822.1702235620014  2.384505374884384  0.002747480705654389
-2.626543259576133  259  852  851.782857040093  2.345758163354276  -0.010756626425813435
-2.626543259576133  259  881  880.8824901765579  2.4084233711444085  -0.012131094155570473
-2.626543259576133  258  910  909.528309055276  2.31799982575194  0.015610045063828402
-2.626543259576133  258  938  937.5766967659152  2.3033553948823737  0.0036106594562299293
-2.626543259576133  258  965  965.1810455530649  2.353297838268645  0.02241692291653173
-2.626543259576133  257  992  992.2896287557303  2.2158370889021626  -0.006014070311706197
-2.626543259576133  257  1019  1018.9291141781745  2.333311387378785  0.006385906172688265
-2.3609142595761328  259  47  46.69184517115815  3.8262698650571423  -0.028928124884354176
-2.3609142595761328  259  92  91.93063701079456  3.772789784624848  -0.01834751016625361
-2.3609142595761328  260  136  135.98916251343468  3.5874055429096074  -0.020023136291645253
-2.3609142595761328  260  179  179.2412326235431  3.400081191370589  0.01139871778499502
-2.3609142595761328  260  222  221.45465575426576  3.345518576546283  0.004687161281834466
-2.3609142595761328  261  263  262.7257712550319  3.1083650226259465  -0.014517501562954211
-2.3609142595761328  261  303  303.2430220158264  3.0150645094759057  0.01204297681740207
-2.3609142595761328  261  343  342.8416413211556  3.016016610039401  -0.009667361898600735
-2.3609142595761328  261  382  381.60601533230187  2.7861384889430383  -0.027377491224933832
-2.3609142595761328  261  420  419.6734481146441  2.7852852051549917  0.01264857103985368
-2.3609142595761328  261  457  456.85492201858614  2.795680957541151  -0.02468569655055607
-2.3609142595761328  261  493  493.4053794449614  2.651793770614745  -0.004789691796719261
-2.3609142595761328  261  529  529.20137966753  2.6723736097726487  0.013137544740020452
-2.3609142595761328  261  564  564.2688342588451  2.621626465159352  -0.0038435922762097867
-2.3609142595761328  261  599  598.6344364633553  2.5594828870308675  -0.029173366944550628
-2.3609142595761328  261  632  632.4339623472608  2.5727543679886367  -0.013699956481935206
-2.3609142595761328  261  666  665.5291092348635  2.4683439649572847  -0.0023279689527913594
-2.3609142595761328  261  698  697.9952225326809  2.5398534218979876  -0.01640386116160973
-2.3609142595761328  261  730  729.9152449407175  2.4159737726497497  -0.0074595175871904
-2.3609142595761328  261  761  761.1805321722748  2.3765300295287943  -0.034083443336125806
-2.3609142595761328  260  792  791.9624653453997  2.412829136883147  0.0029771727848831218
-2.3609142595761328  260  822  822.1308273388033  2.3315628108887267  -0.005059269629473166
-2.3609142595761328  260  852  851.7482506637971  2.3539728392540837  0.0026583073287097738
-2.3609142595761328  260  881  880.8473128657658  2.405165138869961  -0.009914108316088471
-2.3609142595761328  259  909  909.4693144780719  2.3457703502961067  0.01983803958064206
-2.3609142595761328  259  938  937.506917265668  2.2913430958060417  0.012217446052092119
-2.3609142595761328  259  965  965.0936152989923  2.3993197947343106  -0.00539813725040619
-2.3609142595761328  258  992  992.2303042792495  2.2553857929397054  -0.010735637887262865
-2.3609142595761328  258  1019  1018.845480264614  2.3615882603886575  -0.016476755696654195
-2.0952852595761327  260  47  46.734624943948134  3.829370765891582  -0.03305375291935888
-2.0952852595761327  260  92  92.00638433209748  3.710970184532414  0.015258463495908581
-2.0952852595761327  261  136  136.01568554258162  3.623498025296243  -0.024756975554797975
-2.0952852595761327  261  179  179.18769362370514  3.3053573678204202  -0.03943394727336198
-2.0952852595761327  261  221  221.4840991757302  3.264019960283292  0.03629259468228155
-2.0952852595761327  262  263  262.73604159642156  3.146280343312469  -0.018053440036698086
-2.0952852595761327  262  303  303.2269280779459  3.00827176251687  -0.01441348149415659
-2.0952852595761327  262  343  342.83110961002546  3.0137815808845403  -0.02891221616135541
-2.0952852595761327  262  382  381.5842990361495  2.8312429010462665  -0.017263208351619236
-2.0952852595761327  262  420  419.6321308396642  2.7962039447863845  -0.0035576417878782946
-2.0952852595761327  262  457  456.8226788621481  2.8286664697229185  -0.02442287450693201
-2.0952852595761327  262  493  493.3940554447625  2.659434263791468  0.011388091063855521
-2.0952852595761327  262  529  529.1598448251299  2.6503651814639397  -0.009585351769642122
-2.0952852595761327  262  564  564.2759216475489  2.6131411071112325  0.01660660045931032
-2.0952852595761327  262  599  598.5940418710364  2.524403558039353  -0.04640914528873376
-2.0952852595761327  262  632  632.379129344449  2.49590147433355  -0.02597961352134616
-2.0952852595761327  262  666  665.5118822752098  2.5101115296445187  0.0007948921440068236
-2.0952852595761327  262  698  697.987113365669  2.4373574415728854  -0.008921164904436864
-2.0952852595761327  262  730  729.8833640000835  2.4307455253128865  -0.007759121595953361
-2.0952852595761327  262  761  761.1688473690972  2.503023674567885  0.005925085290216217
-2.0952852595761327  261  792  791.8952751632149  2.407296303881594  -0.014902232640018548
-2.0952852595761327  261  822  822.104951217651  2.3630540366311834  0.004991521130710176
-2.0952852595761327  261  852  851.7034038101596  2.3577548427570036  0.005647644166356034
-2.0952852595761327  261  881  880.7610219574732  2.402963544129193  -0.02984353459070921
-2.0952852595761327  260  909  909.4197043503085  2.331318998479901  0.012941522421338296
-2.0952852595761327  260  937  937.4709982302884  2.295697255623054  0.00819309070985976
-2.0952852595761327  260  965  965.0424361348228  2.3577021348121434  0.0031325652421277835
-2.0952852595761327  259  992  992.1891393762976  2.270624544874181  0.001189013055726893
-2.0952852595761327  259  1019  1018.7931550042399  2.3075795316225367  -0.012952616379473236
-1.8296562595761325  261  47  46.797442311308124  3.811321376634581  -0.028886462867155054
-1.8296562595761325  261  92  92.021392965548  3.6159194494163387  0.00953282511050532
-1.8296562595761325  262  136  136.04996293716331  3.5791579796701285  -0.0258436103634979
-1.8296562595761325  262  179  179.22280913123117  3.2323169934200564  -0.00037929373346479357
-1.8296562595761325  262  222  221.4787453158269  3.321968565411737  0.007931508548628586
-1.8296562595761325  263  263  262.68718708245814  3.1581525197251494  -0.02568209869733414
-1.8296562595761325  263  303  303.2141024222972  2.995388610590453  -0.028619482931412744
-1.8296562595761325  263  343  342.80903031488515  3.002783822748654  -0.03150420055986729
-1.8296562595761325  263  382  381.6000955267727  2.8949798770081543  -0.0055476298303690375
-1.8296562595761325  263  420  419.63842571556864  2.8180025780964115  0.008987326116494642
-1.8296562595761325  263  457  456.76963842931093  2.7994147335650723  -0.03789698831060103
-1.8296562595761325  263  493  493.3951114998589  2.384939449250737  0.1233292610590367
-1.8296562595761325  263  529  529.1414652960096  2.721910753459042  -0.005606839142187045
-1.8296562595761325  263  564  564.2013592299608  2.6160059418673427  -0.010866478327719165
-1.8296562595761325  263  599  598.575119011552  2.528137375937831  -0.05405083497904872
-1.8296562595761325  263  632  632.3383330792022  2.527155661830193  -0.019309646764065182
-1.8296562595761325  263  665  665.4887853153044  2.510773911460774  0.003593401117743744
-1.8296562595761325  263  698  697.9558767038174  2.4633738574154904  0.0033536553538676705
-1.8296562595761325  263  730  729.8378372547676  2.4560152178387398  -0.0025927199492561106
-1.8296562595761325  263  761  761.1245628415368  2.484789975117792  -0.006298256572464136
-1.8296562595761325  262  792  791.8630491359532  2.3829836622837774  -0.011805506201717386
-1.8296562595761325  262  822  822.0573158517919  2.391698868256526  0.011449399291795325
-1.8296562595761325  262  852  851.6761566965266  2.309991481919951  0.02478228225805987
-1.8296562595761325  262  881  880.6890461165067  2.3463240503934912  -0.038758976266800846
-1.8296562595761325  261  909  909.3726651154321  2.318372055550981  0.009036339867713558
-1.8296562595761325  261  937  937.405628776512  2.2983602214414987  0.0008170259688776187
-1.8296562595761325  261  965  964.9839752417046  2.3602595181209836  -0.008904026425929126
-1.8296562595761325  260  992  992.1335351308775  2.2900164183542984  0.0025975854037720678
-1.8296562595761325  260  1019  1018.7329760294039  2.3143735976653943  -0.020102743782518525
-1.5640272595761324  262  47  46.759991772277886  3.8340379153027513  -0.048179339076569426
-1.5640272595761324  262  92  92.01287137703721  3.6949509653098858  -0.007993267432536264
-1.5640272595761324  263  136  136.05751776180225  3.5890069503655013  -0.01713925126139692
-1.5640272595761324  263  179  179.2177338760628  3.2604359544873205  0.001253229617396416
-1.5640272595761324  263  222  221.48135246818876  3.270066842148708  0.005262126526433144
-1.5640272595761324  264  263  262.7079441943224  3.1590562318211823  -0.01463165884643063
-1.5640272595761324  264  303  303.229992817058  2.991326197721719  -0.015256271643181121
-1.5640272595761324  264  343  342.7982549011942  3.023062495302156  -0.027890583800476727
-1.5640272595761324  264  382  381.61658985347987  2.876418155995907  0.0033936545736882773
-1.5640272595761324  264  420  419.60346444017887  2.8162670875474305  -0.009791379930710768
-1.5640272595761324  264  457  456.7533128199261  2.7104339670795525  -0.031324349981287386
-1.5640272595761324  264  493  493.4050484347136  2.2272671734397704  0.29412492194698925
-1.5640272595761324  264  529  529.104543136031  2.710967574550068  -0.017041645210829962
-1.5640272595761324  264  564  564.1946621987512  2.599651130899474  -0.003355388152200673
-1.5640272595761324  264  599  598.5626248354085  2.563032675796876  -0.03102160883724927
-1.5640272595761324  264  632  632.3147995927912  2.5463123672091115  -0.010744885359449664
-1.5640272595761324  264  665  665.4747585895084  2.5261746465419037  0.013931576759799759
-1.5640272595761324  264  698  697.9120056480981  2.5169938284805085  0.0010354918979099158
-1.5640272595761324  264  730  729.8006794142922  2.388933924600906  -0.009001570789310099
-1.5640272595761324  264  761  761.0497534685802  2.521290823676509  -0.012981394297976716
-1.5640272595761324  263  792  791.8172322462249  2.354998199809188  -0.004748740648535181
-1.5640272595761324  263  822  821.9889939478248  2.3654410658193683  -0.004584037445693982
-1.5640272595761324  263  852  851.6067308036335  2.3248518170394163  0.00945422717416132
-1.5640272595761324  263  881  880.6176446333802  2.3317494459571435  -0.045200021097890064
-1.5640272595761324  262  909  909.3076367394385  2.3421771031250955  -0.008466185476851094
-1.5640272595761324  262  937  937.3769590427721  2.34116855663342  0.01974420387906058
-1.5640272595761324  262  965  964.9078874808805  2.355715316693022  -0.013623743679443561
-1.5640272595761324  261  992  992.0803810689271  2.265353583232809  0.007787335925719178
-1.5640272595761324  261  1019  1018.6570918593426  2.2808478043143623  -0.028061662269053763
-1.2983982595761323  263  47  46.78143838545769  3.9682716007225594  -0.04593935467125663
-1.2983982595761323  263  92  92.02436105219705  3.6506843071836954  -0.00043921640391343366
-1.2983982595761323  264  136  136.07535892967874  3.6384579856050436  -0.0005611805462564968
-1.2983982595761323  264  179  179.2259358024318  3.3246917771224958  0.009597360314324684
-1.2983982595761323  264  222  221.52400908234992  3.2983140176965264  0.020027834479600954
-1.2983982595761323  265  263  262.7106594886727  3.112788021585345  -0.016656307455718642
-1.2983982595761323  265  303  303.2144102401628  3.016910068801849  -0.01127069871500743
-1.2983982595761323  265  343  342.86237464697274  3.040523655260017  -0.005024097613582968
-1.2983982595761323  265  382  381.55599403799135  2.8456114934531342  -0.010871479662067552
-1.2983982595761323  265  420  419.63619173629024  2.777199262077545  0.02094365021772316
-1.2983982595761323  265  457  456.7378770455042  2.745939926582082  -0.06016922822538065
-1.2983982595761323  265  493  493.3117818770301  2.6317577904127347  -0.00881365038660931
-1.2983982595761323  265  529  529.0918041058359  2.6899131361042237  -0.013016129250593481
-1.2983982595761323  265  564  564.1669702146428  2.5282896237997647  -0.01057997799144557
-1.2983982595761323  265  599  598.5273253547413  2.5603946210060258  -0.04134556271293807
-1.2983982595761323  265  632  632.3139037190801  2.4918378984293668  -0.012594764949042237
-1.2983982595761323  265  665  665.4136585309737  2.4888629897561714  -0.003978636221019416
-1.2983982595761323  265  698  697.8718735184802  2.487673584221284  -0.004973301232780113
-1.2983982595761323  265  730  729.7657656722973  2.432508230090207  0.000660664896434433
-1.2983982595761323  265  761  761.0232910796394  2.4648952626882874  -0.012584429267285372
-1.2983982595761323  264  792  791.7858412375175  2.3351028890922407  -0.009594647419207398
-1.2983982595761323  264  822  821.9471275013594  2.3450391159335595  0.008883900121173571
-1.2983982595761323  264  852  851.5754429453042  2.3567446407737407  0.01903632219661644
-1.2983982595761323  264  881  880.57803257846  2.3424064215047338  -0.04789114557323815
-1.2983982595761323  263  909  909.2460541583658  2.364361364544493  0.009080052660694685
-1.2983982595761323  263  937  937.3185396525386  2.320045774502887  0.01925009623308598
-1.2983982595761323  263  965  964.8615008860091  2.3405911330144136  -0.0032521321767766675
-1.2983982595761323  262  992  992.0126365395175  2.2393163835592986  0.006186857849933339
-1.2983982595761323  262  1019  1018.6089746876318  2.279806781040861  -0.015617741756951442
-1.0327692595761322  264  47  46.77893742364121  4.034699773166615  -0.02917785425709874
-1.0327692595761322  264  92  92.00194987393489  3.6274502352318336  -0.015524024168504874
-1.0327692595761322  264  136  136.10192767797378  3.6067408039348834  -0.0020436049936900565
-1.0327692595761322  265  179  179.20968202900391  3.385922118289443  0.0004747453785986586
-1.0327692595761322  265  222  221.51064990926287  3.212947038687844  0.004375520640414053
-1.0327692595761322  266  263  262.6912388723207  3.0841260737737457  -0.0224727518402915
-1.0327692595761322  266  303  303.209083491919  2.9971526181477657  -0.005351840935471274
-1.0327692595761322  266  343  342.8213809637124  3.082215088072644  -0.009287318159178229
-1.0327692595761322  266  382  381.59732836953674  2.840185829514212  0.00835292957740639
-1.0327692595761322  266  420  419.5701750465425  2.769064172681965  -0.0030821970262187347
-1.0327692595761322  266  457  456.7251980282349  2.738952261065549  -0.05687185254139056
-1.0327692595761322  266  493  493.28042072640346  2.682289430579999  -0.0016675094638579743
-1.0327692595761322  266  529  529.0500369850113  2.646094501865605  -0.021039978089100155
-1.0327692595761322  266  564  564.1389992081387  2.557517320416764  -0.008052167537673738
-1.0327692595761322  266  598  598.4898540652694  2.527757644767348  -0.029878083627018187
-1.0327692595761322  266  632  632.293236913332  2.5466461063176666  -0.0087629034225727
-1.0327692595761322  266  665  665.3825875006055  2.535869015718845  0.0014759991129983032
-1.0327692595761322  266  698  697.8360887446588  2.5034702041841683  -0.009063932296153956
-1.0327692595761322  266  730  729.7309463275475  2.4070962667485674  -0.0031117322402235826
-1.0327692595761322  266  761  760.9795931181733  2.4816329821316003  -0.022951282097580777
-1.0327692595761322  265  792  791.7347805450056  2.394039836553702  -0.01292625569818241
-1.0327692595761322  265  822  821.8772804624992  2.388788737132245  -0.0030011964438122346
-1.0327692595761322  265  852  851.5060644408527  2.3586693233480673  -0.00017650324978170864
-1.0327692595761322  265  881  880.5457572516607  2.3433385961791373  -0.03667435152159099
-1.0327692595761322  264  909  909.1965269020194  2.379177408991609  0.0026291014107518275
-1.0327692595761322  264  937  937.2609065374191  2.3679944291518495  0.00423696945739226
-1.0327692595761322  264  965  964.7818243707322  2.3294212982578983  -0.034280663263980014
-1.0327692595761322  263  992  991.9567753346635  2.264636723251215  0.009858036680710905
-1.0327692595761322  263  1019  1018.5526692634544  2.2573034832361145  -0.01866446397286095
-0.7671402595761321  264  47  46.837317195412496  4.018968761711278  -0.017604405864671272
-0.7671402595761321  265  92  92.08398026182896  3.67995082278037  0.018415920902674427
-0.7671402595761321  265  136  136.12060236064406  3.5693711476200747  0.001321972633202385
-0.7671402595761321  266  179  179.2128991329371  3.350385505357565  0.0011453400722486542
-0.7671402595761321  266  222  221.52574266020392  3.2326291409887062  0.019901835271730863
-0.7671402595761321  267  263  262.7139133986887  3.054116891733372  -0.025559291822426857
-0.7671402595761321  267  303  303.2217068707762  2.989562816827174  -0.008268555882102036
-0.7671402595761321  267  343  342.82538583372167  3.0521603899849197  0.002565492321375743
-0.7671402595761321  267  382  381.57169588365383  2.820847986974627  -0.0059009803464324904
-0.7671402595761321  267  420  419.58298819269146  2.7394528831252956  0.002972187023431335
-0.7671402595761321  267  457  456.73858406107763  2.7156825408764576  -0.042379327175397816
-0.7671402595761321  267  493  493.2626142743093  2.755417771977818  -0.00643644683919343
-0.7671402595761321  267  529  529.0488324704992  2.7043822723730955  -0.004397027726580434
-0.7671402595761321  267  564  564.1193349862359  2.607293273272262  -0.0002799430298101375
-0.7671402595761321  267  598  598.4819814380904  2.545300405693979  -0.02388397226682794
-0.7671402595761321  267  632  632.238218521827  2.5154648207962964  -0.007909679639469315
-0.7671402595761321  267  665  665.3615378966635  2.572509328374963  -0.00022079576177887352
-0.7671402595761321  267  698  697.8372911379608  2.4969001165749205  0.0222949293641158
-0.7671402595761321  267  730  729.6845122490228  2.3926156410580006  -0.005530865881205649
-0.7671402595761321  266  761  760.9965630047188  2.496622211676595  0.010788444258721299
-0.7671402595761321  266  792  791.7006306882265  2.3586559257860245  -0.004801986423789133
-0.7671402595761321  266  822  821.8464965535342  2.403582120472038  0.0031729792649359233
-0.7671402595761321  266  851  851.4701233679074  2.3409502139265896  0.019245925560275108
-0.7671402595761321  266  881  880.5042099243489  2.3277566701077603  -0.028986794530195526
-0.7671402595761321  265  909  909.1514864253647  2.3862545484423663  -0.009279767693976372
-0.7671402595761321  265  937  937.1999613334327  2.366709028408877  0.01490831532451226
-0.7671402595761321  265  965  964.7162551752048  2.285981905259746  -0.026123636281412854
-0.7671402595761321  264  992  991.888230854286  2.2393614330137552  0.010060636520102995
-0.7671402595761321  264  1018  1018.4933690775646  2.244441791859458  -0.010858432793996706
-0.501511259576132  265  47  46.855604348319886  3.939320474799189  -0.02240041459409542
-0.501511259576132  266  92  92.09597368460665  3.783131708612842  0.004204672573006327
-0.501511259576132  266  136  136.08684671291718  3.6097628534636215  -0.017519401248715375
-0.501511259576132  267  179  179.24150436009094  3.3652927492391314  0.0029314962530801294
-0.501511259576132  267  222  221.51402334254334  3.193232268902136  0.012328346018638857
-0.501511259576132  267  263  262.7133117283324  3.04018021161437  -0.017830377210825202
-0.501511259576132  268  303  303.18138135936044  3.0056313364340213  -0.028423721903039278
-0.501511259576132  268  343  342.81982410003513  3.0787920526848893  0.012078956977156958
-0.501511259576132  268  382  381.56572308456595  2.801047019234602  -0.021761368334815772
-0.501511259576132  268  420  419.6231942953577  2.7845942652008944  0.014842145976786774
-0.501511259576132  268  457  456.7462633202529  2.7036202927754402  -0.03387365726254057
-0.501511259576132  268  493  493.27593973524614  2.6568399356592636  0.006030959471922074
-0.501511259576132  268  529  529.0206649381396  2.67725921093961  -0.0011625880320906376
-0.501511259576132  268  564  564.0860559306806  2.606758666080168  0.0031034084022837686
-0.501511259576132  268  598  598.4778667348758  2.5285207271338095  -0.02538966876060792
-0.501511259576132  268  632  632.1777066199215  2.5542283175595912  -0.02113603391794153
-0.501511259576132  268  665  665.353219983921  2.5694065295338078  0.01650679619555281
-0.501511259576132  268  698  697.7827494191969  2.4723975734175383  0.004772551880389075
-0.501511259576132  268  730  729.6207520559085  2.400694416728129  -0.007989099331693112
-0.501511259576132  267  761  760.9579490789374  2.5220586445150275  0.001818254928208297
-0.501511259576132  267  792  791.6266846038653  2.419053951345404  -0.019255285427737693
-0.501511259576132  267  822  821.8135892279507  2.371347565823271  0.010283619448607935
-0.501511259576132  267  851  851.4194632495401  2.368517478110789  0.011803966310411888
-0.501511259576132  267  880  880.4487423061926  2.3737691570142943  -0.03741228325411224
-0.501511259576132  266  909  909.0956936087478  2.3818163361506777  -0.005602121956516912
-0.501511259576132  266  937  937.1062464666862  2.3797220125504737  -0.006918168171227089
-0.501511259576132  266  965  964.6312100749798  2.228837573727219  -0.03846747621131528
-0.501511259576132  265  992  991.8340971215647  2.2144562856151424  0.012958043253682217
-0.501511259576132  265  1018  1018.4321224156623  2.192607707557613  -0.008666532541612452
-0.23588225957613185  266  47  46.851526658454326  3.9015006159358236  -0.02913964073369914
-0.23588225957613185  267  92  92.08353514657205  3.7235696560379665  -0.0109646801273232
-0.23588225957613185  267  136  136.0865086179243  3.5797496151535597  -0.025498214279453566
-0.23588225957613185  268  179  179.2274690026154  3.324111619922519  -0.00036817016099216065
-0.23588225957613185  268  222  221.50144539974283  3.1805386171655528  0.00365866614469017
-0.23588225957613185  268  263  262.70127971348376  3.11703999019187  -0.0196491504793591
-0.23588225957613185  269  303  303.163096794914  2.923767871832183  -0.0204419407361712
-0.23588225957613185  269  343  342.8185386025618  3.0280901621629255  -0.007295912128422538
-0.23588225957613185  269  382  381.56729082036634  2.8922512655077526  -4.162490602941476e-05
-0.23588225957613185  269  420  419.57976095269987  2.781507026431086  0.014080339071645383
-0.23588225957613185  269  457  456.7161250958332  2.738383747127216  -0.04446898170307745
-0.23588225957613185  269  493  493.26237467642073  2.724207944637442  -0.002574813188562419
-0.23588225957613185  269  529  529.0034393827257  2.698280557364569  -0.005343836504075332
-0.23588225957613185  269  564  564.0462925941235  2.604536651366061  -0.0017365130492785073
-0.23588225957613185  269  598  598.4325578584385  2.548804655553795  -0.03357312043254586
-0.23588225957613185  269  632  632.1626987655753  2.547701897482739  -0.016833637129705155
-0.23588225957613185  269  665  665.2889859747189  2.516539987285114  -0.0020767563897812753
-0.23588225957613185  269  698  697.7347103826227  2.5041451359213625  0.0027512567984272467
-0.23588225957613185  269  730  729.5847007085143  2.4358470356667112  -0.008249288291676288
-0.23588225957613185  268  761  760.9141474424375  2.4860850195630064  -0.00589872316574972
-0.23588225957613185  268  792  791.5726646182248  2.3659239137057284  -0.009884452327712349
-0.23588225957613185  268  822  821.7695862309415  2.350502304955853  0.009373556271424529
-0.23588225957613185  268  851  851.371751530631  2.3839560745161634  0.025600131049222048
-0.23588225957613185  267  880  880.4460896118599  2.3812219836872828  -0.0028868532168866913
-0.23588225957613185  267  909  909.0284871898486  2.350696746208996  -0.01032698296088305
-0.23588225957613185  267  937  937.0509018006657  2.3642269273734655  -0.012672745584097086
-0.23588225957613185  267  965  964.5922724311762  2.297102281109801  -0.03518146301898309
-0.23588225957613185  266  992  991.7626618283795  2.2391999093981667  0.007189870720123841
-0.23588225957613185  266  1018  1018.358671037362  2.2010025909241904  0.001068070526398016
0.029746740423868268  267  47  46.849199213265955  4.010063412894638  -0.02573820074477855
0.029746740423868268  268  92  92.09466202647934  3.7430726749679195  0.020507507064432575
0.029746740423868268  268  136  136.09385520358177  3.5655843515783374  -0.019958516122693278
0.029746740423868268  269  179  179.23432464767674  3.3624487124305347  -0.008248481567759267
0.029746740423868268  269  222  221.47973590270757  3.1749519312007806  -0.006929582409307125
0.029746740423868268  269  263  262.6548627386122  3.156384669553745  -0.026149194085889886
0.029746740423868268  270  303  303.1439326713313  2.990380143703703  -0.028072304447552134
0.029746740423868268  270  343  342.7878364477576  2.92295264242415  -0.02965871362286239
0.029746740423868268  270  382  381.54442533684164  2.927040436665493  -0.01812881280921538
0.029746740423868268  270  420  419.55965995889045  2.8439798977266264  0.01503200405109998
0.029746740423868268  270  457  456.7194368738191  2.7129030183526197  -0.02747187256708042
0.029746740423868268  270  493  493.2197665045611  2.698686713825282  -0.007910883740835416
0.029746740423868268  270  529  528.979784493832  2.668539823819401  0.0009761885309062994
0.029746740423868268  270  564  564.0428104648006  2.6062811826100187  0.01254328661539772
0.029746740423868268  270  598  598.4424824961757  2.532382830203005  0.0007526857487917218
0.029746740423868268  270  632  632.0699131388529  2.621162968908152  -0.11026183635871642
0.029746740423868268  270  665  665.2624860646368  2.5265500455402616  0.016737952756355538
0.029746740423868268  270  698  697.7129538418365  2.5226184884077156  0.0016950144167092813
0.029746740423868268  270  730  729.5662629734087  2.4358430535219213  0.007648368824208876
0.029746740423868268  269  761  760.8676985006683  2.464494952717587  -0.012249155082967252
0.029746740423868268  269  792  791.5374505558883  2.372114239263965  -0.005680159932645622
0.029746740423868268  269  822  821.7103667461299  2.3878634123223037  0.011469745699040794
0.029746740423868268  269  851  851.3226178305332  2.4190943174696713  0.02254851661898256
0.029746740423868268  268  880  880.3974917800341  2.2708449838005436  -0.021056022350510486
0.029746740423868268  268  909  908.9597738035424  2.403607099212877  -0.006432215387102309
0.029746740423868268  268  937  936.9964442268193  2.368344696087206  -0.025112126702297677
0.029746740423868268  268  965  964.5385069565913  2.3083408509901346  -0.024009143294123153
0.029746740423868268  267  992  991.7116123823449  2.2620417340117456  0.019728755360348234
0.029746740423868268  267  1018  1018.3055309400713  2.1985128983493496  0.02000141826942269
0.2953757404238684  268  47  46.89402358941368  4.039962573739977  -0.028437761112921876
0.2953757404238684  269  92  92.0717744367297  3.6621694922844483  0.0007643761455124107
0.2953757404238684  269  136  136.09646798130967  3.640881568929842  -0.015939788128532244
0.2953757404238684  270  179  179.24373514769928  3.2599454678384063  -0.0003449149229385013
0.2953757404238684  270  222  221.47371850139874  3.1520686018984634  -0.011509720109398217
0.2953757404238684  270  263  262.69232035413233  3.150223790397547  -0.005967849040506508
0.2953757404238684  271  303  303.1370878603397  3.0185139137090573  -0.019681634589360047
0.2953757404238684  271  343  342.76066387501305  2.9907337659585096  -0.024956778826672146
0.2953757404238684  271  382  381.580284919437  2.849614115656891  0.013744464465329733
0.2953757404238684  271  420  419.50753218623316  2.7990144436322453  -0.00781118279787092
0.2953757404238684  271  457  456.6663199097303  2.7144389476200104  -0.05543722204475455
0.2953757404238684  271  493  493.18272000466004  2.7509185893253516  -0.010181718614783205
0.2953757404238684  271  529  528.9209433929108  2.658975597592189  -0.015173775516716816
0.2953757404238684  271  564  564.0152023266273  2.5914449355718716  0.0027964485958740294
0.2953757404238684  271  598  598.4094371805967  2.541220997124128  -0.0031089394833465935
0.2953757404238684  271  632  631.9357625447719  2.3681733024556024  -0.3072061213236836
0.2953757404238684  271  665  665.2230265031487  2.5133822257653264  0.0139629966085639
0.2953757404238684  271  698  697.6667370526459  2.4843165885326925  -0.007445887923728201
0.2953757404238684  271  730  729.5227492027218  2.46186107551398  0.002867134333157747
0.2953757404238684  270  761  760.7939420200001  2.4442221986961385  -0.03280416488004948
0.2953757404238684  270  792  791.5096796349812  2.4156222458477714  0.003189787573498206
0.2953757404238684  270  822  821.6502957939182  2.3771361475328376  0.0033104959741732903
0.2953757404238684  270  851  851.2607251671606  2.4042579277147524  0.010999513778692257
0.2953757404238684  269  880  880.3695298376491  2.3011689034326537  0.004094757785410257
0.2953757404238684  269  909  908.8923015190268  2.386035038485261  -0.017647729877571457
0.2953757404238684  269  937  936.9423491107895  2.3650448746900565  -0.02186646985652651
0.2953757404238684  269  964  964.4814115688883  2.2708740735730544  -0.03120746929263573
0.2953757404238684  268  992  991.6377900424184  2.2765544254325505  0.006483516076073157
0.2953757404238684  268  1018  1018.2604546980224  2.1998095671233386  0.01978401071947193
0.5610047404238689  269  47  46.930495678106944  4.06725075827422  -0.02294310579093801
0.5610047404238689  270  92  92.03853592858071  3.7762087040355823  -0.007365264737591685
0.5610047404238689  270  136  136.1235902490968  3.5634933603630543  -0.004780618144408604
0.5610047404238689  271  179  179.21993672435948  3.3629900744016368  -0.019047310313061002
0.5610047404238689  271  222  221.48643076581243  3.1540756423455605  0.002414332071432648
0.5610047404238689  271  263  262.6621577547585  3.145289577315964  -0.029299666904538103
0.5610047404238689  272  303  303.1297053815405  3.0565949082082398  -0.012718130538385872
0.5610047404238689  272  343  342.74889374656635  2.993801798657728  -0.02626767600526366
0.5610047404238689  272  382  381.5518965564629  2.8331278586314284  -0.005373103033627995
0.5610047404238689  272  420  419.49983227602206  2.7741822720781784  0.008123325605469427
0.5610047404238689  272  457  456.6851783414369  2.762098963707899  -0.027074655375422033
0.5610047404238689  272  493  493.1688077417309  2.761652576215397  -0.0012807784085030979
0.5610047404238689  272  529  528.9133886514262  2.7271154037380256  -0.016785919746638758
0.5610047404238689  272  564  563.9775066570288  2.6150997532777183  -0.0015912403563390059
0.5610047404238689  272  598  598.3620918612903  2.545006894956032  -0.009543523642675585
0.5610047404238689  272  632  631.8071120509554  0.014172871011510324  -0.45613395571556076
0.5610047404238689  272  665  665.160236027415  2.5291601147666825  -0.006598766786938403
0.5610047404238689  272  698  697.6485448576905  2.538977071752697  0.0010574792256179296
0.5610047404238689  272  730  729.5025787067395  2.4766946335248576  0.013517761170699711
0.5610047404238689  271  761  760.7442988270935  2.4637261939233213  -0.04061909743842729
0.5610047404238689  271  791  791.4760350264398  2.388139040638862  0.011505201209696142
0.5610047404238689  271  822  821.6222420412523  2.3575448338942806  0.004031541728458925
0.5610047404238689  271  851  851.2050172487005  2.4225800927686123  0.007756214294633502
0.5610047404238689  270  880  880.3112560553398  2.3043894075583466  0.008755802760269273
0.5610047404238689  270  909  908.8281619508122  2.346715284939137  -0.025599612833694253
0.5610047404238689  270  937  936.8656236103636  2.3534697439089314  -0.034365189797437926
0.5610047404238689  270  964  964.4357405176274  2.2769209310318956  -0.043639088919033675
0.5610047404238689  269  992  991.5764472844772  2.252107470170131  0.001104588310103166
0.5610047404238689  269  1018  1018.2138333930719  2.2429882440557094  0.015990681167235583
0.8266337404238686  270  47  46.882642862381054  3.988624915721978  -0.04136197479279639
0.8266337404238686  271  92  92.04578183057103  3.781977912161352  -0.017226878074436625
0.8266337404238686  271  136  136.13524257944445  3.6235390947530846  -0.012553825044200547
0.8266337404238686  272  179  179.2420343304445  3.4245341219676675  0.003956974557578928
0.8266337404238686  272  221  221.47622997111492  3.220028826501789  -0.001092783596384511
0.8266337404238686  272  263  262.69443001380506  3.166222126531636  -0.023709816547018894
0.8266337404238686  273  303  303.1299339906148  3.0628888439999855  -0.02126484441381666
0.8266337404238686  273  343  342.73235693625645  2.987502478208171  -0.02866739674208687
0.8266337404238686  273  382  381.53352423567895  2.837669572624236  -0.005011531273731753
0.8266337404238686  273  420  419.49275767529343  2.780336553394818  0.012294332402458651
0.8266337404238686  273  457  456.6561252612412  2.698570206565307  -0.036826923893575635
0.8266337404238686  273  493  493.15510706152077  2.7204788483420543  0.007577359982601361
0.8266337404238686  273  529  528.8686195481934  2.6694504627773767  -0.03263251178533185
0.8266337404238686  273  564  563.9505720580631  2.6411533667669573  0.013373977812662157
0.8266337404238686  273  598  598.3401864305314  2.502702837811512  -0.005927302049425769
0.8266337404238686  273  632  632.0331481419563  2.5409993619637135  -0.031766887052239845
0.8266337404238686  273  665  665.1358827661653  2.6438473997936853  0.005623204968096161
0.8266337404238686  273  698  697.5944729179948  2.520280624374891  0.004893492291823858
0.8266337404238686  273  729  729.4330283579973  2.4792974531087566  0.003936611644799317
0.8266337404238686  272  761  760.6929696996206  2.4325055839490233  -0.049971726585728474
0.8266337404238686  272  791  791.4362949893557  2.3659968496413057  0.01097371749146573
0.8266337404238686  272  822  821.5824040889719  2.3511937188791308  0.016257725989411925
0.8266337404238686  272  851  851.1579881494391  2.438830925165121  0.011419725199637904
0.8266337404238686  271  880  880.257424275526  2.2672001398930206  -0.0010951861546730083
0.8266337404238686  271  909  908.7586507366404  2.35760218592452  -0.04527294657464058
0.8266337404238686  271  937  936.7962237749215  2.3556890930339023  -0.04438994096483138
0.8266337404238686  270  964  964.4278574419527  2.317380508489123  0.007069689945702446
0.8266337404238686  270  992  991.5141898323852  2.2673038289267424  0.008021898886345254
0.8266337404238686  270  1018  1018.1391214703707  2.236784220481127  0.01460953312852007
1.0922627404238683  271  47  46.89662353637372  4.028306821932695  -0.0481296254460663
1.0922627404238683  272  92  92.03328197135508  3.6938488521708877  -0.023483353722780317
1.0922627404238683  272  136  136.1352936068932  3.5811843733462183  -0.021098764979183525
1.0922627404238683  273  179  179.27104469253237  3.3075771091083084  0.01927503730648277
1.0922627404238683  273  221  221.48586067567095  3.1923335173053715  0.0014291801373049933
1.0922627404238683  273  263  262.70695211072467  3.1602552960866888  -0.021039212918979856
1.0922627404238683  274  303  303.0913758643903  3.0536628150036336  -0.025322675781257912
1.0922627404238683  274  343  342.75731135651665  2.980452047085919  -0.0095267340492915
1.0922627404238683  274  382  381.4861037025081  2.829058228453391  -0.022256784481367475
1.0922627404238683  274  420  419.4875703099813  2.804649301255836  0.008250058840364484
1.0922627404238683  274  457  456.6135836872951  2.78047621081447  -0.04556645758705662
1.0922627404238683  274  493  493.1170148326945  2.707002813270833  -0.018040863003566505
1.0922627404238683  274  529  528.8344149466715  2.6454771050102863  -0.03529084488567628
1.0922627404238683  274  564  563.917919859289  2.5806687489007345  0.011047058152951657
1.0922627404238683  274  598  598.2832757961037  2.530402729747948  -0.019820345876468266
1.0922627404238683  274  632  632.0025316438154  2.5058409506439148  -0.008839808581026004
1.0922627404238683  274  665  665.0828993129194  2.6052856992716897  -0.009464587695596842
1.0922627404238683  274  698  697.5582448849566  2.5134501734100922  0.006298820968064583
1.0922627404238683  274  729  729.3912201088363  2.4678039624859593  -0.0013755454815929929
1.0922627404238683  273  761  760.6800541780633  2.439133483988712  -0.027759206619083706
1.0922627404238683  273  791  791.3965896165831  2.4024331367437526  0.010140354656339669
1.0922627404238683  273  822  821.5251763643693  2.3970437020238933  0.011032081093718683
1.0922627404238683  273  851  851.1083290067137  2.40550833013549  -0.0004112048731099039
1.0922627404238683  272  880  880.1909998560636  2.2581079450390007  -0.016216963854127225
1.0922627404238683  272  909  908.712566144802  2.31859930050382  -0.03494242332302387
1.0922627404238683  272  937  936.744431896701  2.305480230060084  -0.032060257131487586
1.0922627404238683  271  964  964.3721374589269  2.21899243915891  -0.012174366329150397
1.0922627404238683  271  991  991.445053985105  2.2933758170670444  0.010987547238442497
1.0922627404238683  271  1018  1018.0616137171911  2.2656601878636593  0.016532863856035092
1.3578917404238688  272  47  46.91782700577737  4.01150342452835  -0.03881952928415781
1.3578917404238688  273  92  92.08777844761833  3.760836887889411  0.01324797131099406
1.3578917404238688  273  136  136.1925716561254  3.610823838900558  0.001375508831649574
1.3578917404238688  274  179  179.26664308420828  3.328369154345097  0.025148774293116936
1.3578917404238688  274  222  221.46536035395215  3.175151053306081  -8.254228166907487e-05
1.3578917404238688  274  263  262.69135737136423  3.1772217748037974  -0.013019605475900028
1.3578917404238688  275  303  303.1256343404317  3.0255097275295384  -0.020923805706916678
1.3578917404238688  275  343  342.7704396230267  2.965652079235383  0.003061015701666539
1.3578917404238688  275  382  381.4894548220779  2.861180121659686  -0.006566575254178098
1.3578917404238688  275  419  419.46424241532486  2.8119020062133586  -0.0007364436817892174
1.3578917404238688  275  457  456.5956024760928  2.7336854876872394  -0.03095619754912817
1.3578917404238688  275  493  493.1100947703541  2.674978998515485  -0.0012584700118684839
1.3578917404238688  275  529  528.8090114497151  2.6637523651601214  -0.040697433084387453
1.3578917404238688  275  564  563.9347691908087  2.6051725966777894  0.028305050575717867
1.3578917404238688  275  598  598.25501006887  2.4880068664792816  -0.012976709308542363
1.3578917404238688  275  632  631.9760773781804  2.555108196135734  0.0013879989029338996
1.3578917404238688  275  665  665.0495718823746  2.578988689193693  -0.0003727142661521779
1.3578917404238688  275  698  697.5421969989934  2.536843837866172  0.019759045744150886
1.3578917404238688  275  729  729.3396906358495  2.4459344278393473  -0.003662210888812045
1.3578917404238688  274  761  760.6213838113839  2.399381728389244  -0.028079963834361846
1.3578917404238688  274  791  791.3736671241111  2.4332507311594327  0.019969821857480103
1.3578917404238688  274  821  821.4700505099138  2.386901892059086  0.015576270084001186
1.3578917404238688  274  851  851.0529323317163  2.3909808760654414  -0.010063240031891203
1.3578917404238688  273  880  880.1479731415238  2.2754332154459007  -0.0005517330146475628
1.3578917404238688  273  909  908.6699190344596  2.313591361072781  -0.028282406496615554
1.3578917404238688  273  937  936.6680298264276  2.274236957602966  -0.04762441681019481
1.3578917404238688  272  964  964.2977342046242  2.2216330946805556  -0.0035473573725823167
1.3578917404238688  272  991  991.4001087295173  2.3097311460564924  0.017796938584887664
1.3578917404238688  272  1018  1018.015688389031  2.2639297601610906  0.02445418376772613
1.6235207404238694  273  47  46.93992159164528  3.989397014856216  -0.04148052092817497
1.6235207404238694  274  92  92.09779714950956  3.7357175009177865  0.0005577832569348683
1.6235207404238694  274  136  136.21928282444165  3.6798516696166246  0.005274006367017913
1.6235207404238694  275  179  179.21456072943215  3.342167224804143  0.005912917233509709
1.6235207404238694  275  222  221.52183591036777  3.2090759600131946  0.021031280974254652
1.6235207404238694  275  263  262.6954737775864  3.2706152721347053  -0.01290487994331725
1.6235207404238694  276  303  303.0972949428578  3.0400645665013712  -0.045807628582943995
1.6235207404238694  276  343  342.7509042356229  2.9865705571893386  -0.0035134243006772225
1.6235207404238694  276  381  381.46054858978437  2.946619453644985  -0.015881983669829763
1.6235207404238694  276  419  419.4146751183148  2.7846997702498584  -0.013030858064765734
1.6235207404238694  276  457  456.59802359064685  2.7765514120929993  -0.017102439020218033
1.6235207404238694  276  493  493.0708017890361  2.750351484385817  -0.008228843496387353
1.6235207404238694  276  529  528.8103754972992  2.6301589387651347  -0.010539125567989938
1.6235207404238694  276  564  563.8818192971338  2.616335196747059  0.009262889828309175
1.6235207404238694  276  598  598.217911614212  2.516721669109984  -0.009586286792518913
1.6235207404238694  276  632  631.9513908160204  2.5580099354056074  0.0027911459047627266
1.6235207404238694  276  665  664.9934374522426  2.560773614265031  -0.02269245031322308
1.6235207404238694  276  698  697.4971918347393  2.571669626721473  0.022135746036436386
1.6235207404238694  276  729  729.3363211670121  2.4926823619156266  0.014375984301310053
1.6235207404238694  275  761  760.574279920027  2.4094028740308886  -0.026293485801087993
1.6235207404238694  275  791  791.2983077098387  2.4478937703702286  0.008938816952565041
1.6235207404238694  275  821  821.4254271970174  2.4098206378137093  0.02023136495026624
1.6235207404238694  275  851  851.0033113628358  2.432576361617066  -0.0044853232644278965
1.6235207404238694  274  880  880.1027625032885  2.294770103445444  0.0010854229733914043
1.6235207404238694  274  909  908.6156997455772  2.2974352970290965  -0.04110299757014238
1.6235207404238694  274  937  936.607774706181  2.3092090773608334  -0.051494601859168834
1.6235207404238694  273  964  964.2625375654048  2.243617570626384  0.016019454468240348
1.6235207404238694  273  991  991.3589522818045  2.2673289593581103  0.02311504546310491
1.6235207404238694  273  1018  1017.946756904863  2.260771115280363  0.02357997340376609
1.889149740423869  274  47  46.91222137236235  3.958190920743739  -0.03543265406088013
1.889149740423869  275  92  92.08399665172853  3.708968781872329  -0.0079278890608635
1.889149740423869  275  136  136.18344792332948  3.5905388711365163  -0.0025731804451512336
1.889149740423869  276  179  179.21204448507484  3.403399353743737  0.004085332241734659
1.889149740423869  276  222  221.48859852998905  3.228006331236031  -0.0028377945225555607
1.889149740423869  276  263  262.72611356552915  3.2432948874642307  -0.0037638772870887864
1.889149740423869  277  303  303.08980519315037  3.0910431711914157  -0.029686804010374452
1.889149740423869  277  343  342.75087527557815  3.030528683184457  -0.012886117674719425
1.889149740423869  277  381  381.40733941003293  2.961725625073427  -0.02636618661719097
1.889149740423869  277  419  419.4116047033509  2.8361949665895736  -0.0011857343173956542
1.889149740423869  277  457  456.5996863627699  2.8594727394117854  -0.01761450426754134
1.889149740423869  277  493  493.08309083098976  2.76190970792436  0.0015531277791897002
1.889149740423869  277  529  528.7935825529215  2.6712041254804717  -0.006968180491203362
1.889149740423869  277  564  563.8447792572516  2.5923049700907086  -0.0030311287262284317
1.889149740423869  277  598  598.1980029612358  2.590225558845077  -0.006441487962670772
1.889149740423869  277  632  631.916915277135  2.619134938787738  0.004043983315942908
1.889149740423869  277  665  664.9755351064848  2.5423327129724385  -0.0008884877855230355
1.889149740423869  277  697  697.4369998769691  2.54882083901407  0.003121734596599473
1.889149740423869  276  729  729.3373383779567  2.4572688369451043  0.024388583817041294
1.889149740423869  276  761  760.536359857893  2.415688893963079  -0.01430266058421336
1.889149740423869  276  791  791.2502042940304  2.477639594411812  0.017774381177955916
1.889149740423869  276  821  821.3652590653476  2.3911269359368816  0.012870578097049393
1.889149740423869  276  851  850.9497691193488  2.432076006122543  -0.008343848009747986
1.889149740423869  275  880  880.0536362266655  2.3346976192142392  -0.0034572727407326063
1.889149740423869  275  909  908.5461196991448  2.2776875615113568  -0.040799342635293084
1.889149740423869  275  937  936.5632063048079  2.294694363878193  -0.05625007630030471
1.889149740423869  274  964  964.21558838599  2.258040522982128  0.01536092000961123
1.889149740423869  274  991  991.2912536840856  2.301256326093039  0.025170123454545543
1.889149740423869  274  1018  1017.8682442676492  2.2463444215394475  0.02210289421233573
2.1547787404238687  275  47  46.85075363903355  3.946805431699758  -0.055456750758728066
2.1547787404238687  276  92  92.10694940067172  3.6999409400731906  -0.015577094764512994
2.1547787404238687  276  136  136.17138469818914  3.658385975379616  -0.007375150828479888
2.1547787404238687  277  179  179.23877656150893  3.327884480508544  -0.002938071627660615
2.1547787404238687  277  222  221.49864696808277  3.2227576560272837  -0.006746841182583689
2.1547787404238687  277  263  262.6981634011339  3.2315507437389215  -0.0048310992767042595
2.1547787404238687  278  303  303.09615311026687  3.0670329574604693  -0.014577385214945828
2.1547787404238687  278  343  342.6632328008695  2.990891895765685  -0.03481215678440355
2.1547787404238687  278  381  381.419018792581  2.955507831795444  -0.007742694486305717
2.1547787404238687  278  419  419.36910733625984  2.8010686851430364  0.000991293794198276
2.1547787404238687  278  457  456.6249025077748  2.7740869602162093  -0.010514857424329765
2.1547787404238687  278  493  493.0295964358763  2.7750819230010393  0.002861713283877602
2.1547787404238687  278  529  528.7709412150319  2.719713588127661  -0.015626837281248532
2.1547787404238687  278  564  563.8090647734105  2.6005322373848685  -0.004351726867991146
2.1547787404238687  278  598  598.1881383130799  2.6026423572116073  0.01103849219490726
2.1547787404238687  278  632  631.8840569345479  2.591607572587918  0.013602996287625391
2.1547787404238687  278  665  664.9364981894324  2.686212608388132  -0.012472667764782203
2.1547787404238687  278  697  697.4180670409805  2.5734796817037022  0.020767885052339844
2.1547787404238687  277  729  729.2839386348384  2.468629790324485  -0.004379305356206007
2.1547787404238687  277  761  760.5297175115791  2.3814341252773374  0.002621892122678574
2.1547787404238687  277  791  791.2174817171659  2.4238090565719403  0.028419651575803388
2.1547787404238687  277  821  821.3282869915726  2.406462064463085  0.025444718238712322
2.1547787404238687  277  851  850.8784794638125  2.417530781472351  -0.028120715713895947
2.1547787404238687  276  880  879.9945635251  2.3017762529427728  0.00861574920566806
2.1547787404238687  276  909  908.51809945723  2.296722733444085  -0.022459242425845603
2.1547787404238687  276  937  936.5163739206242  2.3009521733893052  -0.033265080948113944
2.1547787404238687  275  964  964.1460872875095  2.279176665004343  0.0003444133334114161
2.1547787404238687  275  991  991.2171084033386  2.3372884729301404  0.019237132431363494
2.1547787404238687  275  1018  1017.8094753239137  2.252786373481854  0.023347924325183914
2.4204077404238693  276  47  46.91680382969562  4.0517713332301994  -0.028807350864884455
2.4204077404238693  277  92  92.12390690089043  3.73068837626451  -0.009223668417758074
2.4204077404238693  277  136  136.26907099702558  3.5320527522229668  0.016401714844866022
2.4204077404238693  278  179  179.20960603365356  3.4144284868172576  -0.01394018398821369
2.4204077404238693  278  222  221.47442960316386  3.200206568415183  -0.0007416707876333496
2.4204077404238693  278  263  262.68807574514307  3.2553483645785946  -0.009295598115620828
2.4204077404238693  278  303  303.155877419157  3.142506952664121  -0.006821502182574345
2.4204077404238693  279  343  342.6640497316248  2.9331993319251524  -0.024986089586443452
2.4204077404238693  279  381  381.4241690138897  2.9290481359412297  -0.007977788796667084
2.4204077404238693  279  419  419.34670724601614  2.8415594904622594  -0.007513641379239656
2.4204077404238693  279  457  456.5515969848373  2.7290907703630864  -0.032481825832029396
2.4204077404238693  279  493  492.98805602066943  2.6913610907294014  -0.0205292024944726
2.4204077404238693  279  529  528.7566992612233  2.7033524378998663  -0.009090583301383227
2.4204077404238693  279  564  563.7972765499073  2.643170085952761  0.005140929734425988
2.4204077404238693  279  598  598.135295801504  2.6187222976673183  -0.008794150445098622
2.4204077404238693  279  632  631.8339088790184  2.566814889870784  -0.0033385658431632757
2.4204077404238693  279  665  664.9123337946689  2.6461458142478023  -0.014828353210081703
2.4204077404238693  279  697  697.3585654625123  2.5696088299532676  0.002792150951119287
2.4204077404238693  278  729  729.228684844783  2.5101962517651373  -0.005943975379416689
2.4204077404238693  278  760  760.4680724019512  2.410939925160392  -0.01481895280184689
2.4204077404238693  278  791  791.1720010750668  2.429298761983091  0.016546475396476468
2.4204077404238693  278  821  821.2703454508155  2.397862803558837  0.008021039863643825
2.4204077404238693  278  851  850.8239548321096  2.385876661024895  -0.026371832583782954
2.4204077404238693  277  880  879.951557024564  2.332821726772636  0.006530431774636228
2.4204077404238693  277  908  908.4582387139839  2.27610965951294  -0.021943686656752746
2.4204077404238693  277  936  936.4745532470051  2.316326825273336  -0.02227112769842097
2.4204077404238693  276  964  964.0931966059061  2.2420372297224276  0.01799029150721498
2.4204077404238693  276  991  991.1623182670801  2.3495588082032555  0.015839468768010064
2.4204077404238693  276  1018  1017.7386936657053  2.2882752349757993  0.01134956913829435
2.68603674042387  277  47  46.98960070493921  4.032235994660958  -0.037464765422346155
2.68603674042387  278  92  92.17734194121515  3.701203161282649  -0.0012696408083762566
2.68603674042387  278  136  136.27040506981822  3.5504751114459623  0.00645202503934556
2.68603674042387  279  179  179.20590023458394  3.523862610932383  -0.01382375453880986
2.68603674042387  279  221  221.46403765823612  3.1945893737023425  0.002785650659223031
2.68603674042387  279  263  262.7394018698139  3.2817268800034185  0.04881685419544263
2.68603674042387  279  303  303.11442778423645  3.030670618830868  -0.014314441436383904
2.68603674042387  280  343  342.68576447245664  2.9732788507140526  -0.01964052946881892
2.68603674042387  280  381  381.43355251486247  2.8891616215682916  -0.001109319688991644
2.68603674042387  280  419  419.3296077213034  2.854832686115742  -0.0028025905281523463
2.68603674042387  280  457  456.5385078237963  2.645685025813691  -0.027217848300431554
2.68603674042387  280  493  492.95537299488825  2.7332581078563294  -0.019762533712899922
2.68603674042387  280  529  528.7300072243089  2.6594575892879675  -0.02163150191424111
2.68603674042387  280  564  563.7555833124645  2.629457358451873  -0.009449704374335375
2.68603674042387  280  598  598.1109331847755  2.5452754643665685  -0.00551461132996651
2.68603674042387  280  632  631.8106859637492  2.530280346004247  -0.0007322058601806758
2.68603674042387  280  665  664.8907269854005  2.618594065588468  -0.009368944426009235
2.68603674042387  280  697  697.3512281721107  2.551000067526502  0.021765894053830517
2.68603674042387  279  729  729.2078166449721  2.522586791886397  0.008823173362678396
2.68603674042387  279  760  760.4550415585167  2.405464896660078  0.008727301703263364
2.68603674042387  279  791  791.1252469836212  2.4908773834504245  0.010102071617207936
2.68603674042387  279  821  821.2361949784203  2.4381785155201214  0.01997963958049646
2.68603674042387  278  851  850.8012874703967  2.4533209083376732  -0.014209501470561828
2.68603674042387  278  880  879.906503991559  2.3248384973232987  0.015552357848250039
2.68603674042387  278  908  908.4167999002381  2.2783563032755865  -0.01074101319948173
2.68603674042387  278  936  936.4325438510289  2.3074504782982785  -0.020643457014365964
2.68603674042387  277  964  964.0384617770058  2.2758753231994433  0.024845566642354936
2.68603674042387  277  991  991.0989692364631  2.3763166906878723  0.01189426042867846
2.68603674042387  277  1018  1017.6890676696075  2.2556183134871617  0.021911406755878937
