# Band 4C   Etalon 2B   Slice 6
# Distortion map version 06.04.00 - date 2018-10-11
# Trace (isoalpha): Take pixel trace along specified slice, specified alpha position trace is built by taking the pixel in every detector row with alpha value closest to the one specified 
# xpos[i] = np.argmin(alpha_img[i,:])+funcs.find_nearest(alpha_img[i,:][(slice_img[i,:]!=0)],alpha_pos)
#    alpha       x  y      center         FWHM          skewness
0.0  78  68  65.5846003158  0.457330685491  -0.250128199695
0.0  78  124  122.246710383  50.0034494152  0.0
0.0  79  180  179.606939706  8.81212342015  0.285017685286
0.0  79  234  233.58717872  4.55545102799  -0.111685545342
0.0  79  286  286.37408016  5.5464360079  -0.067665137267
0.0  79  338  338.093684442  4.69887174316  -0.0249609773672
0.0  80  388  388.040757275  4.65798672694  -0.000377590331997
0.0  80  437  437.137468836  4.51652599021  -0.0471320688187
0.0  80  484  484.527034252  4.06558375576  -0.00978078848822
0.0  80  531  530.822846237  4.40915350159  -0.0468869384113
0.0  80  576  576.272368798  3.90864716487  0.00588636526288
0.0  80  620  620.203989025  3.70072316706  -0.0427567252295
0.0  79  663  663.080352852  3.79479417037  -0.0168341128745
0.0  79  705  705.28251  3.82165058865  -0.0123813547155
0.0  79  746  746.231818765  3.5061937249  0.000385519122694
0.0  79  786  786.24567681  3.61182794086  -0.0389090142036
0.0  79  825  825.45587402  3.49224265408  0.0166020574544
0.0  78  864  863.531667425  3.34134760571  -0.017762284353
0.0  78  901  900.983735911  3.35961962795  0.0203938711981
0.0  78  938  937.519552986  3.28215801087  -0.031349335033
0.0  77  973  973.22510714  3.16944781297  0.0128235750377
0.0  77  1008  1008.09002501  2.90529882966  0.0199376829913
-2.66994150494  68  64  63.8036154238  4.57172204527  -0.112148619236
-2.66994150494  68  122  121.803048307  3.19462532507  -0.0189509685917
-2.66994150494  68  177  177.900294051  5.75190676449  -0.0944945258437
-2.66994150494  69  233  232.636408807  4.61315947667  -0.00630230382662
-2.66994150494  69  285  285.309097909  5.29197418238  -0.0457298091343
-2.66994150494  69  337  336.892529574  0.0550803356963  -0.0480095882479
-2.66994150494  69  387  387.004550473  4.18672512834  -0.00609714025505
-2.66994150494  70  436  435.831310903  4.70547577764  -0.0376545290885
-2.66994150494  70  484  483.787594058  4.0294856348  0.0143574381478
-2.66994150494  70  530  529.831685073  3.91041303383  -0.0761017174622
-2.66994150494  70  575  575.179617535  4.36181951766  -0.015450246366
-2.66994150494  69  619  619.337396004  3.90264148863  -0.0209197261519
-2.66994150494  69  662  662.352668916  3.80116284766  0.00971240349592
-2.66994150494  69  704  704.406983337  3.79994297213  -0.0224513639963
-2.66994150494  69  746  745.605846782  3.54730615857  0.0306584625305
-2.66994150494  69  786  785.53288788  3.53039798473  -0.0418062314628
-2.66994150494  69  825  824.723827758  3.44024541937  -0.00523144117145
-2.66994150494  68  863  862.93147517  3.44162034715  -0.0163798884674
-2.66994150494  68  900  900.338038831  3.26784862684  0.0143229749142
-2.66994150494  68  937  936.977296264  3.35123773388  0.00353486561811
-2.66994150494  67  973  972.684210734  3.20764941026  0.00850262578347
-2.66994150494  67  1008  1007.67395653  3.04828249576  -0.0226930143368
-2.44225950494  68  64  63.7278143272  0.0504604873476  -0.20015945903
-2.44225950494  69  122  122.178514754  2.82228416697  -0.0710136520438
-2.44225950494  69  177  177.408260877  0.0563785596037  -0.232686192766
-2.44225950494  70  233  232.815551712  5.58520269837  -0.0320707418397
-2.44225950494  70  285  285.483352248  5.25922646706  -0.0467485337201
-2.44225950494  70  337  337.035595581  5.03474036589  -0.0278761437249
-2.44225950494  70  387  387.090991279  4.08909598006  -0.0183171141092
-2.44225950494  70  436  435.851612852  4.70327056897  -0.033126297442
-2.44225950494  70  484  483.787594058  4.0294856348  0.0143574381478
-2.44225950494  70  530  529.831685073  3.91041303383  -0.0761017174622
-2.44225950494  70  575  575.179617535  4.36181951766  -0.015450246366
-2.44225950494  70  619  619.427329239  3.72224930272  -0.0515325238177
-2.44225950494  70  662  662.389104173  3.70842517897  -0.0187479856408
-2.44225950494  70  704  704.452463117  3.85895057253  -0.0384381544344
-2.44225950494  70  746  745.652275709  3.51680724944  0.0122180803942
-2.44225950494  70  786  785.574359264  3.54398042409  -0.0538467474245
-2.44225950494  69  825  824.739562263  3.44717612625  0.00170059991936
-2.44225950494  69  863  863.037442979  3.33474343242  -0.0106488979742
-2.44225950494  69  900  900.40152858  3.26284012783  0.0252342113751
-2.44225950494  69  937  937.050465517  3.38880339083  0.000870202211577
-2.44225950494  68  973  972.764411748  3.23343033274  0.0121571629946
-2.44225950494  68  1007  1006.39741159  0.0348359969122  -1.96553788564
-2.21457750494  69  65  64.4852467907  3.31471757592  -0.10614837471
-2.21457750494  70  122  117.486298067  1.85086881172  -0.0332328002936
-2.21457750494  70  180  178.710738811  14.283389679  -0.00325425100433
-2.21457750494  71  233  233.017141466  0.0636726023167  0.104218986245
-2.21457750494  71  286  285.501299948  4.86301371345  -0.0705425525542
-2.21457750494  71  337  337.154133418  4.75994975817  -0.0346019149816
-2.21457750494  71  387  387.194100073  4.14067220746  -0.0136449871135
-2.21457750494  71  436  435.939548624  4.63673187538  -0.0664752757219
-2.21457750494  71  484  483.764176851  4.17991266075  -0.00506230900376
-2.21457750494  71  530  529.931685195  4.01474331198  -0.0809380117677
-2.21457750494  71  576  575.44772382  4.22768547539  0.0254713985445
-2.21457750494  71  620  619.553517389  3.83763299339  -0.0220085741737
-2.21457750494  71  662  662.481108145  3.77797625785  -0.00344061792042
-2.21457750494  71  705  704.583414366  3.78621631918  -0.0241953099526
-2.21457750494  71  746  745.670903148  3.5398138454  -0.00194688756822
-2.21457750494  71  786  785.591704497  3.52849174164  -0.0674380888729
-2.21457750494  70  825  824.79639411  3.5517617145  0.00495522721352
-2.21457750494  70  863  863.092322443  3.34538970737  -0.0174486823427
-2.21457750494  70  900  900.389164542  3.25849185504  -0.00512148005306
-2.21457750494  69  937  937.051191703  3.38710542989  0.00166134752296
-2.21457750494  69  973  972.849775486  3.26812147672  0.0192488565303
-2.21457750494  69  1008  1007.7566329  3.15092250879  -0.0398323506793
-1.98689550494  70  29  -169.538608789  813.08031207  -8.75763024648
-1.98689550494  70  64  65.6594588913  27.0799963446  -0.00365122396241
-1.98689550494  71  122  122.991537702  0.439091048981  0.343915467284
-1.98689550494  71  178  178.092909408  0.0731172038355  -0.166408237944
-1.98689550494  71  233  233.079181052  4.49169317495  -0.0106136090037
-1.98689550494  72  286  285.619676951  4.66093796256  -0.100550724505
-1.98689550494  72  337  337.26944544  4.83811525012  -0.0288526783487
-1.98689550494  72  387  387.318118552  4.14470479924  -0.00511007761862
-1.98689550494  72  436  436.019189843  4.80663050326  -0.0800769717906
-1.98689550494  72  484  483.826639694  4.08779324287  0.00609361249707
-1.98689550494  72  530  530.020690825  4.10075149933  -0.0727134291599
-1.98689550494  72  576  575.470612536  4.19494036474  0.0117973124085
-1.98689550494  72  620  619.628448945  3.81413315882  -0.0234077914883
-1.98689550494  72  663  662.529050382  3.72586370147  -0.00739486220368
-1.98689550494  72  705  704.678883513  3.78538944063  -0.0213678322355
-1.98689550494  72  746  745.71103422  3.62431527643  -0.00378093998056
-1.98689550494  71  786  785.629208598  3.61233011593  -0.051411361226
-1.98689550494  71  825  824.945693814  3.55582064554  0.0175911281251
-1.98689550494  71  863  863.124156819  3.39442571106  -0.0350611451595
-1.98689550494  71  900  900.463288916  3.23138657559  0.00347252165253
-1.98689550494  70  937  937.131675336  3.29296546718  -0.0109660476412
-1.98689550494  70  973  972.890399425  3.21306959959  0.00250113633366
-1.98689550494  70  1008  1007.89787818  2.87581229231  0.214176615184
-1.75921350494  71  64  64.1166605006  0.29070722376  -7.01678620954
-1.75921350494  71  122  122.298539493  5.96450497628  -0.0160167839292
-1.75921350494  72  169  163.234344855  0.0150377539139  -6.44919761602
-1.75921350494  72  209  209.088311175  2.14606279341  -0.564393800021
-1.75921350494  72  245  291.938871429  287.530334396  15.0621966029
-1.75921350494  72  286  285.62829217  4.85476646305  -0.0782879648891
-1.75921350494  73  337  337.345232457  4.65471365794  -0.0547607327342
-1.75921350494  73  387  387.357128608  4.30729998063  -0.0154378142724
-1.75921350494  73  436  436.203271091  4.80758996099  -0.025203227414
-1.75921350494  73  484  483.920606264  3.94738423215  -0.000264595196887
-1.75921350494  73  530  530.073972631  4.12634228531  -0.0633221755998
-1.75921350494  73  576  575.477752976  4.24873919374  -0.0310124193998
-1.75921350494  73  620  619.715695212  3.8911282252  -0.0167733969092
-1.75921350494  73  663  662.594350396  3.80602904334  -0.0200946893952
-1.75921350494  73  705  704.749845785  3.87301924063  -0.0141257910124
-1.75921350494  72  746  745.710515215  3.62638336457  -0.00560329352007
-1.75921350494  72  786  785.715356573  3.56932177928  -0.0518551935124
-1.75921350494  72  825  825.051032471  3.49106605121  0.0161455338242
-1.75921350494  72  863  863.209436747  3.36662803205  -0.0255300347202
-1.75921350494  71  900  900.464182922  3.23668945318  0.00764575919699
-1.75921350494  71  937  937.205050938  3.36969115828  -0.0021098830597
-1.75921350494  71  973  972.929450637  3.29838250354  0.000439897128902
-1.75921350494  70  1008  1007.88106439  2.86933838725  0.199030696641
-1.53153150494  72  65  65.4681522115  3.64720960547  0.0141521418187
-1.53153150494  72  123  123.10599234  3.65006936895  0.160408915403
-1.53153150494  73  179  178.945946255  5.33113858402  -0.026043436385
-1.53153150494  73  233  233.138968427  0.0604760749413  -0.0350389629939
-1.53153150494  73  286  285.699012429  5.06876349359  -0.0636220645184
-1.53153150494  74  338  337.612394637  4.85663295704  -0.0492808317073
-1.53153150494  74  388  387.481285795  4.30020025587  -0.0235541478376
-1.53153150494  74  436  436.299009369  4.70592325669  -0.0401525818533
-1.53153150494  74  484  484.030511401  4.06257829644  0.00384852489557
-1.53153150494  74  530  530.170937055  4.16339527682  -0.0726405987447
-1.53153150494  74  576  575.703381649  4.0432058803  0.00438893184546
-1.53153150494  74  620  619.728471868  3.82811828332  -0.0310558969413
-1.53153150494  74  663  662.718263229  3.81281005377  -0.00865767758362
-1.53153150494  73  705  704.767441469  3.85647156576  -0.00862728426995
-1.53153150494  73  746  745.750662593  3.68722369672  -0.0280426226743
-1.53153150494  73  786  785.769685793  0.0438138126436  -0.0629328432416
-1.53153150494  73  825  825.093041884  3.41882645087  0.0132406164081
-1.53153150494  73  863  863.242826776  3.4322757636  -0.0203052093267
-1.53153150494  72  900  900.531069184  3.16990258694  0.00158218162324
-1.53153150494  72  937  937.238822103  3.29599710053  -0.0129488374054
-1.53153150494  72  973  972.98343419  3.23026538675  0.00724956914614
-1.53153150494  71  1008  1008.1069487  2.89004270936  0.101238083181
-1.30384950494  73  66  65.017768792  3.71329840783  -0.0943663248364
-1.30384950494  73  122  122.48046576  2.12723142642  -0.128722803665
-1.30384950494  74  180  178.599086236  9.18139358163  -0.249930377053
-1.30384950494  74  233  233.315493155  5.6031638037  -0.0263972528703
-1.30384950494  74  286  286.107120171  5.58294233067  -0.0102548079528
-1.30384950494  74  338  337.648901297  4.86294145896  -0.0174356401963
-1.30384950494  75  387  387.480939721  4.33873019975  -0.0436850893021
-1.30384950494  75  436  436.513545825  4.70782878649  -0.0456267671778
-1.30384950494  75  484  484.120163635  4.16807510548  -0.00854019235299
-1.30384950494  75  530  530.299019198  4.1148063935  -0.0771902896123
-1.30384950494  75  576  575.787321236  3.99363757622  -0.0100476105899
-1.30384950494  75  620  619.756673994  3.68233914761  -0.0477414952225
-1.30384950494  74  663  662.701186812  3.8311764586  -0.0167849333722
-1.30384950494  74  705  704.87433172  3.78595916605  -0.00338916334085
-1.30384950494  74  746  745.902237054  3.70697380807  -0.000672973692181
-1.30384950494  74  786  785.874987578  3.62891993469  -0.0472946457225
-1.30384950494  74  825  825.164612886  3.42461242954  0.00215312295827
-1.30384950494  73  863  863.2438626  3.43500483039  -0.0163611838574
-1.30384950494  73  901  900.617122294  3.25402488248  0.00437543859009
-1.30384950494  73  937  937.310182952  3.33542153626  0.00301121767421
-1.30384950494  72  973  972.982237252  3.23644668719  0.00240676646199
-1.30384950494  72  1008  1008.05636273  2.98763859321  0.0577537245199
-1.07616750494  74  67  66.9906325515  0.422239058378  -0.242413282158
-1.07616750494  74  123  122.745710076  0.544901000011  -0.0118073376203
-1.07616750494  74  180  180.021039193  9.0197537972  0.255309126966
-1.07616750494  75  233  233.426401643  4.50435701811  -0.0185288437983
-1.07616750494  75  286  285.986972114  5.11368628208  -0.0717677886409
-1.07616750494  75  338  337.66574646  4.87020284102  -0.0374006919467
-1.07616750494  75  387  387.480593635  4.3370682676  -0.044902994925
-1.07616750494  76  437  436.594669199  4.65390020257  -0.0517829841047
-1.07616750494  76  484  484.289794119  4.07133097983  0.0117253786911
-1.07616750494  76  531  530.451536973  4.15158035173  -0.0628984874915
-1.07616750494  76  576  575.850836968  4.01002591375  -0.00519548143467
-1.07616750494  75  620  619.756463637  3.6827436095  -0.0485666572253
-1.07616750494  75  663  662.751180536  3.8067466807  -0.0142019831105
-1.07616750494  75  705  704.965714368  3.63363291441  0.00205754233026
-1.07616750494  75  746  745.984549696  3.6697002447  0.0037601399039
-1.07616750494  75  786  785.97569041  3.71240868067  -0.0368979206493
-1.07616750494  75  825  825.242158325  3.43767655984  0.0210561187655
-1.07616750494  74  863  863.29855007  3.39994628958  -0.030516563454
-1.07616750494  74  901  900.687877622  3.27171811739  0.021564674835
-1.07616750494  74  937  937.335614502  3.38900803326  -0.00703716738151
-1.07616750494  73  973  973.042088126  3.24241196425  0.00993305424199
-1.07616750494  73  1008  1007.92843467  3.14208324112  -0.0219009855386
-0.84848550494  74  32  47.736210947  27.9065693716  0.0
-0.84848550494  74  65  66.8318942931  0.260776555681  0.13240491161
-0.84848550494  75  123  122.587064183  5.84259566719  -0.168434438012
-0.84848550494  75  178  179.335331879  6.80632907938  -0.0330349676991
-0.84848550494  76  232  232.948745896  6.61807379347  -0.0594252706099
-0.84848550494  76  286  286.033870057  5.07296352304  -0.0791474514708
-0.84848550494  76  338  337.863016527  4.92339645771  -0.0104580528469
-0.84848550494  76  388  387.637414859  4.20143543564  -0.040824586244
-0.84848550494  76  437  436.594448433  4.65435658099  -0.0522203567337
-0.84848550494  76  484  484.289794119  4.07133097983  0.0117253786911
-0.84848550494  76  531  530.451536973  4.15158035173  -0.0628984874915
-0.84848550494  76  576  575.850836968  4.01002591375  -0.00519548143467
-0.84848550494  76  620  619.869387844  3.73165103104  -0.0439873742971
-0.84848550494  76  663  663.186478123  3.3222144273  0.0274702722554
-0.84848550494  76  705  705.067180911  3.72661645584  0.00471776436815
-0.84848550494  76  746  746.054302796  3.60221745803  0.00649442218429
-0.84848550494  76  786  786.050524682  3.60675046502  -0.0398570300735
-0.84848550494  75  825  825.242389912  3.43880652431  0.0218624826504
-0.84848550494  75  863  863.359549431  3.3467439092  -0.0224936357056
-0.84848550494  75  901  900.771301094  3.37367420776  0.0251479576579
-0.84848550494  74  937  937.350271772  3.3022563836  -0.0246031682076
-0.84848550494  74  973  973.121351538  3.2208416411  0.0257697877484
-0.84848550494  74  1008  1007.98832291  3.16957390489  -0.0203397915542
-0.62080350494  75  65  65.1343663179  3.62868937097  -0.0789724855325
-0.62080350494  76  123  123.336691451  3.5423687023  0.0638302847262
-0.62080350494  76  180  179.33792113  5.81553952531  -0.0378338252805
-0.62080350494  77  232  232.73132127  0.0285562690522  3.23779163696
-0.62080350494  77  286  286.246521711  5.58636024433  -0.0548879485171
-0.62080350494  77  338  337.948438905  4.73259001106  -0.0168039425987
-0.62080350494  77  388  387.63586176  4.26559467109  -0.0678494558424
-0.62080350494  77  437  436.751188989  4.58353424554  -0.0148759252272
-0.62080350494  77  484  484.391583022  4.16739214351  0.00979482220996
-0.62080350494  77  530  530.504349328  4.3088497784  -0.0780328558714
-0.62080350494  77  576  575.960587537  4.13674516899  -0.000689477791425
-0.62080350494  77  620  619.976688611  3.81871757017  -0.0346548178407
-0.62080350494  77  663  662.940326839  3.80471791098  -0.0142885396557
-0.62080350494  77  705  705.158076813  3.6710590649  -0.00319813599272
-0.62080350494  77  746  746.081801702  3.56011694253  0.00910315697102
-0.62080350494  76  786  786.071353215  3.55442588461  -0.0529589626261
-0.62080350494  76  825  825.300853842  3.41345790357  0.0115005842913
-0.62080350494  76  864  863.479979252  3.30166275895  0.0033383967632
-0.62080350494  76  901  900.806461623  3.26748977531  0.0135490351159
-0.62080350494  75  937  937.423853896  3.39670076565  2.1663995597e-05
-0.62080350494  75  973  973.163436953  3.14793219088  0.0130336079336
-0.62080350494  75  1008  1008.04822779  3.25754584148  -0.0319280974813
-0.39312150494  76  65  65.0127568669  3.38634593927  -0.147992597291
-0.39312150494  77  123  123.086515084  3.2259651372  -0.00467981998557
-0.39312150494  77  180  179.386186697  5.17837072334  -0.0285642783982
-0.39312150494  77  232  232.379808979  1.68830598072  1.06202963486
-0.39312150494  78  272  286.53208929  5.60522621305  0.0362858707526
-0.39312150494  78  308  308.076871505  0.782148373326  0.124270845662
-0.39312150494  78  346  344.878862758  0.143122946899  10.1347930477
-0.39312150494  78  388  387.863053831  4.34066934691  0.0100338510381
-0.39312150494  78  437  436.920218005  4.48693970906  0.000169733297084
-0.39312150494  78  485  484.446267424  4.11995160189  -0.00587626812768
-0.39312150494  78  531  530.58097001  4.06115339752  -0.0689153631171
-0.39312150494  78  576  576.077507116  4.02012863891  0.00303998680122
-0.39312150494  78  620  620.097052424  3.73213527066  -0.0335869040051
-0.39312150494  78  663  662.97618137  3.83828353652  -0.0201024102823
-0.39312150494  78  705  705.247983833  3.81466104189  0.0124715374996
-0.39312150494  78  746  746.166978575  3.56580779687  0.00995684229458
-0.39312150494  77  786  786.124041842  3.56632102199  -0.037949043633
-0.39312150494  77  825  825.346007514  3.44568454862  0.0101236933859
-0.39312150494  77  864  863.476595673  3.3306811467  -0.0182756792646
-0.39312150494  77  901  900.877620535  3.24525921601  0.0108448534215
-0.39312150494  76  937  937.427082639  3.36755240413  -0.023463414576
-0.39312150494  76  973  973.200538546  3.14988543544  0.00888077708042
-0.39312150494  75  1008  1008.07769989  3.22704751122  -0.0283857747791
-0.16543950494  77  68  67.887740694  0.244598209004  7.52768342848
-0.16543950494  78  134  142.921876953  25.3205446336  -0.00917755797262
-0.16543950494  78  180  179.437122955  14.014677737  0.00433784696178
-0.16543950494  78  233  233.530828  6.05748469131  -0.0217747394496
-0.16543950494  79  286  286.535928646  5.63301581936  0.0518145844161
-0.16543950494  79  338  338.093684442  4.69887174316  -0.0249609773672
-0.16543950494  79  388  387.96350814  4.41467508914  0.00606116441949
-0.16543950494  79  437  436.988267478  4.70001861895  -0.0238767895477
-0.16543950494  79  484  484.449130411  4.04505194387  -0.0149794570874
-0.16543950494  79  531  530.664949402  4.19629070472  -0.0705049418105
-0.16543950494  79  576  576.220091633  3.97883571403  0.025251159484
-0.16543950494  79  620  620.163034603  3.72154008078  -0.0408704844508
-0.16543950494  79  663  663.080352852  3.79479417037  -0.0168341128745
-0.16543950494  79  705  705.28251  3.82165058865  -0.0123813547155
-0.16543950494  78  746  746.165750805  3.56717085745  0.00534994674306
-0.16543950494  78  786  786.208485368  3.63628044908  -0.0336827915319
-0.16543950494  78  825  825.40110695  3.43970905848  0.00873568557123
-0.16543950494  78  864  863.531667425  3.34134760571  -0.017762284353
-0.16543950494  77  901  900.878649947  3.25251478417  0.00862057338719
-0.16543950494  77  937  937.499274789  3.32739378719  -0.0104358160604
-0.16543950494  77  973  973.22510714  3.16944781297  0.0128235750377
-0.16543950494  76  1008  1008.10846595  3.27850587364  -0.00310951886961
0.0622424950597  78  68  65.9058912728  31.0533081914  -0.0245451128403
0.0622424950597  78  124  122.914804003  42.443355365  0.0238837959238
0.0622424950597  79  180  179.890827168  6.24698748834  -0.025858950092
0.0622424950597  79  234  233.58717872  4.55545102799  -0.111685545342
0.0622424950597  79  286  286.37408016  5.5464360079  -0.067665137267
0.0622424950597  80  338  338.211810928  4.58291367315  -0.0322102630558
0.0622424950597  80  388  387.908796216  4.77445582687  -0.0590742631512
0.0622424950597  80  437  437.137468836  4.51652599021  -0.0471320688187
0.0622424950597  80  484  484.527034252  4.06558375576  -0.00978078848822
0.0622424950597  80  531  530.822846237  4.40915350159  -0.0468869384113
0.0622424950597  80  576  576.272368798  3.90864716487  0.00588636526288
0.0622424950597  80  620  620.203954142  3.69986177642  -0.0430323137863
0.0622424950597  80  663  663.189121291  3.84781114104  -0.00211920993308
0.0622424950597  79  705  705.266735633  3.8349991552  -0.0155423037607
0.0622424950597  79  746  746.231818765  3.5061937249  0.000385519122694
0.0622424950597  79  786  786.24567681  3.61182794086  -0.0389090142036
0.0622424950597  79  825  825.45608687  3.49301473864  0.0172668299032
0.0622424950597  79  864  863.583145205  3.38915924196  -0.0323193941597
0.0622424950597  78  901  900.983735911  3.35961962795  0.0203938711981
0.0622424950597  78  938  937.519552986  3.28215801087  -0.031349335033
0.0622424950597  78  973  973.270206626  3.19852187925  0.0401194402984
0.0622424950597  77  1008  1008.09002501  2.90529882966  0.0199376829913
0.28992449506  78  32  38.7602199639  1.03721836597  -0.0497901478659
0.28992449506  79  66  66.1893256181  3.57035201922  -0.0799682871932
0.28992449506  79  124  123.273224642  7.06036161331  -0.122232946875
0.28992449506  80  180  179.611893016  4.64496620005  -0.0762721016359
0.28992449506  80  234  233.791778518  0.0587018821849  -0.0381795926524
0.28992449506  80  286  286.543303283  5.42563466632  -0.0614719023615
0.28992449506  80  338  338.212367849  4.60619257211  -0.0294309635104
0.28992449506  81  388  388.068622564  4.56143000588  -0.0646985249152
0.28992449506  81  437  437.279505534  4.52569825486  0.00158018086943
0.28992449506  81  485  484.566314963  4.12802178772  -0.0266763306321
0.28992449506  81  531  530.904942845  0.0539311655676  -0.0482382886837
0.28992449506  81  576  576.309064666  4.00807177026  -0.010800593859
0.28992449506  81  620  620.246580278  3.62288010868  -0.0336244821117
0.28992449506  81  663  663.234283084  3.79383648763  -0.011807133014
0.28992449506  80  705  705.361745021  3.8196651476  -0.0129970147683
0.28992449506  80  746  746.286946439  3.57268304817  -0.000886252865213
0.28992449506  80  786  786.281903197  3.60156941325  -0.0551425435783
0.28992449506  80  825  825.457703924  3.50966282761  -0.00446239194241
0.28992449506  79  864  863.597197823  3.38671736542  -0.0308331746093
0.28992449506  79  901  901.018403215  3.34651297138  0.0237560438708
0.28992449506  79  938  937.608106401  3.38191328439  -0.000365701945962
0.28992449506  78  973  973.224122149  3.18782426496  -0.0120360073694
0.28992449506  78  1008  1008.21956042  3.13660573761  -0.00255618138456
0.51760649506  79  66  66.585722348  3.80385393406  -0.0285815036197
0.51760649506  80  124  124.096351942  2.26342585643  0.564263539507
0.51760649506  80  180  179.61445738  4.61811803052  -0.068617568825
0.51760649506  81  234  234.009029394  4.58655646769  -0.018378045194
0.51760649506  81  287  286.72902533  5.38200376773  -0.0482044938443
0.51760649506  81  338  338.341897221  4.37959501246  -0.0124828277941
0.51760649506  81  388  388.068095707  4.4319520359  -0.0724730134055
0.51760649506  82  437  437.405404007  4.55293189734  0.00796852393594
0.51760649506  82  485  484.681082347  4.07814906602  -0.0195991579142
0.51760649506  82  531  531.055906802  4.341091906  -0.0532383052171
0.51760649506  82  576  576.420419456  3.97871676469  0.00474092553011
0.51760649506  81  620  620.265205061  3.58860078158  -0.0171516059409
0.51760649506  81  663  663.288374353  3.93024295947  -0.00188471429244
0.51760649506  81  705  705.375791974  3.76035074188  -0.0218480975803
0.51760649506  81  746  746.337210928  3.6387700519  -0.0174125140441
0.51760649506  81  786  786.299286641  3.58699095915  -0.0637808004504
0.51760649506  81  826  825.509289995  3.48908067416  0.000550657099982
0.51760649506  80  864  863.636209765  3.48379719594  -0.0375082621575
0.51760649506  80  901  901.072128226  3.3483341835  0.0203843137508
0.51760649506  80  938  937.665011643  3.43901369024  -0.00232466067412
0.51760649506  79  973  973.275731447  3.21209495589  0.00229425913514
0.51760649506  79  1008  1008.16863206  3.34140098417  -0.0787510949633
0.74528849506  80  66  66.2710287082  3.67305271104  -0.0604043490964
0.74528849506  81  124  124.123909246  3.52417403391  0.0831972600243
0.74528849506  81  180  180.005982167  0.0636275982606  -0.0308843063989
0.74528849506  82  234  234.091961717  5.86727040835  -0.0362489303342
0.74528849506  82  287  286.998128893  5.51411845091  -0.0161827516647
0.74528849506  82  338  338.507265072  4.61741839541  -0.00124948774457
0.74528849506  82  388  388.241659035  4.44774473553  -0.0111628572699
0.74528849506  82  437  437.405404007  4.55293189734  0.00796852393594
0.74528849506  82  485  484.681082347  4.07814906602  -0.0195991579142
0.74528849506  82  531  531.055906802  4.341091906  -0.0532383052171
0.74528849506  82  576  576.420419456  3.97871676469  0.00474092553011
0.74528849506  82  620  620.268774748  3.75834482352  -0.0544561623174
0.74528849506  82  663  663.393136384  3.84474818588  0.00298069760903
0.74528849506  82  706  705.44934667  3.66433326117  -0.00989939092226
0.74528849506  82  746  746.397321717  3.6573296644  -0.0178101934189
0.74528849506  82  786  786.34730071  3.6048633882  -0.0609721847976
0.74528849506  81  826  825.510039552  3.49422426665  0.00376409071571
0.74528849506  81  864  863.702280271  3.43901303581  -0.0323742992963
0.74528849506  81  901  901.11945983  3.37425987089  0.0270818041484
0.74528849506  80  938  937.664269546  3.45154013305  -0.00980620065078
0.74528849506  80  973  973.352930974  3.26287039153  0.00457270725447
0.74528849506  80  1008  1008.20826491  2.79003434285  -0.124072921359
0.97297049506  81  67  66.5767453615  3.74852417416  -0.000632708437303
0.97297049506  82  124  118.013382211  0.895160049059  -0.0384152695349
0.97297049506  82  180  180.007793401  11.9898036413  -0.0165777811318
0.97297049506  83  234  234.373998863  5.13560318745  0.0674387948143
0.97297049506  83  287  286.937795089  5.91189439887  -0.0494822529156
0.97297049506  83  339  338.52218387  4.72294204433  -0.052618577623
0.97297049506  83  388  388.272580533  4.37232195631  -0.0416886027186
0.97297049506  83  438  437.48950034  4.56829982499  -0.012615247971
0.97297049506  83  485  484.779143691  4.04219609816  -0.0160286652841
0.97297049506  83  531  531.062404873  4.25845758717  -0.078258421138
0.97297049506  83  576  576.518510173  3.97368746927  -0.00153685135384
0.97297049506  83  620  620.381491382  3.83886583641  -0.0426588300069
0.97297049506  83  664  663.473434459  3.98474849418  0.0213491993291
0.97297049506  83  706  705.505131965  3.58802658317  -0.0177770852918
0.97297049506  83  746  746.483383893  3.67545969791  -0.0102890518439
0.97297049506  83  786  786.395249541  3.6196747027  -0.0623964700047
0.97297049506  82  826  825.59333748  3.35645644829  0.0144075635335
0.97297049506  82  864  863.759086365  3.45040970112  -0.0173964827322
0.97297049506  82  901  901.130561595  3.40257952365  0.0135290413553
0.97297049506  81  938  937.703186548  3.45125553234  -0.00245788492751
0.97297049506  81  973  973.43582736  3.20287503518  0.0144175104213
0.97297049506  81  1008  1008.32890256  3.19128360658  -0.0220545767916
1.20065249506  82  32  35.2657510226  0.735190380975  -0.0708056302914
1.20065249506  82  66  66.4642284664  0.30634826057  -0.0218344028002
1.20065249506  83  124  117.571669934  1.53521673449  0.0420095923685
1.20065249506  83  180  180.082938348  6.22128537774  -0.00696387548823
1.20065249506  83  234  234.162684416  5.00929844359  -0.0730814248833
1.20065249506  84  287  287.017725578  5.48850973399  -0.0424964259219
1.20065249506  84  338  338.610744301  4.70340178738  -0.0244892615733
1.20065249506  84  388  388.367112033  4.45432596746  -0.0572213046296
1.20065249506  84  438  437.468923406  4.55066994574  -0.0496394088518
1.20065249506  84  485  484.971971517  3.92847318982  0.015322549072
1.20065249506  84  531  531.105263885  4.26427736627  -0.0819823699742
1.20065249506  84  576  576.550128349  4.06504820695  -0.0154243917954
1.20065249506  84  620  620.488019801  3.85834353172  -0.0494898971751
1.20065249506  84  664  663.631503694  3.86248015795  0.0214721627236
1.20065249506  84  706  705.618956469  3.64282986816  0.00160022288393
1.20065249506  84  746  746.534895746  3.62944662508  -0.0163822686718
1.20065249506  83  786  786.44621605  3.73277674581  -0.0561543892289
1.20065249506  83  826  825.654067272  3.39702538467  0.0146388750516
1.20065249506  83  864  863.751277821  3.50120315349  -0.0422229843609
1.20065249506  83  901  901.195190711  3.38209422879  0.0238752540256
1.20065249506  82  938  937.724613091  3.35000409748  -0.0222169025323
1.20065249506  82  974  973.476261141  3.17789606256  0.0210451600345
1.20065249506  81  1008  1008.35741119  3.12954055268  0.00474811143316
1.42833449506  82  8  8.02533410227  2.79231509362  -0.105349997235
1.42833449506  83  67  66.7719892548  3.9070612075  -0.0888741605413
1.42833449506  83  124  124.656580113  9.33297273901  0.0623396504711
1.42833449506  84  180  180.206893726  5.49088258967  -0.0186991948823
1.42833449506  84  234  234.304107834  4.68697296078  -0.0179732693488
1.42833449506  85  287  287.048948323  5.33028748727  -0.0680267460092
1.42833449506  85  339  338.607221941  4.70195564612  -0.0626223788319
1.42833449506  85  388  388.507396256  4.39271601873  -0.0599295649955
1.42833449506  85  437  437.504927854  4.69440421058  -0.0119676350595
1.42833449506  85  485  484.965109169  4.06560467132  -0.0298714599996
1.42833449506  85  531  531.223849358  4.45029398885  -0.0644576231825
1.42833449506  85  577  576.714111519  4.08277665966  0.0267272381353
1.42833449506  85  621  620.501474627  3.95193494171  -0.064060000158
1.42833449506  85  664  663.644802606  3.74352345678  0.00620340624019
1.42833449506  85  706  705.717304396  3.63528045604  0.00913544335563
1.42833449506  84  746  746.53477849  3.62895810649  -0.0167270492015
1.42833449506  84  787  786.558663521  3.70356314901  -0.0464792761402
1.42833449506  84  826  825.766055877  3.36645322135  0.0342723052889
1.42833449506  84  864  863.776410135  3.47771979536  -0.0404672357855
1.42833449506  83  901  901.217288246  3.45231298109  0.018625491353
1.42833449506  83  938  937.751603987  3.36250360968  -0.00794615395055
1.42833449506  83  973  973.466344398  3.21430902134  0.00650321881804
1.42833449506  82  1008  1008.29186269  3.21067187228  -0.0409242692069
1.65601649506  84  67  66.8849036222  3.48408301404  -0.0295775807796
1.65601649506  84  124  124.045578435  3.36403044272  0.00062518875841
1.65601649506  85  180  180.472726283  4.73653084601  -0.04262149704
1.65601649506  85  235  234.380826707  4.81124328165  -0.0575028987573
1.65601649506  85  287  287.048947593  5.33028108407  -0.0680280674641
1.65601649506  86  339  338.849185687  4.72900105757  -0.0694661328056
1.65601649506  86  389  388.711123718  4.57844820451  -0.0301157460856
1.65601649506  86  438  437.641463384  4.67233494683  -0.00553788700712
1.65601649506  86  485  485.094617855  4.01876096783  -0.0212380443916
1.65601649506  86  531  531.307556562  4.30794787915  -0.0595871419847
1.65601649506  86  577  576.776637725  3.90705425706  0.0147142534077
1.65601649506  86  621  620.555337043  3.86611676271  -0.0676335573743
1.65601649506  86  664  663.693002595  3.7047690779  -0.002000685043
1.65601649506  86  706  705.760234257  3.68581633219  0.00874161294714
1.65601649506  85  747  746.593227644  3.61336740754  -0.0179836701703
1.65601649506  85  787  786.634546934  3.58792651072  -0.0430906869979
1.65601649506  85  826  825.797848242  3.39738202984  0.0201628783744
1.65601649506  85  864  863.808371404  3.47708097605  -0.0498422588656
1.65601649506  84  901  901.283216213  3.41829955633  0.0197023562097
1.65601649506  84  938  937.810936809  3.35298269987  -0.00508402736041
1.65601649506  84  974  973.497565231  3.23590341715  0.0101767033974
1.65601649506  83  1008  1008.32377083  3.26255804964  -0.0334091014299
1.88369849506  85  66  67.3047386338  4.4714869536  -0.0233741643081
1.88369849506  85  124  123.680162382  3.32318594422  0.0168398647562
1.88369849506  86  181  180.147805739  8.4576573052  -0.273947827602
1.88369849506  86  235  234.609378684  5.38932699642  -0.0455165029953
1.88369849506  86  287  287.315112499  5.63829064084  -0.0138999467518
1.88369849506  86  339  338.919832063  4.72489109569  0.00494112538212
1.88369849506  87  389  388.745639962  0.0549727861924  -0.0500801657976
1.88369849506  87  438  437.779528109  4.64255033688  -0.0183536125766
1.88369849506  87  485  485.125348071  4.09861227874  -0.0271714580965
1.88369849506  87  532  531.465006042  4.29564252637  -0.0412866927775
1.88369849506  87  577  576.815945201  3.88886907498  0.0054089471484
1.88369849506  87  621  620.626449652  3.94342062016  -0.0558756169892
1.88369849506  87  664  663.739725787  3.77321188027  0.00514578286462
1.88369849506  86  706  705.731702677  3.66124905205  -0.0194764088676
1.88369849506  86  747  746.672677475  3.64608322  -0.0104915444968
1.88369849506  86  787  786.673119598  3.67684217711  -0.0404289346748
1.88369849506  86  826  825.844144528  3.46641312928  0.011656697428
1.88369849506  85  864  863.809147115  3.486443122  -0.0456552360824
1.88369849506  85  901  901.30872774  3.39953987253  0.0122285757431
1.88369849506  85  938  937.82419428  3.37954389959  -0.00530347797632
1.88369849506  84  974  973.496881175  3.22650118271  0.000429591393288
1.88369849506  84  1008  1008.41427337  3.2441813119  0.0169692700867
2.11138049506  86  70  69.9942750436  0.384079060615  -0.284945450036
2.11138049506  86  126  124.200294179  43.2256302254  0.0
2.11138049506  86  181  181.128424729  7.24313984284  0.347512557292
2.11138049506  87  235  234.56624953  4.65864173732  -0.0788556940242
2.11138049506  87  287  287.441095903  5.43291815635  -0.0330289827175
2.11138049506  87  339  338.874921162  4.36184735531  -0.0988325380965
2.11138049506  88  389  388.807387361  4.56440946719  -0.0297979065187
2.11138049506  88  438  437.862836684  4.60665951315  -0.0396625088936
2.11138049506  88  485  485.212456978  4.07757047897  -0.0210704395516
2.11138049506  88  532  531.562593201  4.33031373658  -0.053029449757
2.11138049506  88  577  576.865664372  3.82903833065  -0.0235864028389
2.11138049506  88  621  620.719500852  3.84576768795  -0.0671826023768
2.11138049506  87  664  663.740429865  3.77792800723  0.00743583678314
2.11138049506  87  706  705.799479692  3.62437111391  -0.00179973800602
2.11138049506  87  747  746.713537808  3.67876780955  -0.0114215132045
2.11138049506  87  787  786.740129439  3.65429131407  -0.0252591763663
2.11138049506  87  826  825.852616386  3.54665780217  -0.00520193103416
2.11138049506  86  864  863.890393631  3.3853246416  -0.0387621264378
2.11138049506  86  901  901.314845933  3.41686952529  0.0089962733767
2.11138049506  86  938  937.858764457  3.37371644579  -0.0132515951595
2.11138049506  85  974  973.529444965  3.24793192071  -0.00303192990938
2.11138049506  85  1008  1008.36660383  3.3060311858  -0.0361358736578
2.33906249506  86  7  7.28269499217  0.0231095467164  -1.62789584011
2.33906249506  86  68  68.0965950777  11.6855289549  0.207764107305
2.33906249506  87  124  124.424013625  7.81399398981  -0.0856364657786
2.33906249506  87  180  180.947395987  5.80107648527  -0.00622180520258
2.33906249506  88  235  234.698421119  4.85640433135  -0.0646802185291
2.33906249506  88  287  287.505802306  5.4760972521  -0.0461262403285
2.33906249506  88  339  339.071786302  0.0549566722458  -0.0485387467193
2.33906249506  88  389  388.786932304  4.58211261395  -0.0342555457721
2.33906249506  88  438  437.905487273  4.72273790975  -0.0157147308731
2.33906249506  89  485  485.214668606  4.09964127126  -0.0446088758323
2.33906249506  89  532  531.681326375  4.3169180564  -0.0342432353567
2.33906249506  88  577  576.846915336  3.84155940779  -0.0361454682484
2.33906249506  88  621  620.719276826  3.84388940491  -0.0680575052181
2.33906249506  88  664  663.775148056  3.92023329094  -0.00997062607869
2.33906249506  88  706  705.854616562  3.63999486862  -0.00652104949943
2.33906249506  88  747  746.761527194  3.72294018487  -0.00100178059238
2.33906249506  88  787  786.732056798  3.66763705187  -0.055408231409
2.33906249506  87  826  825.853789315  3.55773709802  -0.00112854242348
2.33906249506  87  864  864.008126739  3.35216510417  -0.0160039689147
2.33906249506  87  901  901.342792015  3.35529941556  0.00569082551471
2.33906249506  86  938  937.84187107  3.34471634899  -0.0280472245424
2.33906249506  86  974  973.603228694  3.15961428676  0.0100921010538
2.33906249506  86  1008  1008.44063874  2.28054913522  -0.560765312005
2.56674449506  87  68  68.1469031286  0.0333003234511  0.395960301838
2.56674449506  88  125  124.691167645  3.31487070521  -0.0314225436556
2.56674449506  88  181  180.924833682  5.26348788638  -0.00488121684875
2.56674449506  89  235  234.609052609  4.88613455977  -0.0944336234181
2.56674449506  89  288  287.648169428  0.0653792934363  -0.0341515415371
2.56674449506  89  339  339.060836326  4.83958562558  -0.0304275495894
2.56674449506  89  389  388.817089224  4.58360600615  -0.0638512165416
2.56674449506  89  438  438.060666373  4.4822173949  0.0148851120729
2.56674449506  89  485  485.214668606  4.09964127126  -0.0446088758323
2.56674449506  89  532  531.681326375  4.3169180564  -0.0342432353567
2.56674449506  89  577  576.960553521  3.92995149394  -5.28273238592e-06
2.56674449506  89  621  620.830473183  3.98514626935  -0.0543587698784
2.56674449506  89  664  663.891016211  3.93349919814  0.0130626421955
2.56674449506  89  706  705.955301008  3.68102360537  0.00332551349071
2.56674449506  89  747  746.843835616  3.76207793486  -0.00907147686811
2.56674449506  89  787  786.831834705  3.67386348008  -0.0451084738805
2.56674449506  88  826  825.899653467  3.47794313949  -0.0135666547588
2.56674449506  88  864  864.069066893  3.34327422901  -0.0288030042645
2.56674449506  88  901  901.424984214  3.36729770665  0.0319431419209
2.56674449506  87  938  937.925420198  3.384865738  -0.00845862788328
2.56674449506  87  974  973.619830346  3.17072149792  -0.00105728010201
2.56674449506  87  1009  1008.51129636  2.32895040292  0.242342286535
2.79442649506  88  68  67.8470437436  4.23816098707  0.00711287122453
2.79442649506  89  124  124.84350803  0.0369495708053  0.05546396019
2.79442649506  89  181  181.245112588  0.0566536100932  0.0386773902131
2.79442649506  89  235  234.607473344  4.22127444211  -0.179939028864
2.79442649506  90  288  287.902751605  5.74186623609  -0.0116544750132
2.79442649506  90  339  339.189609611  4.62976323481  -0.0508075388218
2.79442649506  90  389  389.05948059  4.56852790271  -0.0101215008623
2.79442649506  90  438  438.133840223  4.25293687673  0.0079492195301
2.79442649506  90  485  485.315187008  4.23967131279  -0.0284328512502
2.79442649506  90  532  531.810106495  4.4301523063  -0.0305846351938
2.79442649506  90  577  576.975726684  3.91972924017  -0.0300573102204
2.79442649506  90  621  620.997520435  4.10062746801  -0.0361630463383
2.79442649506  90  664  663.990929568  3.91479341536  0.0173696114375
2.79442649506  90  706  706.065348791  3.60297323415  0.0097280267848
2.79442649506  90  747  746.910895805  3.76166982245  -0.0040904683945
2.79442649506  89  787  786.847998181  3.69661447297  -0.0341935850695
2.79442649506  89  826  825.966676739  3.46266039514  0.00446191625363
2.79442649506  89  864  864.06892767  3.47787159356  -0.0339630249935
2.79442649506  89  902  901.485654995  3.31623353148  0.0394304287752
2.79442649506  88  938  937.975198821  3.31255900636  -0.0030778365698
2.79442649506  88  974  973.629770816  3.21538965439  -0.0112238340457
2.79442649506  87  1009  1008.5115758  2.30272924205  0.259495182586
3.02210849506  89  68  67.9292262397  4.15712032883  0.0122702082721
3.02210849506  90  131  143.228598725  26.3959060457  0.0
3.02210849506  90  182  181.113561842  9.70517255261  -0.00754715486849
3.02210849506  90  235  234.897286537  5.53467402325  -0.059721663118
3.02210849506  91  288  288.181968872  5.19237163349  0.0108162100752
3.02210849506  91  339  339.155854052  4.3488064028  -0.100511173531
3.02210849506  91  389  389.082881635  4.74766107704  -0.0336411953492
3.02210849506  91  438  438.16929594  4.19771409989  -0.0170539909522
3.02210849506  91  486  485.403979139  4.26684187267  -0.0379645885665
3.02210849506  91  532  531.862142363  4.49904260371  -0.040622293733
3.02210849506  91  577  577.115806587  3.76493198443  -0.0249686463841
3.02210849506  91  621  621.059088037  3.76469113428  -0.0262412895776
3.02210849506  91  664  664.060603297  3.92401176399  0.0231317182095
3.02210849506  91  706  706.077781136  3.47387328007  -0.00403696037349
3.02210849506  90  747  746.910459153  3.7678442754  -0.00816055266179
3.02210849506  90  787  786.930969242  3.63279792781  -0.0327730348083
3.02210849506  90  826  826.041260747  3.45806616826  0.00587234224839
3.02210849506  90  864  864.124663502  3.46715254985  -0.0388448309227
3.02210849506  89  902  901.512114286  3.41982906171  0.0380890712977
3.02210849506  89  938  938.038147263  3.3151401377  -0.00803852113504
3.02210849506  89  974  973.681580352  3.27211851531  0.00440503695752
3.02210849506  88  1008  1007.38071392  0.0389558331926  -1.96446291798
3.24979049506  90  68  67.0823595683  0.358889575687  -0.0518158143964
3.24979049506  90  124  125.435079049  0.421083673131  0.0520149994021
3.24979049506  91  181  181.45497116  5.28239064026  0.0376259889593
3.24979049506  91  235  234.795912677  4.92914169652  -0.0839640039795
3.24979049506  91  288  288.15990557  5.3252651714  0.00858606958004
3.24979049506  92  340  339.374099069  4.52078522362  -0.0448562699527
3.24979049506  92  389  389.18720721  4.69926674926  -0.0363361053076
3.24979049506  92  438  438.20679054  4.25210333929  -0.0513726089463
3.24979049506  92  485  485.479993924  4.0689276644  -0.0519708012502
3.24979049506  92  532  532.018198681  4.40796851119  -0.0312244197596
3.24979049506  92  577  577.173869071  3.81067441261  -0.00203240585882
3.24979049506  92  621  621.048157866  3.91758894395  -0.0542769622723
3.24979049506  92  664  664.08631993  3.8118246936  0.00392320475084
3.24979049506  92  706  706.112407964  3.48097390801  -0.0151034386262
3.24979049506  91  747  746.977091705  3.71952578698  0.00170871766258
3.24979049506  91  787  786.986486916  3.66042908711  -0.0315902061713
3.24979049506  91  826  826.073801217  3.52502055974  -0.0105738960655
3.24979049506  91  864  864.151598346  3.50020667237  -0.0502225301483
3.24979049506  90  902  901.588521189  3.32827863863  0.0344500623352
3.24979049506  90  938  938.021347016  3.1786820495  -0.047387048735
3.24979049506  90  974  973.842016664  3.38106264384  0.0550707354783
3.24979049506  89  1009  1008.70773331  3.14314707291  -0.00476410351117
3.47747249506  90  10  7.60767822352  0.283697082634  -3.28296320169
3.47747249506  90  50  44.0742423042  17.3728646552  0.0
3.47747249506  91  128  125.760901885  11.5983248556  0.0320262578517
3.47747249506  92  182  181.735065748  0.0508933875227  0.0427647264998
3.47747249506  92  235  234.874630531  5.30558331663  -0.0795062334878
3.47747249506  92  288  288.220347413  5.2955862001  -0.0145408539199
3.47747249506  93  340  339.407936827  4.7859167443  -0.0558339012109
3.47747249506  93  389  389.334151829  4.74353925364  -0.0321742508982
3.47747249506  93  438  438.286173217  4.35226591557  -0.00579532501405
3.47747249506  93  486  485.497981482  4.14999008107  -0.0395074988858
3.47747249506  93  532  532.077811899  4.47932786881  -0.0210548014214
3.47747249506  93  577  577.219046168  3.92259023562  -0.0145174624272
3.47747249506  93  621  621.076853383  0.0497240973233  -0.049535023754
3.47747249506  93  664  664.192613834  3.93348642412  0.0153775067489
3.47747249506  92  706  706.098278862  3.48313090071  -0.015535219636
3.47747249506  92  747  747.007922728  3.7595624622  -0.00824597035454
3.47747249506  92  787  787.049922712  3.7281286868  -0.0294960553073
3.47747249506  92  826  826.174371301  3.50839941262  0.000547560667599
3.47747249506  91  864  864.152034456  3.5070250798  -0.0479069420058
3.47747249506  91  902  901.659981346  3.32666802508  0.0248394043381
3.47747249506  91  938  938.09547121  3.34830017334  -0.0252496321146
3.47747249506  90  974  973.720451055  3.25133544326  -0.00904383734168
3.47747249506  90  1009  1008.72045035  3.25480125903  -0.0360460676748
3.70515449506  91  68  67.1785637856  0.0137220372745  -4.26378343461
3.70515449506  92  180  179.607997936  2.60176820733  -0.2178982002
3.70515449506  93  235  235.192367809  0.0552713734343  -0.036414390063
3.70515449506  93  289  288.445878696  4.76183214519  0.00307990248395
3.70515449506  93  340  339.407937206  4.78591390254  -0.0558346525069
3.70515449506  94  390  389.623281898  5.51016174247  -0.0110670665127
3.70515449506  94  438  438.36016176  4.5532121399  -0.0340406350015
3.70515449506  94  486  485.704945065  4.31595080478  -0.0118815991371
3.70515449506  94  532  532.089254032  4.61242081145  -0.0632138254992
3.70515449506  94  577  577.281372865  3.90525380897  0.00112392657927
3.70515449506  94  621  621.17185005  4.2602821643  -0.0855786515907
3.70515449506  93  664  664.194202974  3.91749321249  0.0196028690596
3.70515449506  93  706  706.15573677  3.58631166274  -0.0306828604119
3.70515449506  93  747  747.026482968  3.73126425148  0.00762505484357
3.70515449506  93  787  787.092635823  3.89307038994  -0.0404920130127
3.70515449506  93  826  826.233111116  3.71650088061  0.0185024392229
3.70515449506  92  864  864.238663464  3.6523787217  -0.0513060289861
3.70515449506  92  902  901.729801575  3.40941188775  0.0327027436847
3.70515449506  92  938  938.129608878  0.0416632765333  -0.0484261863304
3.70515449506  91  974  973.772326157  3.3200630954  -0.00154706625008
3.70515449506  91  1008  1007.33455381  0.928883267853  -2.33933260595
