# Band 4C   Etalon 2B   Slice 12
# Distortion map version 06.04.00 - date 2018-10-11
# Trace (isoalpha): Take pixel trace along specified slice, specified alpha position trace is built by taking the pixel in every detector row with alpha value closest to the one specified 
# xpos[i] = np.argmin(alpha_img[i,:])+funcs.find_nearest(alpha_img[i,:][(slice_img[i,:]!=0)],alpha_pos)
#    alpha       x  y      center         FWHM          skewness
0.0  39  82  81.6302508741  3.31092028095  -0.0287443489482
0.0  40  140  139.355019375  2.42106569812  0.0820250253229
0.0  40  195  194.911616935  0.0571894080887  -0.179843388394
0.0  40  250  249.58209199  5.00929785002  -0.0544315886015
0.0  41  302  302.535415799  5.38899482258  -0.0438393114485
0.0  41  354  354.157599435  4.55591963372  -0.0219038478756
0.0  41  404  403.759936359  4.37604774374  -0.0830487845404
0.0  41  453  452.862420999  4.44574195486  0.0167508260723
0.0  41  500  500.437893288  4.17593295238  -0.0300601502823
0.0  41  547  546.634310945  4.36321050069  -0.0427566068543
0.0  41  592  592.080808506  4.16917687795  -0.0314144886287
0.0  41  636  636.205718972  3.53572069689  0.180320918892
0.0  41  679  679.005914939  3.90253096757  -0.0201190153562
0.0  41  721  721.15277002  3.76099645796  0.0203889937438
0.0  40  762  762.02837859  3.66145111766  -0.0456433218733
0.0  40  802  801.994514766  3.64994149482  -0.0352707113902
0.0  40  841  841.288916768  3.49656299487  -0.0151810854162
0.0  40  879  879.438619279  3.42357793978  0.0145150989655
0.0  39  917  916.749562446  3.43255160655  -0.0113178100858
0.0  39  953  953.350097048  3.32911879052  -0.0039813345765
0.0  39  989  989.058264444  3.26185354835  -0.0109816476149
-2.69916299407  29  22  19.5618633034  0.111734830715  0.0
-2.69916299407  29  80  80.2807803431  3.05907232242  -0.0733939732587
-2.69916299407  30  138  136.77696845  0.624769243788  -0.112494231553
-2.69916299407  30  193  194.158920375  19.7017052367  0.0262100826797
-2.69916299407  30  249  248.901123214  6.01247552891  0.0147777192613
-2.69916299407  31  302  301.403510535  4.77000836872  -0.0752439626094
-2.69916299407  31  354  353.39820692  4.57933136589  0.0642102467251
-2.69916299407  31  403  403.130642373  4.19008100391  -0.0369450874747
-2.69916299407  31  452  451.906225563  4.62387089514  -0.0453094825918
-2.69916299407  31  500  499.821802287  4.21728787378  0.003647928267
-2.69916299407  31  546  545.895687412  3.93739407375  -0.0289647338088
-2.69916299407  31  591  591.405036136  4.23131249384  -0.0206014851746
-2.69916299407  31  636  635.534032257  3.78711858492  0.0361262137871
-2.69916299407  31  678  678.358418865  3.83200684264  -0.0280204329264
-2.69916299407  31  720  720.544737435  3.69986685819  0.0285732179544
-2.69916299407  30  762  761.593087668  3.63275678058  -0.00692760398683
-2.69916299407  30  802  801.514671266  3.64933914691  -0.0230181893215
-2.69916299407  30  841  840.78282555  3.6451194341  -0.0100704108438
-2.69916299407  30  879  878.979301575  3.40359443591  0.0153129087101
-2.69916299407  29  917  917.649825428  0.041146946324  2.04952764142
-2.69916299407  29  953  952.994757932  3.43713836902  0.00807758863456
-2.69916299407  29  989  988.748070215  3.4167408932  -0.00848113390336
-2.47148099407  30  34  -274.166653826  1262.86009024  -8.7189750568
-2.47148099407  30  80  81.2854045545  38.3237458594  0.0
-2.47148099407  30  138  134.71407626  0.759317958105  0.0870934644325
-2.47148099407  31  194  194.074671084  5.92457782683  -0.00184508797434
-2.47148099407  31  249  248.970294722  4.87168590038  -0.0233809771087
-2.47148099407  32  301  301.357359947  4.77607858619  -0.0482194617892
-2.47148099407  32  353  353.260532231  4.76471567313  -0.0214196740285
-2.47148099407  32  403  403.170453052  3.90242578124  -0.0413179514575
-2.47148099407  32  452  452.013680401  4.76211972  -0.0387082208626
-2.47148099407  32  500  499.874081114  4.09091930112  -0.00469582058607
-2.47148099407  32  546  545.947193231  3.94757486507  -0.0587054759032
-2.47148099407  32  592  591.417668628  4.32709111839  -0.0261020061861
-2.47148099407  32  636  635.540418849  3.81051438354  0.00559434679456
-2.47148099407  32  678  678.415270612  3.79759695606  -0.0351161178147
-2.47148099407  31  720  720.545141134  3.69527298602  0.0304912482669
-2.47148099407  31  762  761.574355559  3.67857242148  -0.016652527779
-2.47148099407  31  801  801.505661912  3.61825395433  -0.0372296718353
-2.47148099407  31  841  840.776478736  3.68177373659  -0.0218237367394
-2.47148099407  30  879  878.965307665  3.4002919972  0.0143767490163
-2.47148099407  30  916  916.333500525  3.27210741913  -0.00494016788736
-2.47148099407  30  953  952.976577501  3.43271533475  -0.0205817280535
-2.47148099407  29  989  988.765916075  3.37712982258  0.00737716119502
-2.24379899407  30  22  21.1920409529  0.166891706812  -0.454689076297
-2.24379899407  31  81  80.5019246927  3.04675627956  0.0219721755721
-2.24379899407  31  139  138.527386136  10.9027929966  0.118910924688
-2.24379899407  32  193  193.901448526  4.47164097313  -0.148948035709
-2.24379899407  32  250  249.233731168  0.057088048292  0.0471256626517
-2.24379899407  32  301  301.327224889  0.0571542929113  -0.106132992419
-2.24379899407  33  354  353.465411828  4.92679973991  0.0100634018295
-2.24379899407  33  403  403.23683848  0.0515964013216  -0.0501623334961
-2.24379899407  33  452  452.097789751  4.75295598069  -0.024484130682
-2.24379899407  33  500  499.870372483  4.15846086098  -0.0219919353529
-2.24379899407  33  546  546.040325496  4.06914784385  -0.0449694738811
-2.24379899407  33  592  591.462985586  4.32419211216  -0.038709902915
-2.24379899407  33  636  635.635307394  3.86654338434  0.0346247295662
-2.24379899407  32  678  678.397814974  3.83032685072  -0.0446684101354
-2.24379899407  32  721  720.638567793  3.67821146446  0.0336395452936
-2.24379899407  32  762  761.638810733  3.70723586185  -0.00677377512972
-2.24379899407  32  802  801.595930835  3.59032260292  -0.0164269101001
-2.24379899407  32  841  840.823364534  3.64102777787  -0.0142680797905
-2.24379899407  31  879  878.981401654  3.42476049284  0.0123278430613
-2.24379899407  31  916  916.380574243  3.47608810005  -0.0019101856817
-2.24379899407  31  953  953.03004065  3.39295339653  0.00802829631567
-2.24379899407  30  989  988.712547487  3.34152605887  -0.0218979728946
-2.01611699407  31  22  21.3462742103  0.00457521612019  -5.08428363008
-2.01611699407  32  80  81.2601512339  3.60457418142  0.0748772962141
-2.01611699407  32  140  140.327925329  0.031965826149  0.559322285329
-2.01611699407  33  195  194.351053094  4.38336923763  -0.0620144476019
-2.01611699407  33  250  249.2028989  5.15721777665  -0.00801324764932
-2.01611699407  33  302  301.438547315  5.12826426739  -0.0893747497529
-2.01611699407  33  354  353.444775722  4.94137767242  0.00871721227893
-2.01611699407  34  404  403.36884681  4.23396975149  -0.0598841082373
-2.01611699407  34  452  452.189805074  4.9490824697  -0.0196063587177
-2.01611699407  34  500  499.815582083  4.07147745764  -0.104366854032
-2.01611699407  34  546  546.092966003  4.12584111275  -0.0625085851231
-2.01611699407  34  592  591.536326072  4.34871550172  -0.0471772389301
-2.01611699407  33  636  635.63666494  3.85275969519  0.0384396273127
-2.01611699407  33  678  678.416951595  3.79349132096  -0.0561183783182
-2.01611699407  33  721  720.668730929  3.69671189628  0.0165859501587
-2.01611699407  33  762  761.672997332  3.75738506083  -0.0127174234742
-2.01611699407  33  802  801.631775418  3.64890188993  -0.017953488873
-2.01611699407  32  841  840.822622087  3.6425728823  -0.0164293492436
-2.01611699407  32  879  879.032961203  3.44086026349  0.00642997916672
-2.01611699407  32  916  916.441962119  3.39762832788  -0.00851057200753
-2.01611699407  31  953  953.046680065  3.36028298462  0.00784338398507
-2.01611699407  31  989  988.748419849  3.29734669836  -0.0115557049057
-1.78843499407  32  22  22.3506003794  0.410508356425  -1.2128313433
-1.78843499407  33  80  80.7444478969  2.77505701068  -0.0189072392559
-1.78843499407  33  138  138.095544536  0.0201245281984  -6.42921484687
-1.78843499407  33  195  193.6062159  4.73358677278  -0.444497799955
-1.78843499407  34  249  249.502726624  5.53290998051  0.0162924427082
-1.78843499407  34  302  301.747823793  5.23208249091  -0.0181143299587
-1.78843499407  34  354  353.653850531  4.93799008294  0.0578914306144
-1.78843499407  34  404  403.405255395  4.2189589302  -0.0332551164178
-1.78843499407  34  452  452.189805074  4.9490824697  -0.0196063587177
-1.78843499407  34  500  499.815582083  4.07147745764  -0.104366854032
-1.78843499407  34  546  546.092966003  4.12584111275  -0.0625085851231
-1.78843499407  34  592  591.536326072  4.34871550172  -0.0471772389301
-1.78843499407  34  636  635.653827969  3.90390102869  0.00954758361906
-1.78843499407  34  678  678.534078228  3.80051602533  -0.0538115157249
-1.78843499407  34  721  720.771502028  3.73912032296  0.0225832754043
-1.78843499407  34  762  761.712207246  3.66891042943  -0.0191173486949
-1.78843499407  34  802  801.728950109  3.56772401083  -0.0227820091838
-1.78843499407  33  841  840.87539796  3.62206578441  -0.0174417093292
-1.78843499407  33  879  879.060732057  3.4806911017  0.0187677467008
-1.78843499407  33  916  916.49298046  3.35157672986  -0.0227534476981
-1.78843499407  32  953  953.061154338  3.39345339079  0.0106832544055
-1.78843499407  32  989  988.761145355  3.28838371801  -0.0297733496342
-1.56075299407  33  23  21.1503841867  0.0159752422283  -4.88235439209
-1.56075299407  33  80  80.7581870956  2.77873420614  -0.0157814187165
-1.56075299407  34  140  137.929878825  42.6446717227  -0.00304009265093
-1.56075299407  34  194  194.999454269  19.3249078794  -0.000574081356102
-1.56075299407  35  250  249.446562545  4.90408895445  -0.0302085124096
-1.56075299407  35  302  301.794115199  4.71558546387  -0.0989495817359
-1.56075299407  35  354  353.645223005  5.04245665446  0.030287589749
-1.56075299407  35  404  403.47880755  4.20878421467  -0.046505508274
-1.56075299407  35  452  452.277281428  4.82142827582  -0.0132222256267
-1.56075299407  35  500  499.960022306  3.98736945734  -0.00636828883274
-1.56075299407  35  546  546.14344123  4.19900730886  -0.0658299093443
-1.56075299407  35  592  591.64286868  4.31382594596  -0.0309192877809
-1.56075299407  35  636  635.745698375  3.8420558344  0.0183221344419
-1.56075299407  35  679  678.609130262  3.80776301627  -0.0538301675423
-1.56075299407  35  721  720.771038481  3.79681853415  0.00548834771557
-1.56075299407  35  762  761.752947369  3.62148123025  -0.0251346757934
-1.56075299407  34  802  801.727698442  3.56438512094  -0.0276225233777
-1.56075299407  34  841  840.92508151  3.65573752131  -0.0183488561639
-1.56075299407  34  879  879.150123068  3.46450098695  0.0185810594761
-1.56075299407  34  916  916.528523306  3.40452516919  -0.00517173056751
-1.56075299407  33  953  953.064793254  3.3855816353  -0.00198967839021
-1.56075299407  33  989  988.819837599  3.314910387  -0.0220030641068
-1.33307099407  34  23  21.9181165688  0.472033203433  -0.242545589271
-1.33307099407  34  81  80.9742882429  37.1436252016  -0.00331998152639
-1.33307099407  35  139  139.722252673  5.9409134157  0.417693896183
-1.33307099407  35  195  194.590805535  5.48358299417  -0.106360836427
-1.33307099407  35  250  249.511704188  4.87254086855  0.0368650589717
-1.33307099407  36  302  302.037421486  5.30174173534  -0.0482513173878
-1.33307099407  36  354  353.824395786  4.95604858498  0.0217587751726
-1.33307099407  36  404  403.569855276  4.19867005912  -0.0596228936878
-1.33307099407  36  452  452.306640641  4.88580671919  -0.0386299419912
-1.33307099407  36  500  500.038065802  4.08534304167  -0.0106212306371
-1.33307099407  36  546  546.220416225  4.09107578865  -0.0492991701914
-1.33307099407  36  592  591.683387766  4.37451443637  -0.0300443609615
-1.33307099407  36  636  635.83494654  3.7316976658  0.0348437143894
-1.33307099407  36  679  678.712337141  3.92545053574  -0.0289982873237
-1.33307099407  36  721  720.868373249  3.78008676747  0.0221514387302
-1.33307099407  35  762  761.736941378  3.57504074481  -0.032013782825
-1.33307099407  35  802  801.776094216  3.5852555721  -0.0233199460672
-1.33307099407  35  841  840.956822949  3.5860190738  -0.0195436967285
-1.33307099407  35  879  879.183215361  3.4158708419  0.0350702306782
-1.33307099407  34  916  916.527446745  3.39210628364  -0.00867177716576
-1.33307099407  34  953  953.091375818  3.38017657147  -0.0197910606468
-1.33307099407  34  989  988.895650643  3.31141905156  -0.0164923550687
-1.10538899407  34  20  19.899806367  0.33349957313  6.34652589824
-1.10538899407  35  80  80.101303872  0.0332230771569  -7.68251623347
-1.10538899407  36  140  139.526715927  3.2502892245  0.00114677532111
-1.10538899407  36  195  194.945942812  4.24849444305  -0.0175917948298
-1.10538899407  36  250  249.488661412  4.87773500026  -0.0194585402133
-1.10538899407  37  302  301.945075587  5.31595298795  -0.0727122625602
-1.10538899407  37  354  353.947636638  4.96773140659  0.01497824968
-1.10538899407  37  404  403.625205496  0.0518244140044  -0.0527861426933
-1.10538899407  37  452  452.524257578  4.80210351626  -0.0134427830444
-1.10538899407  37  500  500.15845064  3.88491324732  -0.0116361825895
-1.10538899407  37  546  546.252982483  4.1108010845  -0.0422215599677
-1.10538899407  37  592  591.783562159  4.36525536687  -0.0214460534877
-1.10538899407  37  636  635.927243801  3.85492410479  0.0323368717172
-1.10538899407  37  679  678.818869686  3.97940842691  -0.0231119594975
-1.10538899407  37  721  720.923117878  3.76975644435  0.0301729295417
-1.10538899407  36  762  761.814388808  3.56110967035  -0.0242540727796
-1.10538899407  36  802  801.801124294  3.57054538921  -0.0129051208959
-1.10538899407  36  841  841.003999878  3.71061881801  -0.0145073906109
-1.10538899407  36  879  879.217420089  3.37853202252  0.019916650612
-1.10538899407  35  917  916.567049932  3.37933755363  -0.0198294033924
-1.10538899407  35  953  953.200261666  3.39227796612  0.00555838581918
-1.10538899407  35  989  988.864331837  3.20694878521  -0.0446606047688
-0.877706994067  35  22  12.4993016199  0.12122824502  -8.89663575716
-0.877706994067  36  82  81.2123608633  3.23486685252  -0.0684113440947
-0.877706994067  36  140  139.528299398  3.24642805097  0.0019065797547
-0.877706994067  37  196  194.981216739  4.85946601849  -0.041786182932
-0.877706994067  37  250  249.462342059  4.92826833883  -0.0213181740822
-0.877706994067  37  302  301.921028193  5.10857171756  -0.0888521837935
-0.877706994067  38  354  354.080565775  5.02230946497  0.0222074871643
-0.877706994067  38  404  403.774301026  4.14781840099  -0.0391530225214
-0.877706994067  38  453  452.667506277  4.80727374738  0.0094598834956
-0.877706994067  38  500  500.268686555  4.05644555929  -0.0139806376889
-0.877706994067  38  546  546.325331597  4.18068988646  -0.067639074373
-0.877706994067  38  592  591.890784516  4.2711307791  -0.0142191156881
-0.877706994067  38  636  635.919751281  3.72150575552  0.00492061357821
-0.877706994067  38  679  678.845376253  3.95443127584  -0.0228733996194
-0.877706994067  37  721  720.923738822  3.77241641403  0.031803575148
-0.877706994067  37  762  761.882399427  3.56272846584  -0.0236557087389
-0.877706994067  37  802  801.805547795  3.71246651543  -0.0256038823626
-0.877706994067  37  841  841.05092802  3.65408979764  -0.0143304674897
-0.877706994067  36  879  879.202390915  3.38392849776  0.0142979781392
-0.877706994067  36  917  916.601585188  3.45396567227  -0.0224336359326
-0.877706994067  36  953  953.239995397  3.41055932734  0.0118968969311
-0.877706994067  35  989  988.881788535  3.25672461438  -0.0231646580676
-0.650024994067  36  30  30.4173455187  0.63412772721  -0.0815304539721
-0.650024994067  37  82  81.894265795  0.0237405552927  7.13162581824
-0.650024994067  37  140  139.517613638  0.0231109259973  0.0932438596455
-0.650024994067  38  195  195.62130554  15.7671955631  -0.00387808351017
-0.650024994067  38  250  249.605987203  5.57611680573  -0.0160043319206
-0.650024994067  38  302  302.338646452  5.7069803925  -0.00628800312277
-0.650024994067  38  354  354.158715437  4.75425169862  0.114528247134
-0.650024994067  39  404  403.740267164  4.26292440944  -0.0639693458011
-0.650024994067  39  453  452.800434418  4.78461726251  0.00662833787709
-0.650024994067  39  500  500.307254466  4.11135516659  -0.0268411817692
-0.650024994067  39  546  546.406927974  4.25318875996  -0.0665366919402
-0.650024994067  39  592  591.948344972  4.21150326398  -0.0245655021
-0.650024994067  39  636  635.970416146  3.78437421847  0.000296615072391
-0.650024994067  38  679  678.845353228  3.95450257788  -0.0229434884957
-0.650024994067  38  721  720.9847293  3.75679994076  0.0251438760118
-0.650024994067  38  762  761.895320716  3.64628078491  -0.0426935157696
-0.650024994067  38  802  801.853769079  3.67994617805  -0.0343695122467
-0.650024994067  38  841  841.147172597  3.61091748886  -0.0164133570479
-0.650024994067  37  879  879.244450555  3.40575380687  0.0143548302738
-0.650024994067  37  917  916.660887755  3.43252839559  -0.0120129596516
-0.650024994067  37  953  953.300109591  3.38549996682  0.0159766804056
-0.650024994067  36  989  988.905869668  3.23589726023  -0.0249756388354
-0.422342994067  37  30  30.4791587173  0.619024831295  -0.0197245203472
-0.422342994067  38  82  80.9042346686  0.72995298079  -0.110614046364
-0.422342994067  38  140  137.222649705  46.1412043521  -0.013070454013
-0.422342994067  39  195  195.713684773  5.815393172  0.404955481676
-0.422342994067  39  250  249.705463583  4.58480739006  -0.0329860018691
-0.422342994067  39  302  302.204422894  5.19216155282  -0.0869882701011
-0.422342994067  39  354  354.031588126  4.67470951121  -0.00917518690394
-0.422342994067  39  404  403.759400479  4.30745218716  -0.04912706132
-0.422342994067  40  453  452.825433113  4.60285527164  0.000124403048586
-0.422342994067  40  500  500.385061904  4.0382448887  -0.0245856915048
-0.422342994067  40  547  546.603792362  4.31836174981  -0.0352019066652
-0.422342994067  40  592  592.031636206  4.11049385522  -0.0184500987912
-0.422342994067  39  636  635.970416146  3.78437421847  0.000296615072391
-0.422342994067  39  679  678.90788627  3.91998032572  -0.0268664645416
-0.422342994067  39  721  721.064849271  3.79297916545  0.0257102104179
-0.422342994067  39  762  761.984027919  3.70637472016  -0.0280697833976
-0.422342994067  39  802  801.932777879  3.64718109509  -0.0208918163392
-0.422342994067  38  841  841.146108552  3.60344884156  -0.0207157526531
-0.422342994067  38  879  879.340587734  3.40203445829  0.0236460220812
-0.422342994067  38  917  916.703002635  3.42977427751  -0.00760495988731
-0.422342994067  37  953  953.322094129  3.39001568023  0.0552219898127
-0.422342994067  37  989  988.916640207  3.21818636235  -0.0399581219644
-0.194660994067  38  22  22.2629885018  0.381093508418  -0.26887789102
-0.194660994067  38  79  74.9360196823  0.691752268096  0.0810856926901
-0.194660994067  39  139  139.415669292  0.161917624229  0.117191754263
-0.194660994067  39  195  195.363817433  5.72042887643  0.08142064122
-0.194660994067  40  250  249.610539193  5.01234568498  -0.0492175462061
-0.194660994067  40  302  302.337598529  5.30453216182  -0.0573304237261
-0.194660994067  40  354  354.199442557  4.91498941062  -0.0110668417284
-0.194660994067  40  404  403.754594462  4.15461481683  -0.0749895310456
-0.194660994067  40  453  452.825433113  4.60285527164  0.000124403048586
-0.194660994067  40  500  500.385061904  4.0382448887  -0.0245856915048
-0.194660994067  40  547  546.603792362  4.31836174981  -0.0352019066652
-0.194660994067  40  592  592.031134651  4.10620206337  -0.0203376444543
-0.194660994067  40  636  635.976864472  3.78858817147  0.011253247095
-0.194660994067  40  679  678.976837219  3.87353646763  -0.0298091196452
-0.194660994067  40  721  721.090886691  3.80531864786  0.0195958819628
-0.194660994067  40  762  762.029921734  3.7108427038  -0.0311476897309
-0.194660994067  40  802  801.995231892  3.66582940288  -0.0306271975143
-0.194660994067  39  841  841.207181844  3.50626244887  -0.0202524009382
-0.194660994067  39  879  879.394089414  3.51495565641  0.0218848455449
-0.194660994067  39  917  916.749575449  3.43251217601  -0.0112773623592
-0.194660994067  38  953  953.306218247  3.37712203186  -0.0203044600177
-0.194660994067  38  989  988.983603426  3.23848949166  -0.0257564204709
0.0330210059328  39  23  21.3213710775  0.540461616675  -4.21292706495
0.0330210059328  39  82  81.6302490688  3.31091997406  -0.0287440535962
0.0330210059328  40  140  139.355019375  2.42106569812  0.0820250253229
0.0330210059328  40  195  194.911616935  0.0571894080887  -0.179843388394
0.0330210059328  41  250  249.792406783  0.0584018913824  -0.0380372327531
0.0330210059328  41  302  302.535415799  5.38899482258  -0.0438393114485
0.0330210059328  41  354  354.157599435  4.55591963372  -0.0219038478756
0.0330210059328  41  404  403.759936359  4.37604774374  -0.0830487845404
0.0330210059328  41  453  452.862420999  4.44574195486  0.0167508260723
0.0330210059328  41  500  500.437893288  4.17593295238  -0.0300601502823
0.0330210059328  41  547  546.634310945  4.36321050069  -0.0427566068543
0.0330210059328  41  592  592.080808506  4.16917687795  -0.0314144886287
0.0330210059328  41  636  636.205718972  3.53572069689  0.180320918892
0.0330210059328  41  679  679.005914939  3.90253096757  -0.0201190153562
0.0330210059328  41  721  721.15277002  3.76099645796  0.0203889937438
0.0330210059328  41  762  762.032305589  3.64839236215  -0.0355859952252
0.0330210059328  40  802  801.994514766  3.64994149482  -0.0352707113902
0.0330210059328  40  841  841.288916768  3.49656299487  -0.0151810854162
0.0330210059328  40  879  879.438619279  3.42357793978  0.0145150989655
0.0330210059328  40  917  916.813811579  3.50055304889  0.00904311826333
0.0330210059328  39  953  953.350097048  3.32911879052  -0.0039813345765
0.0330210059328  39  989  989.058264444  3.26185354835  -0.0109816476149
0.260703005933  40  23  22.1974812416  0.0127713153337  -4.16189351459
0.260703005933  40  82  81.932961976  3.89222458715  0.00549384850283
0.260703005933  41  139  138.604290151  0.0152325332941  -0.985645448596
0.260703005933  41  196  195.364237543  4.44946427182  -0.0305183387583
0.260703005933  41  250  249.715860103  4.08795743773  -0.183919672981
0.260703005933  42  303  302.636923326  5.1709407368  -0.060239987687
0.260703005933  42  354  354.26483339  4.499598434  0.0166998471167
0.260703005933  42  404  403.910716522  4.09119342754  -0.100831347539
0.260703005933  42  453  452.998463437  4.45750096023  0.0179368636783
0.260703005933  42  500  500.49884873  4.11387366856  -0.064486400575
0.260703005933  42  547  546.742920418  4.258772332  -0.0460052779701
0.260703005933  42  592  592.102952174  3.94893518548  -0.055373721583
0.260703005933  42  636  636.10067006  3.77661849998  -0.000655127364772
0.260703005933  42  679  679.077507763  3.86080718298  0.013558361154
0.260703005933  42  721  721.245553465  3.71148556675  0.0240209977785
0.260703005933  41  762  762.049271938  3.62737803726  -0.027677196236
0.260703005933  41  802  802.044021262  3.60667588217  -0.0294823754511
0.260703005933  41  841  841.33220233  3.54787901654  -0.00968899742609
0.260703005933  41  879  879.459970516  3.44975099001  0.0209375341354
0.260703005933  40  917  916.813003625  3.4897288109  0.00541346127631
0.260703005933  40  953  953.401338438  3.29349705199  0.00864478240065
0.260703005933  40  989  989.072602608  3.22281179738  -0.0212385931741
0.488385005933  41  24  15.86218121  0.00792329362724  -1.91603901707
0.488385005933  41  82  81.7594245262  2.76336177572  -0.133573478896
0.488385005933  42  140  139.475076912  14.9313830686  -0.174894574487
0.488385005933  42  195  196.161373878  19.9903033491  0.0221271306332
0.488385005933  42  250  250.115703449  5.67105811671  -0.0108790146299
0.488385005933  43  302  302.86225689  5.10484417328  -0.043513314063
0.488385005933  43  354  354.296150773  4.37794130178  -0.0255846700589
0.488385005933  43  404  404.022127546  0.0533342651335  -0.0569377497555
0.488385005933  43  453  453.200505886  4.5089746846  0.0225255499053
0.488385005933  43  501  500.593622165  3.95986683596  -0.0258060907368
0.488385005933  43  547  546.794112283  4.26186365887  -0.0409516854502
0.488385005933  43  592  592.231858792  4.05810978372  -0.0336968785814
0.488385005933  43  636  636.141464143  3.84143391859  -0.00669399112215
0.488385005933  43  679  679.044890648  3.7882723806  -0.0461262789342
0.488385005933  43  721  721.288074559  3.75575698133  0.0272651344357
0.488385005933  42  762  762.070642981  3.67500270281  -0.0330382725403
0.488385005933  42  802  802.153864609  3.74520993205  -0.00400770869409
0.488385005933  42  841  841.35481465  3.5433044922  -0.0100522454292
0.488385005933  42  880  879.478872593  3.28860549055  0.0244148034592
0.488385005933  41  917  916.807736791  3.45549209847  -0.00463427311033
0.488385005933  41  953  953.415635332  3.294673505  0.00793654163908
0.488385005933  41  989  989.097255237  3.25770603784  -0.00949470820386
0.716067005933  42  48  53.709488087  19.9972359104  0.0
0.716067005933  42  84  81.741414799  32.659850306  -0.013949705543
0.716067005933  42  140  140.537078006  0.702522271023  0.0853685886636
0.716067005933  43  196  195.928860562  6.44717907032  -0.0196377554427
0.716067005933  43  250  250.021762073  4.85882614762  -0.086257372484
0.716067005933  43  302  302.831928282  5.08398848124  -0.0608130152092
0.716067005933  44  354  354.460611422  4.50341944454  0.0145851886123
0.716067005933  44  404  404.111173333  4.37687847186  -0.0791274934739
0.716067005933  44  453  453.234080098  4.38901999494  0.0024890211097
0.716067005933  44  501  500.645845237  3.97325177513  -0.0336069266298
0.716067005933  44  547  546.893084832  4.31598545284  -0.046840651061
0.716067005933  44  592  592.339854311  4.17345258103  -0.0223663077052
0.716067005933  44  636  636.260729864  3.74515084939  -0.00277026034605
0.716067005933  44  679  679.181128011  4.01764092283  -0.0304133068881
0.716067005933  43  721  721.304695583  3.77026300493  0.0327451165387
0.716067005933  43  762  762.141254894  3.67228605385  -0.0314352874806
0.716067005933  43  802  802.170029743  3.64560538982  -0.0157240116195
0.716067005933  43  841  841.408071574  3.58820500183  -0.0140944639641
0.716067005933  42  880  879.478039678  3.28249899568  0.0203688373748
0.716067005933  42  917  916.871620122  3.38068471605  -0.00807765672297
0.716067005933  42  953  953.391488891  3.26630202008  -0.0111722925718
0.716067005933  41  989  989.113859703  3.23575131703  0.00270629574328
0.943749005933  42  23  22.557089289  5.45551141075  -0.431057855153
0.943749005933  43  83  82.6744603744  3.89579485386  0.0130492542269
0.943749005933  43  140  141.007395208  8.49049495969  0.287737387045
0.943749005933  44  196  195.806871546  4.95472008095  -0.103584423455
0.943749005933  44  250  250.107949299  4.73132563714  -0.077585261211
0.943749005933  44  303  302.741873298  5.27095321114  -0.0710782828149
0.943749005933  44  354  354.463284515  4.51693236908  0.0195715232578
0.943749005933  45  404  404.254188755  4.35989791903  -0.061692555397
0.943749005933  45  453  453.364497464  4.53479030233  0.0202384247958
0.943749005933  45  501  500.632739274  0.0478657942972  -0.0603319571508
0.943749005933  45  547  546.937921002  4.28055687996  -0.0645548302158
0.943749005933  45  592  592.406254963  4.07489454008  -0.0228526146881
0.943749005933  45  636  636.363891156  3.72216166096  0.00157342848995
0.943749005933  44  679  679.18043297  4.01183075997  -0.0325857657682
0.943749005933  44  721  721.441701917  3.72281196832  0.0481398305805
0.943749005933  44  762  762.157277147  3.67877858131  -0.0430179244546
0.943749005933  44  802  802.248005549  3.62684693257  -0.0142642248763
0.943749005933  44  841  841.452860664  3.5291063907  -0.00956963971705
0.943749005933  43  880  879.504266148  3.39213551635  0.00528078908812
0.943749005933  43  917  916.931142774  3.40972438988  0.00134872210221
0.943749005933  43  953  953.429553713  3.29671363845  0.0137970383816
0.943749005933  42  989  989.115772306  3.2384435364  -0.020301999975
1.17143100593  43  23  22.991089986  0.0127657173206  -4.86444922188
1.17143100593  44  83  82.8045943605  3.62610704487  -0.00954473088098
1.17143100593  44  140  139.972767592  1.92902276237  0.0732527160218
1.17143100593  45  196  195.863421921  4.42626916932  -0.0739209543586
1.17143100593  45  250  250.089601029  4.51341931339  -0.0781479246272
1.17143100593  45  303  302.913574895  5.41864277812  -0.0599815691906
1.17143100593  45  355  354.571604713  4.74129536568  -0.00564475232657
1.17143100593  45  404  404.254087112  4.35815656066  -0.0619976052678
1.17143100593  46  454  453.445196596  4.4697140987  0.0220771468276
1.17143100593  46  501  500.79328925  4.01025522658  -0.0329721557166
1.17143100593  46  547  547.083490096  4.27684399014  -0.0369702873997
1.17143100593  45  592  592.427826744  3.99848226725  -0.00422913117003
1.17143100593  45  636  636.364466769  3.72566137703  0.00335605636847
1.17143100593  45  679  679.265382825  3.92578780159  -0.0358994666758
1.17143100593  45  721  721.440587566  3.67501150672  0.0379421055463
1.17143100593  45  762  762.246380456  3.73263466706  -0.0399848537785
1.17143100593  45  802  802.29895758  3.56300582444  -0.0223529993858
1.17143100593  44  841  841.452362381  3.53012519608  -0.0112150047558
1.17143100593  44  880  879.543471097  3.35550848481  0.00307441615108
1.17143100593  44  917  916.954242603  3.39419774448  0.00177150713308
1.17143100593  43  953  953.433658962  3.28470028924  0.0116304107433
1.17143100593  43  989  989.135489233  3.31606348555  -0.025539644101
1.39911300593  44  23  22.7989252728  0.352951100451  -2.75382475015
1.39911300593  45  81  82.1173663833  0.0235042793814  -7.10734313068
1.39911300593  45  140  140.094472336  2.17054727881  0.00472075558126
1.39911300593  45  196  195.226098164  0.0331102657215  -3.83114061505
1.39911300593  46  250  250.309681059  5.48614474387  -0.0397992703468
1.39911300593  46  303  303.053207757  5.31887467907  -0.0556162306709
1.39911300593  46  354  354.719186209  4.82661144018  -0.0120742282341
1.39911300593  46  404  404.344672897  4.30919931355  -0.0507184229509
1.39911300593  46  454  453.445196596  4.4697140987  0.0220771468276
1.39911300593  46  501  500.79328925  4.01025522658  -0.0329721557166
1.39911300593  46  547  547.083490096  4.27684399014  -0.0369702873997
1.39911300593  46  592  592.416678909  3.87873674011  -0.0353588443099
1.39911300593  46  636  636.423779059  3.73514968536  -0.00336509109075
1.39911300593  46  679  679.356871988  3.93288569455  -0.0246178250797
1.39911300593  46  722  721.518291994  3.54208073944  0.0370965218683
1.39911300593  46  762  762.313522121  3.71257249689  -0.0296315354314
1.39911300593  46  802  802.346845506  3.60152711929  -0.0190005163266
1.39911300593  45  842  841.508928916  3.49442045717  -0.00241676582664
1.39911300593  45  880  879.612300014  3.40625455464  0.00810004343774
1.39911300593  45  917  916.960471794  3.46532335285  -0.0106607784601
1.39911300593  44  954  953.512900161  3.26777589318  0.019176229993
1.39911300593  44  989  989.192999438  3.3222882902  -0.02002000359
1.62679500593  45  23  25.0398074651  0.0972927196953  -7.34044528919
1.62679500593  46  98  17.0958277845  333.453851833  -15.0517305256
1.62679500593  46  140  139.255295004  44.4199456663  0.0014521150576
1.62679500593  46  196  196.429108392  15.0570217152  -0.00368654241115
1.62679500593  47  250  250.41656362  4.75752559559  -0.0405661404516
1.62679500593  47  302  302.870132139  5.3854347122  -0.103512430636
1.62679500593  47  355  354.850635385  4.62871511859  0.0264920942225
1.62679500593  47  404  404.370554343  4.15562995998  -0.0802768382863
1.62679500593  47  454  453.485663643  4.40567232688  0.00696024107564
1.62679500593  47  501  500.791052842  4.09605524396  -0.0639774918976
1.62679500593  47  547  547.173811848  4.35910970816  -0.0345751847684
1.62679500593  47  593  592.552688198  3.94983776599  -0.024224596519
1.62679500593  47  636  636.474465305  3.83517004192  -0.0162713713131
1.62679500593  47  679  679.412694993  3.90925029173  -0.0309776932339
1.62679500593  47  722  721.535735451  3.518665779  0.0244479467162
1.62679500593  47  762  762.397457495  3.68743337216  -0.0298419326351
1.62679500593  46  802  802.344730797  3.56898289089  -0.0267823872705
1.62679500593  46  842  841.532923846  3.51453626212  -0.0330372682552
1.62679500593  46  880  879.652691877  3.29624439941  0.0132123868002
1.62679500593  46  917  916.966400831  3.46604884899  -0.0156574729739
1.62679500593  45  954  953.561970935  3.23506627161  0.0150795237162
1.62679500593  45  989  989.209736082  3.32120597345  -0.026516593376
1.85447700593  46  24  23.3546241538  0.507804645475  -0.252031789005
1.85447700593  46  82  82.637407531  37.391027743  0.00681044843656
1.85447700593  47  140  142.310302411  10.6414262022  0.224232971558
1.85447700593  47  196  196.188313047  6.34299028023  -0.0121408764303
1.85447700593  47  250  250.351038054  4.90398284438  -0.0666640874414
1.85447700593  48  304  303.143038028  5.87180962351  -0.0627480843535
1.85447700593  48  355  354.767830437  4.58813962491  -0.0409554332413
1.85447700593  48  404  404.356336783  4.59905953352  -0.0789765293089
1.85447700593  48  454  453.586553658  4.61950365293  0.0145640125675
1.85447700593  48  501  500.855515791  4.09483720127  -0.0477163032898
1.85447700593  48  547  547.318694079  4.4237480546  -0.030303757707
1.85447700593  48  593  592.616796571  3.92780935802  -0.02121034175
1.85447700593  48  636  636.536787107  3.78414907776  -0.0170840297064
1.85447700593  48  679  679.448283441  3.98691132202  -0.0413735728751
1.85447700593  48  722  721.563543812  3.57605803037  0.019786161118
1.85447700593  47  762  762.412603305  3.68673196775  -0.028686905372
1.85447700593  47  802  802.366837647  3.62793319276  -0.0388921098123
1.85447700593  47  842  841.59179311  3.54037776638  -0.0230635668099
1.85447700593  47  880  879.715899836  3.28166567407  0.00449720566853
1.85447700593  46  917  916.965171253  3.45119019918  -0.0218675987891
1.85447700593  46  954  953.567708636  3.23287629786  -0.0158540318967
1.85447700593  46  989  989.254540611  3.32574726528  -0.0278623206993
2.08215900593  46  21  20.3634647696  0.0279061836558  -1.52234832242
2.08215900593  47  83  83.1007580974  3.66694462493  0.0135279710921
2.08215900593  48  140  139.938304991  3.2357513933  -0.0618667727966
2.08215900593  48  196  196.557765685  5.22200260814  -0.029385965899
2.08215900593  48  250  250.426309733  4.76080577459  -0.107003326857
2.08215900593  49  303  303.371803042  5.35312897379  -0.0240364951259
2.08215900593  49  355  354.865061446  4.49403176568  -0.0330342251877
2.08215900593  49  404  404.467438376  4.57324836231  -0.0635204658134
2.08215900593  49  454  453.750771522  4.59672709549  0.0415375283221
2.08215900593  49  501  500.93451248  0.050525145472  -0.0514561929553
2.08215900593  49  547  547.413080605  4.36805104264  -0.0200294586542
2.08215900593  49  593  592.659128369  3.95578626033  -0.0179237127738
2.08215900593  49  636  636.498063769  3.85711788129  -0.0386506700819
2.08215900593  49  680  679.58767871  4.11780925895  -0.0249900124905
2.08215900593  49  722  721.583665539  3.56413771194  0.00615302535596
2.08215900593  48  762  762.466151067  3.72984682677  -0.0334406046888
2.08215900593  48  802  802.407118895  3.68885787499  -0.0358081553175
2.08215900593  48  842  841.660775544  3.54534076699  -0.00567308149352
2.08215900593  48  880  879.815322566  3.26704059604  0.0256162892355
2.08215900593  47  917  917.025476494  3.38320215757  -0.0116451046972
2.08215900593  47  954  953.605141416  3.26946408612  0.00812743800689
2.08215900593  47  989  989.298322564  3.23091930119  -0.0132734012291
2.30984100593  47  23  24.588383215  0.0883667892058  -6.41497647354
2.30984100593  48  84  83.8644624299  3.65894534982  0.0940156328051
2.30984100593  48  140  139.93844314  3.2350650724  -0.0613959492005
2.30984100593  49  197  196.542960516  4.50550035889  0.0163807848489
2.30984100593  49  251  250.529972332  4.59675690411  -0.0851658232087
2.30984100593  49  303  303.347046938  5.31386901255  -0.0287302777386
2.30984100593  50  355  355.015930995  4.35987474295  0.00989139284601
2.30984100593  50  405  404.654242647  4.48399999222  -0.0630730480328
2.30984100593  50  454  453.85692502  4.25053927226  0.0311732839088
2.30984100593  50  501  501.005812917  4.11263229371  -0.0540971241901
2.30984100593  50  548  547.546285977  4.3455182802  -0.0094143505282
2.30984100593  50  593  592.700077122  4.01885886351  -0.0328252483475
2.30984100593  50  637  636.61826565  3.82390192387  -0.0144256080582
2.30984100593  50  680  679.662206332  4.06049003167  -0.0149276789377
2.30984100593  49  722  721.584558325  3.57115338626  0.00887612135105
2.30984100593  49  762  762.511716893  3.73161706065  -0.0265810163434
2.30984100593  49  802  802.517592964  3.56768431072  -0.0212173592242
2.30984100593  49  842  841.674874507  3.43493426236  -0.0163532672316
2.30984100593  48  880  879.814737287  3.26600494777  0.0232735585795
2.30984100593  48  917  917.079541841  3.4180488235  -0.000273752801354
2.30984100593  48  954  953.701493177  3.29884045344  0.0326373383054
2.30984100593  47  989  989.315390851  3.27335652501  0.00331856508257
2.53752300593  48  24  23.3108391656  0.00714399230742  -2.14309933025
2.53752300593  49  84  83.4774627426  0.0434119575996  0.0498966348837
2.53752300593  49  140  139.624595352  0.0208009975267  -1.10828594186
2.53752300593  50  197  197.591827509  19.1991980371  -0.000355630107564
2.53752300593  50  251  250.848880324  5.48879743958  -0.0201053963075
2.53752300593  50  303  303.551143345  5.69055043085  -0.029628480199
2.53752300593  50  355  355.067064771  4.34250884828  0.0518174057464
2.53752300593  51  405  404.746205956  4.69279220443  -0.0535968453102
2.53752300593  51  454  453.936024968  4.30639006354  0.0276196378496
2.53752300593  51  501  501.083331507  4.16992624487  -0.0483736820278
2.53752300593  51  548  547.573588114  4.45255600653  -0.00513864258568
2.53752300593  51  593  592.74238182  4.00949160171  -0.0265662808764
2.53752300593  51  637  636.632308426  3.73788333994  -0.0222346211542
2.53752300593  50  680  679.661037333  4.05034771342  -0.0188828713323
2.53752300593  50  722  721.657267833  3.51902319016  0.0174888782178
2.53752300593  50  763  762.537628694  3.74136540249  -0.0398364898128
2.53752300593  50  803  802.554337128  3.53434319744  -0.0297187585478
2.53752300593  50  842  841.698446528  3.57101245585  -0.0172665205389
2.53752300593  49  880  879.908185882  3.46862567074  0.0710401351953
2.53752300593  49  917  917.148673061  3.489037997  0.00176939146768
2.53752300593  49  954  953.738572894  3.28134970832  0.0241458353985
2.53752300593  48  989  989.297756032  3.22435293314  -0.0277816935427
2.76520500593  49  25  23.1367439778  0.0176184957462  -5.0287696014
2.76520500593  50  83  81.883507605  1.08489751159  -0.136698475716
2.76520500593  50  140  140.199098586  49.0852918682  -0.0161062483546
2.76520500593  51  197  197.677210454  7.73016262962  0.321046614889
2.76520500593  51  251  250.696094421  4.32418923101  -0.105339068316
2.76520500593  51  303  303.546017252  5.26587558905  -0.0778610203033
2.76520500593  51  355  355.088412268  4.40859277587  0.00648178406696
2.76520500593  51  405  404.746263586  4.6940840586  -0.0534210893574
2.76520500593  52  454  453.916794914  4.15581866862  0.0184028748238
2.76520500593  52  501  501.183623436  4.12246847635  -0.0371392969696
2.76520500593  52  548  547.560357318  4.28001871409  -0.0200597954817
2.76520500593  51  593  592.742662195  4.0098693566  -0.0261247936258
2.76520500593  51  637  636.632663476  3.74006196188  -0.0207089948862
2.76520500593  51  680  679.746066884  3.97914122898  -0.000587621860123
2.76520500593  51  722  721.739860486  3.52780029033  0.0157250784037
2.76520500593  51  763  762.559508135  3.78308015861  -0.0384060793988
2.76520500593  51  803  802.608725012  3.55032729747  -0.0135666909603
2.76520500593  50  842  841.697397273  3.55943275879  -0.0214855130264
2.76520500593  50  880  879.858874805  3.31836022176  0.023666257415
2.76520500593  50  917  917.229258827  3.45252849045  0.0189238258161
2.76520500593  49  954  953.756965311  3.28878502077  0.0592559993516
2.76520500593  49  989  989.2816641  3.26867585935  -0.0415471849246
2.99288700593  50  24  23.861048383  5.77406530287  -0.441011409416
2.99288700593  50  59  59.0408679519  0.748235463609  0.0854576690216
2.99288700593  51  140  139.788978614  0.168667917424  -0.619569463283
2.99288700593  51  197  196.588282453  7.51518460081  -0.0997367557931
2.99288700593  52  251  250.612781187  4.89157312149  -0.0945747132479
2.99288700593  52  304  303.682693866  5.52809738927  -0.0540355760906
2.99288700593  52  355  355.104948991  4.39117136794  -0.0233294608507
2.99288700593  52  405  404.829091518  4.93005532995  -0.0760427100475
2.99288700593  52  454  453.916794914  4.15581866862  0.0184028748238
2.99288700593  52  501  501.183623436  4.12246847635  -0.0371392969696
2.99288700593  52  548  547.560357318  4.28001871409  -0.0200597954817
2.99288700593  52  593  592.773856756  4.06114242133  -0.0391729731151
2.99288700593  52  637  636.721845068  3.64902283099  -0.0154393441337
2.99288700593  52  680  679.79849876  3.99436887174  -0.0123942270094
2.99288700593  52  722  721.807999399  3.46269247119  0.022478139016
2.99288700593  52  763  762.570022635  3.75422736882  -0.0606702178923
2.99288700593  52  803  802.645690005  3.63686197324  -0.0152098420804
2.99288700593  51  842  841.723812843  3.5652489103  -0.0147945353716
2.99288700593  51  880  879.809880722  3.32822473113  -0.00546387109323
2.99288700593  51  917  917.282353876  3.35869785771  0.0267507924967
2.99288700593  50  954  953.737251691  3.25848355075  -0.00582567758814
2.99288700593  50  989  989.37182146  3.02259982021  0.0987537277801
3.22056900593  51  24  21.0936065294  0.00442082401925  -7.75425562566
3.22056900593  51  60  59.5464102887  0.622240486656  0.0436091601336
3.22056900593  52  140  140.230118081  0.0295414781419  -0.0724968418083
3.22056900593  52  197  197.120266144  0.0577814779419  0.0350204296235
3.22056900593  53  251  250.671495862  4.89056633629  -0.068267424075
3.22056900593  53  304  303.915246003  5.45607334557  -0.0372309305372
3.22056900593  53  355  355.174077644  0.0561187662855  -0.0456468346961
3.22056900593  53  405  404.813305931  5.0345415248  -0.0848493645464
3.22056900593  53  454  453.976401789  4.22928349843  0.0226627086382
3.22056900593  53  501  501.223522621  0.0510285871657  -0.0594326362658
3.22056900593  53  548  547.746404667  4.49671816127  -0.00582707767383
3.22056900593  53  593  592.863014213  3.9906150856  -0.0448097227145
3.22056900593  53  637  636.761437429  3.65822338664  -0.0361170715607
3.22056900593  53  680  679.819870809  3.82068757013  -0.0263603418525
3.22056900593  53  722  721.862278482  3.52608367516  0.0167684038293
3.22056900593  53  763  762.570823867  0.0458482596708  -0.0636096281383
3.22056900593  52  803  802.64532599  3.63338051982  -0.0185322024156
3.22056900593  52  842  841.743559227  3.47250196633  -0.0180262683761
3.22056900593  52  880  879.85401636  3.230175941  -0.00450487571985
3.22056900593  52  917  917.316412819  3.29899260632  0.00715038217663
3.22056900593  51  954  953.738223058  3.30138962272  -0.00721360136371
3.22056900593  51  989  989.309444152  3.25260675584  -0.0503321027986
3.44825100593  52  83  83.5270185631  3.19298421785  -0.0191683412712
3.44825100593  53  141  150.141669025  0.136306755019  -11.3559323241
3.44825100593  53  197  197.290284185  4.22162383887  -0.00750420264588
3.44825100593  53  251  250.586550371  4.3661157753  -0.173024169841
3.44825100593  54  304  304.027421086  6.01696832212  -0.0358430786217
3.44825100593  54  355  355.387005427  4.53522854472  0.00665483129985
3.44825100593  54  405  404.998360437  4.99332113252  -0.042649875134
3.44825100593  54  454  454.017062423  4.23577865132  0.0204136013439
3.44825100593  54  501  501.313038204  4.23722016951  -0.0317849443399
3.44825100593  54  548  547.801361103  4.27947631266  -0.00494400393856
3.44825100593  54  593  592.935192861  3.79191788847  -0.0419949121459
3.44825100593  54  637  636.899073231  3.70629585272  -0.00969571046499
3.44825100593  54  680  679.93673888  3.75530503413  -0.0194900354266
3.44825100593  54  722  721.877994142  3.39254835036  0.00573270958695
3.44825100593  53  763  762.571949413  0.0457139679568  -0.0607404148503
3.44825100593  53  803  802.696581903  3.65758391819  -0.0186370985871
3.44825100593  53  842  841.793287605  3.44409355706  -0.0288566478175
3.44825100593  53  880  879.887533756  3.32914697886  -0.0158607925322
3.44825100593  52  917  917.301787714  3.28721470872  -0.000205903519556
3.44825100593  52  954  953.798656178  3.2734898307  0.00144263770322
3.44825100593  52  989  989.407214215  3.35700491206  -0.0391538633966
3.67593300593  53  84  83.7474184874  0.329315325234  -1.51017076854
3.67593300593  54  142  148.190290408  27.923631227  0.0
3.67593300593  54  197  198.344902526  46.4506625791  -0.00122830820918
3.67593300593  54  250  251.012026634  6.64434944025  -0.00305049797552
3.67593300593  55  304  303.796419747  6.05298636199  -0.101607043368
3.67593300593  55  355  355.395408292  4.66959352937  -0.0199855843064
3.67593300593  55  405  404.989789736  5.08455981263  -0.0950611604963
3.67593300593  55  454  454.093107963  4.3226437228  0.00681070020985
3.67593300593  55  502  501.390615537  4.31277647678  -0.0298548727958
3.67593300593  55  548  547.909635885  4.37050999638  0.00850059450913
3.67593300593  55  593  592.972399766  4.12783191322  -0.0314711472926
3.67593300593  55  637  636.980394816  3.88542873456  0.000779815969453
3.67593300593  55  680  680.04498513  3.92342745994  -0.0278574220017
3.67593300593  55  722  721.912824882  3.55622334143  0.00846998037719
3.67593300593  54  763  762.635578374  0.0461774722642  -0.0565339091545
3.67593300593  54  803  802.777555169  3.66615875805  0.00121021358471
3.67593300593  54  842  841.859118503  3.63762992429  -0.0257611507036
3.67593300593  54  880  880.035348905  3.44761312871  0.0232772742359
3.67593300593  53  917  917.388215109  3.42519576979  0.00286520518065
3.67593300593  53  954  953.856620053  3.29432134082  0.0163639774554
3.67593300593  53  990  989.505955396  3.37246109007  -0.0213858772304
