# Band 3C   Etalon 2A   Slice 12
# Distortion map version 7B.05.01 - date 2019-03-22
# Trace (isoalpha): Take pixel trace along specified slice, specified alpha position trace is built by taking the pixel in every detector row with alpha value closest to the one specified 
# xpos[i] = np.argmin(alpha_img[i,:])+funcs.find_nearest(alpha_img[i,:][(slice_img[i,:]!=0)],alpha_pos)
#    alpha       x  y      center         FWHM          skewness
0.0  786  40  40.209989115021315  2.701346312092781  0.0004409383547454271
0.0  788  82  81.54924236714056  2.713888262500234  -0.006079660399457992
0.0  790  122  122.06085611954573  2.591268859346073  -0.02347514107053267
0.0  791  162  161.87512048188884  2.576726605329668  0.007351163379202562
0.0  792  201  200.65858372856084  2.4494998375666626  -0.06974568282419387
0.0  793  239  239.00726975381534  2.5499331158324594  -0.01580099558984337
0.0  794  276  276.49502384250604  2.4928593753364794  -0.020595849282346264
0.0  795  313  313.24823437523895  2.4690788370301107  -0.0042689742032865725
0.0  796  349  349.43075019135483  2.4308477895467604  0.023873080339265173
0.0  796  385  384.7638678746583  2.5052255997343877  -0.04761984824367137
0.0  797  420  419.59420938752265  2.3764879651959063  -0.01017191219733155
0.0  797  454  453.77328346468283  2.4814855336916253  -0.016980052040889673
0.0  797  487  487.33601382339634  2.4464011152749663  0.005404759698696958
0.0  797  520  520.2985505718609  2.4212985264423423  -0.011901495601047961
0.0  797  553  552.6595970048589  2.508166731327833  -0.04122736334949419
0.0  797  584  584.4814061281008  2.407950859419543  -0.035001605679878776
0.0  797  616  615.7639160420175  2.47405068714761  -0.01785144341351466
0.0  796  647  646.510552545366  2.425437194545111  -0.034992321106455886
0.0  796  677  676.7202369591762  2.507773228059591  -0.029118901670154632
0.0  796  706  706.4311922723458  2.4807579838349056  -0.030631244311083352
0.0  795  736  735.6872685385513  2.4876298565557136  -0.0070279566024796375
0.0  794  764  764.4133765994296  2.502629016077435  -0.01769449892131361
0.0  794  793  792.6170057089498  2.4848284019933544  -0.024917099283589737
0.0  793  820  820.4338901985744  2.488492826391621  -0.020670429435137003
0.0  792  848  847.7936611082041  2.5016188028423585  -7.253973097004823e-05
0.0  791  875  874.6580211172056  2.555227417795095  -0.027790528034746697
0.0  790  901  901.1493566453886  2.5420874254393766  0.009192251789827457
0.0  789  927  927.1526557956172  2.573494805855489  0.000703867132506223
0.0  788  953  952.7231805748329  2.518991398867456  -0.021478406203519502
0.0  787  978  977.9095004478958  2.5210891864076075  -0.016234333220009712
0.0  786  1003  1002.7235493679273  2.5056784718403833  -0.006750795280604558
-2.3417775362214526  795  40  40.37044933030174  2.7189562778507224  -0.007187463986166185
-2.3417775362214526  797  82  81.65959462327108  2.6475579779298073  -0.026993679349730067
-2.3417775362214526  799  122  122.2176949340802  2.6040286233577064  -0.012524081713975881
-2.3417775362214526  800  162  161.9088230825716  2.611523972416876  -0.0028014107665598788
-2.3417775362214526  802  201  200.7732412570922  2.5386251056236233  -0.04200903923687287
-2.3417775362214526  803  239  239.05075719921862  2.5589335398818776  -0.0025371116627371858
-2.3417775362214526  804  276  276.43040272046295  2.4816239913940876  -0.039359054278570234
-2.3417775362214526  804  313  313.2538678186897  2.4643682030267655  0.015485923088690253
-2.3417775362214526  805  349  349.3376440018583  2.501089599009788  0.01178156333111958
-2.3417775362214526  806  385  384.61880146147746  2.4277861285180506  -0.06496978701981558
-2.3417775362214526  806  420  419.49342628030405  2.419720565255261  0.014050839531374922
-2.3417775362214526  806  454  453.5759272347602  2.4353571413940927  -0.012968001877226206
-2.3417775362214526  806  487  487.1295985004401  2.479848947514938  -0.007437743179892896
-2.3417775362214526  806  520  520.0601259489514  2.4543377314628287  -0.018296404764258357
-2.3417775362214526  806  552  552.4132564974533  2.39788275933347  -0.03395277240246203
-2.3417775362214526  806  584  584.2304486576938  2.4155921878568734  -0.0073088507172256985
-2.3417775362214526  806  615  615.4522691901286  2.4732954282014816  -0.002546217736936822
-2.3417775362214526  806  646  646.1836105364232  2.4365824960921145  -0.004735590833058191
-2.3417775362214526  805  676  676.3962506088726  2.502992965041585  -0.009577730332235614
-2.3417775362214526  805  706  706.0470733652926  2.5076027700224586  -0.016539887560414225
-2.3417775362214526  804  735  735.3050105147108  2.5441842382367668  0.012551075502379857
-2.3417775362214526  804  764  763.9500735590457  2.5639775189793  -0.018512268036429358
-2.3417775362214526  803  792  792.1837556814588  2.5399350562354357  -0.00146635561299373
-2.3417775362214526  802  820  819.9718010727332  2.5207219122594324  0.004019871821000618
-2.3417775362214526  801  847  847.3146637226525  2.5896322349701677  0.020425859009973332
-2.3417775362214526  800  874  874.150268386414  2.5218791252982555  -0.0010690218241121996
-2.3417775362214526  799  901  900.5842259744743  2.5553860480119965  -0.004576040731861285
-2.3417775362214526  798  927  926.5495907875179  2.5903127889127973  -0.005152441364566254
-2.3417775362214526  797  952  952.1804927958389  2.543866287974879  0.023408209724103637
-2.3417775362214526  796  977  977.3306302644108  2.5348448937988906  0.010107176898911933
-2.3417775362214526  795  1002  1002.0806433731343  2.536580663296718  0.00564210127245576
-2.094327536221453  794  40  40.359017201949285  2.764390868011361  -0.008765694715377864
-2.094327536221453  796  82  81.6474269131358  2.6677715416659  -0.014731349832704091
-2.094327536221453  798  122  122.2004464858922  2.566993704529736  -0.015445482885061613
-2.094327536221453  799  162  161.8781212869276  2.6367910130250607  -0.015686388620883715
-2.094327536221453  801  201  200.77968060726718  2.552389537607638  -0.04589097062689213
-2.094327536221453  802  239  239.06161725743257  2.5859327418195335  0.002017975870190248
-2.094327536221453  803  276  276.43546566551277  2.4874903986548134  -0.028323946094153764
-2.094327536221453  803  313  313.2663588754394  2.4558788350991563  0.01741558900657267
-2.094327536221453  804  349  349.3515177311177  2.5176435745701156  0.015046837301068398
-2.094327536221453  805  385  384.6395705192648  2.433961874706654  -0.05155108351183268
-2.094327536221453  805  420  419.4950293216309  2.4059415853582777  0.008440707765100669
-2.094327536221453  805  454  453.60503904481027  2.4626834100191672  -0.006264341593846462
-2.094327536221453  805  487  487.16625905148373  2.487362194581806  -0.006424344414250499
-2.094327536221453  805  520  520.101453685922  2.4812079478838314  -0.014221546192835718
-2.094327536221453  805  552  552.4381129639506  2.3887836631848813  -0.03490278970729671
-2.094327536221453  805  584  584.2721556470144  2.441772638075008  -0.008462936995638262
-2.094327536221453  805  616  615.5071782913722  2.448646159628879  0.001145243915306153
-2.094327536221453  805  646  646.2202277010376  2.4673813017448083  -0.01105533425843803
-2.094327536221453  804  676  676.4300728889829  2.427334490199655  -0.021979349221790463
-2.094327536221453  804  706  706.1142035638078  2.535083923365619  -0.004110254641612721
-2.094327536221453  803  735  735.3448535299784  2.5463042145879626  0.007614512909115583
-2.094327536221453  803  764  763.980241484056  2.50888762790305  -0.019176934299733186
-2.094327536221453  802  792  792.2382352359818  2.4837896900392025  -0.012131435210477538
-2.094327536221453  801  820  820.016003369117  2.5285824301845423  -0.004078334763421972
-2.094327536221453  800  847  847.4006498729664  2.5283867578937134  0.026016889171929094
-2.094327536221453  799  874  874.2257781788275  2.5093592871403416  0.001355079279233824
-2.094327536221453  798  901  900.649696648274  2.640774316480929  0.01235214621790552
-2.094327536221453  797  927  926.5907550988027  2.5215304958188653  -0.03290130373227886
-2.094327536221453  796  952  952.1996356913565  2.6361433927265807  0.009740981956210225
-2.094327536221453  795  977  977.4096540141325  2.4939900377760296  0.015419562570751626
-2.094327536221453  794  1002  1002.1528827464728  2.5003135180061236  -0.00019512844276092098
-1.8468775362214531  794  40  40.34034799888212  2.7184553977964327  -0.024596895443293357
-1.8468775362214531  795  82  81.66781642282943  2.672584104694323  -8.259405396213576e-05
-1.8468775362214531  797  122  122.18248297702557  2.5518056476173  -0.019307219719061745
-1.8468775362214531  798  162  161.89700994728136  2.591599359207237  -0.003529535165106379
-1.8468775362214531  800  201  200.7847467210663  2.5764135210775976  -0.031535520298228925
-1.8468775362214531  801  239  239.05813473198606  2.5595162133620306  0.00033052913844564544
-1.8468775362214531  802  276  276.44946089407676  2.4902306143684996  -0.03182280416949477
-1.8468775362214531  802  313  313.268577190494  2.451550120528509  0.020711853923736444
-1.8468775362214531  803  349  349.36234425107216  2.5149896457829755  0.012282254877902896
-1.8468775362214531  804  385  384.6407522053926  2.433287852990759  -0.05889795881753695
-1.8468775362214531  804  420  419.5124641186888  2.3931624280888855  0.009881915572088305
-1.8468775362214531  804  454  453.6299920199724  2.4809082592510094  -0.01286216537497922
-1.8468775362214531  804  487  487.20289748481906  2.49053147191853  0.0011401184553317724
-1.8468775362214531  804  520  520.1394994084437  2.4703496304398413  -0.01421800761367766
-1.8468775362214531  804  552  552.4571284099352  2.372894922565024  -0.03711097207671482
-1.8468775362214531  804  584  584.302335016374  2.4136942249206186  -0.019216965753156137
-1.8468775362214531  804  616  615.5354594799808  2.4417639790301564  -0.007473717107064679
-1.8468775362214531  804  646  646.2549547243499  2.4536516980554097  -0.009736761687255343
-1.8468775362214531  803  676  676.4648609009087  2.4584186482793484  -0.020555473218117907
-1.8468775362214531  803  706  706.1606892527972  2.4916599062987643  -0.005776151814433038
-1.8468775362214531  802  735  735.4041723712278  2.5098722319569333  0.010770612350249424
-1.8468775362214531  802  764  764.0465402811765  2.5171035710920933  -0.007667869372474704
-1.8468775362214531  801  792  792.2931796994246  2.490262542407436  -0.014643388469411732
-1.8468775362214531  800  820  820.0725929700593  2.472029859902932  -0.010710956594592811
-1.8468775362214531  799  847  847.4373007048745  2.515887786437588  0.02040929108410088
-1.8468775362214531  798  874  874.2911594585587  2.517599159247311  0.009270927403141187
-1.8468775362214531  797  901  900.6995050755088  2.610805818786048  -0.0065411917849065825
-1.8468775362214531  797  927  926.6386974611028  2.5830398194801774  -0.04476143194623487
-1.8468775362214531  796  952  952.294531915726  2.555570400446186  0.013014229456785494
-1.8468775362214531  794  977  977.4763812318646  2.508763446374587  0.01961704554750325
-1.8468775362214531  793  1002  1002.2322549871834  2.5174276241086773  0.0042613580005993815
-1.5994275362214534  793  40  40.33523418763853  2.725887345500851  -0.017667468734011347
-1.5994275362214534  794  82  81.64469998297135  2.672557173389862  -0.012272011569184458
-1.5994275362214534  796  122  122.16211348091589  2.5476093666287056  -0.020029311311135695
-1.5994275362214534  797  162  161.911215527193  2.588821030944814  -0.003188079385498686
-1.5994275362214534  799  201  200.76996469564688  2.5963830091789077  -0.040739708475621896
-1.5994275362214534  800  239  239.06390367023656  2.565666122664652  0.003778828249774217
-1.5994275362214534  801  276  276.465020582287  2.4640969780670616  -0.040042481361249535
-1.5994275362214534  801  313  313.2605500591873  2.4601382539092356  0.008618434204903687
-1.5994275362214534  802  349  349.3549727879898  2.4935920995604874  -0.0025311436983494386
-1.5994275362214534  803  385  384.6624854614913  2.420869192272221  -0.05761467194179354
-1.5994275362214534  803  420  419.5373295004822  2.370323634110491  0.008264411726714438
-1.5994275362214534  803  454  453.67070149313224  2.469290817336173  -0.006813357804254907
-1.5994275362214534  803  487  487.2203508300982  2.466142022213603  0.00098725111696729
-1.5994275362214534  803  520  520.1732136437575  2.444806501234325  -0.014915291871537369
-1.5994275362214534  803  552  552.4771674509958  2.392529808669906  -0.04742564522099224
-1.5994275362214534  803  584  584.3360908290502  2.4036824254508247  -0.013713806118307454
-1.5994275362214534  803  616  615.578446093466  2.4237591911885374  -0.004628035994715034
-1.5994275362214534  803  646  646.2966321592705  2.4494336371944883  -0.018047864889351367
-1.5994275362214534  802  676  676.4948536577481  2.4979799192433347  -0.030524069327470083
-1.5994275362214534  802  706  706.1989382565212  2.4818585098773838  -0.009865598840056201
-1.5994275362214534  801  735  735.4483357673454  2.527866123236663  0.008372891041821946
-1.5994275362214534  801  764  764.0897070730196  2.519490127996278  -0.006068433033389374
-1.5994275362214534  800  792  792.3459673872587  2.4574774309978693  -0.019510819198804874
-1.5994275362214534  799  820  820.1390988315273  2.512589656002774  -0.001254688155338415
-1.5994275362214534  798  847  847.4684570163125  2.51449155943601  0.008768776153566731
-1.5994275362214534  797  874  874.3319899800263  2.5571788576687595  0.005212478424984718
-1.5994275362214534  797  901  900.7325347384968  2.6709195470157283  -0.022188676324621882
-1.5994275362214534  796  927  926.6720854290123  2.5244320391840347  -0.05804037355606441
-1.5994275362214534  795  952  952.3272094401545  2.5313116100890056  -0.006392908432944008
-1.5994275362214534  793  978  977.5204698798808  2.5804877945338376  0.01808817746372383
-1.5994275362214534  792  1002  1002.3049145929981  2.501660220700387  0.006558750079315198
-1.3519775362214537  792  40  40.32163736531906  2.750161461968922  -0.0144318937008635
-1.3519775362214537  793  82  81.62474719562204  2.683625402859178  -0.02116371125329953
-1.3519775362214537  795  122  122.16235294699722  2.5881647034979665  -0.016486649456668348
-1.3519775362214537  796  162  161.93299692982748  2.643470861275489  0.005879829839781734
-1.3519775362214537  798  201  200.76894668573107  2.6088269481909663  -0.04975320103753242
-1.3519775362214537  799  239  239.06311753767918  2.551496463377987  0.0021850482407277656
-1.3519775362214537  800  276  276.4822466494758  2.4903872952883717  -0.027054174075238527
-1.3519775362214537  800  313  313.26884180331905  2.4837251396884312  0.011524940832857935
-1.3519775362214537  801  349  349.3903266984522  2.496553327116999  0.011849900221608025
-1.3519775362214537  802  385  384.68715228266  2.4454156423739732  -0.05533405815513546
-1.3519775362214537  802  420  419.5612533370267  2.406715912740765  -0.0003108658349748229
-1.3519775362214537  802  454  453.6683372528067  2.4696259539191487  -0.022418623576534638
-1.3519775362214537  802  487  487.2369127222546  2.444123625288512  0.0023110180887313393
-1.3519775362214537  802  520  520.2027381187345  2.383969214286253  -0.013348778427156956
-1.3519775362214537  802  553  552.5084422043329  2.407673605069931  -0.049414865028067044
-1.3519775362214537  802  584  584.3814290278481  2.397244766760423  -0.011320720240933066
-1.3519775362214537  802  616  615.6169556862822  2.4474839872007124  -0.011137375226392692
-1.3519775362214537  802  646  646.3321612032539  2.4343454382499203  -0.009703272559453203
-1.3519775362214537  801  677  676.5373144185002  2.4693926682821257  -0.03406681677959266
-1.3519775362214537  801  706  706.2401719785682  2.450838836396997  -0.011915280205482368
-1.3519775362214537  800  736  735.4989442303878  2.5020180738918043  0.012604584549594703
-1.3519775362214537  800  764  764.1226609798825  2.5196506907750518  -0.012332851262265668
-1.3519775362214537  799  792  792.388653825736  2.4446614003488776  -0.019163440285088994
-1.3519775362214537  798  820  820.1815459916071  2.52076807984713  -0.00958667260929562
-1.3519775362214537  797  848  847.533637090264  2.5131159033546737  0.011777823772643279
-1.3519775362214537  797  874  874.3633831770933  2.5251087042463496  -0.008766358603986115
-1.3519775362214537  796  901  900.7603796959064  2.5602241978343727  -0.03208993073166176
-1.3519775362214537  795  927  926.7459108565989  2.5128777048303164  -0.039608989204084614
-1.3519775362214537  794  952  952.3700162366423  2.558881540158154  -0.0263204853100446
-1.3519775362214537  792  978  977.5775990997176  2.542046014076277  0.004530965418183371
-1.3519775362214537  791  1002  1002.36585645266  2.4787140760556667  0.005169824909265604
-1.104527536221454  791  40  40.29872076021185  2.7219993463382224  -0.011984732967531043
-1.104527536221454  792  82  81.66034172870488  2.7382796414700863  0.029489151183456522
-1.104527536221454  794  122  122.1605964720855  2.604095899074167  -0.015846273390334956
-1.104527536221454  795  162  161.921974038647  2.5954597364024607  0.002588651559182745
-1.104527536221454  797  201  200.76333930584718  2.5786468597631824  -0.04956370654997532
-1.104527536221454  798  239  239.05082184506819  2.5585826436706043  -0.004774015382511623
-1.104527536221454  799  276  276.4989589835574  2.523542887516669  -0.012635693066999599
-1.104527536221454  800  313  313.2561303273027  2.484860427765966  -0.0005479963766095387
-1.104527536221454  800  349  349.3928999227635  2.474734720344145  0.0037432873785998013
-1.104527536221454  801  385  384.7149975315733  2.432039893736885  -0.048965797435897344
-1.104527536221454  801  420  419.5959594255356  2.427282944981471  0.00921138627607034
-1.104527536221454  801  454  453.7049061627782  2.4802093484436227  -0.008092298875638934
-1.104527536221454  801  487  487.2359656082209  2.452478334040279  -0.006268984803601466
-1.104527536221454  802  520  520.2027381187345  2.383969214286253  -0.013348778427156956
-1.104527536221454  801  553  552.5460462713845  2.4279395217672572  -0.043003835151533096
-1.104527536221454  801  584  584.3916905313206  2.426956744134941  -0.02812491001623168
-1.104527536221454  801  616  615.6583304928397  2.4705137968444433  0.00020991677184321127
-1.104527536221454  801  646  646.3498422046339  2.4468361707986332  -0.022703289630223004
-1.104527536221454  800  677  676.5887683522585  2.49171470080762  -0.03110476474590987
-1.104527536221454  800  706  706.2817873335844  2.471337859213236  -0.014523487241130855
-1.104527536221454  799  736  735.5324145903978  2.4769614101360276  0.0037472878326393123
-1.104527536221454  799  764  764.1929385620757  2.519590637097963  -0.0037432494244477206
-1.104527536221454  798  792  792.4585552996066  2.440884342937352  -0.0075884059797821654
-1.104527536221454  797  820  820.2370980240821  2.4924879194718415  -0.017541077968815395
-1.104527536221454  796  848  847.587723019198  2.5012953556365574  0.012330566410005649
-1.104527536221454  796  874  874.3930365936877  2.5383534405045793  -0.04008588718869025
-1.104527536221454  795  901  900.8334072415777  2.573600254121857  -0.012988215894664874
-1.104527536221454  794  927  926.8016940637914  2.507430909490381  -0.037641024763881085
-1.104527536221454  793  952  952.429564511972  2.4913452676055385  -0.0219997869467584
-1.104527536221454  791  978  977.6530084014619  2.5160922455590935  0.006222017189708087
-1.104527536221454  790  1002  1002.4309703204154  2.4630054083995674  -0.0015397033224650387
-0.8570775362214542  790  40  40.27310400330227  2.7167128628778627  -0.02654494336055974
-0.8570775362214542  791  82  81.63762171227862  2.7203722909973322  0.03502846528099321
-0.8570775362214542  793  122  122.13546494934673  2.6012713399879317  -0.01823717644666486
-0.8570775362214542  795  162  161.88697511369529  2.598583498881567  -0.014496090026718323
-0.8570775362214542  796  201  200.76499694718646  2.5793686778213214  -0.04279841999640257
-0.8570775362214542  797  239  239.05312249004456  2.5635505126820135  0.001900060508637129
-0.8570775362214542  798  276  276.50014283779046  2.5300399617273115  -0.019556770219447572
-0.8570775362214542  799  313  313.27102670887496  2.452886290815968  0.001619917847639048
-0.8570775362214542  799  349  349.4084115584011  2.475809278261295  0.010353784728801803
-0.8570775362214542  800  385  384.72182554277003  2.4706053872027383  -0.047150973860175034
-0.8570775362214542  800  420  419.58065259863554  2.387762972466021  -0.004135376295599626
-0.8570775362214542  800  454  453.72644504880776  2.458647546464249  -0.004849220338304396
-0.8570775362214542  801  487  487.23482469432116  2.4562252047854827  -0.006907473875363081
-0.8570775362214542  801  520  520.2277704730509  2.397498674545659  -0.014781062895636844
-0.8570775362214542  800  553  552.5623318502292  2.4506980568745576  -0.0424939632305155
-0.8570775362214542  800  584  584.429165627808  2.4272030364224975  -0.02827177503201387
-0.8570775362214542  800  616  615.6792741379074  2.4576953134694577  -0.0027472996557821685
-0.8570775362214542  800  646  646.3771366474587  2.4340337496826123  -0.02143512697647494
-0.8570775362214542  799  677  676.6333296642117  2.501939478139775  -0.026917854669574415
-0.8570775362214542  799  706  706.3275300694271  2.4554636465302337  -0.014814646329266792
-0.8570775362214542  798  736  735.5620334987361  2.4675743056989177  -0.0018566556066940026
-0.8570775362214542  798  764  764.236023135574  2.482897947266565  -0.01308476173786828
-0.8570775362214542  797  793  792.5089226133656  2.461435452613614  -0.005757570253113533
-0.8570775362214542  796  820  820.2991852672701  2.4506703450708756  -0.01286261038944968
-0.8570775362214542  795  848  847.6376779907985  2.502984214145499  0.007809129042818744
-0.8570775362214542  795  874  874.4485093431847  2.4766263153214823  -0.021059561095151738
-0.8570775362214542  794  901  900.90362600826  2.594521382025505  -0.005598264387291548
-0.8570775362214542  793  927  926.8749996896117  2.535324586556044  -0.03095016384789234
-0.8570775362214542  792  952  952.4804198210428  2.483269047749218  -0.027132545441425154
-0.8570775362214542  791  978  977.6760532571876  2.5476216127558473  -0.022242238239354468
-0.8570775362214542  789  1002  1002.5079604382003  2.4979767188881397  0.001342209666785437
-0.6096275362214545  789  40  40.268243192933724  2.741636085999197  -0.017754480768767622
-0.6096275362214545  791  82  81.5901191973679  2.726515175973617  -0.014160653028934059
-0.6096275362214545  792  122  122.11834758971321  2.617559852185252  -0.016923871431437587
-0.6096275362214545  794  162  161.901799158617  2.6072471607496084  -0.009203730115281519
-0.6096275362214545  795  201  200.7866201599605  2.5934091270238753  -0.02627374994643543
-0.6096275362214545  796  239  239.05334076810288  2.551891561898003  0.007382758366962879
-0.6096275362214545  797  276  276.4902653801078  2.491309331025775  -0.03020713724182893
-0.6096275362214545  798  313  313.2631885646232  2.4792464437979334  -0.008894856475024518
-0.6096275362214545  798  349  349.4197622164348  2.4547873122419333  0.02009134116325701
-0.6096275362214545  799  385  384.73262820843854  2.4715033360681673  -0.042797527756290844
-0.6096275362214545  799  420  419.57552013521786  2.358839597259248  -0.009562737006467056
-0.6096275362214545  799  454  453.7229739971  2.464352405360387  -0.024615765702939614
-0.6096275362214545  800  487  487.2617457810447  2.440537064763248  0.005787906558508254
-0.6096275362214545  800  520  520.2376984203668  2.4456206923564423  -0.015377069829950775
-0.6096275362214545  800  553  552.5615417525311  2.430682558021772  -0.05354712467080072
-0.6096275362214545  799  584  584.4452253178805  2.3924800330291873  -0.026276275653466727
-0.6096275362214545  799  616  615.7165310648974  2.467003983398172  -0.0056444157032635575
-0.6096275362214545  799  646  646.4122395507245  2.4059911447388913  -0.02638167606955595
-0.6096275362214545  798  677  676.660274485324  2.4797561367784056  -0.03139731114685285
-0.6096275362214545  798  706  706.372385310494  2.43548954305993  -0.01582859756884106
-0.6096275362214545  797  736  735.6011186484376  2.4791402711896353  -0.005293429253503514
-0.6096275362214545  797  764  764.2950458843382  2.4845619523891855  -0.010138167347970217
-0.6096275362214545  796  793  792.5270273307988  2.4712290015586404  -0.029074124631032663
-0.6096275362214545  795  820  820.3360596267878  2.468461433474431  -0.018484996611844058
-0.6096275362214545  794  848  847.69751938558  2.520763289749084  0.026761475362131495
-0.6096275362214545  794  874  874.4881338756051  2.459947902354884  -0.03359565177937018
-0.6096275362214545  793  901  900.9651009326975  2.612525621812665  -0.0036614692893672785
-0.6096275362214545  792  927  926.942574029565  2.5722208210827375  -0.021249656129310495
-0.6096275362214545  791  953  952.5543770330551  2.49504508082714  -0.018526043170303392
-0.6096275362214545  790  978  977.7123554894638  2.472179203127098  -0.026975801090182945
-0.6096275362214545  788  1003  1002.5661712664267  2.57056825341283  0.005448228194547719
-0.36217753622145477  788  40  40.26402134414442  2.7056022065610676  -0.006761988118958094
-0.36217753622145477  790  82  81.60188472145697  2.735002065073445  0.00038292981775607266
-0.36217753622145477  791  122  122.09617094278424  2.5869155107832285  -0.01353228776362357
-0.36217753622145477  793  162  161.89542700687002  2.5867096330438244  -0.005156580697645911
-0.36217753622145477  794  201  200.77838024029597  2.574511298548174  -0.024332281585599056
-0.36217753622145477  795  239  239.0476553576733  2.5714540914410122  0.007627810172277131
-0.36217753622145477  796  276  276.4856352771758  2.47393074839448  -0.03360274577907977
-0.36217753622145477  797  313  313.26653534357035  2.505472513971995  -0.007591423950221796
-0.36217753622145477  797  349  349.4208205068928  2.4432542426569626  0.023042351781677666
-0.36217753622145477  798  385  384.7538939745619  2.4959968869445674  -0.046433364837886876
-0.36217753622145477  798  420  419.5988675542846  2.3515817666788053  0.0006881088281827216
-0.36217753622145477  798  454  453.7521110009611  2.459301006377814  -0.01924590674665076
-0.36217753622145477  799  487  487.2802885477304  2.4542709322233804  0.00650231182425285
-0.36217753622145477  799  520  520.2576917267675  2.4644725250871033  -0.01996342517023926
-0.36217753622145477  799  553  552.5986398613793  2.4342585253169773  -0.04428296139359773
-0.36217753622145477  798  584  584.4667903921406  2.3870182777013724  -0.026233976513800012
-0.36217753622145477  798  616  615.7535794492317  2.479575878954165  -0.007131326074362176
-0.36217753622145477  798  646  646.4603238885136  2.4059727410451615  -0.029398015435357392
-0.36217753622145477  797  677  676.6856647646039  2.517651072572221  -0.03156987629267612
-0.36217753622145477  797  706  706.4087948027341  2.4524226121645825  -0.02022742124932428
-0.36217753622145477  796  736  735.6413016840778  2.4811227545142174  -0.009239925175435591
-0.36217753622145477  796  764  764.332615090562  2.4761212781425  -0.006644654851846489
-0.36217753622145477  795  793  792.5643895060817  2.476532469683434  -0.028894988913499727
-0.36217753622145477  794  820  820.396521788771  2.4775488461789337  -0.016759858828532058
-0.36217753622145477  793  848  847.7206290417296  2.545136158528976  -0.0026679083095309686
-0.36217753622145477  793  875  874.5436380615073  2.504482491710178  -0.027411728403139646
-0.36217753622145477  792  901  901.0391855122662  2.6171656476524277  0.0064157592355856136
-0.36217753622145477  791  927  927.0170596903545  2.598495581839188  -0.013580982759056762
-0.36217753622145477  790  953  952.5992536660207  2.523137694306115  -0.025422430639685207
-0.36217753622145477  789  978  977.7819602834747  2.470007505075273  -0.019151270128414728
-0.36217753622145477  787  1003  1002.6091903188985  2.550076728590966  -0.01065234612098542
-0.11472753622145504  787  40  40.24972781537464  2.6837454596349914  -0.0008874455372944956
-0.11472753622145504  789  82  81.57272412903788  2.7308343085798867  -0.011642104151712638
-0.11472753622145504  790  122  122.06682795408116  2.606297403876141  -0.019341687175600142
-0.11472753622145504  792  162  161.8913690409962  2.58609222133299  0.0029577623663872717
-0.11472753622145504  793  201  200.74931978842295  2.5927657231968624  -0.041406980195001566
-0.11472753622145504  794  239  239.02118699864894  2.575357960809697  -0.0004005736513525869
-0.11472753622145504  795  276  276.4955820585654  2.519148524205434  -0.019857902311520313
-0.11472753622145504  796  313  313.26934712607874  2.4878566074158925  -0.0014329841794128724
-0.11472753622145504  796  349  349.4307578187066  2.430875211974353  0.02395484571619064
-0.11472753622145504  797  385  384.75865767708945  2.480301150879882  -0.048498620553291204
-0.11472753622145504  797  420  419.59420938752265  2.3764879651959063  -0.01017191219733155
-0.11472753622145504  797  454  453.77325411094387  2.481349837549601  -0.017155466044491707
-0.11472753622145504  798  487  487.31565989321103  2.4323471643434686  0.00688298263461958
-0.11472753622145504  798  520  520.2930108430911  2.444609336457006  -0.0009173217172537349
-0.11472753622145504  798  553  552.634998449617  2.468140166010585  -0.039802445931038016
-0.11472753622145504  797  584  584.4814213496077  2.4078622058971177  -0.034763945549453626
-0.11472753622145504  797  616  615.7639160420175  2.47405068714761  -0.01785144341351466
-0.11472753622145504  797  646  646.5011976595608  2.4243402048032294  -0.030737892978611733
-0.11472753622145504  796  677  676.7201844759278  2.522247229875802  -0.028757277155175783
-0.11472753622145504  796  706  706.4310220737036  2.4836633425516084  -0.027240125157839044
-0.11472753622145504  795  736  735.6872603412453  2.4868505840618127  -0.006107230265871274
-0.11472753622145504  795  764  764.3560077326521  2.489157804957813  -0.02400651701905082
-0.11472753622145504  794  793  792.6169517201992  2.4841476502790556  -0.025477418361963163
-0.11472753622145504  793  820  820.4338856331184  2.488528089772217  -0.020734861158441788
-0.11472753622145504  793  848  847.7636789950775  2.5625230170774103  -0.005482242728474262
-0.11472753622145504  792  875  874.6021908342411  2.493166865145213  -0.02196520965524714
-0.11472753622145504  791  901  901.0941876578385  2.5843961217717606  0.0025238189918156987
-0.11472753622145504  790  927  927.0837554368088  2.5675566292529766  -0.008221062406922995
-0.11472753622145504  789  953  952.6624901472723  2.5177944625695545  -0.025609745397375844
-0.11472753622145504  788  978  977.8462032082842  2.488909357868124  -0.01919100105892209
-0.11472753622145504  787  1003  1002.6680581652595  2.5770014274769437  -0.017238878650403466
0.13272246377854469  786  40  40.20374227855779  2.6988221248347344  -0.00572365446990055
0.13272246377854469  788  82  81.5487161041924  2.71481472284691  -0.001818643547190422
0.13272246377854469  789  122  122.02753776639791  2.5837550802471156  -0.026382953536312245
0.13272246377854469  791  162  161.8751858682297  2.5748564061213415  0.008407034523564519
0.13272246377854469  792  201  200.65864980771704  2.4502681731037512  -0.06940595818106732
0.13272246377854469  793  239  239.0041643912012  2.5433463071931897  -0.011489798731624062
0.13272246377854469  794  276  276.48988053907243  2.4898874352842313  -0.022775506596133623
0.13272246377854469  795  313  313.2484481428717  2.468115154271004  -0.003210899591520749
0.13272246377854469  795  349  349.41566979710194  2.4197912784605933  0.0058427419336551005
0.13272246377854469  796  385  384.76387730156586  2.505270879924524  -0.0475704910525008
0.13272246377854469  796  420  419.6064272743959  2.354257010072729  -0.006334201915383739
0.13272246377854469  796  454  453.75809260958965  2.4535249255604867  -0.023009213112950663
0.13272246377854469  797  487  487.33601382339634  2.4464011152749663  0.005404759698696958
0.13272246377854469  797  520  520.2985505718609  2.4212985264423423  -0.011901495601047961
0.13272246377854469  797  553  552.6595970048589  2.508166731327833  -0.04122736334949419
0.13272246377854469  796  584  584.5046873310222  2.4044796389092653  -0.032272678310514384
0.13272246377854469  796  616  615.7982956858028  2.4822482194824715  -0.008067529821027677
0.13272246377854469  796  647  646.5105619335105  2.425293265448204  -0.034769479257865187
0.13272246377854469  795  677  676.7660449934646  2.5346842241776812  -0.011210157215424952
0.13272246377854469  795  706  706.4582436096871  2.4577539068832266  -0.027809894645852963
0.13272246377854469  794  736  735.7312862431374  2.490682189095878  -0.010420359583083615
0.13272246377854469  794  764  764.4134052642511  2.5022195560989076  -0.01726424185407551
0.13272246377854469  793  793  792.6663235236773  2.521087833574711  -0.026861598358357587
0.13272246377854469  792  820  820.4598831984295  2.4640319722320783  -0.028036661513259863
0.13272246377854469  792  848  847.7949494691322  2.5055331421976916  -0.008263670737259216
0.13272246377854469  791  875  874.6579867948427  2.554645280260047  -0.028069802776515253
0.13272246377854469  790  901  901.1493767051144  2.5420716563726273  0.009321046594275928
0.13272246377854469  789  927  927.1525995595462  2.5735963481515682  0.00029398018768969777
0.13272246377854469  788  953  952.7180932858317  2.5185105395717073  -0.021820993548119325
0.13272246377854469  787  978  977.9091283137241  2.51819709252527  -0.019281051075282926
0.13272246377854469  786  1003  1002.7474285419097  2.5993610683067345  -0.013598240275957806
0.3801724637785444  785  40  40.13364191802757  2.730364816337314  -0.015428529623925519
0.3801724637785444  787  82  81.5389832680947  2.703076205895883  0.002834902781221108
0.3801724637785444  788  122  122.01872229832155  2.597845615468273  -0.020272441693134153
0.3801724637785444  790  162  161.85984571686487  2.5523937831340504  0.003292918238525579
0.3801724637785444  791  202  202.26428011432174  0.773028131137437  0.5517460520711693
0.3801724637785444  792  239  238.97591010330373  2.5477211943928637  -0.0217489466814614
0.3801724637785444  793  276  276.4960837330557  2.5096277122179345  -0.016344146246863717
0.3801724637785444  794  313  313.2424608974208  2.489157631845046  -0.0005411056604731796
0.3801724637785444  794  349  349.416789432596  2.4245878043968787  0.01782838865832236
0.3801724637785444  795  385  384.77446000587304  2.517329899526544  -0.03339800045390022
0.3801724637785444  795  420  419.6186431787377  2.369424451420059  -0.008288925403114522
0.3801724637785444  795  454  453.77341874916004  2.484842408764166  -0.022171036732716233
0.3801724637785444  796  487  487.34309572031924  2.48494887702077  0.008412545693894269
0.3801724637785444  796  520  520.3271879309176  2.405987205893325  -0.02034119500601949
0.3801724637785444  796  553  552.6631131508077  2.509254023974677  -0.04731063561496286
0.3801724637785444  795  585  584.5104384292401  2.3907234390700296  -0.03656022841063722
0.3801724637785444  795  616  615.8252792160564  2.482566958688494  -0.00831950355639028
0.3801724637785444  795  647  646.5426091816508  2.4459653423673444  -0.02310615567125298
0.3801724637785444  794  677  676.7676959567639  2.5443384537861675  -0.02443978620618639
0.3801724637785444  794  706  706.4868954101362  2.4398822508431977  -0.03453386588514187
0.3801724637785444  793  736  735.7442673350082  2.4900343042238546  -0.01660749762515632
0.3801724637785444  793  764  764.4531005059989  2.502156442081059  -0.021193296721502802
0.3801724637785444  792  793  792.7205792809657  2.520019592486733  -0.028919130086415144
0.3801724637785444  791  821  820.5138699288519  2.4903326767141607  -0.03207478207130871
0.3801724637785444  791  848  847.8466097360696  2.50081701243289  -0.008394030003578183
0.3801724637785444  790  875  874.7185902761552  2.554717122004604  -0.026345307476421467
0.3801724637785444  789  901  901.2117796490902  2.5442333154417156  0.013505957350628546
0.3801724637785444  788  927  927.2055024315123  2.5521685666840312  -0.004149754328662282
0.3801724637785444  787  953  952.7899795149127  2.5123379639833274  -0.01962241015264144
0.3801724637785444  786  978  977.97966854143  2.4951723429721824  -0.010416338996588873
0.3801724637785444  785  1003  1002.7901539393888  2.5204380397865407  -0.01524646126518265
0.6276224637785441  784  40  40.11945497742931  2.7024338617079025  -0.007992705342253539
0.6276224637785441  786  82  81.52818393990215  2.7211539925708337  0.002402119959148003
0.6276224637785441  787  122  121.97406631491344  2.6149763728875968  -0.029617425982205223
0.6276224637785441  789  162  161.81988996762385  2.5245229813481274  -0.0001774876193934596
0.6276224637785441  790  202  202.26783197732064  0.7526549946082355  0.5328933261392066
0.6276224637785441  791  239  238.96315729128966  2.5471372747252303  -0.01918900592623491
0.6276224637785441  792  276  276.4808194662237  2.466070116488538  -0.02667222438952735
0.6276224637785441  793  313  313.2482382493953  2.518713204183541  0.004643601992857823
0.6276224637785441  793  349  349.41578755880244  2.4171202568132912  0.021144772711676196
0.6276224637785441  794  385  384.77807066802194  2.5542279143732003  -0.03855708245986097
0.6276224637785441  794  420  419.617617459019  2.373331032568217  -0.007297453962739346
0.6276224637785441  794  454  453.7898743562066  2.4230581324675313  -0.01896294307357362
0.6276224637785441  795  487  487.33626287312444  2.4936630836940594  -0.006097434526806133
0.6276224637785441  795  520  520.3435528407008  2.388559390112505  -0.012611885489542594
0.6276224637785441  795  553  552.6807072557654  2.477014082501455  -0.04388236598991718
0.6276224637785441  794  585  584.5524556647281  2.437692728782622  -0.017150276301192847
0.6276224637785441  794  616  615.8361605237436  2.4768037678666133  -0.015024272258210472
0.6276224637785441  794  647  646.5663875019595  2.46979097992687  -0.030874917338519044
0.6276224637785441  794  677  676.7801439175058  2.5064597041211982  -0.03801527707683707
0.6276224637785441  793  707  706.527413169666  2.4582131567060514  -0.03401282490377087
0.6276224637785441  792  736  735.7759151378968  2.486924798893824  -0.006473766695910054
0.6276224637785441  792  764  764.4683904603725  2.465570357768911  -0.03734885865144901
0.6276224637785441  791  793  792.7610172863721  2.537726589375552  -0.02982724883728584
0.6276224637785441  790  821  820.573826952478  2.5088139029493277  -0.032262729263215585
0.6276224637785441  790  848  847.9050464673131  2.4986897561736896  0.0008816064273468264
0.6276224637785441  789  875  874.7697128786845  2.546426245193743  -0.026797282032515093
0.6276224637785441  788  901  901.2707305611306  2.541928225534548  0.01888199103867726
0.6276224637785441  787  927  927.2867794607241  2.524986158408865  0.00853852917949408
0.6276224637785441  786  953  952.8600901653093  2.5542282361550406  -0.015282770358724666
0.6276224637785441  785  978  978.0485653076183  2.502735154519087  -0.0035766315726489316
0.6276224637785441  784  1003  1002.8390247250114  2.5252520871060824  -0.024699607049954653
0.8750724637785439  783  40  40.078899546267586  2.729785531942909  -0.0072814658105277005
0.8750724637785439  785  82  81.50647138021355  2.7345407436114897  0.007001484340594196
0.8750724637785439  786  122  121.94993446885708  2.6087206203759763  -0.02639885533442975
0.8750724637785439  788  162  161.79320399490612  2.5423400283931983  -0.0014566377009751657
0.8750724637785439  789  201  200.67121341820038  2.4161564768068047  -0.04248330561947927
0.8750724637785439  790  239  238.93197002010336  2.5293226826872797  -0.02762459096175686
0.8750724637785439  791  276  276.4827707119128  2.4736592310794094  -0.017444669510604194
0.8750724637785439  792  313  313.24018363479644  2.5049736395118316  -0.001987477360129609
0.8750724637785439  792  349  349.421536952461  2.4330642051023688  0.022317483143602906
0.8750724637785439  793  385  384.7954932844474  2.553079106292614  -0.02917630394030021
0.8750724637785439  793  420  419.6385584165402  2.380779011529512  0.0008212058204982026
0.8750724637785439  794  454  453.8002714933129  2.455327217050467  -0.016535111096187202
0.8750724637785439  794  487  487.3600259742967  2.477038612046613  0.0004625403944905443
0.8750724637785439  794  520  520.352747948269  2.365327401224704  -0.016831582516803965
0.8750724637785439  794  553  552.6970802331412  2.4871783434163035  -0.03736387104087366
0.8750724637785439  794  585  584.5525368040165  2.4136887513341208  -0.030584293616728587
0.8750724637785439  793  616  615.874683107843  2.4849472944968056  -0.007228439416217293
0.8750724637785439  793  647  646.5742447855949  2.478946250477293  -0.04659784571023237
0.8750724637785439  793  677  676.8270109001214  2.533588551238381  -0.025362988406392853
0.8750724637785439  792  707  706.5562342055448  2.4952344448314534  -0.042072145156292755
0.8750724637785439  791  736  735.7886782609322  2.5416827012627436  -0.024447089416438618
0.8750724637785439  791  765  764.5188173096344  2.507082990722438  -0.026432679709440406
0.8750724637785439  790  793  792.7936330056532  2.5875007000427104  -0.027435671589801036
0.8750724637785439  789  821  820.6165796709906  2.504268055172588  -0.031117741026504987
0.8750724637785439  789  848  847.9256308892585  2.496572469931607  -0.009434884359169934
0.8750724637785439  788  875  874.8302046828493  2.5801771133885723  -0.013761319880353406
0.8750724637785439  787  901  901.329820889422  2.5450802966770425  0.01660177386118873
0.8750724637785439  786  927  927.3431710713932  2.503103750289256  0.014525926437432744
0.8750724637785439  785  953  952.9224568418257  2.544283564033776  -0.009325902156103488
0.8750724637785439  784  978  978.1058174272007  2.4730665080953713  -0.010702499451409084
0.8750724637785439  783  1003  1002.8968122027333  2.535706334060478  -0.010852584333626685
1.1225224637785436  782  40  40.03108981430428  2.6826091461635713  -0.01598118690207434
1.1225224637785436  784  81  81.47801631368887  2.6623450691532184  0.006804167257121589
1.1225224637785436  785  122  121.92201239497052  2.6114355117828154  -0.025597060521378598
1.1225224637785436  787  162  161.76904079856192  2.545145477693211  -0.0016085306361404276
1.1225224637785436  788  201  200.67059022793413  2.579298285406338  -0.04042200110509479
1.1225224637785436  789  239  238.9150181348498  2.5216300311169846  -0.026700363378389415
1.1225224637785436  790  276  276.4641352021237  2.445353295679638  -0.023457330430986977
1.1225224637785436  791  313  313.21305813374715  2.4952217406877253  -0.01551647155077989
1.1225224637785436  791  349  349.4102916809326  2.4162073760359135  0.027197017935337735
1.1225224637785436  792  385  384.80952128918636  2.5330513380705497  -0.02954299675002395
1.1225224637785436  792  420  419.62802703682604  2.3576208185166934  -0.0004536927444420827
1.1225224637785436  793  454  453.8170259195741  2.464362952956776  -0.014615432963495559
1.1225224637785436  793  487  487.3652825128764  2.4746987242079967  -0.0024023072008761957
1.1225224637785436  793  520  520.3568886233197  2.3777386222232053  -0.017372616536529627
1.1225224637785436  793  553  552.7173931680437  2.481864125576294  -0.03885187404389235
1.1225224637785436  793  585  584.5563003031527  2.417616208119398  -0.03882418759163357
1.1225224637785436  792  616  615.886518519726  2.4714402145211807  -0.0008008861033638868
1.1225224637785436  792  647  646.5992245998916  2.4675288149663857  -0.047802152489904166
1.1225224637785436  792  677  676.8723043277867  2.586829368868848  -0.018130613231204105
1.1225224637785436  791  707  706.598505552185  2.4985529638561275  -0.030767270919671224
1.1225224637785436  791  736  735.8110656077545  2.528067450614799  -0.02553666171278003
1.1225224637785436  790  765  764.5586975355758  2.5025018832809565  -0.031314938538283
1.1225224637785436  789  793  792.8377055298473  2.5920313345832255  -0.021627241166383707
1.1225224637785436  788  821  820.6520300928626  2.52413376456434  -0.02568351887923772
1.1225224637785436  788  848  847.9756021826396  2.5138582123677224  -0.0023453178207419917
1.1225224637785436  787  875  874.877082555506  2.600818731758636  -0.010348555863323575
1.1225224637785436  786  901  901.3817546917994  2.530699110876867  0.021476336626229824
1.1225224637785436  785  927  927.391122928586  2.49264535451789  0.00960744613727719
1.1225224637785436  784  953  952.9753695069121  2.4999231233600767  -0.0036392692048230323
1.1225224637785436  783  978  978.1735765421263  2.46565071922646  -0.002309517980002884
1.1225224637785436  782  1003  1002.9655786236236  2.5505895544326904  -0.004815516357872642
1.3699724637785433  781  40  39.99158378362432  2.7047742973131577  -0.013325165469654508
1.3699724637785433  783  81  81.43749721620831  2.614211799801012  -0.0015615201665099294
1.3699724637785433  784  122  121.91181017191384  2.672291033556931  -0.019128243130768673
1.3699724637785433  786  162  161.72505380568765  2.526941546944556  -0.008687624862383206
1.3699724637785433  787  201  200.66938605816227  2.640884986877353  -0.022306351301052865
1.3699724637785433  788  239  238.9049856296992  2.5182832729849167  -0.027386510383963298
1.3699724637785433  789  276  276.44048667534787  2.4471311979426673  -0.03227214980189553
1.3699724637785433  790  313  313.2143946908905  2.5556114499232763  -0.00700576486859251
1.3699724637785433  790  349  349.39631127288817  2.4496557084677306  0.024110594520963913
1.3699724637785433  791  385  384.80886759931167  2.5409017148934367  -0.029398793398539458
1.3699724637785433  791  420  419.62506920397107  2.3813238766987297  -0.00026704876417220043
1.3699724637785433  792  454  453.82304697647027  2.4500650806542126  -0.012925535151296578
1.3699724637785433  792  487  487.37584561277384  2.507423752874274  0.002914180525840464
1.3699724637785433  792  520  520.3653641280913  2.3848839972247333  -0.02279636753585218
1.3699724637785433  792  553  552.7235020064094  2.5101656532700645  -0.03753067696933282
1.3699724637785433  792  585  584.574488350594  2.39650179427872  -0.04093799147712335
1.3699724637785433  791  616  615.9718888700969  2.5618148197104347  0.08210485692295486
1.3699724637785433  791  647  646.6352698865492  2.476559781644596  -0.033923075980627576
1.3699724637785433  791  677  676.8923285572788  2.571850666616456  -0.015912680231439897
1.3699724637785433  790  707  706.6273521680866  2.509383739817622  -0.030258564118635506
1.3699724637785433  790  736  735.8446504253475  2.498581606377229  -0.029795266945117877
1.3699724637785433  789  765  764.6012500173622  2.517842662875637  -0.03193124901679482
1.3699724637785433  788  793  792.8665296926918  2.593351903046141  -0.027215352543262333
1.3699724637785433  787  821  820.6938540044819  2.5388228759509275  -0.01400691669402978
1.3699724637785433  787  848  848.0269264404344  2.5051622064063395  -0.006813881467812467
1.3699724637785433  786  875  874.9351274216664  2.6254962598045495  -0.008087497799359715
1.3699724637785433  785  901  901.4285626107948  2.5257107405659553  0.02309932361785693
1.3699724637785433  784  927  927.4481620784584  2.4965151532740038  0.016685374725312424
1.3699724637785433  783  953  953.0192749387976  2.533933185497517  -0.009669242501378374
1.3699724637785433  782  978  978.2335495751034  2.447002196042149  -0.006039369381951744
1.3699724637785433  781  1003  1003.0388273193698  2.5383584248741045  0.00514813887224221
1.617422463778543  780  40  39.9476953311694  2.715858923304424  -0.018839209910039158
1.617422463778543  782  81  81.41817554153997  2.7034243660933157  0.018308713568297517
1.617422463778543  783  122  121.8859188117604  2.6550714231507158  -0.02067893368737563
1.617422463778543  785  162  161.71310444184908  2.5265536970226776  -0.007025889679814549
1.617422463778543  786  201  200.65909991899866  2.6125581756663223  -0.02294027131749893
1.617422463778543  787  239  238.8805023670504  2.510104144350578  -0.028109090438292367
1.617422463778543  788  276  276.42459922678626  2.4357863605653733  -0.025913897366226464
1.617422463778543  789  313  313.20953695817957  2.5887482651176015  0.00016725045272162538
1.617422463778543  789  349  349.3810408895183  2.43636723409179  0.016660055638492884
1.617422463778543  790  385  384.8098726942561  2.5443742630361044  -0.024424400367958014
1.617422463778543  790  420  419.59221404915115  2.4034568778020002  -0.018149152252813428
1.617422463778543  791  454  453.83536101416024  2.4333469103016796  -0.00857888174878448
1.617422463778543  791  487  487.3941449076349  2.475926068638273  0.004852061472575066
1.617422463778543  791  520  520.3749671902365  2.3771477632856204  -0.01932824244886761
1.617422463778543  791  553  552.7485750664156  2.526989193661393  -0.03621028173845713
1.617422463778543  791  585  584.5784744441867  2.387484452833746  -0.04621084510465314
1.617422463778543  790  616  615.965792886788  2.4300001203259853  0.06293943466980056
1.617422463778543  790  647  646.669499676169  2.5046663645076706  -0.03345143638849356
1.617422463778543  790  677  676.916027343491  2.565203290424506  -0.01588602190594986
1.617422463778543  789  707  706.6533674180068  2.517347065199374  -0.030647774667150452
1.617422463778543  789  736  735.8919598425523  2.4978177667283035  -0.01649604586267252
1.617422463778543  788  765  764.6352528252271  2.5207369121678767  -0.03279775623252241
1.617422463778543  787  793  792.923636564149  2.5633771991851972  -0.012367703517391285
1.617422463778543  786  821  820.7060478048044  2.584561125657956  -0.029278677726354334
1.617422463778543  786  848  848.0818168920447  2.522420406187166  -0.0025006521505136345
1.617422463778543  785  875  874.9957201440343  2.5835368145369557  -0.00094240262282841
1.617422463778543  784  901  901.455600803068  2.4959332022297076  0.014219030943150962
1.617422463778543  783  927  927.4762499325847  2.5115800160638173  -0.001662320312324305
1.617422463778543  782  953  953.0871800116004  2.529886879202195  0.0009309106403552326
1.617422463778543  781  978  978.2946389176748  2.4400768032548967  -0.004229933239652857
1.617422463778543  780  1003  1003.114995459371  2.5406972996802324  0.011941129999172682
1.8648724637785428  779  40  39.9070598512472  2.7332848885108305  -0.013306868058731406
1.8648724637785428  781  81  81.38816655393167  2.7210218763593446  0.009951903154327752
1.8648724637785428  782  122  121.84906812888501  2.656621492635523  -0.022506853113317484
1.8648724637785428  784  162  161.69857244393262  2.533659688139096  -0.00045108782678490424
1.8648724637785428  785  201  200.62216938763774  2.576317979780953  -0.031126763663037488
1.8648724637785428  786  239  238.8287368495401  2.4948836258051585  -0.03662817586470754
1.8648724637785428  787  276  276.43347585893076  2.4837859316118056  -0.006122105118375131
1.8648724637785428  788  313  313.1923372238319  2.5877296624468045  -0.004898483475962059
1.8648724637785428  788  349  349.3710586515724  2.43543967012954  0.019118470265963354
1.8648724637785428  789  385  384.7993702432654  2.5785660913093125  -0.021963563134830343
1.8648724637785428  789  420  419.59739890353893  2.391079393380778  -0.010580280323979964
1.8648724637785428  790  454  453.8316373285457  2.4354309836431867  -0.011331045051522978
1.8648724637785428  790  487  487.38285699069473  2.490079717870003  -0.011749684614425127
1.8648724637785428  790  520  520.3777881762205  2.3803598021784182  -0.028159260092322277
1.8648724637785428  790  553  552.7580112066914  2.534474247878393  -0.043794024358567385
1.8648724637785428  790  585  584.595548014221  2.4132368523237346  -0.0476069202740872
1.8648724637785428  789  616  615.9598850160729  2.4728462536152165  0.012293676110550291
1.8648724637785428  789  647  646.679621279973  2.5061997113998586  -0.037109743540954296
1.8648724637785428  789  677  676.9610624348836  2.567581505613589  -0.005622811286844678
1.8648724637785428  788  707  706.6739755678379  2.5464497756559012  -0.03918616554564272
1.8648724637785428  788  736  735.9156871211381  2.4887604544912847  -0.020193172736672385
1.8648724637785428  787  765  764.6684199260342  2.4941689786944607  -0.029372261207470437
1.8648724637785428  786  793  792.9526315056141  2.554363574866784  -0.018576339438052418
1.8648724637785428  785  821  820.7490749353608  2.5775789553656523  -0.023393036439333364
1.8648724637785428  785  848  848.13185224885  2.4857833196269894  -0.004191617731362798
1.8648724637785428  784  875  875.0306247429938  2.582787580675131  0.002164806959694038
1.8648724637785428  783  902  901.5010785504987  2.4540118040074503  0.010966888330781436
1.8648724637785428  782  928  927.5268230418621  2.514786948600886  -0.0023141059304430333
1.8648724637785428  781  953  953.1665655442805  2.5311363686184905  0.015542874712432833
1.8648724637785428  780  978  978.3281461484099  2.4469014250994405  -0.01506377434402975
1.8648724637785428  779  1003  1003.1726660803012  2.525685159396062  0.01298615332486587
2.1123224637785425  778  40  39.882151324614334  2.709380325891388  -0.005633459842799286
2.1123224637785425  780  81  81.34842190386844  2.740599434537927  0.013672238479849776
2.1123224637785425  781  122  121.8053023604103  2.6351846141450324  -0.026240081733559725
2.1123224637785425  783  162  161.65529418716505  2.5432152995589377  0.005049493051116677
2.1123224637785425  784  201  200.62568027468328  2.584534917550286  -0.02246917714769486
2.1123224637785425  785  239  238.8017842719096  2.5045269120558373  -0.040162481324181404
2.1123224637785425  786  276  276.4204647651174  2.448989361733311  -0.00811402066002072
2.1123224637785425  787  313  313.1912484433902  2.5752555380156537  -0.0051427614040871214
2.1123224637785425  787  349  349.3434605446469  2.4443052274780257  0.015706703764252913
2.1123224637785425  788  385  384.78735484163076  2.5410853968334095  -0.02294153912356099
2.1123224637785425  788  420  419.58510428432686  2.4202428598540564  -0.019224259825442992
2.1123224637785425  789  454  453.8409758153792  2.439405839140818  -0.009214827132668411
2.1123224637785425  789  487  487.3761749040928  2.5069575548137664  -0.01562544898189079
2.1123224637785425  789  520  520.3872073067247  2.4078082067530886  -0.019371786809971172
2.1123224637785425  789  553  552.7818294452852  2.5461037618400724  -0.0377658114823641
2.1123224637785425  789  585  584.6006356226458  2.4396465524068844  -0.05061418532305218
2.1123224637785425  788  616  615.9580822234062  2.4737625764048516  -0.005058742681880586
2.1123224637785425  788  647  646.6979757830734  2.5059820385812372  -0.03597105207622022
2.1123224637785425  788  677  676.9785919304728  2.560787893547513  -0.0064272531438406555
2.1123224637785425  787  707  706.7128382046776  2.5497168166017445  -0.029134391865499838
2.1123224637785425  787  736  735.9501828134124  2.4893220524111257  -0.019346914446666655
2.1123224637785425  786  765  764.7084442058052  2.5265847673611006  -0.026459990152432215
2.1123224637785425  785  793  793.0067083639998  2.5769355983447895  -0.007182189083421494
2.1123224637785425  785  821  820.7749540650718  2.547521839445153  -0.030884507850348086
2.1123224637785425  784  848  848.1665504611667  2.4878315339931305  -0.0016084127326084405
2.1123224637785425  783  875  875.0771349732513  2.577088157709568  0.006110437440208241
2.1123224637785425  782  902  901.5385087557684  2.4729855937519005  -0.000581094360861864
2.1123224637785425  781  928  927.596663426851  2.4972003538291574  -0.0015844127574839268
2.1123224637785425  780  953  953.2140534035395  2.513439367771525  0.01086583679962811
2.1123224637785425  779  978  978.3924688698879  2.436653587669298  -0.01203786838080758
2.1123224637785425  778  1003  1003.2339283838642  2.5303267329541086  0.017710516252374124
2.359772463778542  777  40  39.83061048487133  2.7714416997123195  -0.013592509911976679
2.359772463778542  779  81  81.29899470156427  2.7226988777955796  0.012276377916942197
2.359772463778542  780  122  121.75496292422875  2.6668891681235465  -0.030999747720418264
2.359772463778542  782  162  161.60022597879242  2.5285429247854836  -0.003919904000752029
2.359772463778542  783  201  200.59888318611263  2.563236856920298  -0.031684956703427955
2.359772463778542  784  239  238.76916258973537  2.5506332296237986  -0.040349728353196765
2.359772463778542  785  276  276.3889397397933  2.431225020412626  -0.013379214647436908
2.359772463778542  786  313  313.1635724535326  2.6119636805017308  -0.015093452678654857
2.359772463778542  786  349  349.3317990690594  2.4473812619692126  0.01724459102869041
2.359772463778542  787  385  384.7736982864072  2.508096613253315  -0.03208275146120959
2.359772463778542  787  420  419.57939115333875  2.4068501913604905  -0.016145187081141432
2.359772463778542  788  454  453.8377927272041  2.4345546230733817  -0.0025217470926258718
2.359772463778542  788  487  487.38982367659014  2.5232504547982444  -0.001476581848439211
2.359772463778542  788  520  520.3760516313722  2.408225308666715  -0.023547054823571653
2.359772463778542  788  553  552.8102384203999  2.527251743029524  -0.03113192328359198
2.359772463778542  788  585  584.5990164323389  2.4130394011319822  -0.05085132006362259
2.359772463778542  787  616  615.9754510361664  2.466029265891166  -0.015198546782248966
2.359772463778542  787  647  646.7144397200678  2.5418396329982897  -0.04286366559026315
2.359772463778542  787  677  676.9930388288271  2.556826428966133  -0.009093183708725774
2.359772463778542  786  707  706.7294441825238  2.546864397665331  -0.0376286084072986
2.359772463778542  786  736  735.9688267361681  2.4924738246297693  -0.019273716633642572
2.359772463778542  785  765  764.7504390608788  2.5608365043776757  -0.02392716523390433
2.359772463778542  784  793  793.0268545737788  2.5668537498481783  -0.006569973728644821
2.359772463778542  784  821  820.8330567295026  2.5967848929503816  -0.019652604507000317
2.359772463778542  783  848  848.2058067360213  2.5253177349893576  -0.0021172554967751646
2.359772463778542  782  875  875.1260356374202  2.5650397205752142  0.009346650545863555
2.359772463778542  781  902  901.582791670856  2.4777519058907274  -0.007919255691333714
2.359772463778542  780  928  927.6356868275493  2.4501469844794883  -0.006848263752725665
2.359772463778542  779  953  953.2771823068373  2.5013614063518617  0.013619470554479783
2.359772463778542  778  978  978.4447157130212  2.4404284547040334  -0.02236314513126955
2.359772463778542  777  1003  1003.2956487696023  2.5202361641538573  0.01704884919194434
