# Band 2B   Etalon 1A   Slice 2
# Distortion map version 06.04.00 - date 2018-10-09
# Trace (isoalpha): Take pixel trace along specified slice, specified alpha position trace is built by taking the pixel in every detector row with alpha value closest to the one specified 
# xpos[i] = np.argmin(alpha_img[i,:])+funcs.find_nearest(alpha_img[i,:][(slice_img[i,:]!=0)],alpha_pos)
#    alpha       x  y      center         FWHM          skewness
0.0  589  10  10.3853224451  1.71922229846  0.00261148208247
0.0  589  25  24.6053460617  1.68583842288  -0.0489989447597
0.0  590  39  38.9629350397  1.84899275392  -0.0652469009351
0.0  591  53  53.4881718581  1.82625853494  -0.0239090998144
0.0  591  68  68.1411596869  1.92393089691  -0.0215350735806
0.0  592  83  82.8512007229  1.90434395274  -0.0441219753909
0.0  593  98  97.7467269629  1.93459504561  -0.0208498552936
0.0  593  113  112.768731089  1.92515372233  -0.0101999018059
0.0  594  128  127.937623641  2.0131155216  0.0173724142798
0.0  594  143  143.29010795  1.99919214525  0.0588137908761
0.0  595  159  158.677285071  1.96112254879  0.0251119712787
0.0  595  174  174.321209702  2.01350758659  0.0620260475227
0.0  596  190  190.003832576  2.06709644414  0.0282755662904
0.0  596  206  205.870963023  2.10148915655  -0.0101466052085
0.0  597  222  221.858754175  2.08752695365  -0.0240337490958
0.0  597  238  238.027725289  2.17758664969  -0.0239794140331
0.0  598  254  254.307987814  2.14685127821  -0.00725050583154
0.0  598  271  270.727720125  2.18406968738  -0.0467362260296
0.0  599  287  287.331069637  2.17878384014  -0.0110231163195
0.0  599  304  304.083285737  2.33877315893  0.0138892974838
0.0  599  321  320.982729049  2.33651743874  0.0292989406959
0.0  600  338  338.007451965  2.44550021108  0.0376657160709
0.0  600  355  355.275648445  2.45097150281  0.0741870032062
0.0  600  373  372.650453666  2.43381927115  0.0481723702169
0.0  600  390  390.274831351  2.54375519721  0.0765116967704
0.0  601  408  407.944965304  2.60813932518  0.0328250193466
0.0  601  426  425.826666978  2.60128297252  -0.0107893292859
0.0  601  444  443.916531699  2.72480045815  -0.00526547736937
0.0  601  462  462.179264816  2.71681423816  -0.01940048677
0.0  601  481  480.568923995  2.79056509323  -0.0255319893598
0.0  601  499  499.155055567  2.88516672641  -0.00569599975292
0.0  601  518  517.92597112  3.00846441166  0.0164961753505
0.0  601  537  536.836414842  3.05284293815  0.039057769303
0.0  601  556  555.977168681  3.21511427981  0.0590564632452
0.0  601  575  575.29402251  3.32443640084  0.0664424567983
0.0  601  595  594.817361653  3.54790514445  0.0422484604659
0.0  601  615  615.80942472  0.205254880975  9.66739044034
0.0  601  634  634.514021936  3.87744993648  0.0124521124464
0.0  601  655  654.633962095  3.9687665468  -0.0278503887374
0.0  601  675  674.944849094  4.19557677449  -0.0489500871764
0.0  600  696  695.521854791  4.17190708835  -0.0398919562556
0.0  600  716  716.212026243  4.31769275755  -0.0231921008589
0.0  600  737  737.080614711  4.44776111549  -0.0103086652955
0.0  599  758  758.232110835  4.61281954744  0.00909143983748
0.0  599  779  779.502337937  4.8837115547  0.0281761245751
0.0  598  801  801.039734134  5.26700648828  0.0291173467186
0.0  598  823  822.755354723  5.72600445239  0.0352253087968
0.0  597  845  844.730730908  6.31251227241  0.0279954706892
0.0  597  867  866.98450035  7.19207206707  0.0320701934549
0.0  596  890  889.483135497  8.0887426519  0.0204476098234
0.0  595  912  912.314439932  9.04140472388  0.0293238889942
0.0  594  935  935.406486254  10.4442236343  0.0201261236136
0.0  593  959  958.710259933  10.937522858  0.000597152437847
0.0  593  982  982.464271046  11.9344000091  0.00957695947212
0.0  592  1006  1006.31704752  11.7166452275  0.00138820117161
-1.79347156474  598  10  10.2143184452  1.75396856169  0.012650334915
-1.79347156474  599  24  24.4419102606  1.7430887774  0.00370978769594
-1.79347156474  600  39  38.7551085791  1.77760484268  -0.0468633545648
-1.79347156474  600  53  53.2993484633  1.85899549164  -0.00703586004476
-1.79347156474  601  68  67.8656746078  1.86679791293  -0.0311859594452
-1.79347156474  602  83  82.5952818593  1.80381070435  -0.0169576682805
-1.79347156474  602  98  97.5042771923  1.8809636979  0.0151613819188
-1.79347156474  603  113  112.512276469  1.88286385467  0.0339789954977
-1.79347156474  603  128  127.644745717  1.91539362475  0.0196151928804
-1.79347156474  604  143  142.923829357  2.01592817932  0.0156188181466
-1.79347156474  604  158  158.374513204  1.919080787  0.0753229125729
-1.79347156474  605  174  173.933297821  2.06009418339  0.0322465711738
-1.79347156474  606  190  189.598667683  1.93853287693  -0.00806357721285
-1.79347156474  606  205  205.494669571  1.95723577459  0.0273671838639
-1.79347156474  606  221  221.472139442  1.92577481232  0.0230118582979
-1.79347156474  607  238  237.577508518  2.03368559624  -0.0308678310259
-1.79347156474  607  254  253.865694515  2.17910521912  -0.0325332322838
-1.79347156474  608  270  270.312557481  2.17597582582  0.0138307776045
-1.79347156474  608  287  286.842801067  2.27167093168  -0.0267953506422
-1.79347156474  609  304  303.56579373  2.23871226794  0.0193427064358
-1.79347156474  609  320  320.48006755  2.25317131269  0.0402188215604
-1.79347156474  609  338  337.514046595  2.31583156258  0.0379290853478
-1.79347156474  610  355  354.677028208  2.3766934908  0.046037831348
-1.79347156474  610  372  372.126545994  2.4954829973  0.0724760983381
-1.79347156474  610  390  389.640880017  2.47948541779  0.0300994424062
-1.79347156474  610  407  407.385342306  2.50193453673  0.0460563855729
-1.79347156474  610  425  425.268166195  2.57469757195  0.0203456202628
-1.79347156474  611  443  443.275721683  2.62280333283  0.00821492739734
-1.79347156474  611  461  461.47760713  2.65702479741  -0.0118962765708
-1.79347156474  611  480  479.867887196  2.81554981793  -0.0174017108687
-1.79347156474  611  498  498.449147245  2.84305166934  0.00693320653592
-1.79347156474  611  517  517.180386191  2.93934270456  0.0277697331803
-1.79347156474  611  536  536.066972477  3.10103611916  0.0384338016843
-1.79347156474  611  555  555.183899324  3.15357873934  0.0534371630762
-1.79347156474  611  575  575.831265219  0.203613463455  9.53496411017
-1.79347156474  611  594  594.014001225  3.48628643211  0.0425695451908
-1.79347156474  611  614  613.712669515  3.59907724118  0.0216852367033
-1.79347156474  611  634  633.635644248  3.75415693948  0.000222923600841
-1.79347156474  610  654  653.81330565  3.94856609437  -0.0291443714401
-1.79347156474  610  674  674.098729842  4.06658906654  -0.0261296946779
-1.79347156474  610  695  694.546581592  4.16336402955  -0.0311140575929
-1.79347156474  610  715  715.234471684  4.29690732357  -0.00819770959511
-1.79347156474  609  736  736.158374562  4.3986711645  -0.00102062899801
-1.79347156474  609  757  757.233015627  4.59907976799  0.0182258296692
-1.79347156474  608  779  779.816949768  0.201558141489  9.9195876938
-1.79347156474  608  800  800.00798017  5.2869543494  0.0339340605945
-1.79347156474  607  822  821.806745343  5.56226578854  0.0251451338652
-1.79347156474  607  844  843.685962318  6.41766080494  0.0310778390845
-1.79347156474  606  866  865.899133279  7.15067397781  0.028323567142
-1.79347156474  606  888  888.468023724  8.17381941822  0.0281827360024
-1.79347156474  605  911  911.189949611  8.79949292058  0.0298824976605
-1.79347156474  604  934  934.223793784  9.67596910479  0.0242083557435
-1.79347156474  603  957  957.584636834  10.8248956536  0.0165335951311
-1.79347156474  602  981  981.179000058  11.260089347  -0.00163522375422
-1.79347156474  601  1005  1005.07395909  11.4292263826  -0.0038659438995
-1.61560156474  597  10  10.2396949837  1.75073641188  0.0171619388014
-1.61560156474  598  24  24.4511544057  1.71389371516  -0.00694356790852
-1.61560156474  599  39  38.7721433908  1.78826612884  -0.0575836867886
-1.61560156474  599  53  53.3154150201  1.86117465606  -0.00864288454175
-1.61560156474  600  68  67.8944356879  1.90270012904  -0.0294033321372
-1.61560156474  601  83  82.6280260186  1.83638803856  -0.018488383286
-1.61560156474  601  98  97.5294560247  1.86787608864  0.0044973371744
-1.61560156474  602  113  112.540459417  1.88485509463  0.035527304676
-1.61560156474  602  128  127.688544314  1.94454915352  0.0290564216248
-1.61560156474  603  143  142.96473829  2.02550476101  0.0337162260738
-1.61560156474  604  158  158.404522777  1.86313460822  0.0634244943974
-1.61560156474  604  174  173.969806131  2.06323166018  0.038550755485
-1.61560156474  605  190  189.643476738  1.95806182856  0.00699854182847
-1.61560156474  605  206  205.527302024  1.97769031329  0.0121050207665
-1.61560156474  606  221  221.476305124  1.90429680628  -0.0256362481785
-1.61560156474  606  238  237.62639888  2.04368081994  -0.0346454319713
-1.61560156474  606  254  253.915816153  2.18651307982  -0.028183307588
-1.61560156474  607  270  270.350821367  2.15740178878  0.0114131226315
-1.61560156474  607  287  286.896733072  2.29814844601  -0.069807358724
-1.61560156474  608  304  303.600164709  2.26268833052  -0.00137129758539
-1.61560156474  608  321  320.526532051  2.24444136852  0.0346604318065
-1.61560156474  608  338  337.556353499  2.32220475046  0.0395290608904
-1.61560156474  609  355  354.724193976  2.39595239529  0.0477114385392
-1.61560156474  609  372  372.170660437  2.49497892242  0.0844563808132
-1.61560156474  609  390  389.697569125  2.46977113568  0.0348626827432
-1.61560156474  609  407  407.438099788  2.48465726504  0.0435447044124
-1.61560156474  609  425  425.329268894  2.51624747893  0.0272283633635
-1.61560156474  610  443  443.329040046  2.64073806794  -0.00524301246262
-1.61560156474  610  462  461.527896068  2.676263691  -0.0364685244997
-1.61560156474  610  480  479.928102579  2.83652605556  -0.0244964923466
-1.61560156474  610  499  498.504696351  2.83575987549  -0.00593800477242
-1.61560156474  610  517  517.26384276  2.94008959016  0.0367133888491
-1.61560156474  610  536  536.151177979  3.07076070767  0.0459457761324
-1.61560156474  610  555  555.263665092  3.18370254467  0.0625970544642
-1.61560156474  610  575  575.823677808  0.198905613249  9.5175439988
-1.61560156474  610  594  594.073361925  3.52607899334  0.0500416769111
-1.61560156474  610  614  613.804719585  3.66007155429  0.019639723274
-1.61560156474  610  634  633.706026658  3.81098320085  -0.011809148889
-1.61560156474  609  654  653.882441063  4.06584838329  -0.0178236641782
-1.61560156474  609  674  674.194325921  4.08949701449  -0.0246242474809
-1.61560156474  609  695  694.651524449  4.1696000113  -0.0377281583377
-1.61560156474  609  715  715.33851508  4.27453823017  -0.0142034330029
-1.61560156474  608  736  736.292319551  4.38722893833  0.00113299837814
-1.61560156474  608  757  757.324629815  4.6136458724  0.0173401044845
-1.61560156474  607  779  778.593498168  4.8626340437  0.0247074166823
-1.61560156474  607  800  800.099822196  5.19875218628  0.0352689156963
-1.61560156474  606  822  821.851138656  5.74650156852  0.0337258946092
-1.61560156474  606  844  843.717342729  6.44363993705  0.0276090209955
-1.61560156474  605  866  866.001110305  7.21935366321  0.0354068094542
-1.61560156474  605  889  888.437795848  8.10931666747  0.00919831324772
-1.61560156474  604  911  911.280398895  8.99646225851  0.0284826343296
-1.61560156474  603  934  934.35441023  10.1535522778  0.0192223624979
-1.61560156474  602  958  957.639908524  10.8089411611  -0.000693578340936
-1.61560156474  601  981  981.386010718  11.9578867262  0.00650139172741
-1.61560156474  600  1005  1005.23247325  11.6191301559  -0.00173166586419
-1.43773156474  596  10  10.2431841655  1.73685018188  0.00937845978476
-1.43773156474  597  24  24.4727755264  1.70740768015  -0.00447961865572
-1.43773156474  598  39  38.7896314805  1.79071891919  -0.0614538597895
-1.43773156474  598  53  53.3484614086  1.83261821924  0.00877598961105
-1.43773156474  599  68  67.9213011576  1.89407917456  -0.0256989402994
-1.43773156474  600  83  82.6588020347  1.8421166881  -0.00619271833009
-1.43773156474  600  98  97.5501808067  1.88248260464  -0.00429139671567
-1.43773156474  601  113  112.566294967  1.97366212051  0.0688861263544
-1.43773156474  601  128  127.706338841  1.90769108972  0.0263392908773
-1.43773156474  602  143  143.001969577  2.02615762178  0.0327597803607
-1.43773156474  603  158  158.436785851  1.92541264744  0.0836994277271
-1.43773156474  603  174  174.001384697  2.0761536022  0.0421073394071
-1.43773156474  604  190  189.666500984  1.95034605914  -0.00449381537219
-1.43773156474  604  206  205.545892123  1.93611804136  -0.00288740390774
-1.43773156474  605  222  221.517705758  1.96657809649  -0.0116436706142
-1.43773156474  605  238  237.662732958  2.07271388033  -0.0325086280505
-1.43773156474  605  254  253.978996628  2.15473955971  -0.0115059015811
-1.43773156474  606  270  270.389736089  2.1505621487  0.00660215075533
-1.43773156474  606  287  286.943031979  2.28369699385  -0.0489006013512
-1.43773156474  607  304  303.665345405  2.27320775313  0.00744596985528
-1.43773156474  607  321  320.580761054  2.25867166733  0.0377236636405
-1.43773156474  607  338  337.614444268  2.35300271856  0.0345910980032
-1.43773156474  608  355  354.78704409  2.44762922957  0.0513417825787
-1.43773156474  608  372  372.228486848  2.45558774779  0.0871100851223
-1.43773156474  608  390  389.74948823  2.50347727064  0.0404325987448
-1.43773156474  608  407  407.499970102  2.51351259003  0.0411277326073
-1.43773156474  609  425  425.325067172  2.54467505497  0.0142901985441
-1.43773156474  609  443  443.41863342  2.63155897447  0.00214718687539
-1.43773156474  609  462  461.598578918  2.66904510274  -0.0398999308153
-1.43773156474  609  480  480.023243028  2.8037202493  -0.0137115598004
-1.43773156474  609  499  498.574603996  2.826194906  -0.00348486468882
-1.43773156474  609  517  517.340813593  2.95850332504  0.036094019763
-1.43773156474  609  536  536.223938793  3.07274568164  0.0504527331371
-1.43773156474  609  555  555.340977379  3.18426073344  0.0677047503598
-1.43773156474  609  575  574.628814168  3.2685546929  0.0575727322613
-1.43773156474  609  594  594.153921361  3.52170938701  0.0499778445901
-1.43773156474  609  614  613.888715877  3.71214538128  0.0200844830518
-1.43773156474  609  634  633.783062405  3.83461045361  -0.00889906659207
-1.43773156474  609  654  653.901139358  4.10671000094  -0.0383648668721
-1.43773156474  608  674  674.292278688  4.10215484319  -0.0255986349718
-1.43773156474  608  695  694.753991076  4.18569272653  -0.038988923487
-1.43773156474  608  715  715.429100971  4.2735562454  -0.0169711463485
-1.43773156474  607  736  736.389651823  4.32442081778  0.00527576121453
-1.43773156474  607  757  757.42051398  4.62158225186  0.0163795654334
-1.43773156474  607  779  778.682606509  4.92277143717  0.0180616397278
-1.43773156474  606  800  800.222026573  5.22829951079  0.0410319530301
-1.43773156474  606  822  821.92092492  5.78524107315  0.0361866767146
-1.43773156474  605  844  843.83970051  6.43614783766  0.0309468337979
-1.43773156474  604  866  866.147204474  7.15990144774  0.0376884687372
-1.43773156474  604  889  888.495701935  8.08281463692  0.0152254908756
-1.43773156474  603  911  911.39279894  9.06212170352  0.0308427636495
-1.43773156474  602  934  934.453575822  10.2893756902  0.0223131733798
-1.43773156474  601  958  957.818939814  10.8280853387  0.00626482691065
-1.43773156474  600  981  981.498608351  11.7893215129  0.00861829946376
-1.43773156474  599  1005  1005.35961661  11.8441406156  0.00623158577527
-1.25986156474  595  10  10.2734431106  1.75625459468  0.0122452379205
-1.25986156474  596  24  24.4942341652  1.69243156375  -0.000103713876931
-1.25986156474  597  39  38.8181976061  1.81129178401  -0.056132949291
-1.25986156474  597  53  53.3596637229  1.84832885862  -0.00103904656665
-1.25986156474  598  68  67.9402347079  1.89476148886  -0.0349948255019
-1.25986156474  599  83  82.675538267  1.84552333134  -0.0209480875394
-1.25986156474  599  98  97.5943108062  1.87665428132  0.014722402196
-1.25986156474  600  113  112.587243768  1.9209404869  0.0400957024848
-1.25986156474  601  128  127.723000921  1.92853365466  0.0213888272208
-1.25986156474  601  143  143.041329319  2.03375435007  0.0375556762288
-1.25986156474  602  158  158.470855175  1.89247444185  0.0797610232694
-1.25986156474  602  174  174.045139215  2.04834900177  0.0490920599797
-1.25986156474  603  190  189.720857015  1.98354681898  0.0121429904893
-1.25986156474  603  206  205.581560282  1.96779795247  -0.00515622194765
-1.25986156474  604  222  221.553762597  1.97256546839  -0.0271931239701
-1.25986156474  604  238  237.700400173  2.1031490768  -0.0391388874025
-1.25986156474  604  254  253.999081503  2.10847727525  -0.0194083390787
-1.25986156474  605  270  270.428433377  2.1589491637  -0.00273585226007
-1.25986156474  605  287  287.005540204  2.28695294268  -0.0144567832575
-1.25986156474  606  304  303.717850318  2.2741071507  0.00494253051502
-1.25986156474  606  321  320.62364468  2.2684605157  0.0346859024328
-1.25986156474  606  338  337.670742232  2.37678870367  0.0376990417925
-1.25986156474  607  355  354.826460454  2.43258539295  0.0478513004023
-1.25986156474  607  372  372.286030873  2.48834483977  0.0890748495448
-1.25986156474  607  390  389.80423162  2.50804510918  0.0406377514059
-1.25986156474  607  408  407.542753181  2.48640425882  0.0252401249445
-1.25986156474  608  425  425.39664421  2.56179445757  0.0152426809528
-1.25986156474  608  443  443.469438087  2.61860021941  0.000341204725574
-1.25986156474  608  462  461.657120109  2.70403224261  -0.0397357873357
-1.25986156474  608  480  480.092199744  2.82446558695  -0.0125053887608
-1.25986156474  608  499  498.642620567  2.83838099867  -0.00611875188938
-1.25986156474  608  517  517.405796203  2.95833117044  0.0344905633239
-1.25986156474  608  536  536.303290204  3.02330342613  0.0532173227978
-1.25986156474  608  555  555.422983963  3.18549811577  0.067509911806
-1.25986156474  608  575  574.70908734  3.27939910515  0.056221270634
-1.25986156474  608  594  594.249416649  3.51658718226  0.0551252344413
-1.25986156474  608  614  613.965634203  3.67746655611  0.0202392092888
-1.25986156474  608  634  633.877720713  3.87146777676  -0.00608905912936
-1.25986156474  608  654  653.996856495  3.99367058327  -0.021836980922
-1.25986156474  607  674  674.398129553  4.08395027201  -0.0259805016543
-1.25986156474  607  695  694.850104816  4.1641667591  -0.0344311647062
-1.25986156474  607  716  715.527599205  4.29895846382  -0.026887918678
-1.25986156474  606  736  736.479934213  4.34132589201  0.00194993551998
-1.25986156474  606  757  757.52426042  4.65792871224  0.019030775424
-1.25986156474  606  779  778.75613996  4.81535151951  0.0244898100016
-1.25986156474  605  800  800.313464841  5.27970765627  0.0392441127233
-1.25986156474  605  822  821.978606922  5.82814435659  0.0295259390124
-1.25986156474  604  844  843.945639536  6.44412653767  0.0323216082406
-1.25986156474  603  866  866.253536784  7.22017541017  0.0458894969955
-1.25986156474  603  889  888.649091042  8.09824908673  0.0177116149484
-1.25986156474  602  912  911.421046921  9.07135174257  0.00611740577261
-1.25986156474  601  935  934.5074933  9.90271833031  0.00510484044056
-1.25986156474  600  958  957.922909305  10.7895307253  0.00505712462435
-1.25986156474  599  981  981.635214517  11.9976620939  0.0198915732775
-1.25986156474  598  1005  1005.47798976  11.7656114122  0.00298295546314
-1.08199156474  595  10  10.2789994775  1.72343419627  0.0164638305162
-1.08199156474  595  25  24.5036815038  1.68015375225  -0.0242405729775
-1.08199156474  596  39  38.8374953332  1.81025368589  -0.0610972155975
-1.08199156474  597  53  53.3646043213  1.81425873505  -0.0127731572257
-1.08199156474  597  68  67.9712210063  1.89560415296  -0.0325327468724
-1.08199156474  598  83  82.6830932876  1.86705966766  -0.0357432645968
-1.08199156474  598  98  97.6123806649  1.91326554485  0.00060503091397
-1.08199156474  599  113  112.613326008  1.86137817766  0.019743398204
-1.08199156474  600  128  127.749294884  1.94201911483  0.0190655934332
-1.08199156474  600  143  143.071593219  2.03439824304  0.0418009401934
-1.08199156474  601  158  158.502696893  1.88117050742  0.0706854512906
-1.08199156474  601  174  174.085085236  2.04624431694  0.0481190762379
-1.08199156474  602  190  189.753284822  1.9896582365  0.00565349378903
-1.08199156474  602  206  205.620414575  2.00952738142  -0.0130365889011
-1.08199156474  603  222  221.594357889  1.98619331727  -0.0236624669532
-1.08199156474  603  238  237.738767889  2.11497245935  -0.0416703275154
-1.08199156474  604  254  254.02451098  2.17083863247  -0.0419403380552
-1.08199156474  604  270  270.473269792  2.1380246044  -0.0070993510302
-1.08199156474  604  287  287.055687698  2.3064621558  -0.00958850909886
-1.08199156474  605  304  303.768345476  2.29377672072  0.00621895844628
-1.08199156474  605  321  320.669210135  2.28664449883  0.0259076944698
-1.08199156474  605  338  337.722702354  2.37201018847  0.0331711274796
-1.08199156474  606  355  354.904550517  2.44246841516  0.0514084307056
-1.08199156474  606  372  372.343102665  2.45597932964  0.0869215743187
-1.08199156474  606  390  389.86855301  2.53682065738  0.0411739120777
-1.08199156474  606  408  407.617898938  2.49188826083  0.0265872679953
-1.08199156474  607  425  425.458727673  2.53915281292  0.0101241162212
-1.08199156474  607  444  443.521260908  2.60387027353  -0.0218581011701
-1.08199156474  607  462  461.740669499  2.74857520836  -0.0417632851701
-1.08199156474  607  480  480.166385755  2.8056964633  -0.00962593003949
-1.08199156474  607  499  498.719579602  2.85027538252  -0.00562395486913
-1.08199156474  607  517  517.470094397  2.93612263626  0.0322498446066
-1.08199156474  607  536  536.385573469  3.02292467625  0.0513956398594
-1.08199156474  607  555  555.492370661  3.19093828771  0.0629841579917
-1.08199156474  607  575  574.784866811  3.27617426226  0.0575768929517
-1.08199156474  607  594  594.327876177  3.49191759585  0.0576348847793
-1.08199156474  607  614  614.050610966  3.6985344035  0.0205012677291
-1.08199156474  607  634  633.95781021  3.85083337948  -0.00331833963399
-1.08199156474  607  654  654.076431098  3.97439581544  -0.023981396377
-1.08199156474  606  674  674.484347316  4.09033583279  -0.0252681430363
-1.08199156474  606  695  694.943094694  4.17031001326  -0.0330624218169
-1.08199156474  606  716  715.628631236  4.24878217419  -0.0270397320566
-1.08199156474  605  737  736.597205944  4.43786188477  0.00340331933925
-1.08199156474  605  758  757.618624571  4.60494069632  0.00862160903116
-1.08199156474  605  779  778.841952804  4.82500368688  0.0239245702964
-1.08199156474  604  800  800.418885081  5.31155679347  0.0381247221299
-1.08199156474  604  822  822.102488725  5.76398856427  0.0357229744754
-1.08199156474  603  844  844.060936334  6.34095883324  0.0351512182749
-1.08199156474  602  866  866.341108584  7.20564185941  0.0440225459344
-1.08199156474  602  889  888.797404481  8.07792113482  0.0242727317817
-1.08199156474  601  912  911.545598778  9.12329732146  0.0109546377417
-1.08199156474  600  935  934.603244051  9.98910221796  0.00589187488634
-1.08199156474  599  958  958.088913315  11.2122454622  0.0130390340263
-1.08199156474  598  982  981.632776795  11.4036885927  -0.0113205251807
-1.08199156474  597  1005  1005.51358468  11.5812086243  0.00312675048299
-0.904121564737  594  10  10.29714524  1.73703598543  0.0064463549922
-0.904121564737  594  25  24.5192806245  1.66759633301  -0.0343182117409
-0.904121564737  595  39  38.8679003073  1.82783524844  -0.0563173582083
-0.904121564737  596  53  53.3721645177  1.85021418508  -0.0307179878601
-0.904121564737  596  68  68.0088883261  1.89123188458  -0.0256890319518
-0.904121564737  597  83  82.7141666807  1.87667023396  -0.0378255160943
-0.904121564737  597  98  97.6226178861  1.87995915485  -0.0044381495673
-0.904121564737  598  113  112.641633702  1.88023051915  0.0164165772762
-0.904121564737  599  128  127.793747119  1.95542280062  0.0328886130407
-0.904121564737  599  143  143.108480509  2.02391432353  0.049220925954
-0.904121564737  600  159  158.530032602  1.88974572648  0.0604721686812
-0.904121564737  600  174  174.137491068  2.06069711222  0.0590475007872
-0.904121564737  601  190  189.795671913  2.02855365218  0.011206397058
-0.904121564737  601  206  205.656610596  1.97277443162  -0.00956103139747
-0.904121564737  602  222  221.634276136  2.00137833602  -0.0284059042872
-0.904121564737  602  238  237.783358515  2.13848833651  -0.044536221939
-0.904121564737  603  254  254.071766064  2.18940709082  -0.0247734022719
-0.904121564737  603  271  270.516449327  2.11515851316  -0.0112994707943
-0.904121564737  603  287  287.110171814  2.23449873254  -0.0108036601719
-0.904121564737  604  304  303.819434421  2.30811564039  0.00727300163645
-0.904121564737  604  321  320.721546594  2.28365464448  0.0243102733769
-0.904121564737  604  338  337.777934467  2.39627241157  0.0360451377165
-0.904121564737  605  355  354.967523909  2.41660232943  0.0628478941201
-0.904121564737  605  372  372.400211391  2.41874999872  0.0951804220287
-0.904121564737  605  390  389.928953327  2.5002933273  0.045461221618
-0.904121564737  605  408  407.666095081  2.52657925022  0.011105232536
-0.904121564737  606  426  425.504909031  2.52104894653  -0.000407596449784
-0.904121564737  606  444  443.574711567  2.62838462913  -0.026688990003
-0.904121564737  606  462  461.810569132  2.74086403387  -0.0372041835965
-0.904121564737  606  480  480.244214015  2.81531066858  -0.00077990193571
-0.904121564737  606  499  498.771511891  2.84665966724  -0.0198131025994
-0.904121564737  606  518  517.529810837  2.96532129836  0.0160505472145
-0.904121564737  606  536  536.46606138  2.98896682921  0.0525641265836
-0.904121564737  606  556  556.834115353  0.0325514326686  9.32341579582
-0.904121564737  606  575  574.872421573  3.27023447646  0.0605184658682
-0.904121564737  606  594  594.410551944  3.52129854609  0.0563714460081
-0.904121564737  606  614  614.142185828  3.71867858968  0.0271418749072
-0.904121564737  606  634  634.041296301  3.84299846089  -0.00631277315281
-0.904121564737  606  654  654.165072457  3.99868617684  -0.0185422878326
-0.904121564737  605  675  674.56578627  4.09450577816  -0.0413273841
-0.904121564737  605  695  695.057772888  4.16479984178  -0.0272578432313
-0.904121564737  605  716  715.710356957  4.25754981605  -0.0268502206879
-0.904121564737  604  737  736.657476945  4.44260578398  -0.00491502129209
-0.904121564737  604  758  757.709968657  4.58685129458  0.00831260311344
-0.904121564737  604  779  778.929832524  4.90247964733  0.0202362696132
-0.904121564737  603  801  800.517940691  5.25472147063  0.0263902772572
-0.904121564737  603  822  822.196703815  5.75462765889  0.0363787618854
-0.904121564737  602  844  844.183922595  6.34978040637  0.0381174829194
-0.904121564737  601  867  866.427208508  7.25116426184  0.0276575554049
-0.904121564737  601  889  888.905815983  8.20535103308  0.0258947411806
-0.904121564737  600  912  911.684977467  9.1538956492  0.015437596077
-0.904121564737  599  935  934.775248025  10.017620812  0.0133870866242
-0.904121564737  598  958  958.194400201  11.261864708  0.00862301116099
-0.904121564737  597  982  981.694431186  11.9275100877  -0.00569890570512
-0.904121564737  596  1006  1005.68787888  11.7307597075  -0.0152165543048
-0.726251564737  593  10  10.3183967978  1.73390767098  0.0121898311567
-0.726251564737  593  25  24.5399487305  1.64697143317  -0.0330693866569
-0.726251564737  594  39  38.8928102856  1.82118900488  -0.0563790919976
-0.726251564737  595  53  53.4040336093  1.81141337592  -0.0159798129528
-0.726251564737  595  68  68.0372951292  1.88754832232  -0.0196436416053
-0.726251564737  596  83  82.7510594696  1.87511299778  -0.029795755977
-0.726251564737  597  98  97.6417024  1.87191497717  -0.00266596991731
-0.726251564737  597  113  112.65740892  1.88118161584  -9.46651532942e-05
-0.726251564737  598  128  127.812890524  1.95417410388  0.024186384786
-0.726251564737  598  143  143.142285566  2.02212385053  0.0428795447101
-0.726251564737  599  159  158.555656283  1.88144877562  0.0536932948045
-0.726251564737  599  174  174.173222609  2.05167809134  0.0628980862366
-0.726251564737  600  190  189.83306021  2.02885136322  0.0103211755397
-0.726251564737  600  206  205.700286453  2.03805347201  -0.0173008577419
-0.726251564737  601  222  221.672980058  2.01673916675  -0.029388284013
-0.726251564737  601  238  237.83500027  2.14318750538  -0.0350424576069
-0.726251564737  602  254  254.118988174  2.17498872933  -0.0148967790569
-0.726251564737  602  271  270.55785469  2.12886087572  -0.022989911115
-0.726251564737  602  287  287.164160535  2.25297287766  -0.0050139173446
-0.726251564737  603  304  303.866046036  2.3205533557  0.0043062646077
-0.726251564737  603  321  320.764346028  2.2848365438  0.0199710892096
-0.726251564737  603  338  337.836547419  2.42784446661  0.0419366810127
-0.726251564737  604  355  355.028515122  2.44273163436  0.0651057485273
-0.726251564737  604  372  372.455482721  2.40773670518  0.083329482867
-0.726251564737  604  390  390.007096423  2.52734378981  0.0577356846579
-0.726251564737  605  408  407.699515488  2.49271509322  0.00128913442078
-0.726251564737  605  426  425.562311305  2.52823779685  -0.0102399139605
-0.726251564737  605  444  443.645436233  2.63572700426  -0.0282254900357
-0.726251564737  605  462  461.874586604  2.76989606894  -0.0304687922875
-0.726251564737  605  480  480.319353676  2.83545966042  -0.00524286459632
-0.726251564737  605  499  498.8523343  2.85430792667  -0.0108007283474
-0.726251564737  605  518  517.600876491  2.9646711709  0.019175585554
-0.726251564737  605  537  537.850205182  0.0316264013046  9.12537510187
-0.726251564737  605  556  555.631341773  3.20030522236  0.0574959506164
-0.726251564737  605  575  574.942320393  3.26084606925  0.0584312045371
-0.726251564737  605  594  594.484549196  3.52521177524  0.0524497766074
-0.726251564737  605  614  614.228941273  3.72451055811  0.0292301719169
-0.726251564737  605  634  634.123380322  3.86477046346  -0.0045420750199
-0.726251564737  605  654  654.260792158  4.01508694373  -0.0191981529261
-0.726251564737  604  675  674.650027114  4.09871433397  -0.0420705037382
-0.726251564737  604  695  695.13291916  4.14292172668  -0.0323392091872
-0.726251564737  604  716  715.820372294  4.29134983734  -0.0230194347861
-0.726251564737  604  737  736.714653461  4.43439388255  -0.009162114805
-0.726251564737  603  758  757.797091561  4.6095087716  0.00378733553258
-0.726251564737  603  779  779.053227327  4.85662635322  0.0203023748813
-0.726251564737  602  801  800.622374444  5.23429312687  0.0279453385395
-0.726251564737  602  822  822.295207873  5.7185940432  0.0418564575361
-0.726251564737  601  844  844.326258733  6.30107952255  0.0445107096771
-0.726251564737  600  867  866.510887293  7.19924267939  0.0236468833807
-0.726251564737  600  889  888.992000501  8.14845349987  0.0308077295157
-0.726251564737  599  912  911.815315512  9.1218888094  0.016881978079
-0.726251564737  598  935  934.868570286  10.0256953935  0.0111777768445
-0.726251564737  597  958  958.257316387  11.4485476022  0.0157886470601
-0.726251564737  596  982  981.963179473  11.8839671869  -0.00378818397651
-0.726251564737  595  1006  1005.68519408  11.7371190357  -0.011271526682
-0.548381564737  592  10  10.3376792075  1.72065078308  0.00460440089378
-0.548381564737  592  25  24.5573433756  1.68594935845  -0.0375703389544
-0.548381564737  593  39  38.9197009046  1.83113996887  -0.0506463795513
-0.548381564737  594  53  53.4227444422  1.82299280947  -0.0221514124423
-0.548381564737  594  68  68.0641087521  1.91637470107  -0.02113589187
-0.548381564737  595  83  82.7653620936  1.89194035629  -0.0354656436372
-0.548381564737  596  98  97.6526447045  1.88013137082  -0.0333913644708
-0.548381564737  596  113  112.687909826  1.89109211817  -0.0024710405031
-0.548381564737  597  128  127.841623475  1.98174290868  0.0214783134923
-0.548381564737  597  143  143.181102776  2.02574157855  0.0532528778897
-0.548381564737  598  159  158.586703937  1.91022661007  0.0403824083727
-0.548381564737  598  174  174.213487604  2.04873390082  0.0617523566531
-0.548381564737  599  190  189.864637226  2.02830371717  0.0102431562262
-0.548381564737  599  206  205.739134057  2.0427514687  -0.0167357037698
-0.548381564737  600  222  221.709765512  2.05523966767  -0.0329050634261
-0.548381564737  600  238  237.885547641  2.1611538103  -0.0296850860998
-0.548381564737  601  254  254.170283735  2.15960840022  -0.00949582961565
-0.548381564737  601  271  270.593647729  2.13060726683  -0.0329086113393
-0.548381564737  601  287  287.23049803  2.19995241728  0.018484870625
-0.548381564737  602  304  303.916533706  2.33239293372  0.00186877774021
-0.548381564737  602  321  320.809605782  2.2967496973  0.0139906946069
-0.548381564737  602  338  337.874923422  2.3695414059  0.0617881715701
-0.548381564737  603  355  355.08112991  2.45001479843  0.0657944899379
-0.548381564737  603  372  372.503054043  2.39498259101  0.0806036894114
-0.548381564737  603  390  390.071965042  2.55406447796  0.0594862081388
-0.548381564737  604  408  407.734107184  2.53284338162  0.00330541356253
-0.548381564737  604  426  425.632750825  2.56138014615  -0.00909937969531
-0.548381564737  604  444  443.708794509  2.64848300789  -0.028299384707
-0.548381564737  604  462  461.950761996  2.76576242219  -0.0317266446472
-0.548381564737  604  480  480.38490003  2.8016756228  -0.0055378762158
-0.548381564737  604  499  498.937082503  2.88734436091  -0.00589626885917
-0.548381564737  604  518  517.666949059  3.00076507822  0.00654272046246
-0.548381564737  604  537  536.615137674  3.0352696156  0.0414772964404
-0.548381564737  604  556  555.726003198  3.19475205646  0.0584625879983
-0.548381564737  604  575  575.036434324  3.31086901564  0.0598660559186
-0.548381564737  604  595  595.819395427  0.20222149  9.62447794492
-0.548381564737  604  614  614.311641054  3.71694301489  0.0328673630758
-0.548381564737  604  634  634.20734788  3.90465079791  -0.0020328135102
-0.548381564737  604  654  654.346059497  3.9981444427  -0.0164482234734
-0.548381564737  603  675  674.697636939  4.19676033222  -0.0358391604136
-0.548381564737  603  695  695.261823163  4.1437674871  -0.0282422927594
-0.548381564737  603  716  715.92714533  4.28546891971  -0.0206485023288
-0.548381564737  603  737  736.751287504  4.3954389121  -0.0188999781957
-0.548381564737  602  758  757.911619274  4.59243668805  0.00739751119124
-0.548381564737  602  779  779.192043329  4.88693157006  0.0269255302204
-0.548381564737  601  801  800.738001072  5.199015778  0.0327851179411
-0.548381564737  601  822  822.404187195  5.75351441249  0.0421140036372
-0.548381564737  600  845  844.399455986  6.37022966791  0.0286276723409
-0.548381564737  599  867  866.602919179  7.15047387667  0.0284453577409
-0.548381564737  599  889  889.085857263  8.17442549021  0.0298241919668
-0.548381564737  598  912  911.915484586  9.09767001304  0.0207018550061
-0.548381564737  597  935  935.038166839  10.1241633439  0.0202239082206
-0.548381564737  596  958  958.429845398  11.1238199927  0.0143272548648
-0.548381564737  596  982  981.991872497  12.0759371565  -0.00279300365556
-0.548381564737  595  1006  1005.88982618  11.8094751648  -0.0108533264451
-0.370511564737  591  10  10.3527966275  1.71529987922  0.0114050568991
-0.370511564737  591  25  24.5756419343  1.67706071977  -0.0431126958888
-0.370511564737  592  39  38.9210963362  1.8497195359  -0.06439969183
-0.370511564737  593  53  53.4491228383  1.85395517725  -0.0229087560807
-0.370511564737  593  68  68.0892212103  1.91636854205  -0.0278620804986
-0.370511564737  594  83  82.79393411  1.90078405365  -0.0402429957244
-0.370511564737  595  98  97.6864918845  1.87737621612  -0.0120671174873
-0.370511564737  595  113  112.724803282  1.90756231214  0.00194112899857
-0.370511564737  596  128  127.878726944  1.99232905453  0.0180915747533
-0.370511564737  596  143  143.214890703  2.01300560943  0.0465477688329
-0.370511564737  597  159  158.622213833  1.89207348182  0.0327533378025
-0.370511564737  597  174  174.251281206  2.03122380063  0.0584852707933
-0.370511564737  598  190  189.914258824  2.06300590111  0.0197691307596
-0.370511564737  598  206  205.784236526  2.05954060754  -0.0121892763449
-0.370511564737  599  222  221.762558137  2.04804038622  -0.0289951962755
-0.370511564737  599  238  237.920724136  2.15140688695  -0.0337113101262
-0.370511564737  600  254  254.208550924  2.1781519392  -0.0147508419085
-0.370511564737  600  271  270.641162908  2.15043236136  -0.0364525929207
-0.370511564737  601  287  287.244110203  2.17030242139  0.000109368265061
-0.370511564737  601  304  303.975334126  2.34971906867  0.0040244768219
-0.370511564737  601  321  320.873097009  2.34624789784  0.0204972730385
-0.370511564737  602  338  337.90873156  2.44768658411  0.0566896907371
-0.370511564737  602  355  355.161152792  2.45481157818  0.0756667754412
-0.370511564737  602  373  372.548314928  2.41481214087  0.0688352340409
-0.370511564737  602  390  390.148837636  2.56229768645  0.0695863208651
-0.370511564737  603  408  407.797641746  2.56843623072  0.0136616908767
-0.370511564737  603  426  425.692966685  2.56971027972  -0.0089652488726
-0.370511564737  603  444  443.774915012  2.69540803734  -0.0295489280331
-0.370511564737  603  462  462.013297943  2.76318753046  -0.0607958346222
-0.370511564737  603  480  480.446302828  2.80672912321  -0.0152000719593
-0.370511564737  603  499  499.011167123  2.88422431902  -0.00792260833393
-0.370511564737  603  518  517.758107113  3.00127968999  0.0145429249012
-0.370511564737  603  537  536.678519805  3.05551614936  0.0388207670433
-0.370511564737  603  556  555.814399154  3.19790902034  0.0581383709489
-0.370511564737  603  575  575.130274672  3.29559494479  0.0630464937454
-0.370511564737  603  595  594.650659336  3.48965456578  0.0450329603241
-0.370511564737  603  614  614.387070118  3.68432232434  0.0338417462283
-0.370511564737  603  634  634.317707929  3.87780105562  0.00332840863777
-0.370511564737  603  654  654.454701387  3.97988998034  -0.0129203816053
-0.370511564737  603  675  674.746390083  4.17443569958  -0.0518693994657
-0.370511564737  602  695  695.352691865  4.15891225186  -0.0282060624352
-0.370511564737  602  716  716.017997456  4.31495487075  -0.0213065402795
-0.370511564737  602  737  736.872796676  4.42692836999  -0.00461053542141
-0.370511564737  601  758  758.03495818  4.53281590288  0.0128419466471
-0.370511564737  601  779  779.295889504  4.85202208907  0.030887545604
-0.370511564737  600  801  800.843876306  5.22130239703  0.0294753865323
-0.370511564737  600  823  822.511473057  5.69754288602  0.0285260075448
-0.370511564737  599  845  844.559093587  6.2887992135  0.0306956348676
-0.370511564737  599  867  866.717502061  7.20446848648  0.0240615053617
-0.370511564737  598  889  889.242579388  8.20648041207  0.0357787939759
-0.370511564737  597  912  912.082589819  9.07711012065  0.0248095332736
-0.370511564737  596  935  935.146192872  9.96058989358  0.0173738011953
-0.370511564737  595  958  958.461182114  11.2846021123  0.0165305080722
-0.370511564737  595  982  982.148719515  12.1552151506  -0.000477047590191
-0.370511564737  594  1006  1006.08004877  11.8282550688  -0.00527880232549
-0.192641564737  590  10  10.3682994718  1.71057638089  0.0178264042635
-0.192641564737  590  25  24.5841826615  1.64504407317  -0.0373757942213
-0.192641564737  591  39  38.9553261687  1.85148317846  -0.0569855760632
-0.192641564737  592  53  53.4622362563  1.82399904426  -0.0296680830435
-0.192641564737  592  68  68.1076256576  1.91782665889  -0.0282624495954
-0.192641564737  593  83  82.8268385763  1.88079063652  -0.0398186813152
-0.192641564737  594  98  97.7042224514  1.92003012781  -0.023454665648
-0.192641564737  594  113  112.743037343  1.90399447017  -0.00887625942407
-0.192641564737  595  128  127.90549789  1.98170329589  0.0210697235358
-0.192641564737  595  143  143.250641537  1.96911858867  0.0533300133962
-0.192641564737  596  159  158.648970796  1.90295183224  0.0277369885732
-0.192641564737  596  174  174.285974071  2.04057918205  0.0697152779569
-0.192641564737  597  190  189.95461274  2.08225047989  0.0215484394379
-0.192641564737  597  206  205.819189149  2.06694080417  -0.0161098706027
-0.192641564737  598  222  221.793136271  2.07126560192  -0.0342190405517
-0.192641564737  598  238  237.972391898  2.18223698631  -0.0319669101205
-0.192641564737  599  254  254.265353391  2.15571569994  -0.0052352299012
-0.192641564737  599  271  270.676434622  2.17411650812  -0.0486663157952
-0.192641564737  600  287  287.274753088  2.24916702326  -0.0115360481672
-0.192641564737  600  304  304.025995709  2.36198483463  0.00838137383722
-0.192641564737  600  321  320.918163765  2.37255914151  0.0209781388365
-0.192641564737  601  338  337.951351783  2.44574248762  0.0419383089996
-0.192641564737  601  355  355.221277367  2.45657289316  0.0736309583743
-0.192641564737  601  373  372.608287132  2.43311540331  0.0571972231404
-0.192641564737  601  390  390.200815671  2.55573767226  0.0690585996161
-0.192641564737  602  408  407.873580314  2.57271396265  0.0300343379943
-0.192641564737  602  426  425.754781844  2.59661303887  -0.012702471959
-0.192641564737  602  444  443.841224371  2.71818190534  -0.0260436884147
-0.192641564737  602  462  462.099260356  2.75589822358  -0.0254191635137
-0.192641564737  602  481  480.504342315  2.80313936989  -0.0248710909069
-0.192641564737  602  499  499.083488529  2.90457375829  -0.00913434710881
-0.192641564737  602  518  517.846057933  3.01580258772  0.0157429629082
-0.192641564737  602  537  536.7733211  3.05321703572  0.0404637084974
-0.192641564737  602  556  555.902842183  3.18208576854  0.0628850177581
-0.192641564737  602  575  575.215909786  3.32027821114  0.0652083068369
-0.192641564737  602  595  594.731593692  3.50271076668  0.0438831003619
-0.192641564737  602  614  614.461443346  3.69827207038  0.0300296940455
-0.192641564737  602  634  634.416421877  3.8945886927  0.00846831181966
-0.192641564737  602  655  654.534135637  4.01635227146  -0.0288844071691
-0.192641564737  602  675  674.840409306  4.09823105568  -0.0406243227276
-0.192641564737  601  695  695.442889598  4.1387471431  -0.027969357553
-0.192641564737  601  716  716.123470677  4.32646596409  -0.0219706793512
-0.192641564737  601  737  736.974185795  4.40340447811  -0.00837614476406
-0.192641564737  600  758  758.133634551  4.5767392337  0.00910505852661
-0.192641564737  600  779  779.397334823  4.90193267715  0.0321459106246
-0.192641564737  599  801  800.941785093  5.20838871545  0.0317547635432
-0.192641564737  599  823  822.625944597  5.70849381637  0.0328059643051
-0.192641564737  598  845  844.618303291  6.29503836243  0.0290043934445
-0.192641564737  598  867  866.773534353  7.18045924527  0.0260398987598
-0.192641564737  597  889  889.379337025  8.11716891246  0.0358526792489
-0.192641564737  596  912  912.194627639  9.03494606878  0.0279798284254
-0.192641564737  595  935  935.278953419  10.4062693872  0.0228672138489
-0.192641564737  594  959  958.540177174  10.8798178468  -0.00675442572397
-0.192641564737  594  982  982.250686303  11.9826662061  0.00616755218357
-0.192641564737  593  1006  1006.22181699  11.915165698  -0.00500595353423
-0.0147715647368  589  10  10.3852446058  1.7202105417  0.00202055853366
-0.0147715647368  590  25  24.6054664081  1.67524350964  -0.0477594434364
-0.0147715647368  590  39  38.9629350397  1.84899275392  -0.0652469009351
-0.0147715647368  591  53  53.4881804316  1.82704877533  -0.0243613646903
-0.0147715647368  591  68  68.1411875648  1.92299621714  -0.0177810638283
-0.0147715647368  592  83  82.8512007229  1.90434395274  -0.0441219753909
-0.0147715647368  593  98  97.7467112719  1.93455732117  -0.0209718934612
-0.0147715647368  593  113  112.768731089  1.92515372233  -0.0101999018059
-0.0147715647368  594  128  127.937596736  2.01311252167  0.0171673436056
-0.0147715647368  594  143  143.290075915  1.99930561517  0.0596558369462
-0.0147715647368  595  159  158.677285071  1.96112254879  0.0251119712787
-0.0147715647368  595  174  174.319888854  2.00307219407  0.0741505548772
-0.0147715647368  596  190  190.003832576  2.06709644414  0.0282755662904
-0.0147715647368  596  206  205.879749725  2.1038530131  0.00345249152349
-0.0147715647368  597  222  221.858754175  2.08752695365  -0.0240337490958
-0.0147715647368  597  238  238.02759816  2.17750609872  -0.0251864708628
-0.0147715647368  598  254  254.307985126  2.14687548313  -0.00727849237302
-0.0147715647368  598  271  270.727720125  2.18406968738  -0.0467362260296
-0.0147715647368  599  287  287.318209245  2.23752870778  -0.00319675760122
-0.0147715647368  599  304  304.083285737  2.33877315893  0.0138892974838
-0.0147715647368  599  321  320.982729049  2.33651743874  0.0292989406959
-0.0147715647368  600  338  338.007593937  2.44377200839  0.0458140783087
-0.0147715647368  600  355  355.275648445  2.45097150281  0.0741870032062
-0.0147715647368  600  373  372.650453666  2.43381927115  0.0481723702169
-0.0147715647368  600  390  390.274827294  2.54382576064  0.0761129391518
-0.0147715647368  601  408  407.94489227  2.60804601575  0.0311941261452
-0.0147715647368  601  426  425.826666978  2.60128297252  -0.0107893292859
-0.0147715647368  601  444  443.916531699  2.72480045815  -0.00526547736937
-0.0147715647368  601  462  462.179264816  2.71681423816  -0.01940048677
-0.0147715647368  601  481  480.568923995  2.79056509323  -0.0255319893598
-0.0147715647368  601  499  499.155055567  2.88516672641  -0.00569599975292
-0.0147715647368  601  518  517.92597112  3.00846441166  0.0164961753505
-0.0147715647368  601  537  536.836414842  3.05284293815  0.039057769303
-0.0147715647368  601  556  555.977168681  3.21511427981  0.0590564632452
-0.0147715647368  601  575  575.29402251  3.32443640084  0.0664424567983
-0.0147715647368  601  595  594.817361653  3.54790514445  0.0422484604659
-0.0147715647368  601  615  615.80942472  0.205254880975  9.66739044034
-0.0147715647368  601  634  634.514021936  3.87744993648  0.0124521124464
-0.0147715647368  601  655  654.633962095  3.9687665468  -0.0278503887374
-0.0147715647368  601  675  674.928867678  4.09354679932  -0.0388281744048
-0.0147715647368  600  696  695.521854791  4.17190708835  -0.0398919562556
-0.0147715647368  600  716  716.212026243  4.31769275755  -0.0231921008589
-0.0147715647368  600  737  737.080394513  4.44637339809  -0.0100192571843
-0.0147715647368  599  758  758.232110835  4.61281954744  0.00909143983748
-0.0147715647368  599  779  779.502337937  4.8837115547  0.0281761245751
-0.0147715647368  598  801  801.039737034  5.26684852552  0.0290332348374
-0.0147715647368  598  823  822.755362692  5.72605241731  0.0352059885156
-0.0147715647368  597  845  844.729791152  6.31872261873  0.0290576241593
-0.0147715647368  597  867  866.898069761  7.19930302658  0.0263632881252
-0.0147715647368  596  890  889.483135497  8.0887426519  0.0204476098234
-0.0147715647368  595  912  912.309214954  9.06907982329  0.0312167108723
-0.0147715647368  594  935  935.395403295  10.4631539579  0.0198133283462
-0.0147715647368  594  959  958.661641196  10.8428123115  -0.000188398489948
-0.0147715647368  593  982  982.446361688  12.013660552  0.0074961083786
-0.0147715647368  592  1006  1006.25570122  11.7450002196  -0.00041180284265
0.163098435263  588  10  10.3977126183  1.70751971233  0.0017848886097
0.163098435263  589  25  24.6059227202  1.66696938854  -0.0701531843732
0.163098435263  589  39  38.9822931984  1.87320649525  -0.0618410633193
0.163098435263  590  54  53.5026066974  1.80627828942  -0.0427185004322
0.163098435263  590  68  68.1448069713  1.9057801178  -0.0269792990719
0.163098435263  591  83  82.8680782744  1.91891936591  -0.045238481923
0.163098435263  592  98  97.765149271  1.94142111205  -0.0179200882789
0.163098435263  592  113  112.79481919  1.92839335509  -0.0117386166116
0.163098435263  593  128  127.977779878  2.00384496427  0.0291426507147
0.163098435263  593  143  143.325289934  1.98057701616  0.0591645851213
0.163098435263  594  159  158.714846809  1.95507760522  0.0286357711288
0.163098435263  594  174  174.331529995  1.94752301094  0.0621245940149
0.163098435263  595  190  190.049175883  2.06586920811  0.0319825572447
0.163098435263  595  206  205.896024229  2.05228373683  -0.00827061982408
0.163098435263  596  222  221.879515221  2.12389362671  -0.0298977043226
0.163098435263  596  238  238.067514551  2.15301781413  -0.017117578315
0.163098435263  597  254  254.345668183  2.12420860071  -0.0085472208926
0.163098435263  597  271  270.773018291  2.2121599522  -0.0431814407276
0.163098435263  598  287  287.371879161  2.23206677171  -0.00221487113325
0.163098435263  598  304  304.130068599  2.33465849827  0.0169125375556
0.163098435263  598  321  321.042544541  2.34109014023  0.0248466695055
0.163098435263  599  338  338.078257164  2.4558677596  0.0569028900506
0.163098435263  599  355  355.325816776  2.43612609415  0.0775112935762
0.163098435263  599  373  372.703732713  2.4383026053  0.0455882162607
0.163098435263  599  390  390.335326991  2.51207597574  0.0818137820077
0.163098435263  600  408  407.999091051  2.63370656254  0.0335101479324
0.163098435263  600  426  425.896927968  2.65479095868  -0.0151421460665
0.163098435263  600  444  443.975431968  2.72598932484  -0.0167165360792
0.163098435263  600  462  462.248463135  2.72002387766  -0.0178763637081
0.163098435263  600  481  480.633615654  2.80661305036  -0.0356241182217
0.163098435263  600  499  499.226219334  2.88312443433  -0.00601364612584
0.163098435263  600  518  517.992022937  2.95657571224  0.0190266979457
0.163098435263  600  537  536.918466394  3.0486262919  0.0412016448071
0.163098435263  600  556  556.054382266  3.18890372454  0.0633762062448
0.163098435263  600  575  575.359118905  3.33461639659  0.0626353478093
0.163098435263  600  595  594.859559966  3.55230542165  0.0303053510983
0.163098435263  600  615  614.629128671  3.7119294759  0.0150086017108
0.163098435263  600  635  634.585230034  3.89793237487  -0.00768555485384
0.163098435263  600  655  654.729013918  3.97082149613  -0.0275075330769
0.163098435263  600  675  675.02346592  4.10450172068  -0.0367802520502
0.163098435263  599  696  695.605222961  4.20502609524  -0.0425786322634
0.163098435263  599  716  716.312464946  4.29719654947  -0.0214028352398
0.163098435263  599  737  737.17950305  4.42250409346  -0.0111391913889
0.163098435263  598  758  758.36346477  4.61441527637  0.0143356025143
0.163098435263  598  780  779.583567257  4.83550426253  0.0160765151331
0.163098435263  597  801  801.14698467  5.2685590378  0.0357803669431
0.163098435263  597  823  822.850329623  5.7132001063  0.0342490126851
0.163098435263  596  845  844.874775778  6.3363009267  0.0337390012343
0.163098435263  596  867  867.007693449  7.19629035763  0.0330517690655
0.163098435263  595  890  889.558050077  8.04870453351  0.0217446969209
0.163098435263  594  912  912.423215611  9.06419715054  0.0303062243578
0.163098435263  593  935  935.490480575  10.523730232  0.0249122771826
0.163098435263  593  959  958.884437292  11.034991378  0.0032535804336
0.163098435263  592  982  982.538013796  11.8623309416  0.0115268327996
0.163098435263  591  1006  1006.46735  11.9604428684  0.000836721262806
0.340968435263  587  10  10.40854978  1.71132994855  -0.00339534561382
0.340968435263  588  25  24.6133319923  1.69165336645  -0.0738221488923
0.340968435263  588  39  39.0235015847  1.88048315847  -0.051895393059
0.340968435263  589  54  53.5232893176  1.78960237616  -0.045340640853
0.340968435263  590  68  68.1778156381  1.88633808208  -0.0215879374403
0.340968435263  590  83  82.895904641  1.92368619836  -0.0425732785447
0.340968435263  591  98  97.787389861  1.95993868461  -0.0226373500431
0.340968435263  591  113  112.820657042  1.9354746493  -0.00926514393012
0.340968435263  592  128  128.009312718  2.02919684977  0.0277307745774
0.340968435263  592  143  143.35013887  1.96777283173  0.077017634655
0.340968435263  593  159  158.746075155  1.96096522675  0.0228880866279
0.340968435263  594  174  174.357806327  1.89823766266  0.0486686654487
0.340968435263  594  190  190.093090738  2.07615626059  0.0391516432368
0.340968435263  595  206  205.923642047  2.06993414353  -0.00411209607901
0.340968435263  595  222  221.935667108  2.10515948781  -0.0191897638158
0.340968435263  595  238  238.107568161  2.16171165787  -0.020042175065
0.340968435263  596  254  254.396864089  2.10428165276  -0.0146913669224
0.340968435263  596  271  270.815564565  2.22577732102  -0.0477277960067
0.340968435263  597  287  287.422673795  2.2358110362  0.00164310014753
0.340968435263  597  304  304.174641076  2.35412585966  0.0209134027505
0.340968435263  597  321  321.107306992  2.37666797673  0.0320447230495
0.340968435263  598  338  338.131667977  2.43486290476  0.0587522488135
0.340968435263  598  355  355.37596447  2.38827325386  0.0723500057381
0.340968435263  598  373  372.762380984  2.46785247669  0.0450202646942
0.340968435263  599  390  390.344370072  2.42587351988  0.0737493240562
0.340968435263  599  408  408.059748967  2.61362348599  0.0350644768369
0.340968435263  599  426  425.98156726  2.65110651902  0.005438717951
0.340968435263  599  444  444.049917132  2.73379445714  -0.0163302578321
0.340968435263  599  462  462.315965511  2.7020854073  -0.0146171174558
0.340968435263  599  481  480.704794311  2.79962206477  -0.0338827316703
0.340968435263  599  499  499.316934636  2.8580231998  3.07847513049e-05
0.340968435263  599  518  518.052934492  3.00535286216  0.0123170890964
0.340968435263  599  537  536.998924721  3.08584435882  0.0420598974638
0.340968435263  599  556  556.118758659  3.2180433868  0.06506561713
0.340968435263  599  575  575.439387236  3.294475947  0.0686184883422
0.340968435263  599  595  594.965773913  3.51388762451  0.0401830226921
0.340968435263  599  615  614.718422186  3.70981581027  0.0193014446868
0.340968435263  599  635  634.64851375  3.87849823277  -0.00749070672475
0.340968435263  599  655  654.815873562  4.00101054504  -0.0263956588866
0.340968435263  599  675  675.113248467  4.14100264047  -0.0350155899621
0.340968435263  598  696  695.701769908  4.20449076909  -0.0428136099782
0.340968435263  598  716  716.40620089  4.31150113027  -0.0174235429053
0.340968435263  598  737  737.267810007  4.41823310145  -0.0104101016088
0.340968435263  597  758  758.465713889  4.58292256815  0.0151990089501
0.340968435263  597  780  779.698303038  4.83895830496  0.0157890601136
0.340968435263  596  801  801.265984628  5.23049666521  0.0337025798713
0.340968435263  596  823  822.933782747  5.69018327773  0.0336812977714
0.340968435263  595  845  844.995987396  6.3575756233  0.0402468342178
0.340968435263  595  867  867.124398696  7.09716047903  0.0333771515507
0.340968435263  594  890  889.650226735  8.08897844985  0.0230434768828
0.340968435263  593  913  912.481867468  8.97970972342  0.0132214494001
0.340968435263  592  936  935.609512187  10.0767414104  0.00682576579726
0.340968435263  592  959  958.940386221  11.2723969857  0.00273265542927
0.340968435263  591  983  982.574137589  11.6500177766  -0.0164541324427
0.340968435263  590  1006  1006.59666281  11.5229336732  0.00615915008651
0.518838435263  586  10  10.4346626826  1.69294444489  0.00248547488286
0.518838435263  587  25  24.6260516763  1.71202874699  -0.0684780760658
0.518838435263  587  39  39.0382560554  1.86946476717  -0.0582950139727
0.518838435263  588  54  53.5447932791  1.83116809997  -0.0464291565501
0.518838435263  589  68  68.1843570875  1.89322402641  -0.0195509156461
0.518838435263  589  83  82.9218362559  1.92674170694  -0.0404452218328
0.518838435263  590  98  97.8183986132  1.96619909917  -0.0199708563369
0.518838435263  590  113  112.855789532  1.95205437575  -0.00576641737964
0.518838435263  591  128  128.039938147  2.02242905224  0.0377161800002
0.518838435263  591  143  143.366293711  1.9480730728  0.0552831311007
0.518838435263  592  159  158.777579453  1.98200210181  0.0206230280342
0.518838435263  593  174  174.394369468  1.95783122401  0.0613638418541
0.518838435263  593  190  190.127693119  2.0802839523  0.04321176106
0.518838435263  594  206  205.948385891  2.11620949383  -0.00959159040354
0.518838435263  594  222  221.980467753  2.1188244863  -0.022560443958
0.518838435263  594  238  238.131473925  2.11564494434  -0.015565199314
0.518838435263  595  254  254.438758602  2.10362233549  -0.014543712536
0.518838435263  595  271  270.860368107  2.22518206013  -0.042928643926
0.518838435263  596  287  287.453633786  2.2011447307  -0.0116498843121
0.518838435263  596  304  304.230463747  2.32904127185  0.0240603352915
0.518838435263  596  321  321.158643698  2.39675748961  0.0338453465393
0.518838435263  597  338  338.188930224  2.43487049293  0.0579434697916
0.518838435263  597  355  355.426681208  2.37532547408  0.0740630943928
0.518838435263  597  373  372.815125632  2.50132299419  0.0474770999008
0.518838435263  598  390  390.388733633  2.49492045889  0.0733422822118
0.518838435263  598  408  408.127000581  2.61050025161  0.0409069283344
0.518838435263  598  426  426.055075632  2.64132225832  0.0123064270725
0.518838435263  598  444  444.122604272  2.7020690122  -0.0082315358458
0.518838435263  598  462  462.381776104  2.64879927385  -0.0233300106011
0.518838435263  598  481  480.774538527  2.82630220102  -0.0325737871265
0.518838435263  598  499  499.37536875  2.88084154416  -0.00230021826348
0.518838435263  599  518  518.052945703  3.00528618947  0.0124854354662
0.518838435263  599  537  536.998924721  3.08584435882  0.0420598974638
0.518838435263  599  556  556.118516856  3.21644225441  0.0613301442373
0.518838435263  598  576  576.829890813  0.203998439218  9.55422479564
0.518838435263  598  595  595.048846369  3.53052791266  0.0409684203245
0.518838435263  598  615  614.808614318  3.73739738277  0.0210324028806
0.518838435263  598  635  634.734254034  3.91013841989  -0.00419598166345
0.518838435263  598  655  654.884475608  4.04358908987  -0.0293280862966
0.518838435263  598  675  675.206034678  4.1312647905  -0.0326195173302
0.518838435263  597  696  695.789464936  4.19926583112  -0.0347876111371
0.518838435263  597  716  716.482768655  4.29842818519  -0.0226779022709
0.518838435263  597  737  737.370342224  4.44590213848  -0.00915243952188
0.518838435263  596  759  759.820756311  0.199714936455  9.86457693464
0.518838435263  596  780  779.787850945  4.87915859845  0.0157238644926
0.518838435263  595  801  801.351231128  5.31155599893  0.0435089406088
0.518838435263  595  823  823.082532761  5.67680889052  0.0394000577446
0.518838435263  594  845  845.100364883  6.36415578021  0.0402488034739
0.518838435263  594  867  867.262742748  7.11304486323  0.0379657043911
0.518838435263  593  890  889.784881167  8.20109764688  0.0264377865326
0.518838435263  592  913  912.630501631  9.0131236064  0.015030871768
0.518838435263  591  936  935.625397057  10.0967013376  0.0104449712839
0.518838435263  591  959  959.016334432  11.3845180639  0.00524195775717
0.518838435263  590  983  982.660020919  11.5300882964  -0.00712829909136
0.518838435263  589  1006  1006.70125734  11.6689815499  0.00482047922953
0.696708435263  585  10  10.4421476528  1.7063404705  -0.00165979949197
0.696708435263  586  25  24.6508567696  1.70640585485  -0.064264663157
0.696708435263  586  39  39.0672342741  1.87992274846  -0.0481454507446
0.696708435263  587  54  53.5670581123  1.81715058801  -0.0447674150214
0.696708435263  588  68  68.2061298633  1.90760681104  -0.0244231761725
0.696708435263  588  83  82.9458149162  1.93557359062  -0.0377476552362
0.696708435263  589  98  97.8468811488  1.97068441577  -0.0137247978882
0.696708435263  589  113  112.878961992  1.95953496971  -0.0107630027668
0.696708435263  590  128  128.083664294  2.01572489593  0.0497075689354
0.696708435263  591  143  143.376285025  1.93801572016  0.0450992677471
0.696708435263  591  159  158.810850829  2.00435831672  0.0220178389065
0.696708435263  592  174  174.409702423  1.95861803481  0.0593371150073
0.696708435263  592  190  190.165759853  2.06749125109  0.0478159354022
0.696708435263  593  206  205.998603816  2.10013395341  0.00410940474453
0.696708435263  593  222  222.028915317  2.12981332667  -0.00785949739088
0.696708435263  594  238  238.172557715  2.07320909098  -0.0251865228673
0.696708435263  594  254  254.474979515  2.08293905927  -0.0230165021435
0.696708435263  594  271  270.913039923  2.24460916715  -0.0408559933319
0.696708435263  595  288  287.497261077  2.20250820259  -0.0140209364493
0.696708435263  595  304  304.290371175  2.29066409035  0.0255831721557
0.696708435263  595  321  321.202602461  2.37128655399  0.0358725902961
0.696708435263  596  338  338.23824383  2.43885597473  0.0633021867199
0.696708435263  596  355  355.478804043  2.39058957944  0.0685408568882
0.696708435263  596  373  372.878120921  2.48796984218  0.0517497312698
0.696708435263  597  390  390.43957574  2.48257814823  0.0697923121142
0.696708435263  597  408  408.188075443  2.62910784149  0.0388335857206
0.696708435263  597  426  426.115706983  2.64710800587  0.0200022100879
0.696708435263  597  444  444.17884134  2.68683919779  -0.00981852303432
0.696708435263  597  462  462.449356123  2.69418137311  -0.0212657712883
0.696708435263  597  481  480.847876836  2.83225118432  -0.0331575534647
0.696708435263  598  499  499.406920624  2.75245013137  -0.0185537361739
0.696708435263  598  518  518.124474792  3.00584151929  0.0146980672382
0.696708435263  598  537  537.071877749  3.09943039477  0.0420365270283
0.696708435263  598  556  556.201598105  3.20024451189  0.0626098765278
0.696708435263  598  576  576.82981672  0.203978889863  9.55616096208
0.696708435263  597  595  595.13327984  3.54902942154  0.0487247027606
0.696708435263  597  615  614.899594646  3.75143834371  0.0261888215646
0.696708435263  597  635  634.827765425  3.8727663703  -0.00601332385646
0.696708435263  597  655  654.969177125  4.0574338734  -0.0270430578704
0.696708435263  597  675  675.303659499  4.09948233699  -0.0329882924017
0.696708435263  596  696  695.903340639  4.24600145322  -0.0274521542895
0.696708435263  596  717  716.565207319  4.27544792054  -0.0353216082747
0.696708435263  596  737  737.468394906  4.46995527174  -0.0050294290354
0.696708435263  595  759  758.631181443  4.58219577572  0.00823188310639
0.696708435263  595  780  779.891166687  4.84093234485  0.0189811980245
0.696708435263  595  801  801.425111079  5.22486682539  0.0356064886058
0.696708435263  594  823  823.182542442  5.70846393171  0.0445525254655
0.696708435263  593  845  845.204732204  6.38046069027  0.0484718313254
0.696708435263  593  867  867.385922188  7.09449693289  0.0375869913987
0.696708435263  592  890  889.898822127  8.14263359127  0.0288474334903
0.696708435263  591  913  912.747100326  9.13570646222  0.026767367187
0.696708435263  591  936  935.90252355  10.0223562622  0.0137796964111
0.696708435263  590  959  959.106838344  11.2690639297  0.0109508802284
0.696708435263  589  983  982.793424176  12.0361743834  -0.00872842676363
0.696708435263  588  1007  1006.70883181  11.910013752  -0.0124978399286
0.874578435263  584  10  10.4552478577  1.6849947213  -0.00631360252409
0.874578435263  585  25  24.6595663511  1.72540520534  -0.0685582551587
0.874578435263  585  39  39.0817035325  1.88697839555  -0.0598059217041
0.874578435263  586  54  53.5787343032  1.81242080416  -0.051015355862
0.874578435263  587  68  68.2347156641  1.91350341981  -0.017141799684
0.874578435263  587  83  82.9758725359  1.94924172549  -0.0380939111172
0.874578435263  588  98  97.8783464588  1.97357503919  -0.00765694202206
0.874578435263  588  113  112.917801192  1.96541526612  0.0100516141742
0.874578435263  589  128  128.103127689  2.00868674439  0.0424862924066
0.874578435263  590  143  143.405350709  1.98577917955  0.0503011056098
0.874578435263  590  159  158.839229213  2.00561152213  0.0220909719825
0.874578435263  591  174  174.456813819  1.92598565079  0.0633150795215
0.874578435263  591  190  190.197568228  2.09496967535  0.0464098728468
0.874578435263  592  206  206.025502675  2.09523002753  0.000990724513568
0.874578435263  592  222  222.06894258  2.14368833304  -0.00742262831334
0.874578435263  593  238  238.200948876  2.15148612915  -0.0184349301098
0.874578435263  593  255  254.507651599  2.07086945411  -0.0298499017925
0.874578435263  593  271  270.951839212  2.25569401685  -0.0424755968708
0.874578435263  594  288  287.537180341  2.21936265785  -0.0152021184236
0.874578435263  594  304  304.330079763  2.30984973873  0.0244740446485
0.874578435263  594  321  321.22479381  2.3148400958  0.0393638096789
0.874578435263  595  338  338.292801635  2.40796468886  0.0712700289548
0.874578435263  595  356  355.534872246  2.40801493557  0.0638417515097
0.874578435263  595  373  372.948735127  2.51441178904  0.0655929907225
0.874578435263  596  390  390.485853241  2.44400707036  0.061493280375
0.874578435263  596  408  408.250566125  2.5938181867  0.0452132326816
0.874578435263  596  426  426.196610777  2.62938660535  0.031238577776
0.874578435263  596  444  444.249342129  2.6589336428  -0.00721815345807
0.874578435263  596  463  462.496773691  2.68905501895  -0.0343057433686
0.874578435263  596  481  480.905596244  2.83656361452  -0.0380560912755
0.874578435263  597  499  499.449372324  2.862800204  -0.0045799710084
0.874578435263  597  518  518.202016523  2.99740184183  0.0159154050602
0.874578435263  597  537  537.15627538  3.07675673071  0.0507392857997
0.874578435263  597  556  556.26168955  3.14262971213  0.0577977336364
0.874578435263  597  576  576.823452222  0.0328082296144  9.47817596692
0.874578435263  596  595  595.210521464  3.52590119533  0.0506912204019
0.874578435263  596  615  614.976113178  3.72245013351  0.0276900254952
0.874578435263  596  635  634.914429454  3.86333494851  -0.00824668074936
0.874578435263  596  655  655.062783477  4.02794831498  -0.0265829925286
0.874578435263  596  675  675.396442722  4.09448829419  -0.0317567778256
0.874578435263  596  696  695.94744253  4.24464795653  -0.0300664389041
0.874578435263  595  717  716.675489052  4.26107151358  -0.0302685616624
0.874578435263  595  738  737.566008855  4.45636956972  -0.0190457533073
0.874578435263  594  759  758.729851037  4.62266024832  0.00833265162627
0.874578435263  594  780  780.012188927  4.85195058021  0.0225798215078
0.874578435263  594  802  802.817676799  0.0445442868277  10.22008852
0.874578435263  593  823  823.281991685  5.71662908416  0.0424744987158
0.874578435263  592  845  845.310068155  6.40666892899  0.0455984898723
0.874578435263  592  868  868.793267519  0.210442074186  10.8473595926
0.874578435263  591  890  890.035905939  8.08823173001  0.0322360247384
0.874578435263  590  913  912.871549699  9.03775781343  0.0242080567644
0.874578435263  590  936  935.894464512  9.95294494541  0.0164150056355
0.874578435263  589  959  959.288539776  11.3197506541  0.0116814032105
0.874578435263  588  983  982.966940226  11.8623823805  0.00193645149274
0.874578435263  587  1007  1006.8467157  11.9471507954  -0.0144956449922
1.05244843526  583  10  10.4643339082  1.68802046073  -0.0110729964332
1.05244843526  584  25  24.6763003562  1.73634432569  -0.0676841252518
1.05244843526  584  39  39.0929677843  1.8782830596  -0.0557012206127
1.05244843526  585  54  53.6004088312  1.82791806532  -0.0523911817146
1.05244843526  586  68  68.2574164648  1.92265454083  -0.0147996092176
1.05244843526  586  83  82.9935357097  1.93823647117  -0.0458409290976
1.05244843526  587  98  97.9078701054  1.97615913147  -0.00807384667479
1.05244843526  587  113  112.930116416  1.95006504905  -0.00311778277415
1.05244843526  588  128  128.131681201  2.02895005409  0.0390245578078
1.05244843526  589  143  143.42283319  1.95830259762  0.0497156505095
1.05244843526  589  159  158.867953643  2.04196049382  0.0223268179656
1.05244843526  590  174  174.474768004  1.90517937781  0.0498169701244
1.05244843526  590  190  190.239248752  2.04391657375  0.0540824731211
1.05244843526  591  206  206.071906858  2.10183972474  0.0116301781755
1.05244843526  591  222  222.121759912  2.13046590336  0.00045550769424
1.05244843526  592  238  238.243917507  2.12055486467  -0.00918302793371
1.05244843526  592  255  254.550183183  2.07837466602  -0.0333071183772
1.05244843526  592  271  270.996399399  2.2630314971  -0.0364133398323
1.05244843526  593  288  287.5850553  2.21418330057  -0.0223523053636
1.05244843526  593  304  304.376105227  2.30958200702  0.0247240540583
1.05244843526  594  321  321.255269722  2.35231612192  0.0251263859113
1.05244843526  594  338  338.340475189  2.40015695511  0.0644883196607
1.05244843526  594  356  355.580359071  2.40004268492  0.0554853863374
1.05244843526  594  373  373.00238267  2.55329017571  0.0593368299727
1.05244843526  595  391  390.546507492  2.44508981945  0.0566093465229
1.05244843526  595  408  408.305029504  2.54680959421  0.0427730334338
1.05244843526  595  426  426.245536352  2.61671082545  0.0256478818685
1.05244843526  595  444  444.312605257  2.63275552137  -0.00454130666561
1.05244843526  595  463  462.571113307  2.67014549858  -0.0314414719808
1.05244843526  595  481  480.973519272  2.81626918937  -0.0286867543191
1.05244843526  596  500  499.514282238  2.89401657953  -0.0177272482163
1.05244843526  596  518  518.296874449  2.99635489512  0.0217567665949
1.05244843526  596  537  537.235191234  3.07608624048  0.0554943319295
1.05244843526  596  556  556.336658179  3.1356219481  0.0582083271468
1.05244843526  596  576  575.670298651  3.31233084105  0.0572738854241
1.05244843526  596  595  595.218056489  3.54836477917  0.0502045055552
1.05244843526  595  615  615.062131024  3.73155780994  0.0310657813606
1.05244843526  595  635  634.993606618  3.88489057802  -0.00252047735411
1.05244843526  595  655  655.153737894  4.00335042872  -0.0225457802906
1.05244843526  595  675  675.500509023  4.09479636849  -0.0271347123431
1.05244843526  595  696  695.999923979  4.24441987042  -0.0395959478799
1.05244843526  594  717  716.76858893  4.27719284735  -0.0359000668764
1.05244843526  594  738  737.658779479  4.43035920226  -0.0159830535198
1.05244843526  593  759  758.786311432  4.6714814992  0.00916536313987
1.05244843526  593  780  780.111951533  4.84303414618  0.0213006887299
1.05244843526  593  802  801.566711925  5.26083991092  0.0226706463162
1.05244843526  592  823  823.365303498  5.70316943558  0.0399338735596
1.05244843526  591  846  845.348966437  6.52399726864  0.0345031279703
1.05244843526  591  868  867.584270679  7.03027629072  0.0261520381905
1.05244843526  590  890  890.162779954  8.055964184  0.0354649149811
1.05244843526  589  913  912.934581665  9.14913929943  0.0276167443981
1.05244843526  589  936  936.054106804  10.1158639548  0.0136751277765
1.05244843526  588  959  959.441418263  11.3295602173  0.018488566602
1.05244843526  587  983  983.101893062  12.0268513876  0.00088145567696
1.05244843526  586  1007  1006.96705745  11.74637782  -0.00753747770461
1.23031843526  582  10  10.4828291277  1.68480540778  -0.0109908592438
1.23031843526  583  25  24.6888473549  1.7475791102  -0.0714645497424
1.23031843526  583  39  39.106852019  1.8762958791  -0.066902673397
1.23031843526  584  54  53.6106743172  1.79593868735  -0.0561511056469
1.23031843526  585  68  68.2711875331  1.94138207207  -0.0150678745007
1.23031843526  585  83  83.0166352355  1.95792521421  -0.0401850879267
1.23031843526  586  98  97.9302423956  1.98426555375  -0.011702396331
1.23031843526  587  113  112.948251055  1.9377714682  -0.00565427870469
1.23031843526  587  128  128.162446951  2.04360326274  0.0466801056613
1.23031843526  588  143  143.458103778  1.96552115922  0.0457738502712
1.23031843526  588  159  158.9112805  2.06170140572  0.0289783871213
1.23031843526  589  174  174.501516352  1.93106448842  0.0458384395464
1.23031843526  589  190  190.268642144  2.05662141428  0.0515174739022
1.23031843526  590  206  206.104432268  2.08175376591  0.0129558970331
1.23031843526  590  222  222.141089241  2.13827884853  -0.00336302552759
1.23031843526  591  238  238.283860202  2.12067448402  -0.00908268903954
1.23031843526  591  255  254.582433427  2.09965012052  -0.0324257036749
1.23031843526  591  271  271.032951945  2.25331982505  -0.0393733767631
1.23031843526  592  288  287.628050022  2.23459697241  -0.0175441890068
1.23031843526  592  304  304.41983861  2.27579284556  0.0219145703628
1.23031843526  593  321  321.300058982  2.34896418243  0.0305924594161
1.23031843526  593  338  338.405302624  2.35338668271  0.0720004387045
1.23031843526  593  356  355.634576879  2.41934433265  0.0560210587223
1.23031843526  593  373  373.051889869  2.53443378311  0.0627713139324
1.23031843526  594  391  390.590193809  2.45596316808  0.0473478602516
1.23031843526  594  408  408.365289742  2.52617403556  0.0491082773984
1.23031843526  594  426  426.308666232  2.61033224467  0.0257710484256
1.23031843526  594  444  444.37428225  2.62040755341  -0.00776640290492
1.23031843526  594  463  462.625843242  2.66090217098  -0.0374515620906
1.23031843526  595  481  480.975959793  2.82570598114  -0.0306962527038
1.23031843526  595  500  499.584474651  2.88643629393  -0.0122538842167
1.23031843526  595  518  518.365272924  2.96015236731  0.0245434075202
1.23031843526  595  537  537.310578313  3.06723203374  0.0542052868892
1.23031843526  595  556  556.430577907  3.13686428492  0.062754304379
1.23031843526  595  576  575.770809362  3.33537546824  0.0612296427618
1.23031843526  595  595  595.276867195  3.53386376238  0.0519110920134
1.23031843526  594  615  615.143663486  3.73172079499  0.033771773755
1.23031843526  594  635  635.079406654  3.90395950904  -0.00402715040285
1.23031843526  594  655  655.249547693  4.01975674178  -0.0191094625359
1.23031843526  594  676  675.559604342  4.06374206092  -0.0462609060145
1.23031843526  594  696  696.081189361  4.21536469843  -0.0318519299475
1.23031843526  593  717  716.866315706  4.28444274199  -0.034942205776
1.23031843526  593  738  737.782264915  4.45206367824  -0.013065561723
1.23031843526  593  759  758.864725265  4.61034420327  0.000419597034772
1.23031843526  592  780  780.200748327  4.8411346755  0.0216627305413
1.23031843526  592  802  801.659105556  5.24452113195  0.0261687670442
1.23031843526  591  824  824.800999364  0.187477037029  10.4518019857
1.23031843526  590  846  845.410469444  6.46800511566  0.0290733955066
1.23031843526  590  868  867.646944813  7.14726524366  0.0248523473125
1.23031843526  589  890  890.264373489  8.14143138574  0.0375445867895
1.23031843526  588  913  913.031867388  9.18503353799  0.0249735144784
1.23031843526  588  936  936.104328117  10.0975606153  0.0191407208614
1.23031843526  587  960  959.456628217  11.053325951  -0.00905061190167
1.23031843526  586  983  983.21053999  11.9280143476  0.00525168877664
1.23031843526  585  1007  1007.08696004  11.7958759836  -0.00692703886809
1.40818843526  581  10  10.4903190161  1.67664838885  -0.0136942786578
1.40818843526  582  25  24.6997594972  1.74049724203  -0.0725319249294
1.40818843526  582  39  39.1272308586  1.88331520772  -0.0548886554938
1.40818843526  583  54  53.6248304506  1.83676561696  -0.0604617776777
1.40818843526  584  68  68.2951680946  1.91764046143  -0.0127142532119
1.40818843526  584  83  83.0338653936  1.97259365388  -0.0377841584157
1.40818843526  585  98  97.9434296423  2.00445399115  -0.015917519772
1.40818843526  586  113  112.958113282  1.97631052771  -0.01975230225
1.40818843526  586  128  128.18946513  2.0525314779  0.0541809071987
1.40818843526  587  143  143.478971553  1.96568316015  0.0492567385464
1.40818843526  587  159  158.926121852  2.04112342008  0.0268510895715
1.40818843526  588  175  174.535043511  1.9935723698  0.0615692951568
1.40818843526  588  190  190.295205499  2.04571662952  0.0486542292234
1.40818843526  589  206  206.133656657  2.09951851017  0.00960425434338
1.40818843526  589  222  222.190185565  2.12565127712  0.00333679472412
1.40818843526  590  238  238.323161528  2.11606098694  -0.00399354906138
1.40818843526  590  255  254.618500997  2.10638079986  -0.0428769863991
1.40818843526  591  271  271.064520829  2.18594573279  -0.0375751699311
1.40818843526  591  288  287.669913866  2.24527787792  -0.0256781732308
1.40818843526  591  304  304.472087967  2.2479661682  0.028014271751
1.40818843526  592  321  321.353619418  2.36204596927  0.0349860169268
1.40818843526  592  338  338.439722985  2.34818209261  0.0644906036833
1.40818843526  592  356  355.675215069  2.44462519476  0.0500053926951
1.40818843526  592  373  373.10963553  2.52763093206  0.0765495427413
1.40818843526  593  391  390.64166174  2.49316343333  0.0453482720378
1.40818843526  593  408  408.422004145  2.51279667589  0.0466507833655
1.40818843526  593  426  426.349908087  2.61832649147  0.0237470765706
1.40818843526  593  444  444.437392459  2.62993888633  -0.000101403514113
1.40818843526  593  463  462.689326422  2.70438122183  -0.0381561937121
1.40818843526  594  481  481.045877999  2.8317546827  -0.0294570181241
1.40818843526  594  500  499.65421455  2.93151479802  -0.0145041281929
1.40818843526  594  518  518.433525642  2.91957802606  0.0248523161522
1.40818843526  594  537  537.380718028  3.03640612854  0.0483483284332
1.40818843526  594  557  557.842504766  0.201369950859  9.37626435604
1.40818843526  594  576  575.828538755  3.33178041301  0.0626970361233
1.40818843526  594  595  595.358136666  3.55275806231  0.0517020584996
1.40818843526  593  615  615.228157835  3.76722462233  0.0363715115067
1.40818843526  593  635  635.15126949  3.90261989775  -0.00102838634077
1.40818843526  593  655  655.322112159  4.04816882574  -0.0168869365181
1.40818843526  593  676  675.660576119  4.09433791026  -0.0441939445361
1.40818843526  593  696  696.180934482  4.23488252236  -0.032884898106
1.40818843526  592  717  716.954173203  4.2752361311  -0.0338313192928
1.40818843526  592  738  737.866750723  4.4610679717  -0.0138554572913
1.40818843526  592  759  758.924416124  4.54715056342  0.00378652267183
1.40818843526  591  780  780.303079495  4.8527547353  0.0227574123127
1.40818843526  591  802  801.76360472  5.22759014992  0.0260767741047
1.40818843526  590  824  823.552698504  5.61543310377  0.0333025493102
1.40818843526  590  845  845.494653415  6.40662941718  0.0455725140968
1.40818843526  589  868  867.772327529  7.1249625525  0.0279052933071
1.40818843526  588  890  890.380167044  8.11843817127  0.038861370292
1.40818843526  587  913  913.077875101  9.32497498226  0.0334633912171
1.40818843526  587  936  936.181616564  10.2117602723  0.0177413409215
1.40818843526  586  960  959.58725413  10.8786337783  -0.00151539261974
1.40818843526  585  983  983.408756264  11.9741883098  0.00708209006972
1.40818843526  584  1007  1007.33025685  11.8778915137  0.000158891557108
1.58605843526  580  10  10.4968129734  1.68932036469  -0.0179975643526
1.58605843526  581  25  24.7210505542  1.76477994253  -0.0663292657726
1.58605843526  582  39  39.1384286031  1.89092378261  -0.0481824439614
1.58605843526  582  54  53.6416532833  1.82347701286  -0.0582442130131
1.58605843526  583  68  68.3000221947  1.94075484524  -0.0182775783881
1.58605843526  583  83  83.0574800363  1.95028815684  -0.0321401632261
1.58605843526  584  98  97.9588425114  2.0246106343  -0.0138687986627
1.58605843526  585  113  112.974834876  1.98616364047  -0.00515526713336
1.58605843526  585  128  128.199883841  2.04179051292  0.0429870985666
1.58605843526  586  143  143.493629177  1.95613032302  0.0339903421949
1.58605843526  586  159  158.955159189  2.08983778851  0.0236642305201
1.58605843526  587  175  174.5635567  1.94626354098  0.0514671390251
1.58605843526  587  190  190.331227323  2.04865058107  0.057478567928
1.58605843526  588  206  206.178904626  2.11880317221  0.0183053535213
1.58605843526  588  222  222.229869062  2.11623266194  0.00736112991495
1.58605843526  589  238  238.352410221  2.08607343062  -0.00677281034594
1.58605843526  589  255  254.658335236  2.12039527036  -0.0398730512133
1.58605843526  590  271  271.079173314  2.22534507746  -0.0514991992234
1.58605843526  590  288  287.704027661  2.25190468141  -0.0294835518603
1.58605843526  590  305  304.502322343  2.25193810977  0.0174754878326
1.58605843526  591  321  321.391026691  2.33969546876  0.0362301469937
1.58605843526  591  338  338.485627665  2.34217566318  0.0644337012954
1.58605843526  591  356  355.705512849  2.46010863188  0.0426387855848
1.58605843526  592  373  373.097289782  2.5305955857  0.0470892553248
1.58605843526  592  391  390.683832259  2.5097094755  0.0374763857331
1.58605843526  592  408  408.470763025  2.48728917565  0.0434693367115
1.58605843526  592  426  426.401511235  2.56598399041  0.0160144958913
1.58605843526  592  444  444.483618932  2.60428208873  -0.00866151840303
1.58605843526  592  463  462.747301978  2.7255398595  -0.0269852656611
1.58605843526  593  481  481.111470325  2.82982266359  -0.0260939357564
1.58605843526  593  500  499.70933801  2.94997935878  -0.0178060064857
1.58605843526  593  518  518.482259143  2.92166674602  0.0203859767947
1.58605843526  593  537  537.444055738  3.03704931656  0.0445062912956
1.58605843526  593  557  557.831395266  0.0324145049486  9.35087972385
1.58605843526  593  576  575.891609584  3.38164886563  0.0594386005061
1.58605843526  593  595  595.434822911  3.50535219519  0.0540223926279
1.58605843526  592  615  615.299757493  3.79028440868  0.037344245897
1.58605843526  592  635  635.250859524  3.91956597339  0.00628905710174
1.58605843526  592  655  655.413900509  4.05548110254  -0.0152606990316
1.58605843526  592  676  675.748114493  4.149142084  -0.040594446804
1.58605843526  592  696  696.259455799  4.2128716889  -0.0315088004613
1.58605843526  591  717  717.03872407  4.2741065981  -0.03235157759
1.58605843526  591  738  737.941685428  4.41800560583  -0.0184840883072
1.58605843526  591  759  759.018369638  4.53697842051  -0.00278546674034
1.58605843526  590  780  780.391285896  4.83795263238  0.0226044011386
1.58605843526  590  802  801.860211031  5.24046810289  0.0275204396901
1.58605843526  589  824  823.667103408  5.64585523157  0.0336070077492
1.58605843526  589  846  845.669334492  6.39217100375  0.0295299739932
1.58605843526  588  868  867.885995653  7.13324999325  0.0318539436803
1.58605843526  587  891  890.462935319  8.06378352145  0.0257633620926
1.58605843526  586  913  913.296885573  9.05703168251  0.0318092974316
1.58605843526  586  936  936.3325251  10.2749952508  0.0213787218346
1.58605843526  585  960  959.684082968  10.9661751189  -0.0020839704846
1.58605843526  584  983  983.50770255  12.0714459857  0.0135703442351
1.58605843526  583  1007  1007.39232993  11.931346217  0.00150686935825
1.76392843526  579  11  10.5031721458  1.66679545409  -0.0434895757043
1.76392843526  580  25  24.7362926671  1.76729299645  -0.0648247029027
1.76392843526  581  39  39.1511099202  1.90415175989  -0.0474728660621
1.76392843526  581  54  53.6618783411  1.83771967554  -0.0624861414748
1.76392843526  582  68  68.3180508318  1.91186724924  -0.0203396967079
1.76392843526  582  83  83.0916421975  1.94606722138  -0.0140384908275
1.76392843526  583  98  97.9886494976  2.00725776934  -0.00973687553626
1.76392843526  584  113  112.998024208  1.99461968881  -0.00568278599653
1.76392843526  584  128  128.247842649  2.02327982652  0.0568779816647
1.76392843526  585  144  143.536385418  1.98061186387  0.0465979105956
1.76392843526  585  159  158.994976593  2.07687924231  0.0298067005126
1.76392843526  586  175  174.585881594  1.93453481151  0.0284252420451
1.76392843526  586  190  190.373479084  2.01603018642  0.060293808184
1.76392843526  587  206  206.211952995  2.07178368567  0.0176371478527
1.76392843526  587  222  222.277293978  2.10719983191  0.0188733930369
1.76392843526  588  238  238.395148675  2.07762999719  -0.00327481321419
1.76392843526  588  255  254.693833967  2.14900323904  -0.0522202892741
1.76392843526  589  271  271.120265425  2.23669546314  -0.0295361741396
1.76392843526  589  288  287.753141627  2.28615751848  -0.0254824865556
1.76392843526  589  305  304.527700943  2.2660149402  -0.00283339521603
1.76392843526  590  321  321.43745544  2.3611902071  0.0342541906878
1.76392843526  590  339  338.53106228  2.34112445505  0.0510888534432
1.76392843526  590  356  355.774848203  2.49910650904  0.0530407763606
1.76392843526  591  373  373.152304013  2.54526384266  0.0699805897318
1.76392843526  591  391  390.739658822  2.50610202902  0.0349633294009
1.76392843526  591  409  408.527633121  2.48528708331  0.0290600198426
1.76392843526  591  426  426.463110109  2.53019894485  0.0222772600703
1.76392843526  591  445  444.540677376  2.59257139034  -0.0280429798264
1.76392843526  592  463  462.742224609  2.73608801752  -0.0458183062347
1.76392843526  592  481  481.173946001  2.84140095943  -0.02406988225
1.76392843526  592  500  499.776654672  2.90799651123  -0.0165955966329
1.76392843526  592  519  518.547779833  2.9417647672  0.0100579717867
1.76392843526  592  537  537.483762425  3.09287248036  0.0363915504071
1.76392843526  592  557  556.631491472  3.14615431991  0.055417027521
1.76392843526  592  576  575.961853211  3.36022954973  0.0557815174029
1.76392843526  592  596  596.814533681  0.208676720337  9.69137062161
1.76392843526  592  615  615.294040527  3.80090194723  0.0299582630397
1.76392843526  591  635  635.329979524  3.88458558198  0.00593812067445
1.76392843526  591  656  656.820803081  0.0360259948607  9.71654179487
1.76392843526  591  676  675.826412227  4.14397898583  -0.0386138706192
1.76392843526  591  696  696.346025769  4.26466339823  -0.0326086855884
1.76392843526  590  717  717.157750881  4.28912388266  -0.0280675823746
1.76392843526  590  738  738.05509672  4.43355454289  -0.0109593705283
1.76392843526  590  759  759.134065899  4.57271592107  0.0067744813872
1.76392843526  589  781  781.826194378  0.0419109340844  10.0601454651
1.76392843526  589  802  801.975279975  5.16061236442  0.025676053897
1.76392843526  588  824  823.784505659  5.69169515813  0.0355365555819
1.76392843526  588  846  845.724982876  6.36060030146  0.0311635191586
1.76392843526  587  868  868.017112228  7.07412245367  0.0377980064614
1.76392843526  586  891  890.553486043  8.04790655894  0.0246867136782
1.76392843526  586  913  913.357824492  9.10045438349  0.0353342986457
1.76392843526  585  936  936.406590829  10.3857122026  0.0217134809297
1.76392843526  584  960  959.801091728  10.8679460357  0.00544974233999
1.76392843526  583  983  983.54737578  12.0514724133  0.0142998214725
1.76392843526  582  1007  1007.48281014  11.9264064159  0.00421210112318
1.94179843526  578  11  10.516468431  1.69355023373  -0.0392384083442
1.94179843526  579  25  24.7529647359  1.78621529079  -0.0665466922189
1.94179843526  580  39  39.1559741065  1.89083991576  -0.0578399670683
1.94179843526  580  54  53.6733057765  1.82598365065  -0.0538174922053
1.94179843526  581  68  68.3369752284  1.92338168276  -0.0151738728811
1.94179843526  581  83  83.1181753434  1.96050156338  -0.0251232170697
1.94179843526  582  98  98.0112587791  2.01814779365  -0.00544021874144
1.94179843526  583  113  113.041028875  2.01173391673  0.00962638516451
1.94179843526  583  128  128.251322491  2.01257603166  0.0475173202532
1.94179843526  584  144  143.553163625  1.97382119696  0.0393557955776
1.94179843526  584  159  159.029260798  2.07824391775  0.0377940439685
1.94179843526  585  175  174.608395433  1.93731029651  0.0258759673522
1.94179843526  585  190  190.390823845  2.0204997883  0.0507527805926
1.94179843526  586  206  206.254368127  2.06400641268  0.0256385914551
1.94179843526  586  222  222.304346567  2.11113439132  0.0179220956666
1.94179843526  587  238  238.432307999  2.06553569221  -0.0125075107515
1.94179843526  587  255  254.721173204  2.15971041384  -0.0561765873582
1.94179843526  588  271  271.170684561  2.23258477506  -0.0270384081551
1.94179843526  588  288  287.789540569  2.29811667068  -0.0296457328886
1.94179843526  588  305  304.583394142  2.24018713772  0.00151007768953
1.94179843526  589  321  321.483880784  2.34920525122  0.0376967375068
1.94179843526  589  339  338.568637773  2.35134564024  0.0498685600085
1.94179843526  589  356  355.822188115  2.50233877116  0.0504839696821
1.94179843526  590  373  373.203158228  2.52216374381  0.0708602753734
1.94179843526  590  391  390.805052653  2.54099114024  0.0480480653764
1.94179843526  590  409  408.562754817  2.45857178174  0.0209092854345
1.94179843526  590  427  426.523979371  2.51886819159  0.00130730938203
1.94179843526  590  445  444.607481722  2.61283101728  -0.0258706571966
1.94179843526  591  463  462.808755381  2.78665233739  -0.0395777364413
1.94179843526  591  481  481.261718921  2.83987950642  -0.0193087553603
1.94179843526  591  500  499.846019275  2.93385496837  -0.0157430261478
1.94179843526  591  519  518.609431726  2.95060464221  0.00355438848996
1.94179843526  591  538  537.559709411  3.08306711709  0.0307106623407
1.94179843526  591  557  556.708914225  3.16403230711  0.0583893495292
1.94179843526  591  576  576.054344312  3.35122772323  0.060427234807
1.94179843526  591  596  596.817802478  0.200706196373  9.62037624895
1.94179843526  591  615  615.389013408  3.74171355487  0.0374807967241
1.94179843526  590  635  635.400628816  3.89228635469  0.0100546258044
1.94179843526  590  656  655.57474104  4.02854477339  -0.0303696958611
1.94179843526  590  676  675.905690274  4.14575919807  -0.0415889648462
1.94179843526  590  696  696.442313096  4.23473443741  -0.0332422720651
1.94179843526  589  717  717.245577248  4.30928217986  -0.0282542643895
1.94179843526  589  738  738.137234801  4.45182899464  -0.0149066156821
1.94179843526  589  759  759.236071691  4.58163762352  0.00782587456837
1.94179843526  588  781  780.599875871  4.78052884969  0.0191764937051
1.94179843526  588  802  802.077454525  5.17504635866  0.0281617986037
1.94179843526  587  824  823.85669169  5.63195011014  0.0330587798408
1.94179843526  587  846  845.83415069  6.28723743739  0.031414341448
1.94179843526  586  868  868.107986177  7.06078645143  0.038547526917
1.94179843526  585  891  890.650207019  8.1626709344  0.0288390802777
1.94179843526  585  913  913.493975195  9.02532907796  0.0355407317612
1.94179843526  584  936  936.58754591  10.4323804381  0.0314178306968
1.94179843526  583  960  959.958599873  11.0193189213  0.00752437739279
1.94179843526  582  983  983.696048383  12.2924719607  0.0168952690335
1.94179843526  581  1008  1007.55012993  12.107537176  -0.0199163632639
2.11966843526  577  11  10.5328459386  1.70593812807  -0.0445506438782
2.11966843526  578  25  24.7666244884  1.78379183901  -0.0675273036585
2.11966843526  579  39  39.1779160971  1.90154185419  -0.0482077657543
2.11966843526  579  54  53.682937478  1.85554347491  -0.0666558342286
2.11966843526  580  68  68.3525095443  1.92323225561  -0.0246919614727
2.11966843526  581  83  83.1019466382  2.00776156242  -0.0272579499087
2.11966843526  581  98  98.0385234619  2.03383651056  -0.000607994999305
2.11966843526  582  113  113.068724988  2.02958187015  0.0124998948933
2.11966843526  582  128  128.284884193  2.02101990922  0.0541022684752
2.11966843526  583  144  143.578257566  1.98060214314  0.0364529483128
2.11966843526  583  159  159.06173373  2.09226145623  0.041896465952
2.11966843526  584  175  174.635499689  1.95232949668  0.0174350317145
2.11966843526  584  190  190.425095088  1.99311020417  0.0555427822491
2.11966843526  585  206  206.296644233  2.06444450972  0.0285427131496
2.11966843526  585  222  222.33813412  2.09056736152  0.0171406174775
2.11966843526  586  238  238.459755063  2.05552432592  -0.0164190646585
2.11966843526  586  255  254.751048075  2.1954951104  -0.0641281541784
2.11966843526  587  271  271.229169847  2.23359825018  -0.0121093486929
2.11966843526  587  288  287.830464955  2.30104389177  -0.028728923411
2.11966843526  587  305  304.61007404  2.25434584609  -0.00111049485334
2.11966843526  588  322  321.530802683  2.35732377675  0.0253284721582
2.11966843526  588  339  338.613490645  2.34421950349  0.0505873891384
2.11966843526  588  356  355.86909429  2.52231048414  0.0497032756718
2.11966843526  589  373  373.272660865  2.49521837514  0.0821834103066
2.11966843526  589  391  390.839431716  2.54902640649  0.0407584595014
2.11966843526  589  409  408.620288697  2.49343852757  0.0204327038467
2.11966843526  589  427  426.5726634  2.55627305487  0.00426906148875
2.11966843526  589  445  444.661926742  2.66885065314  -0.0283052992924
2.11966843526  590  463  462.878278063  2.78111775258  -0.0329577185554
2.11966843526  590  481  481.316106454  2.82419130269  -0.0279394414393
2.11966843526  590  500  499.911040556  2.95941016194  -0.0195501794192
2.11966843526  590  519  518.679708228  2.99494109451  0.00647827839754
2.11966843526  590  538  537.628827549  3.06638851521  0.0358322635516
2.11966843526  590  557  556.780238098  3.20390654072  0.0611863200225
2.11966843526  590  576  576.128935927  3.34774391507  0.0655574829784
2.11966843526  590  596  595.669833552  3.52734851002  0.0571244537265
2.11966843526  590  615  615.451531485  3.75839340704  0.0376882779426
2.11966843526  589  635  635.479771593  3.91837682044  0.0108592963905
2.11966843526  589  656  655.659110745  4.04997579675  -0.029107815809
2.11966843526  589  676  676.003965164  4.15446125037  -0.0378846847863
2.11966843526  589  697  696.505404281  4.23104968315  -0.049046627329
2.11966843526  588  717  717.34652008  4.29262860338  -0.0241561707006
2.11966843526  588  738  738.246342527  4.43247949667  -0.0101188521684
2.11966843526  588  759  759.326097234  4.58591059845  0.00728831728409
2.11966843526  587  781  780.696670196  4.77949509015  0.0216503729887
2.11966843526  587  802  802.174729261  5.14421538229  0.031988230357
2.11966843526  586  824  823.990458319  5.64465394975  0.0372068403763
2.11966843526  586  846  845.919605968  6.3147163348  0.034456651741
2.11966843526  585  868  868.191425813  7.08094506645  0.0425657659335
2.11966843526  584  891  890.763985711  8.07026845453  0.026127327677
2.11966843526  584  914  913.545600146  9.15260099534  0.0156016316351
2.11966843526  583  937  936.617793206  10.2236269116  0.00868169911182
2.11966843526  582  960  960.017326534  11.5092811548  0.00980030184639
2.11966843526  581  984  983.732870218  12.3657520893  -0.00142577883308
2.11966843526  580  1008  1007.67340122  11.9594088993  -0.0109507498877
