# Band 4A   Etalon 2A   Slice 6
# Distortion map version 7B.05.01 - date 2019-03-22
# Trace (isoalpha): Take pixel trace along specified slice, specified alpha position trace is built by taking the pixel in every detector row with alpha value closest to the one specified 
# xpos[i] = np.argmin(alpha_img[i,:])+funcs.find_nearest(alpha_img[i,:][(slice_img[i,:]!=0)],alpha_pos)
#    alpha       x  y      center         FWHM          skewness
0.0  78  12  12.144499953559365  4.1358788524296575  -0.032207737626616426
0.0  79  58  58.31826165649147  3.626875058512198  -0.016577918731029147
0.0  79  103  103.34842280052554  3.685625456968822  -0.03100160416794282
0.0  80  148  147.4807482224376  3.2900775167824463  -0.0014477278348840527
0.0  80  191  190.5521409776765  3.2288233611120347  -0.02174889137927874
0.0  80  233  232.61280708622604  3.1859141494027483  -0.03845936351453594
0.0  80  274  273.9203532004206  2.9801409552551945  -0.03198588342353146
0.0  81  314  314.47991583175633  2.966530699325233  -0.03801213579125986
0.0  81  354  354.0424131934754  2.854040748212924  -0.018436850390235564
0.0  81  393  392.81138073319937  2.8427332877267872  -0.02556396746392334
0.0  81  431  430.79770597726895  2.7859545570444766  -0.03732829320163454
0.0  81  468  468.05465166927524  2.663670077916777  -0.014214434731970704
0.0  81  505  504.5366508214407  2.6839740061716952  -0.026909957507514307
0.0  81  540  540.3837301789173  2.587514258021656  -0.013001438432420867
0.0  81  576  575.5182695020576  2.520574043458737  -0.017551263989924813
0.0  81  610  609.9998438985544  2.607094248805879  0.003513246165843529
0.0  81  644  643.7680821535724  2.480190616123764  -0.011941998218723915
0.0  81  677  676.9181914112536  2.571433982274243  -0.022794829358691773
0.0  81  710  709.5038582862694  2.4341578521825795  0.005308344091003517
0.0  80  741  741.3608911379562  2.5173037034080608  0.015488935735589585
0.0  80  773  772.6786625186481  2.4485317586168094  -0.02063966638820264
0.0  80  803  803.4944777406256  2.4399602536118437  0.005963847665382872
0.0  80  834  833.7207821095785  2.382282644632596  -0.01088679688368634
0.0  80  863  863.4266541397583  2.4005982243145354  -0.0067039778384735274
0.0  79  893  892.5206153919205  2.3789001024633762  -0.02047858529309428
0.0  79  921  921.233892558443  2.390411315156257  0.026300919088884753
0.0  79  949  949.4195840979395  2.4076933435894716  0.009241631193632336
0.0  79  977  977.0666140934655  2.390384174629048  0.026300100852987906
0.0  78  1004  1004.3087569682789  2.2352537316406824  0.09804977737039769
-2.6588324293931613  68  11  10.750122235542833  3.7394887911849892  -0.01762960391977169
-2.6588324293931613  69  57  56.986638961981384  3.8242042889184518  -0.004280752142924203
-2.6588324293931613  69  102  101.92167160121075  3.571434485991162  -0.0427093439359203
-2.6588324293931613  70  146  146.13710705698358  3.2822087804167666  -0.02333643069450321
-2.6588324293931613  70  189  189.31738164683256  3.3611697563425764  -0.0062458605682194565
-2.6588324293931613  70  231  231.39021807709923  3.0851616716551007  -0.009920356008203924
-2.6588324293931613  70  273  272.66915797645936  2.9480698915285757  -0.044918094895763816
-2.6588324293931613  71  313  313.28833486406376  3.0359793341118575  -0.017496592727910022
-2.6588324293931613  71  353  352.8273094175061  2.8137118404363832  -0.05543822640373874
-2.6588324293931613  71  392  391.69976549066035  2.8873299102700116  -0.01957301385848398
-2.6588324293931613  71  430  429.69416490452306  2.704408450299752  -0.048376920259677034
-2.6588324293931613  71  467  467.0317214123706  2.6684455807775294  -0.027983983855552206
-2.6588324293931613  71  504  503.57960162033805  2.6367486259109683  -0.0030616207170864407
-2.6588324293931613  71  540  539.5041240789791  2.574760645766901  0.011977883148913421
-2.6588324293931613  71  575  574.5383372524798  2.5809871164682363  -0.06832064129846598
-2.6588324293931613  71  609  609.0857523805017  2.598906790183264  -0.023748511074027003
-2.6588324293931613  71  643  642.9226604713524  2.582425097457417  -0.020807875021722242
-2.6588324293931613  71  676  676.1043179372592  2.500118601757322  -0.01863104626684054
-2.6588324293931613  71  709  708.679160360267  2.4565069918130575  -0.018180823251086716
-2.6588324293931613  70  741  740.5405880367612  2.433143320985664  -0.032837911728148476
-2.6588324293931613  70  772  772.0127783522639  2.44986811454487  0.0018416161210683644
-2.6588324293931613  70  803  802.7598699138666  2.435726531620162  -0.03826324196550384
-2.6588324293931613  70  833  833.1302561253698  2.387574997013985  0.03429514989025294
-2.6588324293931613  70  863  862.7841543697164  2.3683868423577223  -0.022714182523055456
-2.6588324293931613  69  892  891.9462551388546  2.3604457596638895  0.00507790410230065
-2.6588324293931613  69  921  920.6252358136969  2.3011588255330935  -0.007844516028081906
-2.6588324293931613  69  949  948.8095956047267  2.3536449582366004  -0.015049713832156097
-2.6588324293931613  69  977  976.5129794938157  2.313070030198105  -0.007129894464870807
-2.6588324293931613  68  1004  1003.7529815869465  2.2899549242721378  0.056112179843629345
-2.431150429393161  69  11  10.866728525423335  3.9010805580077577  -0.018742994454164368
-2.431150429393161  70  57  57.11754790145114  3.864977336195224  -0.0030504494974745197
-2.431150429393161  70  102  102.07284358999277  3.644266850766499  -0.04047847904473384
-2.431150429393161  70  146  146.13728778889026  3.275794702240546  -0.023306139146373483
-2.431150429393161  71  189  189.4627043566584  3.331645171161938  0.010633443353236072
-2.431150429393161  71  232  231.47862781946864  3.124707570041238  -0.02616528637988472
-2.431150429393161  71  273  272.83494475414153  2.907566480130015  -0.04354460394091124
-2.431150429393161  71  313  313.2946371056  3.0348962423909143  -0.016554760761684117
-2.431150429393161  72  353  352.97983735275926  2.8410656234108274  -0.029256168677790764
-2.431150429393161  72  392  391.8634375162966  2.843557705328294  -0.00491811920016703
-2.431150429393161  72  430  429.8585687055737  2.6622204249330252  -0.015502897410269955
-2.431150429393161  72  467  467.12932231980204  2.712784714731413  -0.028660586655607327
-2.431150429393161  72  504  503.7275315835728  2.656055500996672  -0.003311169377345407
-2.431150429393161  72  540  539.5876571090822  2.5604208084458833  0.0254839794442183
-2.431150429393161  72  575  574.6369662257741  2.5414631394705793  -0.05083920771723471
-2.431150429393161  72  609  609.1896647426448  2.5877483847721123  -0.010238370469800211
-2.431150429393161  72  643  642.9932954125763  2.58395032268902  -0.04031625581541481
-2.431150429393161  72  676  676.1946351739724  2.5118497019153665  -0.02367979203177796
-2.431150429393161  71  709  708.6791904536649  2.4566792769398944  -0.018015247929208306
-2.431150429393161  71  741  740.6300447326549  2.4067574724402903  -0.023727737472551403
-2.431150429393161  71  772  772.0714478763502  2.4398264311921594  0.0006603951961717639
-2.431150429393161  71  803  802.8490378346463  2.4525273835183725  -0.023836883448777373
-2.431150429393161  71  833  833.1460572131208  2.3816830320954523  -0.007883390514894974
-2.431150429393161  71  863  862.8475200430637  2.375214834646613  -0.015075365800072934
-2.431150429393161  70  892  892.0275686196782  2.344147060557816  0.006263893123817531
-2.431150429393161  70  921  920.6855783691077  2.326667643963333  -0.031778419791840894
-2.431150429393161  70  949  948.8707620406323  2.3818747853852074  -0.01556540598076708
-2.431150429393161  70  977  976.5606025057867  2.303472891935371  -0.024920994648422762
-2.431150429393161  69  1004  1003.7775889934553  2.2885525243350457  0.012410499761387419
-2.203468429393161  70  11  10.991209672947317  3.8267059002152664  -0.037622454476270294
-2.203468429393161  71  57  57.23534388248577  3.9129514509202323  0.013868511184511295
-2.203468429393161  71  102  102.20519901098392  3.605389238281788  -0.04510505998571493
-2.203468429393161  71  146  146.27713842812616  3.2664378889655836  -0.01076411324920066
-2.203468429393161  72  190  189.5252185026282  3.3885118041817464  -0.016990063369480217
-2.203468429393161  72  232  231.60071881643813  3.1202796903948524  -0.03546086602392138
-2.203468429393161  72  273  273.0161982685786  2.980750930023646  -0.0030774502006593743
-2.203468429393161  72  313  313.4252878319766  3.078344896139413  -0.019061987717791985
-2.203468429393161  72  353  352.9797670470985  2.8412219273650408  -0.029532825645119654
-2.203468429393161  73  392  391.9846409856001  2.8687650597213405  -0.00760200435543033
-2.203468429393161  73  430  429.9749499355831  2.7357290571629846  -0.023059080775277067
-2.203468429393161  73  467  467.2427554784273  2.711888703240902  -0.02374740936269149
-2.203468429393161  73  504  503.8345372690269  2.670787398091761  -0.015094665907938771
-2.203468429393161  73  540  539.6757703329697  2.619535062778141  0.011526938115431458
-2.203468429393161  73  575  574.7578401834843  2.5444262554173065  -0.03621307856079521
-2.203468429393161  73  609  609.2620628700606  2.5904956244319237  -0.01885460973996887
-2.203468429393161  72  643  642.9898558778211  2.56836383878624  -0.05143399808689995
-2.203468429393161  72  676  676.1946524369949  2.511907552267189  -0.023572507932901828
-2.203468429393161  72  709  708.7939022283332  2.5175645974474037  -0.02507272365689052
-2.203468429393161  72  741  740.6133536320013  2.1653710430678075  -0.2643887109414077
-2.203468429393161  72  772  772.161334183163  2.399727089003136  0.001594374714298136
-2.203468429393161  72  803  802.9474573862636  2.4656522842769846  -0.01439424199358301
-2.203468429393161  72  833  833.2161191171263  2.3948597438527486  -0.0014590814009556488
-2.203468429393161  71  863  862.8471993879316  2.373588175302757  -0.016552611321031398
-2.203468429393161  71  892  892.038280213512  2.3497399742901734  -0.0947224220814712
-2.203468429393161  71  921  920.7633120833002  2.3912228752360534  -0.020124659597368578
-2.203468429393161  71  949  948.948511489432  2.3790593778480797  0.006455234217997632
-2.203468429393161  70  977  976.5604400670775  2.2887099850152026  -0.026409220874294044
-2.203468429393161  70  1004  1003.8309560802164  2.300732614107801  0.015397089275118724
-1.9757864293931608  71  11  11.126469849702953  3.9666743388483816  -0.05131369382905733
-1.9757864293931608  71  57  57.23340849514469  3.8312947045124304  -0.00881818848120176
-1.9757864293931608  72  102  102.23372310302045  0.02356133850874187  -0.1117317940727399
-1.9757864293931608  72  146  146.43637168687155  3.205554418907269  -0.023598935158228727
-1.9757864293931608  72  190  189.52482291493138  3.3852517764104846  -0.019221476324908573
-1.9757864293931608  73  232  231.754030650791  3.2257013554911396  -0.017122400563986007
-1.9757864293931608  73  273  273.0979364580655  2.9989034281618387  -0.020028556334955108
-1.9757864293931608  73  314  313.5476360912263  3.0440511622086888  -0.011469804125561152
-1.9757864293931608  73  353  353.09525540292015  2.837247358555544  -0.017555115712569572
-1.9757864293931608  73  392  391.9845913552483  2.8689132726551634  -0.0077976542373929284
-1.9757864293931608  73  430  429.9749499355831  2.7357290571629846  -0.023059080775277067
-1.9757864293931608  74  467  467.3548013923347  2.7142232557747548  -0.01822477051321239
-1.9757864293931608  74  504  503.92551635375344  2.6648093345967254  -0.026927264743563002
-1.9757864293931608  74  540  539.7537947271787  2.5672146385795713  0.02003329128324312
-1.9757864293931608  73  575  574.7577845924618  2.5445657450437693  -0.03656800825018298
-1.9757864293931608  73  609  609.2620628700606  2.5904956244319237  -0.01885460973996887
-1.9757864293931608  73  643  643.0938920254617  2.5904858249948575  -0.019434809144190875
-1.9757864293931608  73  676  676.2836875842972  2.4682252559000517  -0.028680541856361215
-1.9757864293931608  73  709  708.8565920998578  2.52616133891172  -0.02699222192556827
-1.9757864293931608  73  741  740.7563277693262  2.437330956130154  -0.06962017721848016
-1.9757864293931608  73  772  772.2069798359345  2.4222635665898906  -0.006097587136867623
-1.9757864293931608  73  803  803.0206536143897  2.4864689358093983  -0.0053104664654759545
-1.9757864293931608  72  833  833.2163366187751  2.3936940586772835  -0.0004466687921920228
-1.9757864293931608  72  863  862.9133494966319  2.4016966979811514  -0.00555250447240415
-1.9757864293931608  72  892  892.1539961239032  2.369907207145161  0.001026317207865767
-1.9757864293931608  72  921  920.8099225771168  2.3406201917066483  -0.007378186847188951
-1.9757864293931608  72  949  949.0076056482548  2.3811180766169855  0.0033898047295550333
-1.9757864293931608  71  977  976.6328218821901  2.293998577660659  -0.008548780396620978
-1.9757864293931608  71  1004  1003.8794770358279  2.321110139692564  0.021702278318421076
-1.7481044293931607  72  11  11.245799160598146  3.8926926954692025  -0.029540494285293654
-1.7481044293931607  72  57  57.36454231704147  3.7042857582352937  -0.011212507343255712
-1.7481044293931607  73  102  102.35438232435313  3.9695464538353633  -0.09815201777760713
-1.7481044293931607  73  147  146.60028837299305  3.285553314520371  -0.024376724002071318
-1.7481044293931607  73  190  189.6887978041201  3.362933127398094  -0.005133106698397375
-1.7481044293931607  74  232  231.93077266340413  3.1716430669978877  -0.0033529879502835597
-1.7481044293931607  74  273  273.2266590204853  2.9327771231479574  -0.014655640548760712
-1.7481044293931607  74  314  313.7198615072315  3.0474756811585166  0.010817705164136696
-1.7481044293931607  74  353  353.2231362158055  2.8608629269500057  -0.0289746053296587
-1.7481044293931607  74  392  392.0786053746708  2.781800068711732  -0.016012324836644765
-1.7481044293931607  74  430  430.06154600275  2.681395460503211  -0.05381728441408755
-1.7481044293931607  74  467  467.35470019913123  2.7146841841747573  -0.01869279949606959
-1.7481044293931607  74  504  503.92551635375344  2.6648093345967254  -0.026927264743563002
-1.7481044293931607  74  540  539.7537947271787  2.5672146385795713  0.02003329128324312
-1.7481044293931607  74  575  574.8805635251811  2.5646507626148605  -0.04960783865141128
-1.7481044293931607  74  609  609.3713114908971  2.522591956602355  0.004933813317880291
-1.7481044293931607  74  643  643.176666677337  2.5696456259038314  -0.01971447712555823
-1.7481044293931607  74  676  676.3751836672404  2.4834417067443155  -0.01814985449180241
-1.7481044293931607  74  709  708.9343564644647  2.471116193784951  -0.02173502632307778
-1.7481044293931607  74  741  740.8709317933624  2.557771744175966  -0.024478175560757123
-1.7481044293931607  74  772  772.2792752690276  2.3952998995985126  -0.014958301909681164
-1.7481044293931607  73  803  803.0400626548915  2.434797190979907  -0.017413472491644984
-1.7481044293931607  73  833  833.2781043429966  2.4647676192291783  0.0050838373160779675
-1.7481044293931607  73  863  862.9630212965756  2.411009347518757  -0.019911162399623022
-1.7481044293931607  73  892  892.2018721353459  2.386406028760348  0.004011038744137678
-1.7481044293931607  73  921  920.8801220019088  2.3906992841516512  -0.0037765625011865335
-1.7481044293931607  72  949  949.0076026836132  2.3802786684964303  0.003477325910441902
-1.7481044293931607  72  977  976.6776337027169  2.33992434230413  -0.019628483210778
-1.7481044293931607  72  1004  1003.9244612722999  2.3705589806247644  0.021219616042457933
-1.5204224293931605  73  11  11.361501906259047  3.950371929596038  -0.03619378810407881
-1.5204224293931605  73  58  57.516843845747914  3.687241768148077  -0.023571332217496428
-1.5204224293931605  73  102  102.438057899393  4.096925327198548  -0.09379346956660581
-1.5204224293931605  74  147  146.7312595858507  3.3275115034189184  -0.017271974954135908
-1.5204224293931605  74  190  189.81299526331742  3.2635661791085226  -0.007498293524861786
-1.5204224293931605  74  232  231.93064336312767  3.169117590046369  -0.004150230132309232
-1.5204224293931605  75  273  273.33571976712295  2.9710574398714016  -0.02797205753960654
-1.5204224293931605  75  314  313.8262432746445  3.0283284996166913  -0.014403711501361188
-1.5204224293931605  75  353  353.35409497250987  2.89358489245285  -0.017946499425096622
-1.5204224293931605  75  392  392.13796145953  2.7599563548501465  -0.024058072702215903
-1.5204224293931605  75  430  430.1771312522231  2.739352756791959  -0.04476990440944118
-1.5204224293931605  75  467  467.433813292795  2.6978809715475336  -0.017180341042455475
-1.5204224293931605  75  504  504.01507013131413  2.668692787935015  -0.018866055588023598
-1.5204224293931605  75  540  539.8338481512284  2.609823354762284  -0.013147270132256677
-1.5204224293931605  75  575  574.9808519891842  2.616784916851657  -0.028676903963676958
-1.5204224293931605  75  609  609.4463516242477  2.5782546218583775  -0.004274244029633936
-1.5204224293931605  75  643  643.2930943972852  2.599277268114065  0.004827788292672786
-1.5204224293931605  75  676  676.4351120210173  2.4766676873102824  -0.021142195384172186
-1.5204224293931605  75  709  709.013534161584  2.5187008171562866  -0.01685041632210937
-1.5204224293931605  75  741  740.9364756095035  2.500487312440555  -0.020711339895382784
-1.5204224293931605  75  772  772.3515045128182  2.379721752004798  -0.013615731608971024
-1.5204224293931605  74  803  803.09174470084  2.453328351407663  -0.0008022880336153323
-1.5204224293931605  74  833  833.3482625741435  2.38726382324694  0.008081495240312531
-1.5204224293931605  74  863  863.0751010340076  2.4291378083821655  0.004792188745435059
-1.5204224293931605  74  892  892.2600484333864  2.3377578462520887  -0.009024441837661571
-1.5204224293931605  73  921  920.8799385426358  2.394122263389363  -0.008839168900726266
-1.5204224293931605  73  949  949.0576506198935  2.3531944017697697  0.0062305838223743895
-1.5204224293931605  73  977  976.7317177530525  2.3448123343364387  -7.137984451389941e-05
-1.5204224293931605  73  1004  1003.9790952977337  2.3077521139616692  0.014537559238330727
-1.2927404293931604  73  11  11.362039504433282  3.9459711222743596  -0.035620540728084016
-1.2927404293931604  74  58  57.692094159961286  3.6781775377446877  -0.009209343048470679
-1.2927404293931604  74  103  102.66059660519669  3.861112714072192  -0.019191727655650734
-1.2927404293931604  75  147  146.83131255119224  3.411755884820934  -0.018737948203289244
-1.2927404293931604  75  190  189.92390923295213  3.241825091101532  -0.004326847372131539
-1.2927404293931604  75  232  232.03164112703797  3.1677509990147428  -0.020238975778049468
-1.2927404293931604  76  273  273.46397049516196  2.977129835457731  0.005438260207627872
-1.2927404293931604  76  314  313.94298524915314  2.965447705862289  -0.013947788083115269
-1.2927404293931604  76  353  353.4369533405571  2.8332688809439333  -0.021358999074883648
-1.2927404293931604  76  392  392.2606668230003  2.8426257525457004  -0.014665994757625037
-1.2927404293931604  76  430  430.31702423774504  2.6973353080935567  -0.0054370225299794454
-1.2927404293931604  76  468  467.5445135246306  2.6898156942540936  -0.01322046028700144
-1.2927404293931604  76  504  504.0864575681249  2.6101016259052017  -0.030054488557534554
-1.2927404293931604  76  540  539.9384432735408  2.5863008821204403  0.0024836151475266426
-1.2927404293931604  76  575  575.0932428756812  2.6501405984481607  -0.0011713883589611778
-1.2927404293931604  76  610  609.5393981214012  2.532647602871066  0.0017924497742733767
-1.2927404293931604  76  643  643.3857361365737  2.5608669198284133  -0.002082040505613825
-1.2927404293931604  76  677  676.5135725482454  2.4599252113681587  -0.024145861777614304
-1.2927404293931604  76  709  709.093773038648  2.4979089516323256  -0.014348451681612591
-1.2927404293931604  76  741  740.9853851223626  2.477113056916096  -0.06469782012829221
-1.2927404293931604  75  772  772.3514834289614  2.379776747321557  -0.01373903493657677
-1.2927404293931604  75  803  803.161878798309  2.4647582385318856  0.006157580549373299
-1.2927404293931604  75  833  833.4124678851732  2.356123013177694  0.013268087532545417
-1.2927404293931604  75  863  863.1331957599572  2.402658854507081  0.009795523376847933
-1.2927404293931604  75  892  892.3240222386336  2.331345849649324  -0.0015737966666885858
-1.2927404293931604  74  921  920.9284789859898  2.3964149718499357  -0.01285699816117478
-1.2927404293931604  74  949  949.1173042252427  2.3867834118223072  0.012045035777951067
-1.2927404293931604  74  977  976.7685371226156  2.396217275885874  -0.008135101675612374
-1.2927404293931604  74  1004  1004.0594674757732  2.289126439260258  0.03977521272850458
-1.0650584293931602  74  12  11.515309793987512  3.897346932846519  -0.03858905878590824
-1.0650584293931602  75  58  57.850449887300826  3.7091552131372154  -0.0016888604051144083
-1.0650584293931602  75  103  102.78019048977862  3.7145942119163777  -0.03406659078277383
-1.0650584293931602  76  147  146.9470803383292  3.3844655990677666  -0.016985442403998883
-1.0650584293931602  76  190  190.06613361236552  3.2253611607680455  -0.005131226059852555
-1.0650584293931602  76  232  232.1213277455748  3.2032992791756953  -0.03026424653899867
-1.0650584293931602  76  273  273.46411384529557  2.9761344648799195  0.004470263770109139
-1.0650584293931602  77  314  314.02227303075233  3.0263998212677166  -0.028160300412135693
-1.0650584293931602  77  354  353.57546120400843  2.859029489003092  -0.013698959960228775
-1.0650584293931602  77  392  392.3828991637979  2.82444794579294  -0.031098339909659982
-1.0650584293931602  77  430  430.41128360381674  2.743571499208201  -0.015340436887071344
-1.0650584293931602  77  468  467.64794677341547  2.6658708330427316  -0.011250552905877417
-1.0650584293931602  77  504  504.2097853606706  2.673228768330546  -0.000741015643943146
-1.0650584293931602  77  540  540.0371408093159  2.602851848681894  0.008446263729639853
-1.0650584293931602  77  575  575.1740445797665  2.609716955052363  -0.004086773246382244
-1.0650584293931602  77  610  609.6037861529919  2.527310345159094  -0.010884345259283746
-1.0650584293931602  77  643  643.4678216116833  2.5377339141930406  -0.0039865161206055965
-1.0650584293931602  77  677  676.6112644293802  2.4915416624346562  -0.024941674438704053
-1.0650584293931602  77  709  709.1858570577571  2.533451819541142  0.003679555736726027
-1.0650584293931602  76  741  740.9853385655366  2.47694966702943  -0.06499417920712239
-1.0650584293931602  76  772  772.4147323292297  2.3916468011902907  -0.029297697922208016
-1.0650584293931602  76  803  803.2498168445314  2.43105794459143  0.011713219244042037
-1.0650584293931602  76  833  833.4813668721301  2.3814536906288595  -0.004529528137485909
-1.0650584293931602  76  863  863.221536511345  2.4373390061366536  0.025163218460099883
-1.0650584293931602  75  892  892.3241571390053  2.330978238321677  -0.0005396615271610816
-1.0650584293931602  75  921  920.9872281726609  2.4077872132222637  -0.007551583979221758
-1.0650584293931602  75  949  949.1749822707623  2.3993025295612824  0.016740851494548376
-1.0650584293931602  75  977  976.8325620865501  2.363412078476813  -0.0055900720108720044
-1.0650584293931602  74  1004  1004.0594159354426  2.2891179038022074  0.03953978908977308
-0.83737642939316  75  12  11.642456254774967  3.9845571636651567  -0.042806150875618273
-0.83737642939316  76  58  57.94303213446428  3.6439684281020632  -0.025818579234876345
-0.83737642939316  76  103  102.90313250329245  3.6758618117080317  -0.03703158789898849
-0.83737642939316  76  147  146.9467807627037  3.387616650506004  -0.01827413332870911
-0.83737642939316  77  190  190.17334917962307  3.1839311165943514  -0.018157754438146784
-0.83737642939316  77  232  232.22562961390983  3.214809893070253  -0.019434288476538567
-0.83737642939316  77  274  273.60472928598045  2.9427207556416306  -0.005667776616554875
-0.83737642939316  77  314  314.02230752962964  3.0262611192879945  -0.028025058738561214
-0.83737642939316  78  354  353.6711274893906  2.874188762764902  -0.03585409923772588
-0.83737642939316  78  392  392.4801941544813  2.7245801642912397  -0.038184855402644276
-0.83737642939316  78  431  430.48697024425167  2.769014981873511  -0.02999893027790186
-0.83737642939316  78  468  467.77506316066075  2.6527567319542413  -0.011137062641545051
-0.83737642939316  78  504  504.2857123613078  2.5903102906816002  -0.022625396073660656
-0.83737642939316  78  540  540.1337854689539  2.587343398570283  0.008219957503746107
-0.83737642939316  78  575  575.2938938451273  2.589007416775985  0.0016082851219319093
-0.83737642939316  78  610  609.7339348926363  2.523390200825361  0.0003901893222930585
-0.83737642939316  78  644  643.5462995284378  2.5174414950877235  -0.0022255332030503626
-0.83737642939316  78  677  676.7026734193068  2.543247863204442  -0.015331699338207409
-0.83737642939316  77  709  709.1858944531061  2.533664062971411  0.0039148353532485
-0.83737642939316  77  741  741.0354103966105  2.690062649785091  -0.22607640912058324
-0.83737642939316  77  772  772.4962213470141  2.4689244500639234  -0.01943644791970099
-0.83737642939316  77  803  803.3287979629048  2.4292657237292588  0.012406133596182804
-0.83737642939316  77  834  833.5639556511775  2.390079901015497  -0.0011876379292001832
-0.83737642939316  77  863  863.2593361764267  2.328288973327858  0.025373442850204337
-0.83737642939316  76  892  892.3699453149582  2.3170471249409275  -0.02539574818387661
-0.83737642939316  76  921  921.0566848630184  2.4311291875235383  0.0050680731130245136
-0.83737642939316  76  949  949.240119310664  2.4050050488666557  0.03381551395950673
-0.83737642939316  76  977  976.865238248054  2.327676815278892  0.0033631605363943703
-0.83737642939316  75  1004  1004.1082093417699  2.333086026793694  0.03869072718977595
-0.6096944293931599  76  12  11.824216027551575  3.866875318251685  -0.040102962501728054
-0.6096944293931599  76  58  57.963921958215074  3.821616697093063  -0.04578147667027873
-0.6096944293931599  77  103  103.06487134844124  3.6808829610466063  -0.02264236930027679
-0.6096944293931599  77  147  147.09518705611274  3.384499335857697  -0.029562708291826334
-0.6096944293931599  78  190  190.28642780742348  3.1634735219621746  -0.023178093470027965
-0.6096944293931599  78  232  232.38887372270864  3.2635578075646094  -0.009943770942540626
-0.6096944293931599  78  274  273.7287201729093  2.958813778353715  -0.009100037595736573
-0.6096944293931599  78  314  314.1743932593612  3.0494050533492327  -0.004872857127375663
-0.6096944293931599  78  354  353.67112288917923  2.8742038136458063  -0.035875071514542854
-0.6096944293931599  79  393  392.5921913597037  2.758166544001483  -0.02978479364200756
-0.6096944293931599  79  431  430.6269495609455  2.721378278437669  -0.019686537554494385
-0.6096944293931599  79  468  467.85251599989556  2.676407780516797  -0.018432601657835862
-0.6096944293931599  79  504  504.3755944418156  2.6535985490928056  -0.023301791048664106
-0.6096944293931599  79  540  540.2383711656445  2.62208343174143  0.006477001701009837
-0.6096944293931599  79  575  575.3545467843342  2.6144783582703894  -0.010313040714833875
-0.6096944293931599  79  610  609.8370719656508  2.56409090099919  -0.001594591165127355
-0.6096944293931599  78  644  643.5464659459061  2.5132000369512753  -0.0008316606388717899
-0.6096944293931599  78  677  676.7026247261239  2.5429314069021984  -0.01556940620013883
-0.6096944293931599  78  709  709.2471454606067  2.5169520369661313  0.006346296593946088
-0.6096944293931599  78  741  741.188583146472  2.517550031634755  -0.017067958051642924
-0.6096944293931599  78  773  772.5482508913873  2.4356086937397095  -0.03862135510774473
-0.6096944293931599  78  803  803.4017153846561  2.4098687660939504  0.011173908040981046
-0.6096944293931599  78  834  833.6209880017296  2.3500264009937837  -0.018640413485554765
-0.6096944293931599  77  863  863.2490600583556  2.3733732477326157  -0.0015751974367027052
-0.6096944293931599  77  892  892.4544472152827  2.3345841657981055  -0.00887406832836494
-0.6096944293931599  77  921  921.1271752412304  2.427839551218767  0.015433533809209284
-0.6096944293931599  77  949  949.2845549225593  2.334290802517671  0.030769012809990923
-0.6096944293931599  76  977  976.8963516314927  2.403784416253984  0.001413217222898226
-0.6096944293931599  76  1004  1004.1568076049504  2.286890498053822  0.034631201231906605
-0.3820124293931597  77  12  11.96416113161122  3.9405925752484308  -0.041920464364197454
-0.3820124293931597  77  58  58.13725863974455  3.636325590771733  -0.008444089141460429
-0.3820124293931597  78  103  103.20908228649529  3.6844106488648123  -0.017645764969103195
-0.3820124293931597  78  147  147.24367793627655  3.3816268130565845  -0.017461367500513383
-0.3820124293931597  78  190  190.28681380473435  3.1580814610290417  -0.022122835473258867
-0.3820124293931597  79  233  232.54152819604383  3.1238427197158387  -0.029204094139256242
-0.3820124293931597  79  274  273.80677922109385  2.9332785458124135  -0.027104888001279644
-0.3820124293931597  79  314  314.2654780437052  3.023352532028639  -0.020936328596760385
-0.3820124293931597  79  354  353.81764270354347  2.818627764159487  -0.013696194951551272
-0.3820124293931597  79  393  392.5923235365764  2.7577786463035636  -0.029013530197338575
-0.3820124293931597  79  431  430.62697245858664  2.7215270635354045  -0.019551071666538505
-0.3820124293931597  80  468  467.9781921115381  2.666135448471323  -0.005663143016961442
-0.3820124293931597  80  504  504.4583087632331  2.6091022121569836  -0.027120164908124963
-0.3820124293931597  80  540  540.2768910491645  2.557505052190322  -0.027374647038052646
-0.3820124293931597  79  575  575.3502256778914  2.591338892393537  -0.026830889648849044
-0.3820124293931597  79  610  609.8370719656508  2.56409090099919  -0.001594591165127355
-0.3820124293931597  79  644  643.6112970667906  2.47231222560049  -0.007967556341339197
-0.3820124293931597  79  677  676.7564610914554  2.5394424349393603  -0.02576916539290401
-0.3820124293931597  79  709  709.3338973878862  2.4468070279563108  -0.0006838297948265061
-0.3820124293931597  79  741  741.285663332182  2.4953104781543516  0.01636124296724511
-0.3820124293931597  79  773  772.6034533463795  2.377049831629506  -0.04220341067450432
-0.3820124293931597  79  803  803.4363944898479  2.431338987512163  0.00810377508033021
-0.3820124293931597  78  834  833.6210255269383  2.3494879880597637  -0.018072251991903383
-0.3820124293931597  78  863  863.3228025184542  2.382494315039139  0.008851330944152195
-0.3820124293931597  78  892  892.4913371039925  2.374656840112948  -0.01902990908510736
-0.3820124293931597  78  921  921.1777694228789  2.389324739178619  0.012549170547976005
-0.3820124293931597  77  949  949.2795334642931  2.350617434497053  0.018284102681668923
-0.3820124293931597  77  977  976.95212887002  2.388130889649119  0.006625150267424694
-0.3820124293931597  77  1004  1004.1895265771891  2.31118334720054  0.026447103352303283
-0.15433042939315955  78  12  12.144409705576663  4.135293866125565  -0.03260298257553525
-0.15433042939315955  78  58  58.23442667406912  3.657684162787845  -0.008518483180931378
-0.15433042939315955  79  103  103.35642698623239  3.6837032332624062  -0.02892620188678682
-0.15433042939315955  79  147  147.32048676944143  3.2832135994210887  -0.023630782956167194
-0.15433042939315955  79  190  190.46297216049885  3.2339206927697433  -0.008559030850215992
-0.15433042939315955  80  233  232.61281405266237  3.1857153478835016  -0.03839582196275103
-0.15433042939315955  80  274  273.9203532004206  2.9801409552551945  -0.03198588342353146
-0.15433042939315955  80  314  314.4100822289131  3.1007559475693824  -0.015198188771429711
-0.15433042939315955  80  354  353.9467945808388  2.870280967625604  -0.01621693256073572
-0.15433042939315955  80  393  392.7096933363465  2.8123619042830796  -0.022364337650426107
-0.15433042939315955  80  431  430.69766421608716  2.747487365672896  -0.02544623005747619
-0.15433042939315955  80  468  467.9781921115381  2.666135448471323  -0.005663143016961442
-0.15433042939315955  80  504  504.4583087632331  2.6091022121569836  -0.027120164908124963
-0.15433042939315955  80  540  540.2768910491645  2.557505052190322  -0.027374647038052646
-0.15433042939315955  80  575  575.431802596153  2.5606305722994875  -0.017285017089490925
-0.15433042939315955  80  610  609.923450433462  2.501546721773593  -0.0014234360417341118
-0.15433042939315955  80  644  643.6994147687398  2.4699385871006143  -0.013405138778927898
-0.15433042939315955  80  677  676.8339605600078  2.564351386633234  -0.03084522870241741
-0.15433042939315955  80  709  709.4432946235501  2.4712153674527144  0.0039031834535405894
-0.15433042939315955  80  741  741.3608911379562  2.5173037034080608  0.015488935735589585
-0.15433042939315955  80  773  772.6786625186481  2.4485317586168094  -0.02063966638820264
-0.15433042939315955  79  803  803.4366336731595  2.4309038918097485  0.0009273883748548083
-0.15433042939315955  79  834  833.6847637262885  2.3838349769634988  -0.0023728908302121056
-0.15433042939315955  79  863  863.3827212612741  2.3725980416134007  0.01753923385106808
-0.15433042939315955  79  893  892.5205686025399  2.379434772358536  -0.020926399134255813
-0.15433042939315955  79  921  921.2339576375961  2.390673740981242  0.026800989031405358
-0.15433042939315955  78  949  949.3487860841221  2.352896125769348  0.020263972773116565
-0.15433042939315955  78  977  977.0182375780206  2.415597357179877  0.012748208721754832
-0.15433042939315955  78  1004  1004.3087569682789  2.2352537316406824  0.09804977737039769
0.07335157060684061  79  12  12.211612794326683  4.180331132209131  -0.03675472826189711
0.07335157060684061  79  58  58.31826165649147  3.626875058512198  -0.016577918731029147
0.07335157060684061  79  103  103.35076428666274  3.6986031983085326  -0.03599763387409553
0.07335157060684061  80  148  147.47994395509497  3.295555707358176  -0.005589697961599422
0.07335157060684061  80  191  190.5521409776765  3.2288233611120347  -0.02174889137927874
0.07335157060684061  80  233  232.6127777493813  3.185337008167096  -0.03866850667519443
0.07335157060684061  81  274  274.0191893846195  3.011909717674598  -0.03869929059642196
0.07335157060684061  81  314  314.47972191829734  2.9671637164760227  -0.03892885722230262
0.07335157060684061  81  354  354.0424131934754  2.854040748212924  -0.018436850390235564
0.07335157060684061  81  393  392.81138073319937  2.8427332877267872  -0.02556396746392334
0.07335157060684061  81  431  430.79770597726895  2.7859545570444766  -0.03732829320163454
0.07335157060684061  81  468  468.05465166927524  2.663670077916777  -0.014214434731970704
0.07335157060684061  81  505  504.5366508214407  2.6839740061716952  -0.026909957507514307
0.07335157060684061  81  540  540.3837301789173  2.587514258021656  -0.013001438432420867
0.07335157060684061  81  576  575.5182695020576  2.520574043458737  -0.017551263989924813
0.07335157060684061  81  610  609.9998438985544  2.607094248805879  0.003513246165843529
0.07335157060684061  81  644  643.7680821535724  2.480190616123764  -0.011941998218723915
0.07335157060684061  81  677  676.9181914112536  2.571433982274243  -0.022794829358691773
0.07335157060684061  81  710  709.5038252674569  2.433896259921994  0.005051629030519116
0.07335157060684061  81  741  741.4598457378675  0.015344597132411764  0.09063504560413767
0.07335157060684061  81  773  772.7354816323159  2.444067517948156  -0.04528499424926652
0.07335157060684061  80  803  803.4944777406256  2.4399602536118437  0.005963847665382872
0.07335157060684061  80  834  833.7207821095785  2.382282644632596  -0.01088679688368634
0.07335157060684061  80  863  863.4266541397583  2.4005982243145354  -0.0067039778384735274
0.07335157060684061  80  893  892.5560882870228  2.348220976534435  -0.033093546609297836
0.07335157060684061  79  921  921.2337668638388  2.3910068335812866  0.02570183952710719
0.07335157060684061  79  949  949.4195840979395  2.4076933435894716  0.009241631193632336
0.07335157060684061  79  977  977.0666140934655  2.390384174629048  0.026300100852987906
0.07335157060684061  79  1004  1003.649637055504  0.8399709196353342  -0.2818358862510221
0.3010335706068412  79  12  12.211105342113171  4.179701088431495  -0.038987765589207204
0.3010335706068412  80  58  58.49330035122301  3.6877660786253728  -0.009839622487655889
0.3010335706068412  80  104  103.53077014568568  3.7554931426159612  -0.012505043665414751
0.3010335706068412  81  148  147.56197655939602  3.370406875591925  -0.02890379461643326
0.3010335706068412  81  191  190.67445926726901  3.2403120702751096  -0.020709961728071373
0.3010335706068412  81  233  232.81263825110267  3.235932683763167  -0.014985793950478783
0.3010335706068412  82  274  274.1191691196913  2.989836764246718  -0.040626704987105
0.3010335706068412  82  315  314.57988711766154  2.9455623473199353  -0.029524067861487542
0.3010335706068412  82  354  354.1085775668422  2.8605321034221447  -0.04121745856159565
0.3010335706068412  82  393  392.87717884040853  2.8467654725936313  -0.02101034620337634
0.3010335706068412  82  431  430.8852684741568  2.8429210193626204  -0.05669223141752686
0.3010335706068412  82  468  468.13356718355425  2.662473239849305  -0.013832012473347297
0.3010335706068412  82  505  504.6380957347355  2.716453011441047  -0.019145499847879215
0.3010335706068412  82  540  540.4567069844701  2.6727257283428116  -0.02047770252506979
0.3010335706068412  82  576  575.6125898785026  2.5883447038258964  -0.01075609277053967
0.3010335706068412  82  610  610.0471048125843  2.5784499141079777  -0.02208131633425937
0.3010335706068412  82  644  643.8336244270425  2.4888500515359055  -0.02448240873493634
0.3010335706068412  82  677  677.0138483636234  2.603419949874251  -0.010943372700239708
0.3010335706068412  82  710  709.569406108823  2.4646425409493986  0.0074517932758069285
0.3010335706068412  82  742  741.5230840972719  2.4821081335931012  0.07515666609241371
0.3010335706068412  81  773  772.7357102397579  2.445488649869617  -0.04413836764317066
0.3010335706068412  81  804  803.559409940912  2.4353571654346524  0.006733240577312174
0.3010335706068412  81  834  833.7968538060159  2.4312886458114917  0.0016050517738480728
0.3010335706068412  81  863  863.4959686819972  2.397844254923484  0.007231372764219166
0.3010335706068412  81  893  892.6302966174717  2.3250428474057117  -0.0248340190171942
0.3010335706068412  80  921  921.2682627943464  2.434591157915065  0.022302229819150195
0.3010335706068412  80  949  949.5360965355558  1.7863782492963765  0.5103274097029209
0.3010335706068412  80  977  977.1275773265596  2.3844102255779944  0.02952310461650533
0.3010335706068412  79  1004  1003.6444793070755  0.8296290455360804  -0.3054981291540024
0.5287155706068409  80  12  12.360985543299591  4.009748201656409  -0.03642711292357725
0.5287155706068409  81  59  58.640453351232054  3.780083280680671  -0.015785263233817612
0.5287155706068409  81  104  103.67144235369766  3.79056097184683  -0.025773625952778267
0.5287155706068409  82  148  147.72922565533105  3.4987586371072723  -0.030761142624620635
0.5287155706068409  82  191  190.8203963311894  3.3833955753950136  -0.0021133179551586743
0.5287155706068409  82  233  232.9686429810105  3.4545477981800445  0.013195877989733113
0.5287155706068409  82  274  274.1188901923522  2.9909340409071774  -0.041903681435361974
0.5287155706068409  83  315  314.6887044187921  2.955339561276162  -0.031893405122124
0.5287155706068409  83  354  354.22868964531824  2.8194449778348485  -0.03330139965437113
0.5287155706068409  83  393  392.98352453378527  2.852315744124951  -0.02963033711233419
0.5287155706068409  83  431  431.00247396682323  2.844860292345288  -0.0465497795565531
0.5287155706068409  83  468  468.2467263887091  2.670270359302208  -0.007235411928798998
0.5287155706068409  83  505  504.7367531214678  2.68044271227501  -0.03533279659720799
0.5287155706068409  83  541  540.5834418001417  2.653248788632368  -0.023424661252053225
0.5287155706068409  83  576  575.7023137065249  2.584557960020902  -0.006090211347821911
0.5287155706068409  83  610  610.1491449354154  2.628424618846111  -0.00472571904579793
0.5287155706068409  83  644  643.9086975024245  2.5451244894700267  -0.012452523909087777
0.5287155706068409  83  677  677.073688734263  2.608162590209531  -0.010853502705372367
0.5287155706068409  83  710  709.6122317064768  2.4643262357146796  0.0025373198750214
0.5287155706068409  82  742  741.5230973841947  2.482241152827214  0.07526671040034073
0.5287155706068409  82  773  772.8226671076574  2.4461687898671016  -0.024057340611762696
0.5287155706068409  82  804  803.6397702754224  2.4368503230136866  0.019822886621760797
0.5287155706068409  82  834  833.8554194403685  2.412590448958781  0.0009540156975284268
0.5287155706068409  82  864  863.533007066883  2.4432024099069167  0.004096333632825421
0.5287155706068409  81  893  892.6303425519833  2.339306428592181  -0.024527373841151324
0.5287155706068409  81  921  921.3364724819667  2.4049625378232804  0.03735942828153289
0.5287155706068409  81  949  949.484018669397  2.4177895743216595  -0.004643303641773831
0.5287155706068409  81  977  977.1745368671935  2.396748858023443  0.03456583241636129
0.5287155706068409  80  1004  1004.4704055713041  1.8186541890512444  0.4904071553026355
0.7563975706068407  81  12  12.49547608015209  4.122948559230224  -0.04632534053408559
0.7563975706068407  82  59  58.729795547674236  3.643124242901308  -0.02553708313381313
0.7563975706068407  82  104  103.80337732441996  3.7211039528100116  -0.010522797910005065
0.7563975706068407  82  148  147.72922945301192  3.4901042723890043  -0.03066377340035774
0.7563975706068407  83  191  190.9826722763732  3.238039780320946  0.009638861532262543
0.7563975706068407  83  233  233.04002540761107  3.1716799194547605  -0.01995282773721701
0.7563975706068407  83  274  274.2917716946473  3.067489503203319  -0.010777609300649098
0.7563975706068407  83  315  314.68884018051995  2.9560709491335047  -0.031272285855197174
0.7563975706068407  84  354  354.31840361628304  2.843391848900694  -0.04171816449734179
0.7563975706068407  84  393  393.12198662778644  2.8549609470659334  -0.0020042736490767264
0.7563975706068407  84  431  431.1748152138288  2.8703579500983096  0.005014403170288978
0.7563975706068407  84  468  468.33517547743566  2.6958235775911135  0.001778533698236457
0.7563975706068407  84  505  504.8426964472283  2.6872828765397117  -0.026357926068267985
0.7563975706068407  84  541  540.6893727121798  2.641552669601424  -0.008882940699714643
0.7563975706068407  84  576  575.7773523321187  2.610788280928091  -0.017791974688064892
0.7563975706068407  84  610  610.211032104311  2.5649611351846033  -0.018780746893953183
0.7563975706068407  84  644  644.0321123441947  2.5218660586415353  0.0011420967510750552
0.7563975706068407  84  677  677.1518102289649  2.586062276994653  -0.009709204059411319
0.7563975706068407  83  710  709.6121921686677  2.4640706880670677  0.002283978620664618
0.7563975706068407  83  742  741.5560825472284  2.4863186988027337  0.01220488092920206
0.7563975706068407  83  773  772.89672710421  2.475561496862838  -0.0188281676350049
0.7563975706068407  83  804  803.6856757386146  2.4312757397706264  -0.006034920294654168
0.7563975706068407  83  834  833.9152712387996  2.425667488947056  0.004207735117617674
0.7563975706068407  82  864  863.53324386748  2.388446661354692  -0.01410371057437334
0.7563975706068407  82  893  892.6791226536213  2.375078339970969  -0.01155387964078093
0.7563975706068407  82  921  921.3785635567264  2.4048232267034564  0.02418173556651747
0.7563975706068407  82  950  949.5388110417663  2.312789485575422  0.023503152967390705
0.7563975706068407  81  977  977.1750247578532  2.3940544510056725  0.03695566592173477
0.7563975706068407  81  1004  1004.3481668506421  2.2998841406149495  0.002119344889708125
0.9840795706068413  82  13  12.624837860726771  4.139557815821888  -0.049076773957210655
0.9840795706068413  82  59  58.731805909063894  3.6501867751535855  -0.025775883772441898
0.9840795706068413  83  104  103.93114325205666  3.7217512552476393  -0.014296839582996915
0.9840795706068413  83  148  147.86208333365923  3.387301298620571  -0.01786496046850603
0.9840795706068413  84  191  191.0710138317826  3.131714707753247  -0.01250113698085859
0.9840795706068413  84  233  233.09847856199485  3.218618696884562  -0.06220749689001901
0.9840795706068413  84  274  274.3561585421558  2.9789965424755565  -0.03877209557861209
0.9840795706068413  84  315  314.8640159233995  3.0237243087804018  -0.009656579761324289
0.9840795706068413  84  354  354.31839875421315  2.8433598585030495  -0.04174843600950768
0.9840795706068413  85  393  393.2650092045105  2.900842458166835  0.0033123255984688405
0.9840795706068413  85  431  431.2336089028075  2.83910378869291  -0.018525155804161295
0.9840795706068413  85  468  468.4369277019602  2.6887177148857972  -0.024079385143745826
0.9840795706068413  85  505  504.9209305259657  2.6757323285970074  -0.027001193959889952
0.9840795706068413  85  541  540.7695461068779  2.676850716980425  -0.001900808644547676
0.9840795706068413  85  576  575.8355502508985  2.6116747626194865  -0.014759260368037104
0.9840795706068413  85  610  610.2563138093312  2.5275237304776965  -0.04274951826996499
0.9840795706068413  85  644  644.0911414335259  2.5538036156019643  -0.007396298472249477
0.9840795706068413  84  677  677.1518544417714  2.5862318364734165  -0.009463978309419271
0.9840795706068413  84  710  709.6708648864385  2.499221813435952  -0.015601754390459495
0.9840795706068413  84  742  741.6324055461545  2.462712453391532  0.013252452337629297
0.9840795706068413  84  773  772.9446949766718  2.5022373487581717  -0.018207334232555435
0.9840795706068413  84  804  803.7696068774335  2.4097571545996743  0.009698709900328032
0.9840795706068413  84  834  833.9749734339172  2.3783225612980914  -0.0022579081048698484
0.9840795706068413  83  864  863.6004915487805  2.4217133183192345  0.009214648595126542
0.9840795706068413  83  893  892.7196852055093  2.4150243245603633  -0.01862951562232711
0.9840795706068413  83  921  921.4364312032584  2.3856368169767848  0.023907566568788927
0.9840795706068413  83  950  949.5680502473245  2.360074285932569  0.00640094443847362
0.9840795706068413  82  977  977.2003271230999  2.415447603612961  0.024801955402423637
0.9840795706068413  82  1004  1004.3718446815151  2.2930623281952194  0.0020921861845318965
1.2117615706068419  83  13  12.774307358383131  4.100768743801366  -0.055234624106363046
1.2117615706068419  83  59  58.930387971564706  3.7974829605574882  -0.012264277558700574
1.2117615706068419  84  104  104.04845133998805  3.6677882875066814  -0.0004572794052833276
1.2117615706068419  84  148  147.9559828122109  3.4822051690206877  -0.010766711967452023
1.2117615706068419  84  191  191.07041175486617  3.133086028874345  -0.015445868174336996
1.2117615706068419  85  233  233.2938865547781  3.2826171338415406  -0.00375371625827466
1.2117615706068419  85  274  274.4538472488434  3.0065907193140333  -0.05050707706492617
1.2117615706068419  85  315  314.9468185757157  3.012016666240072  -0.019817005539258904
1.2117615706068419  85  354  354.4248729880196  2.846565701090185  -0.029427889301756497
1.2117615706068419  85  393  393.2650092045105  2.900842458166835  0.0033123255984688405
1.2117615706068419  86  431  431.3063703773117  2.8517921467878864  -0.025512639486810887
1.2117615706068419  86  468  468.488081640227  2.700832596825535  -0.06157556224704004
1.2117615706068419  86  505  505.00177268400364  2.744218983316898  -0.020924289257832386
1.2117615706068419  86  541  540.8294744496184  2.7186001393290553  -0.02583430658362229
1.2117615706068419  86  576  575.9357209681067  2.585828225993282  -0.0027515938842099254
1.2117615706068419  85  610  610.2563581553229  2.527370064047659  -0.04250527691539709
1.2117615706068419  85  644  644.091141254023  2.5535070359096608  -0.007479390682818789
1.2117615706068419  85  677  677.2642181169041  2.548646602620238  0.0023579399698830817
1.2117615706068419  85  710  709.7335259694405  2.5265228706916787  -0.01513660565660981
1.2117615706068419  85  742  741.6798610148287  2.452856372058932  -0.005407835075527826
1.2117615706068419  85  773  773.0193058569017  2.4598267295866663  0.023684127104646416
1.2117615706068419  85  804  803.8149760445099  2.4248087573002977  0.004393834611180911
1.2117615706068419  84  834  833.9749024189219  2.377912793404448  -0.0026386688950707665
1.2117615706068419  84  864  863.648931002477  2.431676394425722  -0.003376783961919226
1.2117615706068419  84  893  892.784228507626  2.4465553336870016  -0.019790720824278383
1.2117615706068419  84  921  921.4583417787218  2.3640740011385333  0.006822570826345704
1.2117615706068419  83  950  949.5682016202331  2.3616824299901964  0.007317373149465821
1.2117615706068419  83  977  977.2137885474407  2.3679498701922057  0.009392769463192558
1.2117615706068419  83  1004  1004.4495156103887  2.2575780324189054  0.02687706568844331
1.4394435706068416  84  13  12.926128122465789  4.046176475465847  -0.048903899937677624
1.4394435706068416  84  59  59.09081422364707  3.787440115881907  -0.006443270884552945
1.4394435706068416  85  104  104.19195528234425  3.724921214772422  -0.00259441133704567
1.4394435706068416  85  148  148.04587296189342  3.48089615328837  -0.01509839729393875
1.4394435706068416  85  191  191.16434419571337  3.2589210089432186  -0.016581846059557752
1.4394435706068416  86  233  233.37547063613934  3.2320319738257695  -0.018094640816741413
1.4394435706068416  86  275  274.54507367257673  2.952510769631317  -0.07299560538693493
1.4394435706068416  86  315  315.06377318379594  3.085109742151417  -0.008365775492614474
1.4394435706068416  86  355  354.54153146917787  2.873986679569782  -0.03903391292187879
1.4394435706068416  86  393  393.3228922441517  2.9150358386987136  -0.01304186982570908
1.4394435706068416  86  431  431.3062797989216  2.851903104318012  -0.025837242091878054
1.4394435706068416  86  468  468.488081640227  2.700832596825535  -0.06157556224704004
1.4394435706068416  86  505  505.00177268400364  2.744218983316898  -0.020924289257832386
1.4394435706068416  86  541  540.8294744496184  2.7186001393290553  -0.02583430658362229
1.4394435706068416  86  576  575.9357209681067  2.585828225993282  -0.0027515938842099254
1.4394435706068416  86  610  610.3564282846577  2.5482550541048568  -0.02128677495839823
1.4394435706068416  86  644  644.1501277414756  2.542376047245398  -0.013808328477869497
1.4394435706068416  86  677  677.3135003829339  2.544752844930599  0.0009969173114387734
1.4394435706068416  86  710  709.8148692933144  2.5284702415024185  -0.014454068072121979
1.4394435706068416  86  742  741.7650638030265  2.4392294330855293  0.003180012258702256
1.4394435706068416  86  773  773.0707726418497  2.5059698710240355  -0.004676714657697916
1.4394435706068416  85  804  803.8087029999797  2.3961572821647223  -0.017287555724034266
1.4394435706068416  85  834  834.0486381122748  2.448854236637999  0.010287281915520018
1.4394435706068416  85  864  863.7193686602418  2.4405909422025616  0.017534465585847987
1.4394435706068416  85  893  892.8437707270311  2.4610419446565857  -0.022614481521488806
1.4394435706068416  85  921  921.4922434293057  2.399064655696293  -0.004853929429161409
1.4394435706068416  84  950  949.6327870481659  2.3001270196662063  0.027161861721592462
1.4394435706068416  84  977  977.2599101210477  2.3461444340229036  0.02569913466796767
1.4394435706068416  84  1004  1004.4639997637759  2.288390673778622  -0.004409127256555927
1.6671255706068413  85  13  13.068685833249518  4.078205264308876  -0.04193144962876646
1.6671255706068413  85  59  59.20227281671199  3.842380660620478  -0.007406433552018543
1.6671255706068413  85  104  104.18398781349673  3.715258364865633  -0.009463933359038081
1.6671255706068413  86  148  148.12750286966573  3.433507789975863  -0.03407280513760912
1.6671255706068413  86  191  191.3273084032635  3.278699523053092  0.002804508615134302
1.6671255706068413  86  233  233.37488657024622  3.2074683872294827  -0.021720889721034014
1.6671255706068413  87  275  274.68916266260777  2.987477974888691  -0.047520642248359043
1.6671255706068413  87  315  315.1938080040997  3.0658898822164247  0.0012368931762964796
1.6671255706068413  87  355  354.6357743571223  2.9500222994638534  -0.04694292892106966
1.6671255706068413  87  393  393.4138241512563  2.7872005180056476  -0.009413674211560724
1.6671255706068413  87  431  431.40652694079654  2.759584640558387  -0.015001914255986196
1.6671255706068413  87  469  468.5853673231952  2.6880736282107023  -0.03282635747523077
1.6671255706068413  87  505  505.08947018657335  2.7727592591858183  -0.024750422943722258
1.6671255706068413  87  541  540.9084502090451  2.7124589738160694  -0.027561198269514035
1.6671255706068413  87  576  575.9925824471451  2.6422783981804514  -0.01670928545483734
1.6671255706068413  87  610  610.4391154833945  2.524820072333796  -0.011088654313221532
1.6671255706068413  87  644  644.221249686667  2.526856282789822  -0.01228806651310027
1.6671255706068413  87  677  677.367286560133  2.6026920336084913  -0.0023021142655001952
1.6671255706068413  87  710  709.8788375985886  2.5183396625006935  -0.01666741397766122
1.6671255706068413  87  742  741.7949801335205  2.4871200878551463  -0.00023858930469069438
1.6671255706068413  87  773  773.1537028955988  2.5285766408444488  0.013828810732808706
1.6671255706068413  86  804  803.8694171840913  2.452579984466638  0.0061921192428919984
1.6671255706068413  86  834  834.0918037175055  2.458915215878733  -0.003769453477288356
1.6671255706068413  86  864  863.7747120322457  2.4013673824363195  0.0036757055555085498
1.6671255706068413  86  893  892.9296815539138  2.4493013614583106  -0.0018916943676000628
1.6671255706068413  85  921  921.4920952415789  2.39866892524833  -0.006160297372177097
1.6671255706068413  85  950  949.6520494169314  2.3290852316786186  0.01666357034434521
1.6671255706068413  85  977  977.3318319787154  2.3854301969737435  0.03998018594934188
1.6671255706068413  85  1005  1004.5270344253205  2.331281978487823  0.011939064452575565
1.894807570606842  85  13  13.060440699338463  4.07974941904831  -0.04940251886199786
1.894807570606842  86  59  59.27806121452821  3.7442324791391286  -0.018498494985365634
1.894807570606842  86  104  104.3026713873915  3.682734426113484  -0.005336833316710121
1.894807570606842  87  148  148.30994489363445  3.4877699596360117  -0.01616679188263869
1.894807570606842  87  191  191.44486338908587  3.345476631041663  0.003452069895866292
1.894807570606842  87  234  233.5080563111601  3.1612775020751656  -0.006746559169122249
1.894807570606842  88  275  274.7525743119224  3.0846984297407403  -0.049972863387211165
1.894807570606842  88  315  315.28605744560645  2.9998909317246216  -0.0018038457387098345
1.894807570606842  88  355  354.76639487392083  3.001872223541909  -0.021580622854488918
1.894807570606842  88  394  393.52059218811183  2.773554377934488  -0.004784802239655883
1.894807570606842  88  432  431.50576441849427  2.7977263945808772  0.008415767994490439
1.894807570606842  88  469  468.7043579316722  2.7208634782257946  -0.02109756649015696
1.894807570606842  88  505  505.20838455958284  2.805712733853227  -0.003920684266315178
1.894807570606842  88  541  540.9988063128051  2.7228034982915688  -0.016613605578668037
1.894807570606842  88  576  576.0806448942328  2.695591780204495  -0.016418531818963415
1.894807570606842  88  610  610.4959869642158  2.6040534048970585  -0.027585114857388435
1.894807570606842  88  644  644.3000960276682  2.554096173864991  -0.016234120968929257
1.894807570606842  88  677  677.4454620110878  2.586060715730355  0.004344986382484313
1.894807570606842  88  710  709.944922155555  2.524498429274445  -0.008604111127287274
1.894807570606842  88  742  741.8799611915362  2.5066707895186937  0.00769255053537151
1.894807570606842  87  773  773.1536732478327  2.528663892081795  0.013718596924613151
1.894807570606842  87  804  803.9113008508003  2.4818881046719525  0.003059761321732685
1.894807570606842  87  834  834.1297106582116  2.388010836595413  -0.007167157215797143
1.894807570606842  87  864  863.834231320267  2.4076161239495377  0.01269959535815114
1.894807570606842  87  893  892.9790861614463  2.464180836900823  0.0024635652231450996
1.894807570606842  86  922  921.5628635974372  2.360997619262662  0.02057691896752332
1.894807570606842  86  950  949.7168353060526  2.379061220221274  0.02008407402335459
1.894807570606842  86  977  977.3940859933444  2.3727461103979977  0.043310170821596015
1.894807570606842  85  1005  1004.5269928892468  2.329822553600934  0.011626721459346576
2.1224895706068425  86  13  13.281164667903296  4.100237464379745  -0.030064618919428066
2.1224895706068425  87  59  59.396150291845665  3.7651520128662668  -0.01392391453450533
2.1224895706068425  87  104  104.46247604916294  3.585194005566251  -0.010818340610788943
2.1224895706068425  88  148  148.43895343273618  3.4375107085054992  -0.014892564938521558
2.1224895706068425  88  192  191.55662132986444  3.2597737031460383  -0.005653584998520191
2.1224895706068425  88  234  233.61030199911278  3.3182365751652014  -0.017114894672527227
2.1224895706068425  88  275  274.7523119294978  3.0839667199595056  -0.05100140038662497
2.1224895706068425  89  315  315.34865539388716  2.9382654584696866  -0.022165739826814697
2.1224895706068425  89  355  354.8778411031916  2.974540634213895  -0.024025398506749937
2.1224895706068425  89  394  393.652599294743  2.7799386630483696  0.007461965873164729
2.1224895706068425  89  432  431.58882828989937  2.851556640603235  -0.0061319541720953235
2.1224895706068425  89  469  468.7912853037781  2.7325583470529864  -0.030984877488950884
2.1224895706068425  89  505  505.2954445569337  2.7817124093920143  -0.008201963841013118
2.1224895706068425  89  541  541.1074737565426  2.6905031634626084  -0.0035645841488640925
2.1224895706068425  89  576  576.1633460455553  2.6666053913245378  -0.003966534519071779
2.1224895706068425  89  611  610.5655917092724  2.6490008230242665  -0.030364603243968183
2.1224895706068425  89  644  644.3586921872935  2.520688531911901  -0.017142201246320432
2.1224895706068425  89  678  677.5423860761341  2.5822326730508394  0.009200021634074056
2.1224895706068425  89  710  709.977855723823  2.526614592131182  -0.030949769359667288
2.1224895706068425  88  742  741.8799561894145  2.5066712292370994  0.007667726504861243
2.1224895706068425  88  773  773.2298557262665  2.5182899804249246  0.003726438176580935
2.1224895706068425  88  804  804.0054633408887  2.4358674780119145  0.01696334082330847
2.1224895706068425  88  834  834.2032018954463  2.40069492971611  -0.007433125750561409
2.1224895706068425  88  864  863.8666604521097  2.4198577480292442  0.005631510587842944
2.1224895706068425  87  893  892.9791843150797  2.4649023808199217  0.002938979301738938
2.1224895706068425  87  922  921.618701992092  2.400884989642691  0.021944427733860804
2.1224895706068425  87  950  949.739618459878  2.351173393327599  0.0005277757739518201
2.1224895706068425  87  977  977.4276192344661  2.3388583309490514  0.04000010959680202
2.1224895706068425  86  1005  1004.5517723298266  2.329159000216805  0.06771433812925177
2.3501715706068422  87  13  13.4662524330882  4.330414117968756  -0.011441907053454544
2.3501715706068422  88  60  59.59084046937068  3.7793193268690644  -0.010548748085220452
2.3501715706068422  88  105  104.58256648981671  3.7497533528763256  -0.01952275740480823
2.3501715706068422  88  148  148.4311804637541  3.447237466861907  -0.020304822773904222
2.3501715706068422  89  192  191.6090562617321  3.1311361353096743  -0.09377431742056211
2.3501715706068422  89  234  233.7415277897947  3.273206364024645  -0.017524486036608004
2.3501715706068422  89  275  274.9033205384825  3.0752041395784886  -0.040073183644172686
2.3501715706068422  89  315  315.349186458607  2.9630037670059437  -0.01823323770201173
2.3501715706068422  90  355  354.95735856811416  2.954865460055487  -0.03659606099074539
2.3501715706068422  90  394  393.7528302952268  2.9041064928911737  0.0012171144103767417
2.3501715706068422  90  432  431.7176515468328  2.8066744069343486  -0.0009593347710603998
2.3501715706068422  90  469  468.88662616343765  2.7836593423467093  -0.01713612800023404
2.3501715706068422  90  505  505.3816557995125  2.763966984474507  -0.009030941195795051
2.3501715706068422  90  541  541.1947048104429  2.7324664843622486  0.008623955720887732
2.3501715706068422  90  576  576.270544879481  2.5807322409048084  0.00848128353895005
2.3501715706068422  90  611  610.6623075015242  2.6453811139861045  -0.01957663470235194
2.3501715706068422  90  644  644.4250174342332  2.516406336248224  -0.026676203928047593
2.3501715706068422  90  678  677.6025053665761  2.526005923857838  0.00857878697155497
2.3501715706068422  89  710  709.9779634933612  2.5263308385734717  -0.030422944904018666
2.3501715706068422  89  742  741.9487387543934  2.4846927619046255  0.008544187096786723
2.3501715706068422  89  773  773.2814344974462  2.5247539292579404  0.012498051700339675
2.3501715706068422  89  804  804.0687788030353  2.4565693387041847  0.015269637750951083
2.3501715706068422  89  834  834.2418332063639  2.4228133214433  -0.009859153198908897
2.3501715706068422  88  864  863.8634055426489  2.4086637605958003  -0.005074243182844399
2.3501715706068422  88  893  893.0372392683049  2.4579862404361847  0.016309387291838652
2.3501715706068422  88  922  921.6519044684205  2.3864521298976342  0.014310114462702165
2.3501715706068422  88  950  949.7720782610371  2.395062817767439  0.010263096466758872
2.3501715706068422  87  977  977.4277540528676  2.3380131847466146  0.04121802890165657
2.3501715706068422  87  1005  1004.5540877285636  2.3078384484474554  -0.009142141756278198
2.577853570606842  88  14  13.668013036507162  4.2953926198630406  -0.012499012871577606
2.577853570606842  88  60  59.59163590672466  3.7638262002961937  -0.013933134142607845
2.577853570606842  89  105  104.68917928593126  3.71797015533312  -0.023803848636773366
2.577853570606842  89  149  148.57341167842964  3.514249764010657  -0.02953154646005309
2.577853570606842  90  192  191.73296504902498  3.1753127390102236  -0.02565169618077756
2.577853570606842  90  234  233.90823317627394  3.235416364129776  -0.007426097729641675
2.577853570606842  90  275  275.01148857526414  3.0980295096111945  -0.031018181667744952
2.577853570606842  90  316  315.4638846525815  3.039677506803855  -0.0070447389036459055
2.577853570606842  90  355  355.03210084242653  3.0785459637849044  -0.02850041240430528
2.577853570606842  91  394  393.81993109456414  2.922085849744917  -0.005133987971331794
2.577853570606842  91  432  431.8023718106839  2.7740709502504615  -0.017694612570298238
2.577853570606842  91  469  468.95416438121913  2.7787050091786796  -0.03316146726642957
2.577853570606842  91  506  505.48543449906566  2.6594606945460555  -0.0040689902469723946
2.577853570606842  91  541  541.2437655121204  2.697657859232777  -0.0033889764030044086
2.577853570606842  91  576  576.3669151723582  2.5958656440384402  0.0008542284236414727
2.577853570606842  91  611  610.7181221164932  2.62721433744332  -0.0468710660259691
2.577853570606842  91  644  644.465028949344  2.5347897026267674  -0.04201914750101808
2.577853570606842  90  678  677.6024731813577  2.5262644552315123  0.008337079045282237
2.577853570606842  90  710  710.0668073428719  2.5116036254505616  -0.017799442453421813
2.577853570606842  90  742  742.0263228878352  2.443936079333753  0.010408442884694254
2.577853570606842  90  773  773.32135234787  2.5285112438475608  -0.00094780210080682
2.577853570606842  90  804  804.1082631998779  2.421396554676903  0.0014084528408811758
2.577853570606842  90  834  834.3084230977304  2.449753336346248  -0.0055045661165035505
2.577853570606842  89  864  863.9081182626054  2.4248530879724512  0.003041813133398682
2.577853570606842  89  893  893.1014526158086  2.436492000101225  0.027555559840330042
2.577853570606842  89  922  921.6803547062736  2.4246118518492494  -0.0020815608580911633
2.577853570606842  89  950  949.8133655467622  2.3601486789673345  0.012523177913896516
2.577853570606842  88  977  977.4628568691281  2.3428745189359006  0.03747379849055632
2.577853570606842  88  1005  1004.578084805335  2.309270073699281  -0.012915940123231748
