# Band 2A   Etalon 1A   Slice 6
# Distortion map version 06.04.00 - date 2018-10-16
# Trace (isoalpha): Take pixel trace along specified slice, specified alpha position trace is built by taking the pixel in every detector row with alpha value closest to the one specified 
# xpos[i] = np.argmin(alpha_img[i,:])+funcs.find_nearest(alpha_img[i,:][(slice_img[i,:]!=0)],alpha_pos)
#    alpha       x  y      center         FWHM          skewness
0.0  819  10  10.3382378716  1.56452223626  0.0525866474888
0.0  820  22  22.4075013753  1.48446644842  0.0573551219487
0.0  820  34  34.4844114475  1.09928803768  0.0606823426429
0.0  821  47  46.6900948019  1.56550811595  -0.00450876169726
0.0  821  59  59.0312439568  1.68485440256  0.0470736611075
0.0  822  71  71.4395764918  1.33325836043  0.0920841976857
0.0  823  84  83.9259338179  1.63298766552  0.0459019666856
0.0  823  96  96.4680444298  1.3791876452  0.0840661772822
0.0  824  109  109.177921119  1.62108134466  0.0611470267173
0.0  824  122  121.87384968  1.61484216625  0.0195039438263
0.0  825  135  134.764136511  1.57782876972  -0.00636528739309
0.0  825  148  147.718937715  1.5953465513  0.014334157817
0.0  826  161  160.83403012  1.62909953769  0.00473447346275
0.0  826  174  174.018737411  1.67376247747  0.025569251978
0.0  827  187  187.359997263  1.59462120419  0.0403761369477
0.0  827  201  200.678087171  1.6006466758  -0.0144682509365
0.0  828  214  214.27703706  1.56620486841  0.0718645884544
0.0  828  228  227.809567495  1.64224557629  0.00621679777877
0.0  828  242  241.50789745  1.4329327348  0.0212900579372
0.0  829  255  255.391525238  1.52190382821  0.0730003414897
0.0  829  269  269.283477768  1.61891857554  0.0583312154309
0.0  830  283  283.351546813  1.61822690432  0.0470242695874
0.0  830  297  297.473927662  1.59050690148  0.0424351077685
0.0  830  312  311.702093192  1.64424351694  0.00218934576379
0.0  831  326  326.150676274  1.69730236195  0.0266777188727
0.0  831  341  340.624698853  1.61842238343  0.010640624264
0.0  831  355  355.280788934  1.68786578152  0.0542030944356
0.0  831  370  369.997810529  1.72044585581  0.0200478994716
0.0  832  385  384.914488322  1.70657357418  0.0170881190192
0.0  832  400  399.892776098  1.68648420042  0.0113802249838
0.0  832  415  415.009117235  1.73721040002  0.022689392477
0.0  832  430  430.271046492  1.67798495164  0.0504647911751
0.0  832  446  445.581655137  1.66177158418  -0.000341031332027
0.0  833  461  461.138155686  1.83007381611  0.0322231236677
0.0  833  477  476.737277913  1.76202713542  -0.0154232527619
0.0  833  493  492.531516477  1.75922229265  0.011085967479
0.0  833  508  508.467408629  1.77489471824  0.0357158870741
0.0  833  525  524.500621787  1.7752976191  0.0257172490278
0.0  833  541  540.673428582  1.76102398354  0.010131584242
0.0  833  557  556.996803483  1.84305278771  0.0143582108951
0.0  833  573  573.498358004  1.7321236464  0.0608912625758
0.0  833  590  590.087409726  1.88820866185  0.0178018074463
0.0  833  607  606.791620565  1.84438709458  -0.0295184865559
0.0  833  624  623.693675811  1.83853045637  -0.0208858534201
0.0  832  641  640.721375788  1.88862433141  -0.0352625341633
0.0  832  658  657.940330126  2.00077973246  -0.0260985332736
0.0  832  675  675.33719567  2.00017727808  0.0175002947219
0.0  832  693  692.833906653  2.04631073805  -0.0121136507635
0.0  832  711  710.539509686  1.9902374247  0.0160771296336
0.0  831  728  728.380393021  2.04005025414  0.0343021219204
0.0  831  746  746.391071243  2.00887534337  0.0501077924962
0.0  831  765  764.557209178  1.9838740828  0.025417645622
0.0  830  783  782.870856586  2.06031451337  0.010009129223
0.0  830  801  801.41943028  2.03453457394  0.0527686708096
0.0  829  820  820.079779841  2.12728077403  0.0228614054351
0.0  829  839  838.911976188  2.18544201576  -0.0170150394239
0.0  828  858  857.94914436  2.17862359049  -0.0204464630981
0.0  828  877  877.19780604  2.27361902014  0.00252432765558
0.0  827  897  896.559997143  2.23047765088  -0.0340611177922
0.0  826  916  916.176378269  2.31687518531  -0.0255565247233
0.0  826  936  935.759540694  1.4868310835  0.621522651452
0.0  825  956  955.936574828  2.46535732598  -0.0278453417518
0.0  824  976  976.109467353  2.47684025876  -0.0234761962776
0.0  823  997  996.516358998  2.48995172089  -0.0129885762999
0.0  822  1017  1017.10879828  2.60598720188  0.00366649287061
-1.33313880952  826  11  10.8510523067  1.66725944894  0.00414703359125
-1.33313880952  826  23  22.8423627081  1.65201297281  0.0104031249015
-1.33313880952  827  35  35.0053022094  1.64902083599  0.0367211960542
-1.33313880952  828  47  47.2585955657  1.63713263866  0.0776085103161
-1.33313880952  828  59  59.5034364316  1.13880838941  0.0567894791223
-1.33313880952  829  72  71.9283167703  1.60539365795  0.0587451438407
-1.33313880952  829  84  84.3975413833  1.37536211294  0.117686718872
-1.33313880952  830  97  96.9511007805  1.61008682537  0.0474125074813
-1.33313880952  830  110  109.570329744  1.49365642333  0.0321658973078
-1.33313880952  831  122  122.401955962  1.52839091198  0.0842665111509
-1.33313880952  831  135  135.217954501  1.62269089928  0.050695261875
-1.33313880952  832  148  148.23026081  1.60282811263  0.0612474746006
-1.33313880952  832  161  161.257015089  1.63648943504  0.0400252072331
-1.33313880952  833  174  174.465630554  1.56837436058  0.0343164883088
-1.33313880952  833  188  187.708958643  1.63957595729  4.47661797201e-06
-1.33313880952  834  201  201.16134895  1.63827396272  0.0340763072851
-1.33313880952  834  215  214.600530667  1.556585235  0.00983240464858
-1.33313880952  835  228  228.276658911  1.53407406962  0.0884818701228
-1.33313880952  835  242  241.908357629  1.63487543407  0.031463759036
-1.33313880952  835  256  255.691150878  1.63006371184  -0.00875321307138
-1.33313880952  836  270  269.623582446  1.54385419512  0.00270125864144
-1.33313880952  836  284  283.643153334  1.57893119274  0.0114529798599
-1.33313880952  837  298  297.817782003  1.65971850332  0.00652545180865
-1.33313880952  837  312  312.072060222  1.69740662693  0.0244350069736
-1.33313880952  837  326  326.443242194  1.66033173379  0.0275590928497
-1.33313880952  838  341  340.936965617  1.75866124835  0.0190158309679
-1.33313880952  838  356  355.589959206  1.65681084621  0.0255695454917
-1.33313880952  838  370  370.360784604  1.63168180035  0.0724645829209
-1.33313880952  838  385  385.216232445  1.687228158  0.06044031047
-1.33313880952  839  400  400.22981708  1.72192920043  0.0825050205149
-1.33313880952  839  415  415.340915542  1.64055221294  0.069535441353
-1.33313880952  839  431  430.521648614  1.58931513282  0.0188881150578
-1.33313880952  839  446  445.855035341  1.72893079227  -0.00527906621671
-1.33313880952  839  462  460.746393055  0.0205373049579  -0.113400752628
-1.33313880952  839  477  476.957783095  1.79961138054  -0.0138686154119
-1.33313880952  839  493  492.717451081  1.77692433706  -0.00599962231764
-1.33313880952  839  509  508.639395897  1.77414144101  0.0091306759299
-1.33313880952  839  525  524.67212112  1.79992217269  0.00598468015493
-1.33313880952  840  541  540.894592825  1.83554746517  0.0221321510089
-1.33313880952  840  557  557.234030562  1.81189662203  0.0523682218101
-1.33313880952  839  574  573.632983147  1.76588098053  0.0127286486988
-1.33313880952  839  590  590.256212118  1.83659843783  0.0519171457058
-1.33313880952  839  607  606.961439836  1.88638748358  -0.000789184002801
-1.33313880952  839  624  623.824965487  1.88636341066  -0.0300499667482
-1.33313880952  839  641  640.872716775  1.92835382521  -0.0263376381059
-1.33313880952  839  658  658.08580267  1.98015495453  -0.00632123983666
-1.33313880952  839  675  675.456419203  1.96175790742  0.0238416587341
-1.33313880952  838  693  692.931990401  2.05123380136  -0.00968281593502
-1.33313880952  838  711  710.58897784  2.0182457561  -0.012507420186
-1.33313880952  838  728  728.470317775  2.00798785022  0.0310718204425
-1.33313880952  838  746  746.458868501  1.99319386764  0.0403643485279
-1.33313880952  837  765  764.604255925  1.99440865939  0.0303289516218
-1.33313880952  837  783  782.910415613  2.0887651541  0.0198384096543
-1.33313880952  836  801  801.448026133  2.04532661687  0.050057413265
-1.33313880952  836  820  820.100711407  2.14098877347  0.0237369701255
-1.33313880952  835  839  838.926927345  2.16505042087  -1.83923186757e-05
-1.33313880952  835  858  857.947895286  2.21343975993  -0.0179547777935
-1.33313880952  834  877  877.182863221  2.28254707658  0.00277938852678
-1.33313880952  834  897  896.532501068  2.24482503241  -0.041989451032
-1.33313880952  833  916  916.154499325  2.34849631859  -0.0166423550552
-1.33313880952  832  936  935.909251793  2.45998898965  -0.0404601160997
-1.33313880952  831  956  955.894467921  2.43667415239  -0.0313167821545
-1.33313880952  831  976  976.058644362  2.527774275  -0.0324163957907
-1.33313880952  830  996  996.424608159  2.47771410454  -0.0171557824126
-1.33313880952  829  1017  1017.02598732  2.65125081876  0.00125637876245
-1.13909880952  825  11  10.772405189  1.63769076534  0.00731900112943
-1.13909880952  825  23  22.7511943535  1.63590170989  -0.00247421564615
-1.13909880952  826  35  34.9219008713  1.63609233599  0.0200253029979
-1.13909880952  827  47  47.2141175058  1.550008259  0.111461761243
-1.13909880952  827  59  59.4501578656  1.27515468171  0.0938589008325
-1.13909880952  828  72  71.8495237249  1.61906049376  0.0427311962794
-1.13909880952  828  84  84.3382041564  1.47495882222  0.12366441043
-1.13909880952  829  97  96.8670494251  1.59543080114  0.0270487955025
-1.13909880952  829  110  109.509697348  1.4411385135  0.0379987441842
-1.13909880952  830  122  122.344253115  1.52151197043  0.0867275650932
-1.13909880952  830  135  135.14103405  1.61969185488  0.0238266151783
-1.13909880952  831  148  148.158277296  1.6212502383  0.0576089677563
-1.13909880952  831  161  161.175485178  1.65311627782  -0.00446406453415
-1.13909880952  832  174  174.41900942  1.55342345941  0.0419444231457
-1.13909880952  832  188  187.644800826  1.62850142478  0.0148744107474
-1.13909880952  833  201  201.093751943  1.64064299665  0.0393123922089
-1.13909880952  833  215  214.544291525  1.51991766502  0.0147115664652
-1.13909880952  834  228  228.226473546  1.58679312825  0.0975123440165
-1.13909880952  834  242  241.847332447  1.61011538461  0.0160596544088
-1.13909880952  835  256  255.684792838  1.55590037452  0.0432644715319
-1.13909880952  835  270  269.580456977  1.51702719253  0.0154072898976
-1.13909880952  835  284  283.595558952  1.54938176783  0.0114091396007
-1.13909880952  836  298  297.756608679  1.64438792789  -0.000589142845248
-1.13909880952  836  312  312.015603448  1.70724968184  0.0190963240761
-1.13909880952  836  326  326.41499926  1.65603883319  0.0505850617432
-1.13909880952  837  341  340.921136976  1.70637446461  0.023463706683
-1.13909880952  837  356  355.551471754  1.64337800125  0.0331462561349
-1.13909880952  837  370  370.314395323  1.63527222892  0.0674994581298
-1.13909880952  837  385  385.170737727  1.68519436782  0.0577720760229
-1.13909880952  838  400  400.198286093  1.66044717437  0.0684058159942
-1.13909880952  838  415  415.291357628  1.67520233543  0.0638091504581
-1.13909880952  838  430  430.488421162  1.58532735036  0.0346837361334
-1.13909880952  838  446  445.822596518  1.72613273913  -0.00619984238668
-1.13909880952  838  462  461.07094413  0.0104441851623  -115.892280509
-1.13909880952  838  477  476.922058025  1.80664645242  -0.011970736878
-1.13909880952  838  493  492.689310112  1.76489343569  0.000261529140229
-1.13909880952  838  509  508.613648149  1.75552970617  0.0233570400975
-1.13909880952  839  525  524.672162515  1.80023783008  0.00622691350936
-1.13909880952  839  541  540.856590175  1.81818415348  0.0105312626518
-1.13909880952  839  557  557.200749715  1.83177745632  0.0526330127288
-1.13909880952  839  574  573.627700178  1.72646439399  0.00939362336339
-1.13909880952  838  590  590.2228348  1.83888276018  0.0416576659756
-1.13909880952  838  607  606.933766772  1.88931640441  -0.00424586708633
-1.13909880952  838  624  623.800839473  1.87008675949  -0.0322119044459
-1.13909880952  838  641  640.845689032  1.91709779856  -0.031326588408
-1.13909880952  838  658  658.062781478  1.97079282643  -0.00921860590243
-1.13909880952  838  675  675.441085811  1.97047452782  0.0162266708506
-1.13909880952  837  693  692.917297638  2.03961661806  -0.0169081420482
-1.13909880952  837  711  710.598240912  1.99308872852  0.0019893477574
-1.13909880952  837  728  728.464473002  2.02492399958  0.0418202376705
-1.13909880952  837  746  746.449691339  2.00337807638  0.0478509888573
-1.13909880952  836  765  764.591723366  2.00558307859  0.0224148660168
-1.13909880952  836  783  782.91494771  2.0877955909  0.0173757252102
-1.13909880952  835  801  801.457474146  2.05161419183  0.0578186610538
-1.13909880952  835  820  820.101837008  2.15831356231  0.0225836171184
-1.13909880952  834  839  838.934292282  2.15354912477  -0.00635135065119
-1.13909880952  834  858  857.952829146  2.21177037572  -0.0188472840809
-1.13909880952  833  877  877.188323089  2.24573183194  -0.00319385387894
-1.13909880952  833  897  896.537152051  2.24820923335  -0.0488958054986
-1.13909880952  832  916  916.160757212  2.34448508983  -0.0196158988724
-1.13909880952  831  936  935.916195346  2.42767116421  -0.040493997499
-1.13909880952  830  956  955.899982494  2.414015992  -0.0356047584636
-1.13909880952  830  976  976.072781064  2.52689395617  -0.0207595418457
-1.13909880952  829  996  996.463284832  2.47358227396  0.00172182158633
-1.13909880952  828  1017  1017.03165818  2.60712159498  0.00605550542408
-0.945058809517  824  11  10.6891476329  1.60956397902  -0.0105636648929
-0.945058809517  824  23  22.6777321861  1.60374798023  -0.0175545271986
-0.945058809517  825  35  34.8380885904  1.63839470545  0.00823816274436
-0.945058809517  826  47  47.1304738997  1.59381916867  0.077908644744
-0.945058809517  826  59  59.3994474547  1.40166558416  0.109229359158
-0.945058809517  827  72  71.7609739505  1.59409440925  0.0298493304641
-0.945058809517  827  84  84.2695599183  1.52161242367  0.11803142968
-0.945058809517  828  97  96.796124741  1.57252926739  0.0239453552702
-0.945058809517  828  109  109.458800911  1.4786425016  0.0479593075455
-0.945058809517  829  122  122.273677373  1.55974697752  0.0789601272658
-0.945058809517  829  135  135.118815199  1.69058976441  0.0431050959585
-0.945058809517  830  148  148.090924887  1.64827839752  0.0450073867435
-0.945058809517  830  161  161.148697561  1.70940316246  0.0280523432249
-0.945058809517  831  174  174.360839376  1.57072724935  0.0501619364237
-0.945058809517  831  188  187.577159701  1.57778253688  -0.00516841953004
-0.945058809517  832  201  201.037436588  1.64076291417  0.0410921615044
-0.945058809517  832  214  214.499333653  1.45190405997  0.0462240284647
-0.945058809517  833  228  228.16744838  1.5909489837  0.0821600560065
-0.945058809517  833  242  241.783020448  1.61212252112  0.0195028361796
-0.945058809517  834  256  255.633027207  1.52875484432  0.00953808987141
-0.945058809517  834  270  269.539391704  1.5121896945  0.0237391697359
-0.945058809517  834  284  283.544755452  1.55726330994  0.0148244930906
-0.945058809517  835  298  297.714003124  1.62069232381  0.00118040513562
-0.945058809517  835  312  311.967650501  1.68813499032  0.0238980641743
-0.945058809517  835  326  326.366468457  1.67412872099  0.0548938521387
-0.945058809517  836  341  340.865523551  1.67761231245  0.0121144532705
-0.945058809517  836  356  355.503142714  1.62690383349  0.0214918589
-0.945058809517  836  370  370.279852977  1.67479860752  0.0800793940076
-0.945058809517  836  385  385.121397181  1.71647932108  0.0504918902326
-0.945058809517  837  400  400.142139881  1.69106688366  0.0567995107218
-0.945058809517  837  415  415.258120124  1.70136829959  0.0614110717623
-0.945058809517  837  430  430.463282323  1.57398750609  0.0532605467236
-0.945058809517  837  446  445.773931837  1.70111534851  -0.00887560573854
-0.945058809517  837  461  461.241400943  1.7919188355  0.0327177094588
-0.945058809517  837  477  476.891938747  1.79745470312  -0.00640693118583
-0.945058809517  837  493  492.648159466  1.7608562494  -0.0108171936358
-0.945058809517  838  509  508.613467204  1.75350854056  0.0227047370231
-0.945058809517  838  525  524.647529046  1.77112289336  0.0180457857385
-0.945058809517  838  541  540.829221899  1.82265246613  0.0181625489087
-0.945058809517  838  557  557.181763122  1.841916898  0.0526508063752
-0.945058809517  838  574  573.611669397  1.72467262622  0.0214324288991
-0.945058809517  837  590  590.207031153  1.84922438203  0.0442512111543
-0.945058809517  837  607  606.89716554  1.87042469851  -0.0171020500819
-0.945058809517  837  624  623.795929113  1.88329520799  -0.0205977558856
-0.945058809517  837  641  640.822859922  1.91404245074  -0.0406186925168
-0.945058809517  837  658  658.045801732  1.99559313428  -0.00859077383155
-0.945058809517  837  675  675.42486754  1.97279408013  0.0212646077335
-0.945058809517  837  693  692.91581143  2.04099077609  -0.0166443243158
-0.945058809517  836  711  710.583021377  2.01312258624  6.66432861195e-05
-0.945058809517  836  728  728.450579321  2.0098807006  0.0489901469121
-0.945058809517  836  746  746.432727745  1.99664433629  0.0353282317987
-0.945058809517  835  765  764.58305299  2.01524454939  0.026148625965
-0.945058809517  835  783  782.905433579  2.08556067017  0.0163666138423
-0.945058809517  834  801  801.460513498  2.03687107979  0.0606937815817
-0.945058809517  834  820  820.100203608  2.13557428399  0.021559204776
-0.945058809517  833  839  838.926400816  2.18555031843  -0.00813293253659
-0.945058809517  833  858  857.937098083  2.20018667246  -0.0269624822043
-0.945058809517  832  877  877.187883146  2.27873377467  -0.000587921869718
-0.945058809517  832  897  896.552140916  2.21934706996  -0.038108986433
-0.945058809517  831  916  916.170419862  2.34647949661  -0.0159712663889
-0.945058809517  830  936  935.923946435  2.44713078239  -0.0357257610908
-0.945058809517  829  956  955.921526277  2.44676113128  -0.0179399009512
-0.945058809517  829  976  976.078338989  2.50335376076  -0.0221534757176
-0.945058809517  828  996  996.472363658  2.47414225321  -0.00849792540854
-0.945058809517  827  1017  1017.05031694  2.61606513011  0.00758828283542
-0.751018809517  823  11  10.6153474284  1.60172899062  -0.00194703640934
-0.751018809517  823  23  22.61268957  1.68196790564  -0.0565142556159
-0.751018809517  824  35  34.7519567011  1.61862944653  -0.00153737075505
-0.751018809517  825  47  47.0359085949  1.61895486536  0.0556562633905
-0.751018809517  825  59  59.3229774366  1.48807488681  0.100873645701
-0.751018809517  826  72  71.6846360923  1.58010321433  0.0152295641046
-0.751018809517  826  84  84.1817511627  1.56617838176  0.0984416691669
-0.751018809517  827  97  96.7134076783  1.53170603419  0.0138915385639
-0.751018809517  827  109  109.386209884  1.50520725453  0.0270936114577
-0.751018809517  828  122  122.190769596  1.60372865835  0.067707452188
-0.751018809517  829  135  135.027190424  1.7180971988  0.0249470624586
-0.751018809517  829  148  148.011052184  1.64685831751  0.0348089010607
-0.751018809517  830  161  161.083510784  1.7208041808  0.0119479848147
-0.751018809517  830  174  174.298071416  1.59836898315  0.0630019062396
-0.751018809517  830  188  187.524863761  1.64461624994  -0.0228080384155
-0.751018809517  831  201  200.953277961  1.64677287974  0.0132552931677
-0.751018809517  831  214  214.448043298  1.42654185476  0.0635467580507
-0.751018809517  832  228  228.102995011  1.62198094868  0.0755148816961
-0.751018809517  832  242  241.722950052  1.57469133875  0.00631482249931
-0.751018809517  833  256  255.578891868  1.4991845219  0.0204712539236
-0.751018809517  833  269  269.500862315  1.48017572695  0.0572327458322
-0.751018809517  833  283  283.50383029  1.54738698773  0.0450454558424
-0.751018809517  834  298  297.659911257  1.59699902816  0.00156541700389
-0.751018809517  834  312  311.917844654  1.67721199633  0.0120705405289
-0.751018809517  834  326  326.316538965  1.67153579591  0.050437161663
-0.751018809517  835  341  340.820350034  1.6895153671  0.0226269424285
-0.751018809517  835  355  355.471351153  1.61817253656  0.051391454171
-0.751018809517  835  370  370.229945218  1.68628916717  0.0735322351581
-0.751018809517  835  385  385.075770717  1.69377701299  0.0451841169421
-0.751018809517  836  400  400.101095671  1.68880713697  0.0481414149709
-0.751018809517  836  415  415.209486413  1.69610519437  0.0536859027038
-0.751018809517  836  430  430.427327441  1.59732933758  0.0544425438801
-0.751018809517  836  446  445.73152762  1.68847315809  -0.0114187614518
-0.751018809517  836  461  461.262264378  1.77422873905  0.0322404187069
-0.751018809517  836  477  476.849906327  1.77487714347  -0.0110157002554
-0.751018809517  836  493  492.638420377  1.76440656718  0.011201758201
-0.751018809517  837  509  508.581443336  1.75769948772  0.0244104410858
-0.751018809517  837  525  524.615674248  1.76619767814  0.0186467565731
-0.751018809517  837  541  540.795431086  1.81667178172  0.00726101094212
-0.751018809517  837  557  557.140540417  1.83703045192  0.0396510193465
-0.751018809517  837  574  573.58571268  1.71591320962  0.0183615842116
-0.751018809517  837  590  590.207678146  1.84481489101  0.0501155244457
-0.751018809517  836  607  606.88068514  1.86330434217  -0.0154094801652
-0.751018809517  836  624  623.775415478  1.86852405555  -0.0235578760161
-0.751018809517  836  641  640.799115938  1.90929713416  -0.0413559198928
-0.751018809517  836  658  658.033744524  1.9719225061  -0.0084353676537
-0.751018809517  836  675  675.410737782  1.97916258359  0.0251111819256
-0.751018809517  836  693  692.901829031  2.04724969779  -0.0136215044882
-0.751018809517  835  711  710.573059525  1.98882310659  0.00364464003406
-0.751018809517  835  728  728.430650263  2.0210025217  0.035225553453
-0.751018809517  835  746  746.432969113  1.99397569033  0.0465068881225
-0.751018809517  834  765  764.581525486  2.00902191501  0.024455415083
-0.751018809517  834  783  782.910194136  2.08886273788  0.01856327887
-0.751018809517  833  801  801.447608035  2.05805118029  0.0498422339891
-0.751018809517  833  820  820.092104828  2.13956220147  0.0209469358572
-0.751018809517  832  839  838.929869552  2.17555237066  -0.0194893323235
-0.751018809517  832  858  857.947396991  2.19307906647  -0.0279849370095
-0.751018809517  831  877  877.201741195  2.26779298374  0.0060313286499
-0.751018809517  831  897  896.550568265  2.21836504187  -0.04663827236
-0.751018809517  830  916  916.179863047  2.3468673163  -0.0186023480432
-0.751018809517  829  936  935.93473106  2.42965290453  -0.0395614318865
-0.751018809517  828  956  955.927634174  2.42003965312  -0.0273251298329
-0.751018809517  828  976  976.094440886  2.50647600139  -0.0217841354741
-0.751018809517  827  996  996.48343248  2.4469942762  -0.00407543560067
-0.751018809517  826  1017  1017.06017936  2.6243184505  0.0119264951786
-0.556978809517  822  11  10.5478989921  1.56612638952  0.000408084488168
-0.556978809517  822  23  22.5331286482  1.61348964081  -0.0474204595996
-0.556978809517  823  35  34.6741657511  1.58276153543  -0.00908195084693
-0.556978809517  824  47  46.9513432597  1.62187109058  0.0413916371943
-0.556978809517  824  59  59.2411327358  1.55431389959  0.0856700024724
-0.556978809517  825  72  71.6044944183  1.49639230682  0.0105182154874
-0.556978809517  825  84  84.0878121734  1.59247561874  0.0715535465737
-0.556978809517  826  97  96.6448666403  1.48424750082  0.00554731505798
-0.556978809517  826  109  109.353504064  1.56178668101  0.0725630561017
-0.556978809517  827  122  122.120318702  1.61124315158  0.0559173559114
-0.556978809517  828  135  135.006416779  1.64177633181  0.0494720222517
-0.556978809517  828  148  147.936889902  1.65545112902  0.0319051723681
-0.556978809517  829  161  161.055148824  1.64449977013  0.0478297945556
-0.556978809517  829  174  174.228076191  1.61966098979  0.0424392557174
-0.556978809517  830  188  187.507446957  1.62065826262  0.010764147865
-0.556978809517  830  201  200.887819708  1.63592259147  0.0128106221308
-0.556978809517  830  214  214.39936874  1.50386682749  0.0705433959503
-0.556978809517  831  228  228.012408633  1.64258294614  0.0445855072924
-0.556978809517  831  242  241.665797907  1.5524155027  0.000396955391843
-0.556978809517  832  256  255.533616937  1.50907634388  0.0313125490201
-0.556978809517  832  269  269.445718051  1.52622085621  0.054199179824
-0.556978809517  832  283  283.450681945  1.56604575293  0.0451608212923
-0.556978809517  833  298  297.612672205  1.60106246538  0.00506365985403
-0.556978809517  833  312  311.859260316  1.67187540474  0.00433495120579
-0.556978809517  833  326  326.272461044  1.67854319656  0.0405403793619
-0.556978809517  834  341  340.762299429  1.67178711468  0.00529492088627
-0.556978809517  834  355  355.428038495  1.62201560981  0.0556618628153
-0.556978809517  834  370  370.186777822  1.685620667  0.0985522087653
-0.556978809517  834  385  385.011565591  1.70833052275  0.0236900864993
-0.556978809517  835  400  400.04034047  1.68314785823  0.0323622021589
-0.556978809517  835  415  415.171887779  1.71002874831  0.0552758662972
-0.556978809517  835  430  430.390986415  1.6285938574  0.0557774163256
-0.556978809517  835  446  445.704749685  1.68465989442  -0.0100508873602
-0.556978809517  835  461  461.218227231  1.78375728544  0.0234716010931
-0.556978809517  835  477  476.815829646  1.79145458031  -0.0149961101654
-0.556978809517  836  493  492.638404427  1.77628579007  0.020786215527
-0.556978809517  836  509  508.552733512  1.75757410522  0.0266937474204
-0.556978809517  836  525  524.587079607  1.77270323158  0.0102639840292
-0.556978809517  836  541  540.758468299  1.78683829451  0.00756422089187
-0.556978809517  836  557  557.112206249  1.84487113796  0.0337906955605
-0.556978809517  836  574  573.5620761  1.71804623364  0.0254015193961
-0.556978809517  836  590  590.179832928  1.8548731931  0.0394659097739
-0.556978809517  835  607  606.852757945  1.86444883489  -0.0236251734464
-0.556978809517  835  624  623.745244405  1.8637610904  -0.0277485800075
-0.556978809517  835  641  640.784345473  1.90393400985  -0.0415538064782
-0.556978809517  835  658  657.994613009  2.00238063325  -0.0172876628603
-0.556978809517  835  675  675.394433242  1.97072298743  0.0259294681793
-0.556978809517  835  693  692.888523936  2.05914688167  -0.0143493249755
-0.556978809517  834  711  710.563043353  1.97447582027  0.00738107036567
-0.556978809517  834  728  728.4262661  2.01793301638  0.0300322829534
-0.556978809517  834  746  746.424053763  2.0067657735  0.0534334386657
-0.556978809517  833  765  764.576144542  2.0039312917  0.0337728669943
-0.556978809517  833  783  782.897226693  2.0729553474  0.0161420112235
-0.556978809517  832  801  801.434138854  1.9960083545  0.0423921809873
-0.556978809517  832  820  820.098818857  2.13956600684  0.0234142510961
-0.556978809517  831  839  838.92349697  2.19601378438  -0.0120214658171
-0.556978809517  831  858  857.948256084  2.21638760953  -0.0280876917952
-0.556978809517  830  877  877.185501355  2.28075999564  -0.00434874491605
-0.556978809517  830  897  896.544345884  2.24860880432  -0.0351998511132
-0.556978809517  829  916  916.180388735  2.36514496835  -0.023422659981
-0.556978809517  828  936  935.942673356  2.41454125009  -0.0355543368126
-0.556978809517  828  956  955.912196799  2.39485382864  -0.0259816468355
-0.556978809517  827  976  976.108232642  2.50287112635  -0.0170937948052
-0.556978809517  826  997  996.494909168  2.49223759185  -0.00231142662258
-0.556978809517  825  1017  1017.07682514  2.62969115067  0.0167639711985
-0.362938809517  821  10  10.4752094766  1.52042715928  0.0320014031537
-0.362938809517  822  23  22.5137219101  1.53545372146  0.00347924840307
-0.362938809517  822  35  34.6040947887  1.53299062175  -0.0124481521754
-0.362938809517  823  47  46.8600460874  1.6196879722  0.0258921298686
-0.362938809517  823  59  59.1598087543  1.58705248173  0.0783319489009
-0.362938809517  824  72  71.5283554798  1.46537426864  -0.00334713264538
-0.362938809517  824  84  84.0080663995  1.6253311524  0.0421175388349
-0.362938809517  825  97  96.5789540887  1.42430139428  0.0148879565028
-0.362938809517  826  109  109.304671281  1.64630827014  0.0908572753642
-0.362938809517  826  122  122.042037735  1.61996377928  0.0418607722215
-0.362938809517  827  135  134.916238336  1.60593043098  0.021399346338
-0.362938809517  827  148  147.852651531  1.62375241842  0.00284874249482
-0.362938809517  828  161  160.972126413  1.63588411656  0.00157806680503
-0.362938809517  828  174  174.168017198  1.6412261306  0.0380550305985
-0.362938809517  829  187  187.467424306  1.64111007814  0.0522958083503
-0.362938809517  829  201  200.813120228  1.62273484519  -0.00234463094654
-0.362938809517  829  214  214.337910764  1.51455955087  0.0676846659231
-0.362938809517  830  228  227.939851214  1.65213326776  0.0207730585228
-0.362938809517  830  242  241.5980189  1.50971710355  -0.000122983645759
-0.362938809517  831  255  255.489304852  1.44914643536  0.0615552068587
-0.362938809517  831  269  269.407095653  1.53655008775  0.0757605529901
-0.362938809517  831  283  283.404295088  1.59446502151  0.0454926126649
-0.362938809517  832  298  297.564640181  1.57451266982  0.00407569449552
-0.362938809517  832  312  311.803676139  1.67564809774  0.00532488154229
-0.362938809517  832  326  326.203845263  1.70690354807  0.0281041244767
-0.362938809517  833  341  340.724914296  1.65203701104  0.0126797503849
-0.362938809517  833  355  355.385608341  1.64295070261  0.0538408468168
-0.362938809517  833  370  370.156049281  1.67128771659  0.140208267004
-0.362938809517  833  385  384.960298164  1.71854893377  0.00844879441304
-0.362938809517  834  400  399.992251426  1.69179556647  0.0216207202664
-0.362938809517  834  415  415.116272739  1.73440585366  0.034446858258
-0.362938809517  834  430  430.360952715  1.64655300296  0.0608268052091
-0.362938809517  834  446  445.661974265  1.66605505722  -0.0014009749295
-0.362938809517  834  461  461.185108665  1.77908575065  0.0293150317833
-0.362938809517  834  477  476.773918929  1.78063156537  -0.0117531237768
-0.362938809517  835  493  492.597984581  1.73914449851  0.00287725663986
-0.362938809517  835  509  508.515143574  1.76749995525  0.02809119419
-0.362938809517  835  525  524.55775205  1.74728200731  0.0229806632955
-0.362938809517  835  541  540.735780691  1.78482543501  0.0153182470077
-0.362938809517  835  557  557.070012362  1.8557728869  0.0256876775673
-0.362938809517  835  574  573.544526521  1.7515647042  0.0392501305544
-0.362938809517  835  590  590.144851339  1.8569038914  0.0322098432798
-0.362938809517  834  607  606.836669398  1.86021438069  -0.0161630724627
-0.362938809517  834  624  623.719479604  1.85977515839  -0.0269597457948
-0.362938809517  834  641  640.766355728  1.90208857925  -0.0352954237947
-0.362938809517  834  658  657.979691101  1.99434104454  -0.0151366157761
-0.362938809517  834  675  675.375954126  1.9950741227  0.0245462671954
-0.362938809517  834  693  692.862722548  2.04139124817  -0.0266792783637
-0.362938809517  833  711  710.552519582  1.99533437645  0.0230806444048
-0.362938809517  833  728  728.415481874  2.03114081975  0.0344856764054
-0.362938809517  833  746  746.41055918  1.99840236173  0.0459274597451
-0.362938809517  832  765  764.56313011  2.0046655272  0.0231574115631
-0.362938809517  832  783  782.884368465  2.0777799449  0.00896906337539
-0.362938809517  832  801  801.433921397  2.02758027701  0.0629454701227
-0.362938809517  831  820  820.086122211  2.12782691933  0.0178460695696
-0.362938809517  831  839  838.925832393  2.19676008029  -0.0131766243026
-0.362938809517  830  858  857.961870223  2.18835407326  -0.0134880098792
-0.362938809517  829  877  877.195885213  2.30926645261  0.00119100978341
-0.362938809517  829  897  896.551070493  2.2441610121  -0.0329107858391
-0.362938809517  828  916  916.179998558  2.35028370543  -0.0189783558071
-0.362938809517  827  936  935.947828482  2.40605096331  -0.0362939853368
-0.362938809517  827  956  955.923045027  2.44359059158  -0.0354260237963
-0.362938809517  826  976  976.096587377  2.51044721637  -0.0230119654775
-0.362938809517  825  997  996.512697101  2.49212067813  -0.00362774630973
-0.362938809517  824  1017  1017.09055632  2.62017796238  0.0136593435373
-0.168898809517  820  10  10.4164528095  1.50535253997  0.0543571980573
-0.168898809517  821  22  22.4680983875  1.60091750548  0.0744233875567
-0.168898809517  821  35  34.5229702346  1.45000811388  -0.0177642065228
-0.168898809517  822  47  46.7828166517  1.59628127258  0.0127114217328
-0.168898809517  822  59  59.0684437814  1.6045228795  0.0641519031982
-0.168898809517  823  71  71.4877042758  1.23338062662  0.0715299175523
-0.168898809517  823  84  83.9763805754  1.73292245474  0.037367963884
-0.168898809517  824  97  96.5219259816  1.38984649863  0.0414004898312
-0.168898809517  825  109  109.262530343  1.55867917514  0.102191204007
-0.168898809517  825  122  121.960684583  1.62076189451  0.0347630116298
-0.168898809517  826  135  134.841627006  1.59882781367  0.0116615265687
-0.168898809517  826  148  147.784615342  1.63120767853  0.00354208151161
-0.168898809517  827  161  160.899238957  1.64165142369  0.00745481759015
-0.168898809517  827  174  174.083188124  1.64735213969  0.0256872619312
-0.168898809517  828  187  187.409549741  1.56283268224  0.0148498929471
-0.168898809517  828  201  200.748940898  1.6098246012  -0.008662174903
-0.168898809517  828  214  214.276412791  1.57426270642  0.0441630493085
-0.168898809517  829  228  227.879791257  1.64008162855  0.0241716093702
-0.168898809517  829  242  241.554044112  1.48508934236  0.00527839215187
-0.168898809517  830  255  255.444396408  1.48742173398  0.0666583295795
-0.168898809517  830  269  269.337686414  1.58450180064  0.0616058746369
-0.168898809517  830  283  283.351540222  1.617969844  0.0482797506993
-0.168898809517  831  298  297.517246457  1.58487326683  0.0181814977774
-0.168898809517  831  312  311.754926891  1.6476929839  0.00902428026535
-0.168898809517  831  326  326.14942881  1.70038468798  0.0203291272533
-0.168898809517  832  341  340.671644449  1.65565053911  0.00905360109611
-0.168898809517  832  355  355.33764812  1.66400332062  0.0579450543099
-0.168898809517  832  370  370.072330877  1.71649422821  0.0532225606847
-0.168898809517  832  385  384.913489136  1.70471183889  0.0123725372556
-0.168898809517  833  400  399.944379388  1.69947637525  0.0146461982865
-0.168898809517  833  415  415.064644037  1.72078412831  0.0266278651658
-0.168898809517  833  430  430.311335988  1.67520674071  0.0536872378125
-0.168898809517  833  446  445.621776083  1.65557706073  -0.00439738862071
-0.168898809517  833  461  461.144913856  1.79343551068  0.0274150840603
-0.168898809517  833  477  476.737335856  1.76232042804  -0.0151269107373
-0.168898809517  834  493  492.565842392  1.74670715522  0.0103947966283
-0.168898809517  834  508  508.496516856  1.79082298356  0.036308317405
-0.168898809517  834  525  524.541045269  1.7389966023  0.0323510837447
-0.168898809517  834  541  540.706415615  1.78049306591  0.0101615306694
-0.168898809517  834  557  557.032521847  1.87772092712  0.0187522582904
-0.168898809517  834  574  573.521477458  1.72717650348  0.0435531936121
-0.168898809517  834  590  590.113093379  1.87074789587  0.0287230346607
-0.168898809517  834  607  606.837380614  1.86241968865  -0.0104515586006
-0.168898809517  833  624  623.693725995  1.83889396595  -0.0205661252219
-0.168898809517  833  641  640.743035049  1.89374305485  -0.0447751768485
-0.168898809517  833  658  657.959864088  2.00118868377  -0.0194381175394
-0.168898809517  833  675  675.360840004  1.98671120651  0.0222776685837
-0.168898809517  833  693  692.847643757  2.03930865903  -0.018511170364
-0.168898809517  832  711  710.53953503  1.97955216144  0.0106409979515
-0.168898809517  832  728  728.388038756  2.03095196126  0.0307886377759
-0.168898809517  832  746  746.40310179  1.99861030502  0.0494980420564
-0.168898809517  831  765  764.565193352  1.98931158972  0.0302714482935
-0.168898809517  831  783  782.877263668  2.05978883935  0.00811076337686
-0.168898809517  831  801  801.420085929  2.03827368995  0.0528812422697
-0.168898809517  830  820  820.08576958  2.10510548013  0.0228129979378
-0.168898809517  830  839  838.907824077  2.20075678105  -0.017432604279
-0.168898809517  829  858  857.942870829  2.19101320125  -0.0215090307061
-0.168898809517  828  877  877.18870068  2.27698519308  -0.00221555474331
-0.168898809517  828  897  896.563576544  2.22409983889  -0.0228711092734
-0.168898809517  827  916  916.189338459  2.34061010209  -0.0152058123836
-0.168898809517  826  936  935.967139577  2.40114960527  -0.0327740316175
-0.168898809517  826  956  955.934215473  2.48495585247  -0.0249942330043
-0.168898809517  825  976  976.11415748  2.49151278376  -0.0192342331589
-0.168898809517  824  997  996.516998721  2.48433485344  -0.00524940580449
-0.168898809517  823  1017  1017.10515469  2.60595459772  0.00730183716222
0.0251411904826  819  10  10.3382378716  1.56452223626  0.0525866474888
0.0251411904826  820  22  22.3904184756  1.62084199878  0.0671938140338
0.0251411904826  820  34  34.4844207678  1.09871359561  0.0619701494027
0.0251411904826  821  47  46.689984024  1.56482399777  -0.00616499387776
0.0251411904826  821  59  58.9788898343  1.59792651054  0.0385871143999
0.0251411904826  822  71  71.4395764918  1.33325836043  0.0920841976857
0.0251411904826  823  84  83.8692868961  1.69682982844  0.0265713635585
0.0251411904826  823  96  96.4680444298  1.3791876452  0.0840661772822
0.0251411904826  824  109  109.176838102  1.62411756818  0.0559636904345
0.0251411904826  824  122  121.87384968  1.61484216625  0.0195039438263
0.0251411904826  825  135  134.764094542  1.57769607438  -0.00680244713681
0.0251411904826  825  148  147.718937715  1.5953465513  0.014334157817
0.0251411904826  826  161  160.833984653  1.62901263281  0.0044287390874
0.0251411904826  826  174  174.018737411  1.67376247747  0.025569251978
0.0251411904826  827  187  187.360858897  1.5871775918  0.0448169287563
0.0251411904826  827  201  200.678087171  1.6006466758  -0.0144682509365
0.0251411904826  827  214  214.252992547  1.62584881555  0.0677116654658
0.0251411904826  828  228  227.809567495  1.64224557629  0.00621679777877
0.0251411904826  828  242  241.507847192  1.45796561573  0.0248459593089
0.0251411904826  829  255  255.391373117  1.52355624066  0.0719975403298
0.0251411904826  829  269  269.283477768  1.61891857554  0.0583312154309
0.0251411904826  829  283  283.298891407  1.65739693832  0.0449135128879
0.0251411904826  830  297  297.473927662  1.59050690148  0.0424351077685
0.0251411904826  830  312  311.702093192  1.64424351694  0.00218934576379
0.0251411904826  830  326  326.099051291  1.71578429851  0.0209752533376
0.0251411904826  831  341  340.624698853  1.61842238343  0.010640624264
0.0251411904826  831  355  355.280788934  1.68786578152  0.0542030944356
0.0251411904826  831  370  369.997810529  1.72044585581  0.0200478994716
0.0251411904826  831  385  384.879929795  1.77669708015  -0.00127891925733
0.0251411904826  832  400  399.892776098  1.68648420042  0.0113802249838
0.0251411904826  832  415  415.009117235  1.73721040002  0.022689392477
0.0251411904826  832  430  430.271046492  1.67798495164  0.0504647911751
0.0251411904826  832  446  445.581655137  1.66177158418  -0.000341031332027
0.0251411904826  832  461  461.108115055  1.77847762017  0.0260074215672
0.0251411904826  832  477  476.718830012  1.792786469  -0.0141598515761
0.0251411904826  833  493  492.531516477  1.75922229265  0.011085967479
0.0251411904826  833  508  508.467408629  1.77489471824  0.0357158870741
0.0251411904826  833  525  524.500621787  1.7752976191  0.0257172490278
0.0251411904826  833  541  540.673428582  1.76102398354  0.010131584242
0.0251411904826  833  557  556.996803483  1.84305278771  0.0143582108951
0.0251411904826  833  573  573.498358004  1.7321236464  0.0608912625758
0.0251411904826  833  590  590.087409726  1.88820866185  0.0178018074463
0.0251411904826  833  607  606.791634053  1.84443800964  -0.0294420542023
0.0251411904826  832  624  623.678483901  1.82988527292  -0.0258666336677
0.0251411904826  832  641  640.721375788  1.88862433141  -0.0352625341633
0.0251411904826  832  658  657.940330126  2.00077973246  -0.0260985332736
0.0251411904826  832  675  675.33719567  2.00017727808  0.0175002947219
0.0251411904826  832  693  692.833906653  2.04631073805  -0.0121136507635
0.0251411904826  831  711  710.518645621  1.9732235066  0.0183970807211
0.0251411904826  831  728  728.380393021  2.04005025414  0.0343021219204
0.0251411904826  831  746  746.391071243  2.00887534337  0.0501077924962
0.0251411904826  830  765  764.544373258  1.97721098947  0.0251943782146
0.0251411904826  830  783  782.870856586  2.06031451337  0.010009129223
0.0251411904826  830  801  801.419385533  2.03501821033  0.0532950532782
0.0251411904826  829  820  820.079779841  2.12728077403  0.0228614054351
0.0251411904826  829  839  838.911619012  2.18424017314  -0.0197137350615
0.0251411904826  828  858  857.94914436  2.17862359049  -0.0204464630981
0.0251411904826  827  877  877.180194688  2.28883756149  -0.00645950954875
0.0251411904826  827  897  896.559997143  2.23047765088  -0.0340611177922
0.0251411904826  826  916  916.176351123  2.31696070654  -0.0257391060775
0.0251411904826  825  936  935.824095763  1.37602403699  0.706559124934
0.0251411904826  825  956  955.936437743  2.46412383857  -0.029872387425
0.0251411904826  824  976  976.109501346  2.47696001817  -0.0231161174248
0.0251411904826  823  997  996.516358998  2.48995172089  -0.0129885762999
0.0251411904826  822  1017  1017.10878855  2.60602715178  0.0036088128444
0.219181190483  818  10  10.2676850143  1.58594566717  0.0632865129495
0.219181190483  819  22  22.3432708649  1.49742913704  0.0950633572985
0.219181190483  819  34  34.4118509456  1.45318097014  0.0556708587931
0.219181190483  820  47  46.6197852118  1.52971445412  -0.0111167587167
0.219181190483  820  59  58.8912214132  1.61667281449  0.0213584703629
0.219181190483  821  71  71.3671776424  1.45341374788  0.0889597255677
0.219181190483  822  84  83.7925933499  1.65169119515  0.00590502280421
0.219181190483  822  96  96.4139140987  1.43801655662  0.100931836132
0.219181190483  823  109  109.106206365  1.60859448022  0.0652277430011
0.219181190483  823  122  121.802935707  1.59466804457  0.00632114821298
0.219181190483  824  135  134.696480894  1.54966142024  -0.00542340338426
0.219181190483  824  148  147.654895144  1.59600552491  0.0101824204286
0.219181190483  825  161  160.762285949  1.60094387069  0.00159332709003
0.219181190483  825  174  173.938772446  1.67206214271  0.0195908022193
0.219181190483  826  187  187.289544976  1.59387663213  0.0353495212559
0.219181190483  826  201  200.637391866  1.57378165458  8.43426579856e-05
0.219181190483  826  214  214.179773971  1.65840680657  0.0650878107309
0.219181190483  827  228  227.736045699  1.59223373806  0.00108345559925
0.219181190483  827  241  241.468853837  1.43649097176  0.0508291345567
0.219181190483  828  255  255.334796668  1.57639861443  0.0675527827939
0.219181190483  828  269  269.220546804  1.64431929121  0.0373616262122
0.219181190483  828  283  283.230716042  1.66884252397  0.0252977576489
0.219181190483  829  297  297.419697477  1.63584082311  0.0369257081011
0.219181190483  829  312  311.648432454  1.62928155625  0.00886327959555
0.219181190483  829  326  326.033857125  1.71949649435  0.0139890741926
0.219181190483  830  341  340.582402199  1.61731855196  0.022017910766
0.219181190483  830  355  355.236080868  1.69163531576  0.0423540157794
0.219181190483  830  370  369.959768345  1.70879321246  0.0239880725093
0.219181190483  831  385  384.857521164  1.70444716161  0.0272835144517
0.219181190483  831  400  399.851565499  1.68127116126  0.000230254905306
0.219181190483  831  415  414.963579655  1.73374119944  0.0173590302717
0.219181190483  831  430  430.221784368  1.71469136613  0.0532525575659
0.219181190483  831  446  445.553116149  1.67655763264  0.0126234483676
0.219181190483  831  461  461.042521458  1.79764191618  -0.000962023068491
0.219181190483  832  477  476.705653359  1.73876199483  -0.00398068982788
0.219181190483  832  492  492.494273133  1.76039298789  0.0277382796171
0.219181190483  832  508  508.435434181  1.78429600868  0.0329028402839
0.219181190483  832  524  524.480257022  1.76227999229  0.0385305080889
0.219181190483  832  541  540.643340364  1.76622980202  0.00579842038976
0.219181190483  832  557  556.973843265  1.83760096148  0.0148102530925
0.219181190483  832  573  573.476749486  1.74476200153  0.0625692401164
0.219181190483  832  590  590.053923101  1.87508554415  0.0212687117469
0.219181190483  832  607  606.778553929  1.85700862559  -0.0208566527211
0.219181190483  831  624  623.654604267  1.812328758  -0.0215021125759
0.219181190483  831  641  640.691454618  1.86666202225  -0.0325882120954
0.219181190483  831  658  657.917176023  1.97193692165  -0.0211405500758
0.219181190483  831  675  675.329200979  2.00697153361  0.0180240402603
0.219181190483  831  693  692.806387598  2.04690976218  -0.0244924824253
0.219181190483  830  711  710.513537226  1.97984641638  0.022217137125
0.219181190483  830  728  728.372807656  2.00134374173  0.0331778632638
0.219181190483  830  746  746.396295023  2.02210992271  0.0561407245753
0.219181190483  829  765  764.532247017  1.99839718669  0.0268979286178
0.219181190483  829  783  782.870657125  2.06622846082  0.00953646819588
0.219181190483  829  801  801.417554843  2.04853048209  0.0527040120818
0.219181190483  828  820  820.083013073  2.14207940376  0.0258479077036
0.219181190483  828  839  838.916509714  2.20052580093  -0.0156481808236
0.219181190483  827  858  857.952353356  2.16321342807  -0.0255496544453
0.219181190483  826  877  877.184573147  2.2866993656  -0.00319141818866
0.219181190483  826  897  896.553402511  2.2042234161  -0.0436118772294
0.219181190483  825  916  916.195276326  2.34487093732  -0.0177993463804
0.219181190483  824  934  934.034607534  0.0658616721325  70.8045402878
0.219181190483  824  956  955.960162336  2.50642976406  -0.0205432319661
0.219181190483  823  976  976.125628814  2.47717028582  -0.026395733273
0.219181190483  822  997  996.52877037  2.48561583802  -0.0123489415704
0.219181190483  821  1017  1017.11626139  2.6083443778  0.00406458582882
0.413221190483  817  10  10.1777537123  1.63559844266  0.0481677033131
0.413221190483  818  22  22.2546919615  1.58139184275  0.0628290289963
0.413221190483  818  34  34.342324422  1.47878217961  0.0741261885944
0.413221190483  819  47  46.543249107  1.48483359498  -0.0132915163613
0.413221190483  819  59  58.7970586765  1.57712058833  -0.00963495374852
0.413221190483  820  71  71.2767005062  1.52242892674  0.073854476669
0.413221190483  821  84  83.7556316403  1.57512192828  0.0474214309126
0.413221190483  821  96  96.3317724059  1.52829126518  0.078445630744
0.413221190483  822  109  109.018065568  1.62957120236  0.038509618613
0.413221190483  822  122  121.718120205  1.59107672499  -0.00490304184116
0.413221190483  823  135  134.634526506  1.52768875843  0.0124015517137
0.413221190483  823  148  147.58401299  1.56736470251  0.00875440521665
0.413221190483  824  161  160.690331367  1.5782074526  -0.0108925239781
0.413221190483  824  174  173.851230682  1.65935379257  -0.00681538106704
0.413221190483  825  187  187.225367288  1.62627856828  0.0360176676962
0.413221190483  825  201  200.564976447  1.5454827923  -0.00484057789919
0.413221190483  826  214  214.110233926  1.70093843585  0.0484163402786
0.413221190483  826  228  227.674092958  1.56624622683  -0.00681735642499
0.413221190483  826  241  241.413060302  1.49385907564  0.0544841487335
0.413221190483  827  255  255.276110027  1.61664359458  0.0573447268968
0.413221190483  827  269  269.156733381  1.64995418361  0.040472543001
0.413221190483  827  283  283.217499805  1.71942310457  0.0434763667389
0.413221190483  828  297  297.367997593  1.62982092316  0.0463783233123
0.413221190483  828  312  311.595496345  1.62458046842  0.0171728813891
0.413221190483  828  326  325.983141201  1.7309871076  0.00994324688775
0.413221190483  829  341  340.532478563  1.61110489175  0.0241809549527
0.413221190483  829  355  355.174356036  1.70418734255  0.0407731575835
0.413221190483  829  370  369.898364931  1.68943013834  0.00928784504142
0.413221190483  830  385  384.798890342  1.67896412908  -0.00658731735809
0.413221190483  830  400  399.801779343  1.65362934805  0.000999871709247
0.413221190483  830  415  414.912416279  1.70859779132  0.00149052557018
0.413221190483  830  430  430.192044554  1.72060466152  0.053973624168
0.413221190483  830  446  445.511761734  1.66996696204  0.0113945999216
0.413221190483  830  461  461.001315801  1.78315356845  -0.00130209120595
0.413221190483  831  477  476.664669305  1.73979416904  -0.00256375008764
0.413221190483  831  493  492.553284863  1.82698894365  0.107904400419
0.413221190483  831  508  508.402707182  1.80910523249  0.0373923248882
0.413221190483  831  524  524.43962859  1.76850570741  0.0273873090095
0.413221190483  831  541  540.612646478  1.73806012313  0.0171229640103
0.413221190483  831  557  556.941538895  1.84535613358  0.0118487827516
0.413221190483  831  573  573.438171939  1.7508054557  0.0586737320513
0.413221190483  831  590  590.028446006  1.87031402295  0.0104333077758
0.413221190483  831  607  606.751460149  1.83506331059  -0.0209564405909
0.413221190483  830  624  623.636714381  1.82264949637  -0.00462017218819
0.413221190483  830  641  640.688625579  1.86788280212  -0.0262071918234
0.413221190483  830  658  657.894643296  1.97387329877  -0.021388124795
0.413221190483  830  675  675.295192993  1.99775910975  0.014073199756
0.413221190483  830  693  692.778413887  2.03698647383  -0.0287954953102
0.413221190483  829  710  710.497431115  1.98785929518  0.0237802992353
0.413221190483  829  728  728.350539822  2.02887406222  0.0334888606877
0.413221190483  829  746  746.390492027  2.02299076217  0.0573720119777
0.413221190483  828  765  764.52260281  1.99828295271  0.0267585115216
0.413221190483  828  783  782.858580164  2.0535224669  0.00119685134652
0.413221190483  828  801  801.398216811  2.06646207178  0.0491342619995
0.413221190483  827  820  820.077142161  2.13795678564  0.0228200654479
0.413221190483  827  839  838.909533112  2.18949088552  -0.0147076386084
0.413221190483  826  858  857.945676759  2.17282898988  -0.0227931809877
0.413221190483  825  877  877.193478148  2.28970112796  1.58562986161e-05
0.413221190483  825  897  896.560849546  2.21552650383  -0.0450612285633
0.413221190483  824  916  916.204126614  2.35877478216  -0.0151641736171
0.413221190483  824  934  934.041125922  0.0584404475316  70.8075892908
0.413221190483  823  956  955.953215058  2.47544765958  -0.028401314459
0.413221190483  822  976  976.150583853  2.46285367128  -0.0216841092849
0.413221190483  821  997  996.543594096  2.4740711484  -0.0137829987655
0.413221190483  820  1017  1017.13067125  2.61509239861  0.0052084983737
0.607261190483  816  10  10.084225746  1.65558834162  0.0384564814832
0.607261190483  817  22  22.1624116803  1.614828936  0.0449928939017
0.607261190483  817  34  34.2592056471  1.5418794906  0.0726178766537
0.607261190483  818  46  46.4889362653  1.10179249758  0.0562617276759
0.607261190483  818  59  58.7156037772  1.54951062702  -0.0254136448378
0.607261190483  819  71  71.2069927083  1.56491312423  0.0760258008771
0.607261190483  820  84  83.6734964307  1.53521597404  0.00878726948444
0.607261190483  820  96  96.2680434857  1.5582505364  0.0880324009422
0.607261190483  821  109  108.920275417  1.61618216949  0.0106273167334
0.607261190483  821  122  121.650389457  1.55471060743  0.00549808426915
0.607261190483  822  135  134.572804501  1.5103184608  0.0110692386455
0.607261190483  822  148  147.524831067  1.53879805076  0.0111567663053
0.607261190483  823  161  160.621701894  1.56510759116  -0.00806863061753
0.607261190483  823  174  173.783701346  1.66190588428  -0.0097814935718
0.607261190483  824  187  187.139660737  1.64544449782  0.0103262922354
0.607261190483  824  201  200.518047175  1.53525173148  0.010497829267
0.607261190483  825  214  214.085020891  1.63589803599  0.0717907451383
0.607261190483  825  228  227.618700516  1.55177213911  -0.0095680228175
0.607261190483  825  241  241.367854826  1.51406424016  0.0814262934417
0.607261190483  826  255  255.204295011  1.63416284662  0.0422804555181
0.607261190483  826  269  269.078523971  1.66778534197  0.0250297277198
0.607261190483  827  283  283.142082722  1.7655461368  0.0323420469238
0.607261190483  827  297  297.304057812  1.67526217199  0.0308921033669
0.607261190483  827  312  311.548595797  1.63423960476  0.0268562270688
0.607261190483  828  326  325.951923533  1.78313050562  0.00181145362989
0.607261190483  828  340  340.495219719  1.62894071956  0.0394605776351
0.607261190483  828  355  355.127137079  1.7212883981  0.0367949900751
0.607261190483  828  370  369.847962956  1.6793490815  0.0102149788293
0.607261190483  829  385  384.742897217  1.67791569449  -0.0121841180021
0.607261190483  829  400  399.743109861  1.63969432537  -0.014402061083
0.607261190483  829  415  414.860961231  1.72932438792  -0.00254532608925
0.607261190483  829  430  430.145242189  1.72994880942  0.0355391772251
0.607261190483  829  445  445.482844351  1.67339390492  0.0328868919933
0.607261190483  829  461  460.960188666  1.78500999434  -0.0161205157957
0.607261190483  830  477  476.640904376  1.73969655296  0.0144319523155
0.607261190483  830  492  492.306054755  1.70911703098  -0.0471397278645
0.607261190483  830  508  508.354070268  1.79396338132  0.0251439229196
0.607261190483  830  524  524.414765271  1.78450689169  0.0401672288824
0.607261190483  830  541  540.59382421  1.74915357069  0.024030873722
0.607261190483  830  557  556.90066656  1.82952277504  0.00148401140905
0.607261190483  830  573  573.425341922  1.75640757229  0.0608330518657
0.607261190483  830  590  589.995604274  1.87378668415  0.00828044721391
0.607261190483  830  607  606.729926118  1.82796777286  -0.0206416258775
0.607261190483  829  624  623.60838646  1.81430925312  -0.021419482141
0.607261190483  829  641  640.66248299  1.84744827187  -0.0265783421255
0.607261190483  829  658  657.871687835  1.98183372715  -0.0215184894268
0.607261190483  829  675  675.293896063  2.01235672158  0.0285719208834
0.607261190483  829  693  692.775836474  2.01657675643  -0.0126101308334
0.607261190483  828  710  710.487027224  1.97153801503  0.012377055096
0.607261190483  828  728  728.336114699  2.04373273255  0.0330704429942
0.607261190483  828  746  746.359956762  2.01573211386  0.0434720598907
0.607261190483  827  765  764.529341089  2.0106584382  0.0319824084944
0.607261190483  827  783  782.853019635  2.06568408837  0.00820370522458
0.607261190483  827  801  801.397499552  2.03504464977  0.0440669462129
0.607261190483  826  820  820.070249974  2.1149362883  0.0246617068229
0.607261190483  826  839  838.89892495  2.19420270096  -0.0176115605579
0.607261190483  825  858  857.93321386  2.20128948718  -0.0274021886189
0.607261190483  825  877  877.20487526  2.28721017688  0.00066479847654
0.607261190483  824  897  896.572338776  2.21312334106  -0.0408340276754
0.607261190483  823  916  916.195450768  2.3419394596  -0.0127922935588
0.607261190483  822  935  934.622419319  0.500066645047  0.0
0.607261190483  822  956  955.963751922  2.49118613803  -0.0221911068043
0.607261190483  821  976  976.167654059  2.49627911162  -0.0133620620625
0.607261190483  820  997  996.560017047  2.49259311651  -0.00709856287583
0.607261190483  819  1017  1017.1686944  2.600776121  0.0244140746528
0.801301190483  815  10  9.9810037103  1.6507561981  0.0333808303976
0.801301190483  816  22  22.0865433898  1.63153175193  0.0444164008635
0.801301190483  816  34  34.1758909333  1.60379644657  0.0698868376725
0.801301190483  817  46  46.43088415  1.32622182382  0.0897215036819
0.801301190483  817  59  58.6494142852  1.65851043093  -0.0492528883824
0.801301190483  818  71  71.1126649732  1.60046725849  0.0658858382612
0.801301190483  819  84  83.5958517297  1.45988238054  0.00396220850471
0.801301190483  819  96  96.1818760214  1.6015063082  0.0749973205679
0.801301190483  820  109  108.84601468  1.60511418627  0.010200558306
0.801301190483  820  122  121.587943059  1.53954163056  0.00948350013945
0.801301190483  821  135  134.513994797  1.52263572421  0.0303933988519
0.801301190483  821  147  147.460485513  1.52195923898  0.0373859816885
0.801301190483  822  161  160.568299308  1.55603517174  0.0126746080355
0.801301190483  822  174  173.715224033  1.632285405  -0.0118942109113
0.801301190483  823  187  187.071652373  1.6552275398  0.00690713054836
0.801301190483  823  200  200.466683572  1.51142157847  0.0434918676176
0.801301190483  824  214  213.997055318  1.65381126497  0.0273485682246
0.801301190483  824  228  227.563716426  1.53752973897  0.000208772211598
0.801301190483  824  241  241.29950233  1.55266585122  0.0704754615423
0.801301190483  825  255  255.140851863  1.65332801037  0.0481745917346
0.801301190483  825  269  269.020918287  1.66888730643  0.0121968956087
0.801301190483  826  283  283.104980074  1.68746582736  0.0294683970516
0.801301190483  826  297  297.249794886  1.6783199411  0.0330821248495
0.801301190483  826  312  311.511127757  1.6481982102  0.036479272105
0.801301190483  827  326  325.923059853  1.71419521526  0.0207301432293
0.801301190483  827  340  340.454221273  1.62048500052  0.0545037397733
0.801301190483  827  355  355.067860974  1.72159182  0.029345011594
0.801301190483  827  370  369.797535358  1.68671328927  0.00193430623095
0.801301190483  828  385  384.698363008  1.66214720136  -0.0188334353486
0.801301190483  828  400  399.699906433  1.63760898608  -0.00981492420686
0.801301190483  828  415  414.809604851  1.68118708774  -0.00835953032753
0.801301190483  828  430  430.084882002  1.74267599264  0.0267652498573
0.801301190483  828  445  445.450208471  1.66629518297  0.036443184716
0.801301190483  828  461  460.911477495  1.76413737069  -0.0142683959114
0.801301190483  829  477  476.6024385  1.72316233529  0.0116041451
0.801301190483  829  492  492.403604096  1.8096656259  0.0279686897166
0.801301190483  829  508  508.324114992  1.79174588365  0.0306329693708
0.801301190483  829  524  524.386936974  1.77032512072  0.0496267907672
0.801301190483  829  541  540.561695437  1.76605607425  0.0267381120579
0.801301190483  829  557  556.870660274  1.83838096217  0.00396384330991
0.801301190483  829  573  573.399387638  1.78153422357  0.0641832803497
0.801301190483  829  590  589.96714577  1.86526330986  0.00776958813978
0.801301190483  829  607  606.696831081  1.83110409829  -0.0197061163346
0.801301190483  829  624  623.607914132  1.82565613372  -0.0136128385203
0.801301190483  828  641  640.643960703  1.86693025215  -0.0220124067248
0.801301190483  828  658  657.834994913  1.98190259536  -0.0293300033269
0.801301190483  828  675  675.258302455  2.0239343926  0.011731490948
0.801301190483  828  693  692.753378195  2.00759503676  -0.0228160403816
0.801301190483  828  710  710.481887896  1.97943066537  0.0339837559061
0.801301190483  827  728  728.328108198  2.05302581049  0.0368215912161
0.801301190483  827  746  746.35456506  2.0260383446  0.0523916262112
0.801301190483  826  765  764.516311274  1.98621701345  0.0269145282209
0.801301190483  826  783  782.839585932  2.07109225876  0.0105203159285
0.801301190483  826  801  801.38622683  2.05117012539  0.0480552629761
0.801301190483  825  820  820.068941841  2.13939118042  0.0239258258147
0.801301190483  825  839  838.901678124  2.19286433558  -0.014188275884
0.801301190483  824  858  857.950088387  2.18030468124  -0.0155348764668
0.801301190483  824  877  877.201107813  2.28277326202  0.00846142037941
0.801301190483  823  897  896.570192695  2.20077413133  -0.0418381555904
0.801301190483  822  916  916.200966722  2.37460106432  -0.0162687241616
0.801301190483  821  936  935.662441729  0.0308769893119  -0.190810909884
0.801301190483  821  956  955.984985663  2.4631464011  -0.0190510354777
0.801301190483  820  976  976.18504511  2.47922604542  -0.0100099433034
0.801301190483  819  997  996.593241683  2.50095283505  0.000550675195939
0.801301190483  818  1017  1017.18207444  2.60645274603  0.0218409515088
0.995341190483  814  10  9.89266390787  1.64421155383  0.0132791136644
0.995341190483  815  22  21.9868269301  1.63141688909  0.0354948084434
0.995341190483  815  34  34.0888759046  1.6317993502  0.0568781817707
0.995341190483  816  46  46.3646585732  1.45814410148  0.0955196786926
0.995341190483  817  59  58.5843625744  1.53771301258  -0.0209331396816
0.995341190483  817  71  71.0247126789  1.60570318032  0.0499365683959
0.995341190483  818  84  83.5333090661  1.41056667404  0.0135923054102
0.995341190483  818  96  96.0917003501  1.61828844182  0.0650424918876
0.995341190483  819  109  108.759890658  1.54584773568  -0.00287056280193
0.995341190483  819  122  121.525041441  1.51895952172  0.0270622573166
0.995341190483  820  134  134.46436733  1.54008743786  0.0680725048759
0.995341190483  820  147  147.405022649  1.57100598928  0.0423170893629
0.995341190483  821  161  160.511000864  1.53171408004  0.0159493640789
0.995341190483  821  174  173.641064107  1.62139945091  -0.0137038347995
0.995341190483  822  187  186.986204212  1.65338569269  -0.00239318409371
0.995341190483  822  200  200.401729657  1.51740763817  0.0512606398911
0.995341190483  823  214  213.925013327  1.63919302859  0.0248012670253
0.995341190483  823  228  227.510808081  1.48598442501  0.0133496039305
0.995341190483  823  241  241.230015961  1.61747604162  0.060121036044
0.995341190483  824  255  255.074203341  1.65978085726  0.0368178695098
0.995341190483  824  269  268.957322759  1.65454872395  0.0140401379896
0.995341190483  825  283  283.037092611  1.68884567762  0.0090305548762
0.995341190483  825  297  297.205860767  1.68062206551  0.0396083782102
0.995341190483  825  311  311.457965174  1.64603880066  0.0418130350566
0.995341190483  826  326  325.857075924  1.69654058752  -0.00179636310454
0.995341190483  826  340  340.405812443  1.64258924368  0.0571208114943
0.995341190483  826  355  355.008871469  1.71055531033  0.0179196680407
0.995341190483  826  370  369.749244077  1.665347819  0.00288240339285
0.995341190483  827  385  384.652759057  1.62168512632  -0.0070434154048
0.995341190483  827  400  399.658449974  1.60858146231  -0.00946574477663
0.995341190483  827  415  414.767938805  1.6889754916  -0.00780086773376
0.995341190483  827  430  430.040898341  1.75430067926  0.0200696508402
0.995341190483  827  445  445.414767617  1.68298035383  0.0350765777683
0.995341190483  827  461  460.889011515  1.8197591409  -0.0174991261956
0.995341190483  828  477  476.562865769  1.72197205519  0.0214116659805
0.995341190483  828  492  492.373859528  1.78290020098  0.0311776383444
0.995341190483  828  508  508.30002857  1.8630221394  0.0428524873855
0.995341190483  828  524  524.360593032  1.79255498075  0.0516533202662
0.995341190483  828  541  540.530474935  1.74936326374  0.0224002770482
0.995341190483  828  557  556.846693527  1.8070907625  0.000741376695782
0.995341190483  828  573  573.362014373  1.79596897899  0.060359455418
0.995341190483  828  590  589.932940429  1.86082874922  -0.00335688002348
0.995341190483  828  607  606.671336588  1.79672246147  -0.0135719262801
0.995341190483  828  624  623.591504143  1.81447029802  -0.00877486922864
0.995341190483  827  641  640.621764187  1.85842040189  -0.0113758382474
0.995341190483  827  658  657.823561307  1.98570087429  -0.0273287895117
0.995341190483  827  675  675.245463108  2.03358936804  0.0211496094792
0.995341190483  827  693  692.738622762  2.00396111869  -0.0174124612272
0.995341190483  827  710  710.472092432  1.9943366737  0.0243482143957
0.995341190483  826  728  728.310869974  2.04798340081  0.0330985051057
0.995341190483  826  746  746.342871709  2.02022398876  0.0444945892711
0.995341190483  826  765  764.514690207  1.97351252985  0.0406160348519
0.995341190483  825  783  782.829959751  2.07482055904  0.0113461304679
0.995341190483  825  801  801.381647541  2.06339913193  0.047813075785
0.995341190483  824  820  820.062764072  2.15929836526  0.0237138561227
0.995341190483  824  839  838.889609594  2.20656899636  -0.0190013117037
0.995341190483  823  858  857.951727272  2.1752853094  -0.0136765591059
0.995341190483  823  877  877.185939974  2.28770426239  -0.0137204483876
0.995341190483  822  897  896.577123574  2.21187804825  -0.0306303633807
0.995341190483  821  916  916.215942587  2.37658760179  -0.0137808754339
0.995341190483  821  936  935.952423183  2.08647298452  -0.0484857632771
0.995341190483  820  956  955.997990707  2.467854261  -0.0187227740036
0.995341190483  819  976  976.193782071  2.47836073106  -0.00522909869036
0.995341190483  818  997  996.577161121  2.51135505553  -0.00897676181415
0.995341190483  817  1017  1017.20530069  2.61513816612  0.0335846760324
1.18938119048  813  10  9.78803133392  1.64794308743  -0.00796572544657
1.18938119048  814  22  21.8835386482  1.66013546609  0.00866191081017
1.18938119048  814  34  33.9947050788  1.64518092846  0.0392505331239
1.18938119048  815  46  46.2807959667  1.52596934949  0.0788646580852
1.18938119048  816  59  58.5413706976  1.45738853759  0.014344578296
1.18938119048  816  71  70.9301228303  1.62273406703  0.029403186156
1.18938119048  817  83  83.4710411264  1.38766423173  0.0664506420568
1.18938119048  817  96  96.0058483668  1.61925342972  0.0518163568466
1.18938119048  818  109  108.689449924  1.5340121492  0.00344028708338
1.18938119048  818  121  121.468672088  1.53501587076  0.0432738445428
1.18938119048  819  134  134.398018495  1.54916107305  0.0650469514772
1.18938119048  819  147  147.332375831  1.62650328618  0.0356196524701
1.18938119048  820  160  160.459840874  1.55864135203  0.0488517333449
1.18938119048  820  174  173.580431469  1.61006946484  -0.0121195010458
1.18938119048  821  187  186.915584847  1.64670006461  -0.000739301528363
1.18938119048  821  200  200.343808913  1.54635503952  0.0579548429093
1.18938119048  822  214  213.857526528  1.64520303139  0.0127645558309
1.18938119048  822  227  227.46366388  1.43362927962  0.058883226782
1.18938119048  822  241  241.165516094  1.62640715139  0.0514808117298
1.18938119048  823  255  254.988303643  1.65743401718  0.020413857597
1.18938119048  823  269  268.886886551  1.64225116373  0.00460070906209
1.18938119048  824  283  282.973213064  1.70586556871  0.00145439103973
1.18938119048  824  297  297.126887086  1.70971814763  0.0178392720164
1.18938119048  824  311  311.400899621  1.66900034755  0.043977319759
1.18938119048  825  326  325.796530603  1.66564073876  -0.0112139638745
1.18938119048  825  340  340.34901122  1.68033953328  0.0541201349954
1.18938119048  825  355  354.949878938  1.70612537602  0.0130082875556
1.18938119048  825  370  369.702749836  1.64820112485  0.0117565335104
1.18938119048  826  385  384.619812655  1.59542340288  0.00221937948093
1.18938119048  826  400  399.611882989  1.5839290137  -0.00388612783919
1.18938119048  826  415  414.71163352  1.65566597866  -0.0168572096562
1.18938119048  826  430  429.988420276  1.76841694487  0.0100418595375
1.18938119048  826  445  445.373666688  1.70945588405  0.039561181387
1.18938119048  827  461  460.867683738  1.76757303464  -0.00239462376898
1.18938119048  827  477  476.532277481  1.72711363587  0.0233195451191
1.18938119048  827  492  492.333540454  1.80041165902  0.0402267666454
1.18938119048  827  508  508.243155245  1.82092195324  0.022319662571
1.18938119048  827  524  524.326366249  1.79273774244  0.0446866695559
1.18938119048  827  540  540.502053744  1.7392837907  0.0347660740795
1.18938119048  827  557  556.80536897  1.80762252406  -0.000136990821569
1.18938119048  827  573  573.340083935  1.83067609844  0.0679876973335
1.18938119048  827  590  589.900816243  1.84946906123  -0.000814055795371
1.18938119048  827  607  606.642579426  1.77941798204  -0.0128108498327
1.18938119048  827  624  623.565884279  1.83813936755  -0.001545035448
1.18938119048  826  641  640.595673336  1.85435667499  -0.0122756032387
1.18938119048  826  658  657.80716251  1.95245922064  -0.0259672506817
1.18938119048  826  675  675.227804384  2.02218793527  0.0219102573176
1.18938119048  826  693  692.722853313  2.00167724346  -0.0117358819518
1.18938119048  826  710  710.474181998  2.00709177233  0.0422579499692
1.18938119048  825  728  728.3021435  2.03734643115  0.0340963162895
1.18938119048  825  746  746.328827099  2.03615947765  0.0465563969304
1.18938119048  825  764  764.501402818  2.01448975823  0.0349688530128
1.18938119048  824  783  782.801747861  2.08805784786  -0.00171962441375
1.18938119048  824  801  801.382436008  2.09973500517  0.0522363276454
1.18938119048  823  820  820.072850146  2.13733567438  0.0264011794624
1.18938119048  823  839  838.888005859  2.18782101324  -0.0177806710047
1.18938119048  822  858  857.955362448  2.18033988305  -0.0118174198995
1.18938119048  822  877  877.200493161  2.27830279605  0.000388736943471
1.18938119048  821  897  896.593767189  2.1906692253  -0.0215068019181
1.18938119048  820  916  916.20133456  2.36342110041  -0.020761213896
1.18938119048  820  936  935.988346267  2.35155698368  -0.0229053796916
1.18938119048  819  956  955.996709225  2.46862068473  -0.0151603788647
1.18938119048  818  976  976.196312375  2.46790212786  -0.00591135611212
1.18938119048  817  997  996.590004526  2.50167416244  -0.0133061201048
1.18938119048  816  1017  1017.21636497  2.58721654352  0.0252659529982
1.38342119048  812  10  9.71305586476  1.61577943085  -0.00569106651752
1.38342119048  813  22  21.7898857651  1.64094555273  -0.00807617444733
1.38342119048  813  34  33.8837285823  1.65022292002  0.0151228920922
1.38342119048  814  46  46.1906945479  1.58657504113  0.0710242025975
1.38342119048  815  59  58.5067640674  1.51689177447  0.0686451891545
1.38342119048  815  71  70.839842271  1.59709053191  0.011413090931
1.38342119048  816  83  83.402731692  1.48480733985  0.0618136276469
1.38342119048  816  96  95.9148995578  1.62692952923  0.0278904387062
1.38342119048  817  109  108.611893142  1.44337775413  0.0115677217199
1.38342119048  817  121  121.398822905  1.59066168804  0.0254106469178
1.38342119048  818  134  134.322380254  1.57885643464  0.062717158457
1.38342119048  818  147  147.255319278  1.63783895167  0.0294516544337
1.38342119048  819  160  160.392902767  1.5652285876  0.0385628997276
1.38342119048  819  174  173.525669143  1.58887897698  0.00153958930277
1.38342119048  820  187  186.852138494  1.65709844375  -0.00949592308827
1.38342119048  820  200  200.272246776  1.59104533901  0.057723895528
1.38342119048  821  214  213.784398217  1.61318411522  0.00865211926422
1.38342119048  821  227  227.405938505  1.49934970949  0.0607699918177
1.38342119048  821  241  241.084930578  1.6292748531  0.014670956782
1.38342119048  822  255  254.928482529  1.64623149161  0.0182453767343
1.38342119048  822  269  268.814592392  1.62575152794  -0.01057095072
1.38342119048  823  283  282.906670173  1.66228895455  0.000543274562401
1.38342119048  823  297  297.061922726  1.69226014008  0.0166499902754
1.38342119048  823  311  311.350626441  1.69071560883  0.0377086938768
1.38342119048  824  326  325.742212685  1.66773597717  -0.00125025594735
1.38342119048  824  340  340.304558158  1.67627449699  0.0500989907076
1.38342119048  824  355  354.899924663  1.71387622231  0.00899288408397
1.38342119048  824  370  369.654622083  1.64900700142  0.000599194811684
1.38342119048  825  385  384.578284744  1.59104418264  0.00687455225031
1.38342119048  825  400  399.581987296  1.54794416629  0.00529520530638
1.38342119048  825  415  414.66894745  1.62424430721  -0.0141165477505
1.38342119048  825  430  429.93822973  1.74858295713  0.0084928761503
1.38342119048  825  445  445.336904662  1.73210990645  0.0443897619199
1.38342119048  826  461  460.82752197  1.74414785645  -0.0153661493583
1.38342119048  826  477  476.504599614  1.72387100478  0.0255321165005
1.38342119048  826  492  492.302089436  1.80763405344  0.0403120782247
1.38342119048  826  508  508.20670493  1.83283982438  0.0213273087644
1.38342119048  826  524  524.290151846  1.80702745305  0.0474151718325
1.38342119048  826  540  540.476408631  1.75843129608  0.0453477032487
1.38342119048  826  557  556.766840661  1.77955383332  -0.009147804801
1.38342119048  826  573  573.301564626  1.81278071654  0.0571306520613
1.38342119048  826  590  589.868177359  1.84773281755  -0.00463423489511
1.38342119048  826  607  606.627378808  1.80390567071  -0.0208464793423
1.38342119048  826  624  623.551744099  1.80129717996  0.00240358374633
1.38342119048  825  641  640.581626091  1.86622717801  -0.00402852923471
1.38342119048  825  658  657.786378639  1.96469725016  -0.0237014082799
1.38342119048  825  675  675.199725086  2.03513638122  0.0176534258766
1.38342119048  825  693  692.701341667  1.97626506414  -0.0122726228301
1.38342119048  825  710  710.449119349  2.01905952593  0.0319575542543
1.38342119048  824  728  728.266877378  2.02900829832  0.0170426641445
1.38342119048  824  746  746.32901142  2.04428325067  0.0552966236941
1.38342119048  824  764  764.491783858  2.00435802705  0.0518515020089
1.38342119048  823  783  782.807988234  2.08194946247  0.00687574073007
1.38342119048  823  801  801.367514783  2.05836815543  0.0489960131948
1.38342119048  822  820  820.077452303  2.15273437673  0.0338089557027
1.38342119048  822  839  838.883466644  2.17888212636  -0.0153253182611
1.38342119048  821  858  857.950413254  2.19515650348  -0.0149905292608
1.38342119048  821  877  877.198663362  2.25706515686  4.71546222516e-05
1.38342119048  820  897  896.593375344  2.22211367238  -0.0208798430883
1.38342119048  819  916  916.203100045  2.33824286864  -0.0190731015572
1.38342119048  819  936  936.017060198  2.38655485872  -0.0212125148393
1.38342119048  818  956  956.000549162  2.46937330521  -0.0188848254757
1.38342119048  817  976  976.201546548  2.4610295993  -0.00999368263718
1.38342119048  816  997  996.585522624  2.49422133163  -0.0208475636119
1.38342119048  815  1017  1017.21376283  2.58136805487  0.0154616669232
1.57746119048  811  10  9.6245422022  1.58060216076  -0.0150477801006
1.57746119048  812  22  21.7093336828  1.64198831346  -0.0110711189379
1.57746119048  812  34  33.7937676511  1.63837214986  -0.00833241214888
1.57746119048  813  46  46.1131913513  1.61070942474  0.0733307894334
1.57746119048  814  58  58.438639187  1.55113595001  0.0886801613497
1.57746119048  814  71  70.7551502809  1.56345671989  0.00484748510883
1.57746119048  815  83  83.3333001598  1.50546782425  0.0650378119905
1.57746119048  815  96  95.8216197997  1.60892365154  0.00272381453775
1.57746119048  816  109  108.549989459  1.38032950761  0.0231064305059
1.57746119048  816  121  121.389490471  1.48293537832  0.323824682218
1.57746119048  817  134  134.245467665  1.62244577578  0.0522787622563
1.57746119048  817  147  147.177419218  1.65234067563  0.0210379532234
1.57746119048  818  160  160.324817053  1.61336215335  0.05399251139
1.57746119048  818  173  173.464771372  1.54632694687  0.0211418987823
1.57746119048  819  187  186.775176731  1.62176260887  -0.0147167756149
1.57746119048  819  200  200.209341739  1.61566222179  0.0489168987404
1.57746119048  820  214  213.708337397  1.61386858545  -0.0123086704088
1.57746119048  820  227  227.345752138  1.54565512028  0.06632935708
1.57746119048  820  241  241.047123467  1.68705764204  0.0295626685719
1.57746119048  821  255  254.849737285  1.63300561887  -1.85182179343e-05
1.57746119048  821  269  268.758283847  1.58727149513  -0.00930699719559
1.57746119048  822  283  282.842525645  1.67023641597  -6.0438499714e-05
1.57746119048  822  297  297.000571378  1.69683131774  0.013511867065
1.57746119048  822  311  311.292709817  1.70257541141  0.0348507497753
1.57746119048  823  326  325.700368936  1.65927481229  0.00419018618213
1.57746119048  823  340  340.249420343  1.70570242262  0.0444212418725
1.57746119048  823  355  354.833172463  1.69673382698  -0.00620755841223
1.57746119048  823  370  369.599058882  1.6483025465  0.00105286686121
1.57746119048  824  385  384.540111021  1.53163255006  0.0260205145623
1.57746119048  824  400  399.538378952  1.58987127367  0.0163464399056
1.57746119048  824  415  414.623963852  1.60991827601  -0.0126816761395
1.57746119048  824  430  429.877852162  1.74901576371  -0.0079238491314
1.57746119048  824  445  445.289253689  1.72942672255  0.0354137629387
1.57746119048  825  461  460.789311863  1.75436549754  -0.0115499981516
1.57746119048  825  476  476.458995351  1.73517870025  0.0260156222482
1.57746119048  825  492  492.260541875  1.82335871987  0.0320370887705
1.57746119048  825  508  508.16279706  1.85373530567  0.012675760027
1.57746119048  825  524  524.251476916  1.79770556956  0.0438375914254
1.57746119048  825  540  540.445071173  1.7430958738  0.046392519527
1.57746119048  825  557  556.735758105  1.78489924716  -0.00947724268048
1.57746119048  825  573  573.280517108  1.84183598056  0.0693795512435
1.57746119048  825  590  589.853229061  1.83399284795  0.00259639690935
1.57746119048  825  607  606.597982653  1.79241760395  -0.00370863339487
1.57746119048  825  624  623.534665628  1.80102203373  0.00714304705896
1.57746119048  824  641  640.561843392  1.86272248912  0.00534008347227
1.57746119048  824  658  657.76580525  1.94650072308  -0.0158991958312
1.57746119048  824  675  675.186299346  2.02112302887  0.0106774875374
1.57746119048  824  693  692.685038264  1.97211161718  -0.016243838639
1.57746119048  824  710  710.42711805  2.02008947489  0.0310513718295
1.57746119048  823  728  728.260774066  2.01666303185  0.0247082656141
1.57746119048  823  746  746.306313679  2.04443000109  0.0540494923108
1.57746119048  823  764  764.477325044  2.00601396963  0.0413638471776
1.57746119048  822  783  782.802414503  2.08002544  0.00879626518896
1.57746119048  822  801  801.364938911  2.07041767263  0.0525597641519
1.57746119048  821  820  820.060787868  2.15025599432  0.0266088257653
1.57746119048  821  839  838.880635585  2.16206556544  -0.0189544418614
1.57746119048  820  858  857.935882032  2.20128763131  -0.017151658431
1.57746119048  820  877  877.213015831  2.25405794502  0.00573467672146
1.57746119048  819  897  896.597375397  2.22817864023  -0.0239541111695
1.57746119048  818  916  916.205816289  2.33474134824  -0.0210641153559
1.57746119048  818  936  936.01593471  2.4101556773  -0.016181550177
1.57746119048  817  956  956.012817591  2.48700411946  -0.0174348344374
1.57746119048  816  976  976.205520621  2.4596491792  -0.0115283624674
1.57746119048  815  997  996.608013933  2.50574728997  -0.00895401812148
1.57746119048  814  1017  1017.24646162  2.56964358037  0.0242713654087
1.77150119048  810  10  9.54581349169  1.57157653126  -0.0200197343148
1.77150119048  811  22  21.6229415622  1.6120676031  -0.0320631471463
1.77150119048  811  34  33.7126663474  1.61353985806  -0.0182274439793
1.77150119048  812  46  46.0132626086  1.64536243408  0.055084037997
1.77150119048  813  58  58.362654116  1.63187645322  0.105940218624
1.77150119048  813  71  70.667609684  1.53203631005  -0.0150575131292
1.77150119048  814  83  83.2468268584  1.56306934873  0.0548663046201
1.77150119048  814  96  95.7416250208  1.57880340794  -0.00217454961703
1.77150119048  815  108  108.500421392  1.4343998246  0.0660481464205
1.77150119048  815  121  121.24300274  1.62660515429  0.00128160081688
1.77150119048  816  134  134.172744249  1.63920017497  0.0523362298428
1.77150119048  816  147  147.099629665  1.67003839177  0.0123152275824
1.77150119048  817  160  160.251433358  1.62868781072  0.0451531658997
1.77150119048  817  173  173.395839768  1.58042254867  0.0248439777648
1.77150119048  818  187  186.713097121  1.60033262428  -0.00925396117577
1.77150119048  818  200  200.140973579  1.64494637565  0.0457332638982
1.77150119048  819  214  213.646075406  1.58211013565  -0.0110706688455
1.77150119048  819  227  227.288419359  1.57761827349  0.067432100356
1.77150119048  819  241  240.983609105  1.72250827132  0.011372243148
1.77150119048  820  255  254.781629147  1.61004520306  -0.00252945977195
1.77150119048  820  269  268.699092042  1.574269253  -0.00566330697878
1.77150119048  821  283  282.78377751  1.63365767214  -0.0105324000771
1.77150119048  821  297  296.945654364  1.7020262005  0.000509744081506
1.77150119048  821  311  311.229177007  1.70643734239  0.0253006998735
1.77150119048  822  326  325.64467576  1.66101081429  0.00032494780197
1.77150119048  822  340  340.192856114  1.70976426463  0.0371748791087
1.77150119048  822  355  354.783525009  1.70255809255  0.00437988085129
1.77150119048  822  370  369.566083017  1.63935446872  0.0314061484026
1.77150119048  823  385  384.502997434  1.59334502404  0.0339100856229
1.77150119048  823  400  399.507568664  1.58670752421  0.041593305227
1.77150119048  823  415  414.593908338  1.56994583391  0.00472323586839
1.77150119048  823  430  429.834021714  1.72102067745  -0.00915962185679
1.77150119048  823  445  445.244802737  1.76160252727  0.0330286546203
1.77150119048  824  461  460.745940516  1.72456067232  -0.0124807202476
1.77150119048  824  476  476.434559338  1.76714479414  0.0393633729103
1.77150119048  824  492  492.222699142  1.84261101588  0.0332560091501
1.77150119048  824  508  508.130833181  1.85736201627  0.0198270346245
1.77150119048  824  524  524.221985069  1.81149010116  0.0497639686196
1.77150119048  824  540  540.414520545  1.77019705536  0.0529225218324
1.77150119048  824  557  556.702138547  1.78384007631  -0.000933206596468
1.77150119048  824  573  573.248683728  1.85045946201  0.062654933339
1.77150119048  824  590  589.827428993  1.84700724297  0.00269004224929
1.77150119048  824  607  606.569128718  1.78921629628  -0.00417887914586
1.77150119048  824  624  623.512652718  1.81310955053  0.0189245056234
1.77150119048  823  641  640.540362114  1.86476580603  0.0100407666075
1.77150119048  823  658  657.749579178  1.93249739005  -0.0137420161524
1.77150119048  823  675  675.155603751  2.03683885655  0.0122176387618
1.77150119048  823  693  692.661503993  1.96805475116  -0.00848530925234
1.77150119048  823  710  710.420920229  2.00974007598  0.0373295632484
1.77150119048  822  728  728.254706657  2.05267540671  0.0369453039648
1.77150119048  822  746  746.3028894  2.04425638561  0.0552529586333
1.77150119048  822  764  764.471032579  1.99796910679  0.0538277197786
1.77150119048  821  783  782.787480364  2.06785564184  0.00514092164743
1.77150119048  821  801  801.35166586  2.06138008256  0.053961231871
1.77150119048  820  820  820.047426228  2.15933939737  0.0301201088015
1.77150119048  820  839  838.882443436  2.18243191062  -0.0101802733013
1.77150119048  819  858  857.936346467  2.20679544533  -0.00602408245409
1.77150119048  819  877  877.186551737  2.26854312113  -0.000225959010907
1.77150119048  818  897  896.601247359  2.20718279991  -0.0206124009447
1.77150119048  817  916  916.213360517  2.32543826799  -0.0196597771521
1.77150119048  817  936  936.007214314  2.37311242409  -0.0241944981155
1.77150119048  816  956  955.995281155  2.49311849631  -0.0272279860654
1.77150119048  815  976  976.23835554  2.47398941373  0.00284303419343
1.77150119048  814  997  996.614181791  2.50072349542  -0.0190156597299
1.77150119048  813  1017  1017.27072497  2.57536665442  0.0352658575613
1.96554119048  809  9  9.48069694979  1.60088593947  0.0136419850506
1.96554119048  810  22  21.5517411929  1.57904989346  -0.0149787940922
1.96554119048  810  34  33.6351122584  1.5617047151  -0.0216296941984
1.96554119048  811  46  45.9043318322  1.63981736248  0.0175829240259
1.96554119048  812  58  58.3137710075  1.52329093649  0.0990361413169
1.96554119048  812  71  70.6010241606  1.47152481664  -0.00764604041186
1.96554119048  813  83  83.1805625749  1.5855582648  0.0648917792423
1.96554119048  813  96  95.6687186439  1.52787619307  -0.00374217859742
1.96554119048  814  108  108.433671825  1.48575694958  0.071278281409
1.96554119048  814  121  121.176283527  1.63438964759  0.0386340209719
1.96554119048  815  134  134.0923699  1.6475762465  0.0350395326494
1.96554119048  815  147  147.015216183  1.65389490509  0.00309872226484
1.96554119048  816  160  160.172768294  1.65616156909  0.0309635495718
1.96554119048  816  173  173.330028275  1.61874991407  0.0228200467467
1.96554119048  817  187  186.648508583  1.58446379434  -0.0144129602759
1.96554119048  817  200  200.048288194  1.65479711534  0.0216141711841
1.96554119048  818  214  213.595276061  1.57020407375  0.000658337074747
1.96554119048  818  227  227.214815172  1.60494084811  0.0563255105467
1.96554119048  819  241  240.901019915  1.7067847788  0.00598444491475
1.96554119048  819  255  254.726634162  1.5783035964  -0.00183685802072
1.96554119048  819  269  268.643754686  1.55400417425  -0.00431061612343
1.96554119048  820  283  282.726147064  1.62494156049  -0.0107525507472
1.96554119048  820  297  296.874752501  1.69295032527  -0.0101158819208
1.96554119048  820  311  311.170449344  1.70379126848  0.0173177442655
1.96554119048  821  326  325.602964667  1.65503608908  0.0105581965878
1.96554119048  821  340  340.136460038  1.72115169281  0.0345794152943
1.96554119048  821  355  354.736328098  1.66965255695  0.00279081772419
1.96554119048  821  370  369.514335793  1.61222535337  0.0317645150638
1.96554119048  822  384  384.467647359  1.58970786316  0.0541838577996
1.96554119048  822  399  399.462810309  1.58278361969  0.0553163163896
1.96554119048  822  415  414.558117939  1.59166567661  0.00770606719747
1.96554119048  822  430  429.782757842  1.69301703895  -0.0166603261937
1.96554119048  822  445  445.187978839  1.76602360178  0.027440215863
1.96554119048  823  461  460.701053684  1.7468669801  -0.0133376716012
1.96554119048  823  476  476.40235534  1.76182243687  0.0394899359577
1.96554119048  823  492  492.177139153  1.81564388219  0.0188139103818
1.96554119048  823  508  508.088498472  1.84395608225  0.00240310029786
1.96554119048  823  524  524.173174677  1.82939905429  0.0345450313526
1.96554119048  823  540  540.375895735  1.76392739918  0.0443691926192
1.96554119048  823  557  556.683672248  1.78406994014  0.00204358292528
1.96554119048  823  573  573.201940623  1.85999390328  0.0475051268339
1.96554119048  823  590  589.788752644  1.83578680182  0.0029049171242
1.96554119048  823  607  606.550189544  1.85680287269  -0.0098204671754
1.96554119048  823  623  623.4932577  1.84458491742  0.0349341765718
1.96554119048  822  641  640.520180105  1.89005648102  0.0143653771762
1.96554119048  822  658  657.722208447  1.94231307715  -0.0180223305875
1.96554119048  822  675  675.129542273  2.03974644157  0.0021181479591
1.96554119048  822  693  692.649318527  1.98751926305  -0.00462965417555
1.96554119048  822  710  710.394807075  2.01012528106  0.0357327767793
1.96554119048  821  728  728.237236849  2.0503528029  0.0323537978412
1.96554119048  821  746  746.28568525  2.06380052187  0.0549472688126
1.96554119048  821  764  764.466456681  2.02347440302  0.0570492301276
1.96554119048  820  783  782.778191158  2.06860636548  0.00524382115735
1.96554119048  820  801  801.362928939  2.07814301791  0.0545346171827
1.96554119048  819  820  820.018901689  2.14568585254  0.0204538783741
1.96554119048  819  839  838.86645036  2.17853270503  -0.0131128778154
1.96554119048  818  858  857.933303202  2.19380449255  -0.00858705836734
1.96554119048  818  877  877.168051426  2.25106231539  -0.00835440544247
1.96554119048  817  897  896.592793423  2.19163807771  -0.0160712254813
1.96554119048  816  916  916.206512123  2.34340663759  -0.0185778970108
1.96554119048  816  936  936.017146997  2.40309736657  -0.0191186237122
1.96554119048  815  956  956.01567103  2.44794060966  -0.0214931181462
1.96554119048  814  976  976.22616637  2.43955028812  -0.0023513775686
1.96554119048  813  997  996.627404554  2.50034424337  -0.0180859453919
1.96554119048  812  1017  1017.27005331  2.58355247862  0.0298084733994
2.15958119048  808  9  9.3954002138  1.59220615547  0.0482856169379
2.15958119048  809  21  21.4782321583  1.57694446385  0.0107888789021
2.15958119048  809  34  33.5177933641  1.33445795185  -0.0555845192427
2.15958119048  810  46  45.8235834519  1.62267490432  0.00573700026613
2.15958119048  811  58  58.2118312487  1.59137910439  0.0609487198523
2.15958119048  811  71  70.5282775244  1.38575010586  0.0197725838766
2.15958119048  812  83  83.0894216209  1.60723116719  0.0477707222673
2.15958119048  812  96  95.5925656979  1.49627001218  0.0117998775294
2.15958119048  813  108  108.368380337  1.51741121715  0.0754086906373
2.15958119048  813  121  121.072166702  1.63751980764  0.0252554566282
2.15958119048  814  134  134.011100589  1.65263524111  0.0264751464275
2.15958119048  814  147  146.935879158  1.63108563437  0.00594350928304
2.15958119048  815  160  160.098203117  1.67835346578  0.0285943577665
2.15958119048  815  173  173.260704128  1.63224561314  0.0236909420037
2.15958119048  816  187  186.59235385  1.55902360572  0.00171376235022
2.15958119048  816  200  199.974530251  1.67955567927  0.0124709917251
2.15958119048  817  214  213.533765003  1.55519314063  0.0037415663304
2.15958119048  817  227  227.146958085  1.62409776035  0.0446614232353
2.15958119048  818  241  240.876496686  1.63230326287  0.00622916001718
2.15958119048  818  255  254.662143122  1.54013186656  -0.0101583965651
2.15958119048  818  269  268.587818399  1.5105540913  -0.000853205607993
2.15958119048  819  283  282.659692568  1.58758656237  -0.0138482503139
2.15958119048  819  297  296.816462692  1.65133908176  -0.00918777912402
2.15958119048  819  311  311.108238848  1.71046789932  0.0152693455764
2.15958119048  820  326  325.554864248  1.65653898315  0.0186480659642
2.15958119048  820  340  340.071216502  1.73559108382  0.0248321939966
2.15958119048  820  355  354.683218086  1.67454580611  -0.00548608019078
2.15958119048  820  369  369.479499724  1.59198847065  0.0362296676671
2.15958119048  821  384  384.424895904  1.59611347104  0.062421584274
2.15958119048  821  399  399.430166402  1.59541514424  0.0702132798695
2.15958119048  821  415  414.519104292  1.53905658015  0.0196223491248
2.15958119048  821  430  429.741925712  1.68249627233  -0.00603837484336
2.15958119048  821  445  445.164148739  1.77823255223  0.0306340318526
2.15958119048  822  461  460.664888112  1.70849407158  -0.0109658843104
2.15958119048  822  476  476.365499832  1.76703466456  0.0465830102629
2.15958119048  822  492  492.136779183  1.83851272619  0.0199746066464
2.15958119048  822  508  508.048722907  1.85743315314  0.00137935286104
2.15958119048  822  524  524.125594599  1.86256578654  0.0211288004144
2.15958119048  822  540  540.349535408  1.77761591731  0.052238590222
2.15958119048  822  557  556.654698945  1.75561425087  0.0089812111731
2.15958119048  822  573  573.166707681  1.87136996402  0.0371123878909
2.15958119048  822  590  589.75882926  1.80289000962  0.000787112564044
2.15958119048  822  607  606.508045213  1.91275598462  -0.0178500529151
2.15958119048  822  623  623.458030738  1.84455501903  0.0303689474762
2.15958119048  821  641  640.510530847  1.85212993203  0.0101596070967
2.15958119048  821  658  657.71750519  1.93277954266  -0.0161314355363
2.15958119048  821  675  675.107005732  2.05213544412  -0.00266254250935
2.15958119048  821  693  692.639116276  1.97482257088  -0.000952559001778
2.15958119048  821  710  710.380285378  2.01815926302  0.0366693853813
2.15958119048  820  728  728.240919945  2.03703946822  0.0450753469155
2.15958119048  820  746  746.258070546  2.06158390343  0.0477860086919
2.15958119048  820  764  764.443840125  1.98678481645  0.0489543405268
2.15958119048  819  783  782.784355314  2.05610318293  0.0132684150566
2.15958119048  819  801  801.332144837  2.04865921809  0.0441700707332
2.15958119048  818  820  820.053361323  2.15261828112  0.0328883244271
2.15958119048  818  839  838.852010174  2.17359823268  -0.0251969502725
2.15958119048  817  858  857.955390615  2.19915193687  -0.0111481064851
2.15958119048  817  877  877.171178356  2.25269238299  -0.00696697647169
2.15958119048  816  897  896.59909246  2.22902332707  -0.0275460881308
2.15958119048  815  916  916.228010701  2.33174403141  -0.0300405311237
2.15958119048  815  936  936.027308679  2.3935541469  -0.0132091545429
2.15958119048  814  956  956.0386393  2.44543170355  -0.019500011386
2.15958119048  813  976  976.25766702  2.47529332319  -0.0065042576609
2.15958119048  812  997  996.652657113  2.49475379813  -0.0204799172259
2.15958119048  811  1017  1017.31677239  2.57036487029  0.0360111273117
