# Band 3B   Etalon 2A   Slice 15
# Distortion map version 7B.05.01 - date 2019-03-21
# Trace (isoalpha): Take pixel trace along specified slice, specified alpha position trace is built by taking the pixel in every detector row with alpha value closest to the one specified 
# xpos[i] = np.argmin(alpha_img[i,:])+funcs.find_nearest(alpha_img[i,:][(slice_img[i,:]!=0)],alpha_pos)
#    alpha       x  y      center         FWHM          skewness
0.0  597  37  36.739769874145885  3.1567673813224957  -0.03703004958888567
0.0  598  73  72.81140329301489  2.9741070787626285  0.01273531245518018
0.0  600  108  108.18659498583855  2.9036720922092627  -0.022365056194064925
0.0  601  143  142.99334262073805  2.982435445161059  0.00838168178362443
0.0  602  177  177.0627727914812  2.837162633433138  -0.01881157538863974
0.0  603  211  210.6298930940409  2.933198509121553  -0.015123253903255062
0.0  604  244  243.65637282547706  2.6787367310307104  -0.008188449731139429
0.0  605  276  276.0456611882055  2.8060065640723906  -0.03280357301266694
0.0  605  308  307.9100129249296  2.7730792886142126  0.012058610890212049
0.0  606  339  339.2051411583027  2.7571282819797034  -0.01622479912330466
0.0  606  370  369.968222094664  2.8180453129288026  -0.007851110206365131
0.0  607  400  400.34703701742535  2.709843113720126  0.007432503280576323
0.0  607  430  430.0287350086742  2.794042312647548  -0.02329743039486243
0.0  607  459  459.30368939362444  2.972966246292458  -0.010722321877957682
0.0  607  488  488.1430339423292  2.8338663825094272  0.0027060824167960584
0.0  607  516  516.4334812883761  2.8138345018811606  -0.03195288262954424
0.0  607  544  544.2814595890621  2.8899203304101775  -0.03892785474097362
0.0  607  572  571.8139699572924  3.019747357992401  0.002895807059241915
0.0  607  599  598.8114276151356  2.9936355770914815  -0.00918883048880111
0.0  607  625  625.4281494821573  2.9741076181933295  -0.0054969293149243065
0.0  607  652  651.6151389155696  3.0541665884386475  -0.016331375747608554
0.0  606  677  677.3865865757886  3.1568083871636645  0.005563559484970898
0.0  606  703  702.8070357835929  3.1699615375944177  -0.0032629204848033336
0.0  605  728  727.7655404869597  2.9886621190792084  -0.03539036262010426
0.0  605  752  752.4403051595389  3.0989226458231087  -0.029329000793387003
0.0  604  777  776.7210397927903  3.187571996136967  -0.04047619986825416
0.0  604  801  800.7791315067203  3.2174610650456543  -0.018326619309023014
0.0  603  824  824.4095832663114  3.097324846393576  -0.003935288227126301
0.0  603  848  847.7902147073601  3.119511270364228  -0.0108239367619202
0.0  602  871  870.7656606993556  3.0572587044995316  -0.021494672047579332
0.0  601  893  893.467002298838  2.9732599181854766  -0.003349911225163972
0.0  600  916  915.9052267965409  2.9410933442018177  -0.018285547516162806
0.0  600  938  938.1241747270959  2.92394334071264  0.00022510352743727437
0.0  599  960  959.9686633714066  2.89668856271237  -0.0015229413868617387
0.0  598  982  981.6436745572464  2.7238886392244694  0.038161979675084945
0.0  597  1003  1002.8741082813924  2.819157144235305  -0.019807713291689424
-2.457602446343516  607  39  38.65089285773171  2.9448549100663826  -0.01670132502034241
-2.457602446343516  608  75  74.5880475167383  3.1435013606864857  -0.00421314453915449
-2.457602446343516  610  110  110.0375164203092  2.880909693064595  0.048096077308975985
-2.457602446343516  611  145  144.6100977925905  2.957693836547861  -0.040185291628917506
-2.457602446343516  612  179  178.7855561126408  2.814236016079377  -0.004284245241351858
-2.457602446343516  613  212  212.23560753068884  2.7476902012255096  -0.03060145398300148
-2.457602446343516  614  245  245.31404473527226  2.85885809158259  0.024116821872517485
-2.457602446343516  615  278  277.64430068984103  2.808978586142075  0.02217354318353203
-2.457602446343516  615  309  309.37216897639615  2.8165188590842263  -0.00033156754899098755
-2.457602446343516  616  341  340.7119300570637  2.7380215244843384  -0.010055036230259582
-2.457602446343516  616  371  371.3776912115253  2.73684156064553  -0.004938542452768673
-2.457602446343516  617  402  401.71640169672844  2.7768035104976434  -0.011833695123934576
-2.457602446343516  617  431  431.45805391344925  2.7503543093264398  0.011706837165966636
-2.457602446343516  617  461  460.6158623324435  2.7682565447263414  -0.02609315938032836
-2.457602446343516  617  489  489.42701530830055  2.887400124928945  0.000744853414604233
-2.457602446343516  617  518  517.7357701043518  2.8931416256900775  -0.001558628281495579
-2.457602446343516  617  546  545.5811810555058  2.900641754051094  -0.004773673197341227
-2.457602446343516  617  573  572.9575796391185  2.9886926569894285  -0.02032989909056049
-2.457602446343516  617  600  600.005703800448  3.0146136653233953  4.745335198983437e-05
-2.457602446343516  617  627  626.5402774088137  3.0714677596943147  -0.011521344051248304
-2.457602446343516  616  653  652.6412970277732  3.0023382014239814  -0.021884692403686117
-2.457602446343516  616  678  678.3948745474636  3.1229173566732698  -0.01656371455110642
-2.457602446343516  616  704  703.8452677383772  3.1714193163950313  -0.003031179593001896
-2.457602446343516  615  729  728.7527058592711  3.209584407679131  -0.018734799888762293
-2.457602446343516  615  753  753.4156065900886  3.163574642595677  -0.0017921396838841046
-2.457602446343516  614  778  777.6643736744744  3.1694752781722855  -0.004481258137845002
-2.457602446343516  614  802  801.6883775636888  3.194108323137698  -0.00615296351457081
-2.457602446343516  613  825  825.2438162021957  3.150212561692797  -0.011601321410691588
-2.457602446343516  613  848  848.5330341816183  3.0403123101021947  -0.03152515917840964
-2.457602446343516  612  872  871.5792649681142  3.108686396876692  -0.00825755913053837
-2.457602446343516  611  894  894.2803390464835  3.058958787753909  -0.004230142020901438
-2.457602446343516  610  917  916.6818626525096  3.0166585089268665  0.0033309031754553036
-2.457602446343516  609  939  938.7994868546833  2.9283990784224443  0.002562363873146647
-2.457602446343516  609  961  960.6411004786162  2.9003350638438405  -0.01977800090143552
-2.457602446343516  608  982  982.2448981225011  2.8564182429690845  -0.014362651544190128
-2.457602446343516  607  1004  1003.5832261677839  2.7665640485499807  0.00852368841752541
-2.234897446343516  606  38  38.46887004835104  2.9217964751180148  -0.020649510885910573
-2.234897446343516  607  74  74.41428941808043  3.0892928222025375  -0.0010451954711196195
-2.234897446343516  609  110  109.86385479265404  2.8017453022298184  0.006713944072790975
-2.234897446343516  610  144  144.46719846379747  2.9670141690738205  -0.03208854147663955
-2.234897446343516  611  179  178.6146966679323  2.753197986721318  -0.014086796949878362
-2.234897446343516  612  212  212.08918147844176  2.8020922367379058  -0.026341558326419986
-2.234897446343516  613  245  245.13873944337013  2.8875106669606225  0.005726724975434714
-2.234897446343516  614  278  277.4893736600986  2.6835008661016673  -0.009330347360307288
-2.234897446343516  614  309  309.2283726461248  2.8680201913225574  -0.0019401129904018162
-2.234897446343516  615  341  340.5722301290883  2.6948341616219977  -0.004816721459005553
-2.234897446343516  615  371  371.21184736530404  2.777298452059995  -0.019615456372039645
-2.234897446343516  616  402  401.60944432487037  2.7688659281026275  0.0011687772055337434
-2.234897446343516  616  431  431.32747929199786  2.7443894321085054  0.012415570792274679
-2.234897446343516  616  460  460.4822486547696  2.753219633818219  -0.0314059710132939
-2.234897446343516  616  489  489.28727611860705  2.9047229432086397  -0.00415641944075876
-2.234897446343516  616  518  517.6103026604161  2.865666311530731  0.003603810272155659
-2.234897446343516  616  545  545.4604218079402  2.8987693133065022  -0.00908543869192526
-2.234897446343516  616  573  572.8165211108582  2.9864760582059944  -0.03274380396155012
-2.234897446343516  616  600  599.8696498999836  3.0513364312671456  -0.00367030261729438
-2.234897446343516  616  626  626.425804532701  3.0688335100521726  -0.010505514563572953
-2.234897446343516  616  653  652.6119532976  3.0876761170400187  -0.015410877416195227
-2.234897446343516  615  678  678.2805391714807  3.112937540759276  -0.017618438467564248
-2.234897446343516  615  704  703.7586695708329  3.1667272842128114  0.0006020728686082436
-2.234897446343516  614  729  728.6482678082712  3.1677966845837773  -0.027320393659733953
-2.234897446343516  614  753  753.3385779328963  3.164553207543804  0.00140166448679687
-2.234897446343516  613  778  777.5727915194587  3.135489187992789  -0.013964200642901279
-2.234897446343516  613  802  801.596308974714  3.17040323624542  -0.0069335122478313
-2.234897446343516  612  825  825.1716208275041  3.1932184175404927  -0.005619747302758597
-2.234897446343516  612  848  848.5049231829234  3.097444643289691  -0.025829035744190616
-2.234897446343516  611  872  871.5111232455641  3.0719927683692276  -0.011645064700032437
-2.234897446343516  610  894  894.1944044494336  3.0403258111398372  -0.00037307915455386424
-2.234897446343516  609  917  916.5956601442147  2.978684517300053  -0.006592390073452058
-2.234897446343516  609  939  938.758511927404  2.970305054295295  -7.727468675019812e-05
-2.234897446343516  608  961  960.5784632367547  2.8849169506620456  -0.020247608755726853
-2.234897446343516  607  982  982.1850858247643  2.8427009428985457  -0.008319075777084212
-2.234897446343516  606  1004  1003.5327838998302  2.765055902071481  0.013604677644163548
-2.012192446343516  605  38  38.27267008492307  2.9417761539779548  -0.024439517081701858
-2.012192446343516  606  74  74.23462619967175  3.0546722182539128  -0.003812193459167282
-2.012192446343516  608  110  109.67177520618114  2.81381915623345  0.0024430797926221423
-2.012192446343516  609  144  144.3391396446548  3.010603648324036  -0.0133719407924197
-2.012192446343516  610  178  178.48731894178334  2.7127484236367536  -0.0005576694075715752
-2.012192446343516  611  212  211.93622617703994  2.841879419386288  -0.025751657353760775
-2.012192446343516  612  245  244.98210028621645  2.8658249001007334  0.006340634124109785
-2.012192446343516  613  277  277.32395883113185  2.700151520676627  -0.016075023165518787
-2.012192446343516  613  309  309.0875207109906  2.915680871608629  -0.001847146184929952
-2.012192446343516  614  340  340.41393546887576  2.666606205757489  -0.014091013456420035
-2.012192446343516  614  371  371.0833027553949  2.815897275823886  -0.022423138857800246
-2.012192446343516  615  401  401.47731008272456  2.7881477354105755  0.009570823965205338
-2.012192446343516  615  431  431.188647424842  2.8166803301537584  0.0146184251766905
-2.012192446343516  615  460  460.3596476648095  2.7760910033296113  -0.03272236220729481
-2.012192446343516  615  489  489.1380907665028  2.9234156913205425  -0.014414860029984811
-2.012192446343516  615  518  517.5021210254181  2.8609339514937346  0.003646504153983413
-2.012192446343516  615  545  545.3383196455679  2.918412209647613  -0.003616247930268096
-2.012192446343516  615  573  572.7117280324513  2.980269814161261  -0.03638276618194132
-2.012192446343516  615  600  599.7548838774846  3.072651152960816  -0.004786223322498661
-2.012192446343516  615  626  626.3275861170198  3.050203065734877  -0.010932234897168738
-2.012192446343516  615  652  652.4923967176552  3.0694170243826875  -0.021347842287212104
-2.012192446343516  614  678  678.1777787788488  3.0832950056427535  -0.019561459473592887
-2.012192446343516  614  704  703.6472001521505  3.1907979030142997  -0.0004482597118280381
-2.012192446343516  614  729  728.6533678474084  3.202570897998612  -0.016844312889521023
-2.012192446343516  613  753  753.2633061620397  3.183180624208262  0.006779583201191543
-2.012192446343516  613  778  777.5774689270028  3.145926741742187  -0.0024074796701946226
-2.012192446343516  612  802  801.5086268696077  3.157258849802247  -0.0013794296874386682
-2.012192446343516  611  825  825.110334786638  3.184440239787591  -0.0008048282877189597
-2.012192446343516  611  848  848.4437630121884  3.061642930837934  -0.026072586566135442
-2.012192446343516  610  871  871.4517895991456  3.024217204113711  -0.0013099144338566875
-2.012192446343516  609  894  894.1335522222149  3.0134516212531253  0.00512544994743658
-2.012192446343516  609  917  916.5731260620948  2.875421204154918  0.01175553559150806
-2.012192446343516  608  939  938.7025531779  2.9653901299170684  -0.005859309328744562
-2.012192446343516  607  961  960.5360067205152  2.8750214488054553  -0.004690363201015804
-2.012192446343516  606  982  982.098153539264  2.799631796699259  -0.022095482758402087
-2.012192446343516  605  1003  1003.4568117793063  2.80763548447635  0.015115359287839728
-1.7894874463435162  604  38  38.097061957182696  2.9640848238786504  -0.027634614320385224
-1.7894874463435162  605  74  74.17167115739406  3.250726270688091  0.012503180902611783
-1.7894874463435162  607  110  109.49153079946993  2.8363017919849653  0.00032547026619007835
-1.7894874463435162  608  144  144.17657077185305  3.030998764181163  -0.01658406355466091
-1.7894874463435162  609  178  178.31621835355574  2.7512230313714667  -0.00302743536897861
-1.7894874463435162  610  212  211.77474185061544  2.819065952520873  -0.028286591423102518
-1.7894874463435162  611  245  244.79348656726205  2.8652776558785717  -0.009451305943467585
-1.7894874463435162  612  277  277.1551318849669  2.7436932971077113  -0.02247188668982251
-1.7894874463435162  612  309  309.0257120921694  3.0330967633832415  -0.0011805241230551094
-1.7894874463435162  613  340  340.28539223957944  2.673353190567127  -0.0038658980698830997
-1.7894874463435162  614  371  370.9892214319048  2.9575436836883  -0.027187250048730387
-1.7894874463435162  614  401  401.35304672217063  2.8337537356337634  0.015278618413742683
-1.7894874463435162  614  431  431.0305811553096  2.7875626352811196  -0.0021611986727695176
-1.7894874463435162  614  460  460.2358348315666  2.8063510616775034  -0.025805630437486494
-1.7894874463435162  614  489  489.00206272283225  2.9897320492285075  -0.049498746656037054
-1.7894874463435162  615  518  517.5021210254181  2.8609339514937346  0.003646504153983413
-1.7894874463435162  615  545  545.3383189114152  2.9184084959513257  -0.003621177539023599
-1.7894874463435162  614  573  572.6143986625283  2.996551298637087  -0.027302913598636458
-1.7894874463435162  614  600  599.6199057391062  3.0413166602720594  -0.01227212551391059
-1.7894874463435162  614  626  626.2459180785613  3.013611244812637  -0.006116284502447516
-1.7894874463435162  614  652  652.410311191407  3.084395256632888  -0.011745770926871778
-1.7894874463435162  613  678  678.1298503773165  2.972176552174915  -0.020364150599868718
-1.7894874463435162  613  704  703.5400039818346  3.168638279657671  0.0001288927999860262
-1.7894874463435162  613  729  728.5979002435249  3.1733222506647962  -0.006063007567998639
-1.7894874463435162  612  753  753.1483380859468  3.151577857417351  -0.0027157844646290416
-1.7894874463435162  612  777  777.4635736333569  3.168553997104709  -0.013779474574300989
-1.7894874463435162  611  801  801.4375448056644  3.159866632589228  0.0005137485209174794
-1.7894874463435162  610  825  825.0600561651419  3.1316377259322508  -0.0023087255133755857
-1.7894874463435162  610  848  848.3927930346418  3.130437821241003  -0.010116960528284594
-1.7894874463435162  609  871  871.3837347802562  3.0442885646752984  -0.0012732485686972723
-1.7894874463435162  608  894  894.0442825423967  3.017020390970174  -0.009788617480389481
-1.7894874463435162  608  916  916.5068932648231  2.9667959841590346  -0.004016544800077573
-1.7894874463435162  607  939  938.6442095015373  2.9217284049948375  0.0014449947707632397
-1.7894874463435162  606  960  960.4712130589445  2.873872326206765  -0.011782265228885922
-1.7894874463435162  605  982  982.0529164989881  2.7989073028079474  -0.01688598439162559
-1.7894874463435162  604  1003  1003.4069799522092  2.8030545123831416  0.017749440093089514
-1.5667824463435163  603  38  37.916634812748214  3.041106370691523  -0.026036583780698855
-1.5667824463435163  605  74  74.06521356307113  3.196859226897928  0.03823379521093883
-1.5667824463435163  606  109  109.31987465522893  2.8583502156120915  -0.0004926371574285362
-1.5667824463435163  607  144  144.02143117636012  3.0537536876788636  -0.007604765030169171
-1.5667824463435163  608  178  178.1274169118334  2.7637244479918195  -0.008246403639286857
-1.5667824463435163  609  212  211.6118746363285  2.8732492310769544  -0.023454186219880258
-1.5667824463435163  610  245  244.66117083001274  2.786864961312858  0.0010610386096327905
-1.5667824463435163  611  277  276.99824584832237  2.741406869514435  -0.029189278856984798
-1.5667824463435163  612  309  308.96300174868054  2.9065526295378277  0.0006389646398824191
-1.5667824463435163  612  340  340.12842843805345  2.6653962889099603  -0.013997454378469219
-1.5667824463435163  613  371  370.92086371590574  2.7925547996538853  -0.03185834312317532
-1.5667824463435163  613  401  401.18974527573494  2.848969453589575  0.007840958667212343
-1.5667824463435163  613  431  430.88118838680236  2.8031743911814146  -0.019030385520785707
-1.5667824463435163  613  460  460.09276898314266  2.780170250687263  -0.028106365287484808
-1.5667824463435163  614  489  489.0024056037409  2.928898462261145  -0.01929651991196709
-1.5667824463435163  614  517  517.388724284497  2.85775379313111  0.01730445477930192
-1.5667824463435163  614  545  545.205793565613  2.9331309325225448  -0.009690998068857355
-1.5667824463435163  614  573  572.614383520004  2.9964335562689257  -0.02737067875884251
-1.5667824463435163  613  600  599.4945794867394  3.049194490614127  -0.010527087961624165
-1.5667824463435163  613  626  626.1153250922877  2.998237251730643  -0.015575107230892591
-1.5667824463435163  613  652  652.3313075837805  3.0610180443823083  -0.008420895670846524
-1.5667824463435163  613  678  678.0659081752591  3.081650796905251  -0.023819373752169845
-1.5667824463435163  612  703  703.4634828167001  3.170830612733198  0.008977314746511486
-1.5667824463435163  612  728  728.4956655429135  3.153870684828007  -0.0129726558535628
-1.5667824463435163  611  753  753.0356767580251  3.1842269301057513  -0.011330842745140469
-1.5667824463435163  611  777  777.3710123882094  3.1291874950004512  -0.019153106170433882
-1.5667824463435163  610  801  801.3374717323327  3.17457481262727  -0.009209643927637127
-1.5667824463435163  610  825  825.0137672006321  3.1945150043366084  -0.008414191443639855
-1.5667824463435163  609  848  848.3170978763414  3.106449395422487  -0.008181006223301484
-1.5667824463435163  608  871  871.296940417852  3.067747757308098  -0.0028424259933141627
-1.5667824463435163  608  894  894.0091577300173  2.9353093634865672  -0.001994086751728109
-1.5667824463435163  607  916  916.4126596080475  2.9234135532608434  -0.01148343747580631
-1.5667824463435163  606  938  938.543851376914  2.9149476596624027  -0.017256747205597226
-1.5667824463435163  605  960  960.4176653548719  2.9227323616216836  -0.006359265969400514
-1.5667824463435163  604  982  981.9985560951061  2.805491107653779  -0.009861253073157593
-1.5667824463435163  603  1003  1003.333814269184  2.812622838302559  0.01021994514576935
-1.3440774463435163  602  38  37.74341124124532  3.019516117897325  -0.024543466854819077
-1.3440774463435163  604  74  73.88873217482451  3.0738681003884096  0.00839641577894046
-1.3440774463435163  605  109  109.12359841771688  2.905055908632079  -0.014098288423469966
-1.3440774463435163  606  144  143.86593018346176  3.023549805630637  -0.0007753776329417875
-1.3440774463435163  607  178  177.9437671336345  2.749879450527203  -0.014849008096388474
-1.3440774463435163  608  212  211.48095763403603  2.9146581335941733  -0.014824900333298007
-1.3440774463435163  609  244  244.4800238272193  2.6985112607063115  -0.013217234634912887
-1.3440774463435163  610  277  276.8318885053769  2.7264037320169336  -0.0447607226081248
-1.3440774463435163  611  309  308.78364896902633  2.8778939264786914  -0.014268808616597621
-1.3440774463435163  611  340  339.9725854471049  2.6345057700429493  -0.018259744741614573
-1.3440774463435163  612  371  370.76381233867596  2.806327955578979  -0.04475893063252028
-1.3440774463435163  612  401  401.05608899805594  2.847719462856162  0.008449568428502766
-1.3440774463435163  612  431  430.7186505745407  2.7604638923044718  -0.03426904421411234
-1.3440774463435163  613  460  460.09285186585845  2.7804624729345733  -0.02751405228303733
-1.3440774463435163  613  489  488.90290721613235  2.9297723113934353  -0.008243169538148725
-1.3440774463435163  613  517  517.2672771043115  2.8743466183417468  0.01619712890542301
-1.3440774463435163  613  545  545.090080572247  2.923656467115279  -0.01275240450994298
-1.3440774463435163  613  572  572.4835807533144  2.991228830193677  -0.034338200794637425
-1.3440774463435163  613  600  599.482005090483  2.9393931017411887  0.009497138875090924
-1.3440774463435163  612  626  626.0061498781541  2.972328368056651  -0.00577243183982041
-1.3440774463435163  612  652  652.2080342338372  3.0610198659051093  -0.008862258109434563
-1.3440774463435163  612  678  677.997983587024  3.136821505562466  -0.012364922180058345
-1.3440774463435163  611  703  703.3798833235896  3.1946020722032245  0.009603918504543599
-1.3440774463435163  611  728  728.3720300323577  3.0951529827584636  -0.02069355743885432
-1.3440774463435163  610  753  752.9285227667326  3.178468957564405  -0.021448385955285674
-1.3440774463435163  610  777  777.2964508888641  3.1846050853014276  -0.01629797480738431
-1.3440774463435163  609  801  801.2484671298391  3.2346900297650336  -0.0076179815411627026
-1.3440774463435163  609  825  824.9181432315706  3.2122395820792917  -0.011363694690304916
-1.3440774463435163  608  848  848.2237485587337  3.0839978302394684  -0.011866366901401231
-1.3440774463435163  607  871  871.2162963137847  3.043940850552872  -0.0022861398933090985
-1.3440774463435163  607  894  893.9687474413779  2.9668325984130206  -0.0013764018761745515
-1.3440774463435163  606  916  916.3543431832617  2.9355801900806  -0.003945068339178453
-1.3440774463435163  605  938  938.4839677324183  2.89305162335404  0.000731277369536645
-1.3440774463435163  604  960  960.3561699522575  2.9074336704329653  -0.006414529079258876
-1.3440774463435163  603  982  981.9377831133245  2.845522415462028  -0.005912746058517037
-1.3440774463435163  602  1003  1003.2687252451707  2.806136094928661  0.00496137352018314
-1.1213724463435164  601  38  37.549463815664616  3.0497305702469717  -0.01823596519301223
-1.1213724463435164  603  74  73.72950487032757  3.047278725301652  0.011125006060483193
-1.1213724463435164  604  109  108.93106822294784  2.8609341793431895  -0.020639211711858757
-1.1213724463435164  605  144  143.7039118566917  3.018953351458663  -0.0035229996179200673
-1.1213724463435164  607  178  177.85751543103547  2.904087520182088  -0.013226918328807671
-1.1213724463435164  607  211  211.39384504383136  3.035257820795863  -0.01284603388159429
-1.1213724463435164  608  244  244.34495125835443  2.715110597175453  0.0010547895171425534
-1.1213724463435164  609  277  276.66691087870214  2.7539284561884187  -0.04882958172438234
-1.1213724463435164  610  309  308.6226614303253  2.8522015485812062  -0.014688506766505452
-1.1213724463435164  610  340  339.838659492222  2.650894960963001  -0.01429912768719116
-1.1213724463435164  611  371  370.6388234056119  2.784561183525966  -0.03849998075847868
-1.1213724463435164  611  401  400.9102263832266  2.8229813762313825  -0.0025437601728430705
-1.1213724463435164  611  431  430.5652159278941  2.7078420191829196  -0.043523517067217195
-1.1213724463435164  612  460  459.95480283644883  2.8330852056937488  -0.026296695297969734
-1.1213724463435164  612  489  488.7771658896255  2.9070282602390307  -0.013188936968592514
-1.1213724463435164  612  517  517.1327459167399  2.8930975155462875  0.012056340402093258
-1.1213724463435164  612  545  544.8780691918432  2.677747483390135  -0.20779477083368242
-1.1213724463435164  612  572  572.380583811525  3.0114909970848203  -0.020228571059037432
-1.1213724463435164  612  599  599.4237359718427  3.040615017207074  0.0005571321797112049
-1.1213724463435164  611  626  625.8903074247582  2.9846361065592646  -0.004025022874072712
-1.1213724463435164  611  652  652.0876244370345  3.0793849780645814  -0.01313611396534262
-1.1213724463435164  611  678  677.8996956727515  3.082323165821208  -0.00914941029425275
-1.1213724463435164  610  703  703.2869194040117  3.2227401120244394  0.016371040779373056
-1.1213724463435164  610  728  728.2876629063903  3.13739261016417  -0.01678707655826648
-1.1213724463435164  610  753  752.8930052719044  3.1221675163637883  -0.018077858026315285
-1.1213724463435164  609  777  777.2094631516997  3.1956230356106516  -0.015984695526419533
-1.1213724463435164  608  801  801.1742357701628  3.2690578323727095  -0.00538363628240621
-1.1213724463435164  608  825  824.8298867009465  3.181982436488397  -0.01482488909540314
-1.1213724463435164  607  848  848.1609713888738  3.0929435077891867  -0.00698165632094506
-1.1213724463435164  606  871  871.1190675196672  3.055620440380835  -0.022218702195604297
-1.1213724463435164  606  894  893.8857840777365  2.9671556372056784  -0.003687414402306799
-1.1213724463435164  605  916  916.294864201523  2.9385925348005912  0.006040815347771375
-1.1213724463435164  604  938  938.4154470687783  2.8743786659892976  -0.004400638401038759
-1.1213724463435164  603  960  960.2848143875829  2.922377791026065  -0.001905558248182133
-1.1213724463435164  602  982  981.8642738479643  2.7910413486005154  -0.020855850768157536
-1.1213724463435164  602  1003  1003.2397086030091  2.7804433712897207  0.011752595402658371
-0.8986674463435165  600  37  37.33300811624554  3.035894744786866  -0.035518927580619
-0.8986674463435165  602  74  73.57736646598673  3.0141430306781274  0.02229462870885846
-0.8986674463435165  603  109  108.7202771730163  2.827166625510202  -0.034104078821319495
-0.8986674463435165  605  144  143.6128478664837  3.1418647233360844  -0.0025446859085485538
-0.8986674463435165  606  178  177.77435514690038  2.718383046639701  -0.0016303672775947128
-0.8986674463435165  607  211  211.34490004561414  2.92345971650974  0.0026927237601354023
-0.8986674463435165  607  244  244.16875850822296  2.7874277399314167  -0.045678443751413514
-0.8986674463435165  608  276  276.50773927833814  2.7611418450626957  -0.05099657817033185
-0.8986674463435165  609  308  308.4837482294307  2.8084628739304662  -0.010981713478418887
-0.8986674463435165  609  340  339.67652660666516  2.63605911599916  -0.021005243056877856
-0.8986674463435165  610  371  370.5186997671579  2.7908629028797236  -0.03316172605786818
-0.8986674463435165  610  401  400.76209093364037  2.8132153687197388  -0.01292828711178488
-0.8986674463435165  611  431  430.56537546142357  2.7114406311922608  -0.04154252715322544
-0.8986674463435165  611  460  459.8460464009414  2.8465964344271697  -0.022321778588886856
-0.8986674463435165  611  489  488.64611258981085  2.882103313635298  -0.017257369293603896
-0.8986674463435165  611  517  516.9730132657065  2.890842513206053  -0.0063701911564260074
-0.8986674463435165  611  545  544.7845863190386  2.8781167731308415  -0.06703124176937075
-0.8986674463435165  611  572  572.2660120661335  3.0115024649965108  -0.02284348843554194
-0.8986674463435165  611  599  599.3451021926201  3.0008275891650555  0.01652774298570246
-0.8986674463435165  610  626  625.8331714135037  2.8916122293035187  -0.0019429586231585476
-0.8986674463435165  610  652  651.9670704915548  3.0940889084338323  -0.01863480537528926
-0.8986674463435165  610  678  677.8205343141086  3.155608008399895  -0.009488403917380176
-0.8986674463435165  610  703  703.2752647353625  3.117196569169778  0.034169359837541116
-0.8986674463435165  609  728  728.1892104874482  3.141533730452011  -0.011914573063429326
-0.8986674463435165  609  753  752.8451415114902  3.166791711171527  -0.02191639676822117
-0.8986674463435165  608  777  777.1257333068887  3.2044123804867013  -0.012181114458828577
-0.8986674463435165  608  801  801.1717151361432  3.2114661240266287  0.009655171612798564
-0.8986674463435165  607  825  824.7476406049632  3.164052618127016  -0.01624653562856678
-0.8986674463435165  606  848  848.0854817803697  3.102876658353807  -0.002321223890866569
-0.8986674463435165  606  871  871.1311491069941  3.1032500889057246  0.0011383454038092842
-0.8986674463435165  605  894  893.8259330124205  3.0010393797479082  0.008626710456567018
-0.8986674463435165  604  916  916.2235732210816  2.9747106716131384  0.0005399924409528424
-0.8986674463435165  603  938  938.3580908866766  2.8985997703262  0.004236842371700493
-0.8986674463435165  602  960  960.2044734373205  2.869403552321046  -0.015668675237722095
-0.8986674463435165  602  982  981.8263716314987  2.7507875356377554  0.004572596464159612
-0.8986674463435165  601  1003  1003.182292202645  2.8400673987136997  0.005357406341259736
-0.6759624463435165  599  37  37.145414272288505  3.2463413684291282  -0.0586471238649399
-0.6759624463435165  601  73  73.39124196202165  3.054918609987169  0.024824208589007513
-0.6759624463435165  602  109  108.5223835016944  2.8314951193650586  -0.04606697953932132
-0.6759624463435165  604  144  143.5490344551459  2.9948261658882984  0.014451999417689028
-0.6759624463435165  605  178  177.60150267401903  2.718539826156814  -0.006239877554164479
-0.6759624463435165  606  211  211.1476222451491  3.0120663769574776  -0.015484724828905927
-0.6759624463435165  607  244  244.17227518724107  2.686811100672287  0.006096011083693195
-0.6759624463435165  607  276  276.3605871998949  2.7626410278592743  -0.042537639833663834
-0.6759624463435165  608  308  308.34965717028484  2.777101569149522  -0.008975281775690833
-0.6759624463435165  609  340  339.676389008538  2.6338157867559175  -0.01729460072347145
-0.6759624463435165  609  370  370.37777947568566  2.7949872857036553  -0.029449991467416343
-0.6759624463435165  609  401  400.6190070340696  2.770648082861726  -0.007330967837428184
-0.6759624463435165  610  430  430.43367398854133  2.675771967422861  -0.031152536818324
-0.6759624463435165  610  460  459.7124226596733  2.8703929312594028  -0.02007209857682869
-0.6759624463435165  610  488  488.50919165570593  2.8577827139270084  -0.01542221790103378
-0.6759624463435165  610  517  516.8243626957004  2.8893898805150684  -0.018448182709282973
-0.6759624463435165  610  545  544.67803673506  2.899424915828945  -0.035452206301203965
-0.6759624463435165  610  572  572.1486937343305  3.0059987405536504  -0.0202404261128558
-0.6759624463435165  610  599  599.2507595540296  2.9775128373105417  0.023124206880602367
-0.6759624463435165  610  626  625.7895431507462  2.9587250443369157  -0.004931948515377061
-0.6759624463435165  609  652  651.8394810010882  3.0434496640757516  -0.021395509073942172
-0.6759624463435165  609  678  677.7083573475666  3.1412253173120916  -0.006558129067573543
-0.6759624463435165  609  703  703.1493094820231  3.2412171204944116  0.0006437140391547942
-0.6759624463435165  608  728  728.0674290298017  3.121312349563368  -0.012221126836414596
-0.6759624463435165  608  753  752.7309339296656  3.1310223164562103  -0.028799165430384414
-0.6759624463435165  607  777  777.0146947981038  3.2201647899528325  -0.02319902016017952
-0.6759624463435165  607  801  801.0895455885305  3.2478454754973427  -0.003979011920277972
-0.6759624463435165  606  825  824.6461760624485  3.1357637360375747  -0.022005487885718607
-0.6759624463435165  605  848  847.9708213805119  3.1360543535163288  -0.010319501051166054
-0.6759624463435165  605  871  871.0357442660684  3.1218750774717137  -0.009406788133115074
-0.6759624463435165  604  894  893.7396932077313  3.0302045829848794  -0.00017956298981593633
-0.6759624463435165  603  916  916.1423607108202  2.9051767547259715  -0.0008222970354218575
-0.6759624463435165  602  938  938.2821885448235  2.900174351120768  4.456727743022349e-05
-0.6759624463435165  602  960  960.1615670293304  2.807131244220045  -0.004333280967556912
-0.6759624463435165  601  982  981.778185436744  2.820090156359811  -0.0013257834167447042
-0.6759624463435165  600  1003  1003.1276856938877  2.8150805857014802  0.0027204280364987836
-0.4532574463435166  599  37  37.07397123861078  3.2737705653729563  -0.01719853513852231
-0.4532574463435166  600  73  73.19368160548544  3.049615687575084  0.0235810240595824
-0.4532574463435166  601  108  108.3517454500953  2.883724946575086  -0.05250753843554489
-0.4532574463435166  603  143  143.37777728848096  2.993511770528869  0.017465647796448013
-0.4532574463435166  604  177  177.4385693038098  2.741738597991116  -0.0026445386597029425
-0.4532574463435166  605  211  210.95799133276248  3.028266715573011  -0.01880630248264949
-0.4532574463435166  606  244  244.00830930759713  2.7041072958611494  -0.002909598774529352
-0.4532574463435166  606  276  276.2107212753313  2.7683456391550294  -0.037033431507129226
-0.4532574463435166  607  308  308.20983720153  2.7639884329536244  0.004647687640462451
-0.4532574463435166  608  340  339.5255661088868  2.6354334493479428  -0.01311711292453935
-0.4532574463435166  608  370  370.23802348269606  2.8104997728585204  -0.01994936046974822
-0.4532574463435166  608  400  400.4988998281864  2.8801494018742915  -0.03201046283559222
-0.4532574463435166  609  430  430.3067059308813  2.704116095684469  -0.0298489392208103
-0.4532574463435166  609  460  459.6058786413131  2.8942282970755286  -0.007062248372895397
-0.4532574463435166  609  488  488.3860337771992  2.828190673818426  -0.00681677180228262
-0.4532574463435166  609  517  516.6768158409577  2.871539389517693  -0.0356960580206626
-0.4532574463435166  609  545  544.567050513182  2.925582692885314  -0.03124921096069412
-0.4532574463435166  609  572  572.040706986877  3.006435266073595  -0.011410382943001842
-0.4532574463435166  609  599  599.1138003703302  3.030260661454122  0.011936771574073907
-0.4532574463435166  609  626  625.6634548479446  3.009346208139732  -0.006430026508154009
-0.4532574463435166  608  652  651.7300566950802  3.0481028502117624  -0.01541541247464163
-0.4532574463435166  608  678  677.5910797585514  3.186233473980792  -0.0002764624706361969
-0.4532574463435166  608  703  703.0280769269958  3.2214267777626446  -0.0024431062235295005
-0.4532574463435166  607  728  727.9592583931492  3.142195678591179  -0.012475153008672935
-0.4532574463435166  607  753  752.6368784929912  3.0911059197421764  -0.031830901697410006
-0.4532574463435166  606  777  776.8977102456688  3.2756922474409293  -0.030717542982913834
-0.4532574463435166  606  801  800.9795029543169  3.2560425643716826  -0.01209093006670158
-0.4532574463435166  605  825  824.5545747739909  3.1331844513700844  -0.0223650960098418
-0.4532574463435166  604  848  847.8889360788061  3.038104972876681  -0.02604594111887757
-0.4532574463435166  604  871  870.9447435785564  3.1234724520898  -0.017184855660374546
-0.4532574463435166  603  894  893.6624371899269  2.9843428035778743  0.007142557628671254
-0.4532574463435166  602  916  916.072372345699  2.9412120466981833  0.0026726449886465553
-0.4532574463435166  601  938  938.2233103830645  2.8039082300374503  -0.011314326868528549
-0.4532574463435166  601  960  960.1253325453529  2.910956165410653  0.00337793907192538
-0.4532574463435166  600  982  981.6992425171348  2.8559355130857966  -0.016997746258871797
-0.4532574463435166  599  1003  1003.0543820637255  2.830443643122635  -0.0027358915563648473
-0.23055244634351668  598  37  36.95726285848313  3.130124810471557  -0.02706368764217262
-0.23055244634351668  599  73  73.01113410108964  3.0354653525760398  0.0223940532336877
-0.23055244634351668  601  108  108.29576617067914  3.1014234585003067  -0.01373907157692172
-0.23055244634351668  602  143  143.18973951062597  3.0214834046376495  0.01631853186127277
-0.23055244634351668  603  177  177.25932946799662  2.841553718642672  -0.002411778449429421
-0.23055244634351668  604  211  210.78749024172444  2.955470748856243  -0.023576670611233225
-0.23055244634351668  605  244  243.8176782450869  2.70355294085212  -0.013421779551645278
-0.23055244634351668  606  276  276.1283729021775  2.985880980230604  -0.023309212290535324
-0.23055244634351668  606  308  308.0626552058915  2.765931070369902  0.005614244571838726
-0.23055244634351668  607  339  339.36713501196664  2.6424091220399077  -0.01042897033315467
-0.23055244634351668  607  370  370.0798978875307  2.8158602157761834  -0.019705698059747766
-0.23055244634351668  608  400  400.4791002996237  2.7559296577564965  -0.006135067071461518
-0.23055244634351668  608  430  430.16047805676976  2.731028795313023  -0.03555279185149032
-0.23055244634351668  608  459  459.47152188511757  2.904210621588163  -0.0014418856788593513
-0.23055244634351668  608  488  488.2706695791179  2.8375057031423694  -0.0014060889769018173
-0.23055244634351668  608  517  516.5451878689834  2.855347814248489  -0.03617315982086688
-0.23055244634351668  608  544  544.4414945213356  2.9144184188373856  -0.03166993535832259
-0.23055244634351668  608  572  571.9142905503315  3.026414649296612  -0.010563191728552128
-0.23055244634351668  608  599  598.9499962190923  3.016192915847114  -0.00164132701835761
-0.23055244634351668  608  626  625.5387920256828  2.998166208342809  -0.014493512567504734
-0.23055244634351668  608  652  651.7301560716149  3.0490075354825876  -0.0144072938800503
-0.23055244634351668  607  678  677.4911864255242  3.1425913499022045  0.0065548296548510205
-0.23055244634351668  607  703  702.9346039385835  3.200170904567358  0.0017036683224450793
-0.23055244634351668  606  728  727.8863121773461  3.1119706527902053  -0.0074023644971638455
-0.23055244634351668  606  752  752.5234820026395  3.1363116977526033  -0.03498814687368224
-0.23055244634351668  605  777  776.7996981804499  3.237788324214989  -0.028596269472490016
-0.23055244634351668  605  801  800.8766457491905  3.2392447494025873  -0.01573078961951068
-0.23055244634351668  604  824  824.4768100890508  3.1046431515776476  -0.018192725020865837
-0.23055244634351668  604  848  847.8928106581897  3.1165479096570152  -0.0008383194137147502
-0.23055244634351668  603  871  870.8690824573787  3.0826449011899513  -0.013620910964140956
-0.23055244634351668  602  894  893.5720425357729  2.973516721379383  0.00608107390972272
-0.23055244634351668  601  916  915.9966475526626  2.9741971560413276  0.0015097590503709085
-0.23055244634351668  601  938  938.1940998017759  2.89272782184662  -0.00045146810672516414
-0.23055244634351668  600  960  960.0664853898364  2.896758264615073  0.013796631483706377
-0.23055244634351668  599  982  981.7044919719409  2.9195201353572884  0.010324522375143228
-0.23055244634351668  598  1003  1002.9696464722451  2.8436115507493014  -0.011611583204015207
-0.00784744634351675  597  37  36.73976799184267  3.158084490866898  -0.03767665292231305
-0.00784744634351675  598  73  72.81138194262022  2.973915556578234  0.012594042422572373
-0.00784744634351675  600  108  108.18115822869824  2.8909610545753424  -0.031018835291820812
-0.00784744634351675  601  143  142.9933523853377  2.9823939876866916  0.00843650248817109
-0.00784744634351675  602  177  177.06276071374464  2.8371876696359664  -0.01887426800239588
-0.00784744634351675  603  211  210.62989567518576  2.933191579779816  -0.015106067009945854
-0.00784744634351675  604  244  243.65638081015538  2.6787062244705453  -0.008099353036481134
-0.00784744634351675  605  276  276.04556334484835  2.8077192496607495  -0.03392136099427294
-0.00784744634351675  605  308  307.910028813356  2.773135361302252  0.012153274299604899
-0.00784744634351675  606  339  339.2051411583027  2.7571282819797034  -0.01622479912330466
-0.00784744634351675  606  370  369.968222094664  2.8180453129288026  -0.007851110206365131
-0.00784744634351675  607  400  400.34702823821016  2.7098853228301323  0.007374551174015487
-0.00784744634351675  607  430  430.0287350086742  2.794042312647548  -0.02329743039486243
-0.00784744634351675  607  459  459.30368939362444  2.972966246292458  -0.010722321877957682
-0.00784744634351675  607  488  488.1430339423292  2.8338663825094272  0.0027060824167960584
-0.00784744634351675  607  516  516.4334812883761  2.8138345018811606  -0.03195288262954424
-0.00784744634351675  607  544  544.2814595890621  2.8899203304101775  -0.03892785474097362
-0.00784744634351675  607  572  571.8139699572924  3.019747357992401  0.002895807059241915
-0.00784744634351675  607  599  598.8114276151356  2.9936355770914815  -0.00918883048880111
-0.00784744634351675  607  625  625.4281494821573  2.9741076181933295  -0.0054969293149243065
-0.00784744634351675  607  652  651.6151754112194  3.054451789494351  -0.01614987923833147
-0.00784744634351675  606  677  677.3865865757886  3.1568083871636645  0.005563559484970898
-0.00784744634351675  606  703  702.8070357835929  3.1699615375944177  -0.0032629204848033336
-0.00784744634351675  606  728  727.8466067590214  3.002169012964714  0.0008821282712128286
-0.00784744634351675  605  752  752.4403051595389  3.0989226458231087  -0.029329000793387003
-0.00784744634351675  605  777  776.7645319859565  3.1398520609378693  -0.022808903407872193
-0.00784744634351675  604  801  800.7791315067203  3.2174610650456543  -0.018326619309023014
-0.00784744634351675  603  824  824.4095501017794  3.097747803903985  -0.004127388402465318
-0.00784744634351675  603  848  847.7902140776841  3.119500195914952  -0.010827717254811228
-0.00784744634351675  602  871  870.7656606993556  3.0572587044995316  -0.021494672047579332
-0.00784744634351675  601  893  893.4669849192658  2.9734268019649335  -0.003440056933774771
-0.00784744634351675  600  916  915.9511586040329  2.9215547556336787  0.0011766607831603217
-0.00784744634351675  600  938  938.1182883395617  2.9223000098502325  -0.0009306149773016503
-0.00784744634351675  599  960  959.9686831978375  2.896835731487272  -0.001431831527235021
-0.00784744634351675  598  982  981.6436745572464  2.7238886392244694  0.038161979675084945
-0.00784744634351675  597  1003  1002.8741082813924  2.819157144235305  -0.019807713291689424
0.21485755365648318  596  37  36.563522700684054  3.143015792943956  -0.03564563562375727
0.21485755365648318  597  73  72.606215944604  2.92880923151381  0.008464047009765828
0.21485755365648318  599  108  107.97981393163732  2.9511574411743453  -0.040187405114214834
0.21485755365648318  600  143  142.8121878674827  2.9327622203648502  0.0044497424057246765
0.21485755365648318  601  177  176.84553613518636  2.826364407443805  -0.03513268721594569
0.21485755365648318  602  210  210.49567752943096  2.9382062433054443  -0.004914248711832033
0.21485755365648318  603  244  243.48236845397312  2.678127848600923  -0.0007325647993577391
0.21485755365648318  604  276  275.8882948560637  2.802468032697334  -0.034930616893555616
0.21485755365648318  604  308  307.7313923585937  2.7519829497467754  0.004531291780618944
0.21485755365648318  605  339  339.03976444201896  2.8060521942205696  -0.026420778812093294
0.21485755365648318  605  370  369.8140161990875  2.8090400263915853  -0.0017468101597587864
0.21485755365648318  606  400  400.21349117425575  2.7150593353335353  0.010608830847465781
0.21485755365648318  606  430  429.87234342271387  2.7721637440008635  -0.03131196823583047
0.21485755365648318  606  459  459.16464219535095  2.939136240956259  -0.014478561904653141
0.21485755365648318  606  488  487.99105999450103  2.8094006174554806  -0.004901850047178062
0.21485755365648318  606  516  516.2959093194809  2.8021369328239416  -0.028961134612965813
0.21485755365648318  606  544  544.1777400884981  2.8930750387688704  -0.0278037924606463
0.21485755365648318  606  572  571.6891151111723  2.998831114164659  0.0034488300094872096
0.21485755365648318  606  599  598.6832605410893  2.9766864754617472  -0.020702179653246222
0.21485755365648318  606  625  625.2950763778573  3.011751359218124  -0.012736559208400881
0.21485755365648318  606  652  651.5069462590452  3.089971909115775  -0.011366402835266985
0.21485755365648318  605  677  677.2514881863435  3.208953769084019  -0.003560957966762108
0.21485755365648318  605  703  702.7010482404033  3.1894480938678953  -0.007118028875071001
0.21485755365648318  605  728  727.7649225162484  3.1063469967568835  -0.00820385289867117
0.21485755365648318  604  752  752.3470576581003  3.1155427007787466  -0.02460264557937077
0.21485755365648318  604  777  776.715555200721  3.2537576847054197  -0.024475672551408117
0.21485755365648318  603  801  800.6585860074962  3.1565781423583985  -0.021956107105721327
0.21485755365648318  602  824  824.3000229553143  3.156244530723825  -0.016607667582527963
0.21485755365648318  602  848  847.6962395769517  3.105016436250253  -0.008921217061378404
0.21485755365648318  601  871  870.6818643693716  3.0508004990247173  -0.02467887836858251
0.21485755365648318  600  893  893.4207044523085  3.001460329784777  0.0017390337382182997
0.21485755365648318  600  916  915.9126992456352  2.987802907052128  0.007121799673047105
0.21485755365648318  599  938  938.0198952299102  2.9301514198425593  -0.009536886896490385
0.21485755365648318  598  960  959.909111795571  2.8903032829148287  0.004796878383406538
0.21485755365648318  597  981  981.4578495934938  2.7903117381849825  -0.019294134636387086
0.21485755365648318  596  1003  1002.8113505026284  2.8076188429429294  -0.02648447093889023
0.4375625536564831  595  36  36.379700922063336  3.155167396081488  -0.029860820357673977
0.4375625536564831  596  72  72.44525022431185  3.100314932458673  -0.02295554932696786
0.4375625536564831  598  108  107.7867911893004  2.965478044981694  -0.04064562383551987
0.4375625536564831  599  143  142.6471127004957  2.882851273803908  0.003951329895957366
0.4375625536564831  600  177  176.63665857404416  2.8001298097622964  -0.049974931321265084
0.4375625536564831  601  210  210.3333013507583  2.9096025702543784  -0.0024490911153157748
0.4375625536564831  602  243  243.31032758503036  2.7066108280565118  -0.004634671623486237
0.4375625536564831  603  276  275.7396597306608  2.8322982401489867  -0.02838217850271742
0.4375625536564831  603  308  307.61313260215877  2.8974729623098483  -0.017086528443686425
0.4375625536564831  604  339  338.8473192908802  2.770781626538053  -0.04806908604504953
0.4375625536564831  605  370  369.7566319622095  2.93074660228433  0.005853264440403894
0.4375625536564831  605  400  400.0515225644018  2.709216844290836  0.003760893081161451
0.4375625536564831  605  430  429.7065170535933  2.770393773003775  -0.038125127144101295
0.4375625536564831  605  459  459.03319105417216  2.968356804675409  -0.013570567888750551
0.4375625536564831  606  488  487.9964726404154  2.8079335734890947  0.00543527597812869
0.4375625536564831  606  516  516.2959093194809  2.8021369328239416  -0.028961134612965813
0.4375625536564831  606  544  544.1777400884981  2.8930750387688704  -0.0278037924606463
0.4375625536564831  605  572  571.5738996747328  3.027107115523677  0.0068907191177538145
0.4375625536564831  605  599  598.563267367764  2.9913224096060276  -0.015335821703662262
0.4375625536564831  605  625  625.1730343291531  3.008702669472086  -0.014847831673507204
0.4375625536564831  605  651  651.4083510231343  3.111093833725363  -0.005347097036405047
0.4375625536564831  605  677  677.2443380167429  3.0667922359538125  0.026567032038341126
0.4375625536564831  604  703  702.5725505151668  3.163565149717215  -0.011835948290443411
0.4375625536564831  604  728  727.6780805095601  3.1318139142615564  -0.004388424961071151
0.4375625536564831  603  752  752.245165315026  3.1512236020372484  -0.024245820260707315
0.4375625536564831  603  777  776.5927934435512  3.209506515098383  -0.030948179212848845
0.4375625536564831  602  801  800.5589746096128  3.148875484745645  -0.022158214394233974
0.4375625536564831  602  824  824.2904341721677  3.07415128925345  -0.0004016676271668385
0.4375625536564831  601  848  847.5742055605858  3.096850455078993  -0.01823332267350912
0.4375625536564831  600  871  870.5680096581304  3.049345696580758  -0.027351171846217145
0.4375625536564831  599  893  893.3450321307037  2.9046080269656613  -0.0073578594538093595
0.4375625536564831  599  916  915.8242086074634  2.9590896187139606  0.006168714949314605
0.4375625536564831  598  938  937.9691649696937  2.8891823080971335  -0.0021834201807882374
0.4375625536564831  597  960  959.8376063913986  2.8780027723280455  0.005082426472201219
0.4375625536564831  596  981  981.38557667526  3.0007334118854487  -0.00417667492857153
0.4375625536564831  595  1003  1002.7297882266349  2.787827873615015  -0.029122458111013785
0.660267553656483  594  36  36.201013903690345  3.2272840939438368  -0.01746846119057861
0.660267553656483  596  72  72.3369435488741  3.1144683818034906  0.024219496356199167
0.660267553656483  597  108  107.61056602891846  2.979017230450296  -0.031937559782847215
0.660267553656483  598  142  142.47273054010725  2.851981119262234  0.00912544297240247
0.660267553656483  599  176  176.46475151886162  2.829924675359706  -0.050554023264763
0.660267553656483  600  210  210.18137264288183  2.919969676884989  0.010529382061932024
0.660267553656483  601  243  243.10367989263216  2.747626311708416  -0.020862870793591955
0.660267553656483  602  276  275.580658420459  2.865451581239199  -0.02319628115844488
0.660267553656483  603  308  307.57891735731454  2.706775179731835  0.011334235049114967
0.660267553656483  603  339  338.67826808542435  2.7324538045536997  -0.058367430987637574
0.660267553656483  604  370  369.66314136047725  2.844843563568361  0.0004772383189256837
0.660267553656483  604  400  399.89614000423074  2.7011747811269515  -3.091022152857495e-05
0.660267553656483  604  430  429.56814737370354  2.736654532004195  -0.027980538696846927
0.660267553656483  604  459  458.8909001105038  2.9807722575909565  -0.009962634024935267
0.660267553656483  605  488  487.82537279292643  2.820910214887931  -0.01598250188641851
0.660267553656483  605  516  516.1651483674883  2.8294711206629017  -0.019342489566940995
0.660267553656483  605  544  544.0610013036384  2.914263271625259  -0.025738743081111348
0.660267553656483  605  572  571.5739112965429  3.027021570470879  0.006949278403690646
0.660267553656483  604  598  598.4460559618993  2.9483092066961945  -0.010148054297926229
0.660267553656483  604  625  625.0406698267669  3.0306856544935954  -0.021082069988465273
0.660267553656483  604  651  651.2989935770659  3.143376082414079  -0.003429912061554528
0.660267553656483  604  677  677.1441888042501  3.141867709440703  0.0004408647775037721
0.660267553656483  603  702  702.4676194307201  3.0945593542578536  -0.010622429221552631
0.660267553656483  603  728  727.5487927555199  3.137622744023929  -0.010295114442329197
0.660267553656483  602  752  752.1164554105527  3.134149697587077  -0.030853533922711875
0.660267553656483  602  776  776.4750598727603  3.1490142203492724  -0.03762634679584778
0.660267553656483  601  800  800.4798178872352  3.1584648373248  -0.01069766266717463
0.660267553656483  601  824  824.1982801701421  3.124641801227199  -0.017449264673486523
0.660267553656483  600  848  847.5014360338959  3.0643041239068225  -0.015271699075721745
0.660267553656483  599  870  870.4648904155636  3.0735779003458674  -0.029588234911948556
0.660267553656483  599  893  893.2996576757566  2.917920494013174  0.02158682829197798
0.660267553656483  598  916  915.7272461987772  2.948431990559584  -0.0037380934030675685
0.660267553656483  597  938  937.8884691815093  2.8844328316135943  -0.001986704213319694
0.660267553656483  596  960  959.7449839210757  2.86216422770417  -0.0008570961943367352
0.660267553656483  595  981  981.3836693827624  2.9007942870678107  0.05609353464781226
0.660267553656483  594  1003  1002.6503105939553  2.7859136260636888  -0.03641338721952391
0.882972553656483  593  36  36.01764332791569  3.2100508972648782  -0.02034595845978158
0.882972553656483  595  72  72.21811449181111  2.893240635798932  0.015354688640287382
0.882972553656483  596  107  107.43474209370186  3.0539319228804516  -0.027192879541526688
0.882972553656483  597  142  142.2883150287674  2.819504459555901  0.017533045167626684
0.882972553656483  598  176  176.2876239276475  2.8559629744038943  -0.05154126250365015
0.882972553656483  599  210  209.99452544754922  2.894732298860447  0.0034895675507992645
0.882972553656483  600  243  242.90116718040966  2.763763415902133  -0.04484912974494982
0.882972553656483  601  275  275.4196542698087  2.9356274337252444  -0.018433529707123097
0.882972553656483  602  307  307.4412145349408  2.7004109746771974  0.024650738811925338
0.882972553656483  602  339  338.528468032296  2.732957562712386  -0.047003828535111786
0.882972553656483  603  370  369.5039475757551  2.847217515661896  0.004129320278342184
0.882972553656483  603  400  399.7273554191622  2.7222342524863734  -0.005802382159342537
0.882972553656483  603  429  429.427827881638  2.748698054113788  -0.025813108238815084
0.882972553656483  604  459  458.8909818165344  2.982237897418713  -0.009391332820037446
0.882972553656483  604  488  487.71245600153435  2.795846709531247  -0.0038255157575559943
0.882972553656483  604  516  516.0402006644299  2.832928552999647  -0.0219560254315182
0.882972553656483  604  544  543.9277071236644  2.9190925590440884  -0.022726177645042856
0.882972553656483  604  571  571.4415817621058  3.0195534713620873  0.0073961786572326995
0.882972553656483  604  598  598.4519433219888  2.9520969124012026  -0.006893431544491409
0.882972553656483  603  625  624.9163038935185  3.062109911560242  -0.020264838145533478
0.882972553656483  603  651  651.1641165611439  3.1624494986056106  -0.014400481929428102
0.882972553656483  603  677  677.0323934951217  3.1830146449190124  -0.0027359352069904488
0.882972553656483  602  702  702.3638668703678  3.099451591347133  -0.012836426534719564
0.882972553656483  602  727  727.4126238388181  3.1382652194015463  -0.01696694582920288
0.882972553656483  601  752  751.9923951894439  3.149931320425253  -0.04158210586373355
0.882972553656483  601  776  776.4157916033067  3.1669225512151797  -0.02274468652633694
0.882972553656483  600  800  800.391601549011  3.183176372918979  -0.009318413017074579
0.882972553656483  600  824  824.103719680632  3.1265808958162324  -0.014131932741358846
0.882972553656483  599  847  847.4180858652089  3.068564517925438  -0.010675275055766393
0.882972553656483  598  870  870.3938161077822  3.04225541528092  -0.02396311527913845
0.882972553656483  598  893  893.2001829145718  3.0545206676056296  -0.008404405404124677
0.882972553656483  597  916  915.6444203040986  2.9652663856850268  -0.00899041066345996
0.882972553656483  596  938  937.7965686196487  2.8875879594559137  -0.003807897534619531
0.882972553656483  595  960  959.6533388235015  2.899180154855685  -0.002381252528931574
0.882972553656483  594  981  981.2899493713461  2.8950682899047706  0.025864562550175316
0.882972553656483  593  1003  1002.615479318969  2.7057368392057697  -0.029524488897160917
1.1056775536564833  592  36  35.85577128103216  3.1957113382184303  -0.009211159122829679
1.1056775536564833  594  72  71.98994600067024  2.8916208165343846  -0.0028868035170512276
1.1056775536564833  595  107  107.23390776798286  3.0907999646754547  -0.0345522216142169
1.1056775536564833  596  142  142.0830246301536  2.841462011906742  0.010022617878460956
1.1056775536564833  597  176  176.108771395133  3.056727518306758  -0.08059594774799853
1.1056775536564833  598  210  209.8227643310741  2.9155457929937256  -0.03118268535717535
1.1056775536564833  599  243  242.70147948724096  2.715110545775957  -0.05507557714800003
1.1056775536564833  600  275  275.28127878027794  2.9410586212919725  -0.00976976194045441
1.1056775536564833  601  307  307.25019903134546  2.7528093613143483  0.016031170313904396
1.1056775536564833  601  338  338.37261141271586  2.753648035307492  -0.03812935080378805
1.1056775536564833  602  369  369.37594873479554  2.861984977297311  0.018006830130231986
1.1056775536564833  602  400  399.554234757555  2.692876269596354  -0.011315676847376686
1.1056775536564833  602  429  429.2714737551836  2.8172426537959154  -0.030963206072992445
1.1056775536564833  603  459  458.7448454823707  2.934011945248585  -0.016382680823161362
1.1056775536564833  603  488  487.582770201802  2.806186060071127  -0.002251777971676181
1.1056775536564833  603  516  515.8834041750347  2.866073449648866  -0.030131637268447288
1.1056775536564833  603  544  543.7950712145176  2.9536975407845603  -0.01923133540511605
1.1056775536564833  603  571  571.2887875651354  3.020914038501587  -0.004697779191352846
1.1056775536564833  603  598  598.306928750033  2.9343120089888544  -0.010260574723675224
1.1056775536564833  602  625  624.7898794805521  3.065539931055241  -0.02981819201526715
1.1056775536564833  602  651  651.0413956549427  3.1896748486640263  -0.013533761127090238
1.1056775536564833  602  677  676.9219581277438  3.171369908491215  0.0062737099146099075
1.1056775536564833  601  702  702.2268269870385  3.105729198471863  -0.018054557477513958
1.1056775536564833  601  727  727.2850751554648  3.129596620006396  -0.02616483974882976
1.1056775536564833  601  752  752.010838105384  3.143967095388234  -0.024288159562334596
1.1056775536564833  600  776  776.3153976487902  3.198247434533414  -0.016968309247663585
1.1056775536564833  599  800  800.2778658418229  3.0978358130500965  -0.02522672080436566
1.1056775536564833  599  824  824.0085243549073  3.1456699478312657  -0.015414107427376308
1.1056775536564833  598  847  847.3216152679344  3.1179757460140536  -0.014867190114992615
1.1056775536564833  598  870  870.3595145890665  2.988409487635863  -0.01789601813623514
1.1056775536564833  597  893  893.1113858788373  3.055713452024065  -0.011604119524193424
1.1056775536564833  596  916  915.5749764240948  2.93338463254031  0.007663202132313107
1.1056775536564833  595  938  937.7250841262255  2.9171901477495794  0.0070624023329137545
1.1056775536564833  594  960  959.5977844794924  2.8596721015769617  0.003451521432512238
1.1056775536564833  593  981  981.2522151068732  2.7829625257728594  0.03924765087382862
1.1056775536564833  593  1003  1002.5811256049104  2.7460654706617333  -0.019645895067148644
1.3283825536564828  591  36  35.65036542133101  3.2022508658051407  -0.010287274604365517
1.3283825536564828  593  72  71.77546962322053  2.8730106680233405  -0.008599630492630898
1.3283825536564828  594  107  107.05647183024608  3.1047227136800473  -0.02933327426558761
1.3283825536564828  595  142  141.87836130791482  2.8483050609391967  -0.040402910758196034
1.3283825536564828  597  176  176.1049634987664  2.975095996069456  -0.011072890234685714
1.3283825536564828  598  210  209.84388253464437  2.850024667225796  0.03146192662091658
1.3283825536564828  598  243  242.5239378498572  2.6778896883054415  -0.061132174803330566
1.3283825536564828  599  275  275.105105198712  2.9802397225214463  -0.01707181712960696
1.3283825536564828  600  307  307.0601537046588  2.755611760034867  0.0022716046055888755
1.3283825536564828  600  338  338.21146942361526  2.739201774554772  -0.04321278440821526
1.3283825536564828  601  369  369.2232743721383  2.882139536470163  0.015673483243315092
1.3283825536564828  601  399  399.39144177332037  2.727074770357831  -0.008444948143166108
1.3283825536564828  602  429  429.2714640874354  2.820087255145097  -0.02945116486919824
1.3283825536564828  602  459  458.60445585951896  2.8937978309264736  -0.016498074908144825
1.3283825536564828  602  487  487.43591792435467  2.831915649562461  0.0020162797163584263
1.3283825536564828  602  516  515.7449316425062  2.8745647696130163  -0.02836996369206897
1.3283825536564828  602  544  543.6871150115774  3.0141819578079776  -0.00723187716043377
1.3283825536564828  602  571  571.1548075601219  3.006192870923769  -0.0005384711537352147
1.3283825536564828  602  598  598.1742580847231  2.897228641453694  -0.025446216968926166
1.3283825536564828  602  625  624.7456777849453  2.9581007314949375  -0.029164311790070414
1.3283825536564828  601  651  650.9268391122208  3.211567941720432  -0.008965157924746711
1.3283825536564828  601  677  676.7955022853434  3.1633493016515786  0.002116072873087571
1.3283825536564828  601  702  702.2435732556172  3.091371529882963  0.0005153747762276612
1.3283825536564828  600  727  727.1742932770389  3.140792323291862  -0.028249658845283108
1.3283825536564828  600  752  751.93734829523  3.1649269687750348  -0.020890638411660695
1.3283825536564828  599  776  776.2010417196421  3.1674036705010167  -0.018662396743571945
1.3283825536564828  599  800  800.2948098864658  3.1396235855727355  0.007021311661302603
1.3283825536564828  598  824  823.9059287465093  3.1310674126830236  -0.01806264040957743
1.3283825536564828  597  847  847.1769319137301  3.1149925765795388  -0.029795138161135677
1.3283825536564828  597  870  870.3175750748215  3.068559548623398  -0.01353467791681498
1.3283825536564828  596  893  893.0428721111307  3.052725623247966  -0.0050360098265516675
1.3283825536564828  595  916  915.496137250196  2.949105371402993  0.014364134684086139
1.3283825536564828  594  938  937.6361311543806  2.8886919793339985  0.004557023610365909
1.3283825536564828  593  959  959.4998844482797  2.772152031214773  -0.020382433825802855
1.3283825536564828  593  981  981.2304573197415  2.8391749348985513  0.04882452355149289
1.3283825536564828  592  1003  1002.5265282730657  2.752693857645454  -0.017562701760988363
1.5510875536564823  590  35  35.45029924335449  3.2021195519852768  -0.015281313263404778
1.5510875536564823  592  72  71.55998464559192  2.846130875606093  -0.002858437390566171
1.5510875536564823  593  107  106.8818740250802  3.10873869807844  -0.024547241443152717
1.5510875536564823  595  142  141.8842758209291  2.8575867520686984  0.029939829459210716
1.5510875536564823  596  176  175.91542284678397  2.9052253004500983  -0.04816275560344493
1.5510875536564823  597  210  209.66547620266132  2.7878380768104307  0.017934721044633107
1.5510875536564823  598  243  242.49336197236968  2.9143016603836713  -0.009535220128526698
1.5510875536564823  598  275  274.93669625591747  2.951542735834664  -0.016896895139748194
1.5510875536564823  599  307  306.8565502426271  2.6998600768290544  -0.026020265810026734
1.5510875536564823  600  338  338.1494314372363  2.911429998978406  -0.034585166704536235
1.5510875536564823  600  369  369.06801640192714  2.83941521669135  0.008484898362456155
1.5510875536564823  600  399  399.23548169438214  2.7675480805959296  -0.015324170211426735
1.5510875536564823  601  429  429.09813691134764  2.8563532037737787  -0.0387509790153641
1.5510875536564823  601  458  458.4690774413662  2.87085317183562  -0.01681148062388145
1.5510875536564823  601  487  487.28308122926165  2.844732841420978  0.0024501119746490343
1.5510875536564823  601  516  515.6063335687484  2.876433235159084  -0.026840572400573286
1.5510875536564823  601  544  543.5579305588171  3.01057181160877  -0.005138783210154419
1.5510875536564823  601  571  571.010613754723  2.9790629666754285  -0.005232934262663912
1.5510875536564823  601  598  598.063789181216  2.9181978947190146  -0.0090397813044624
1.5510875536564823  601  625  624.6562320334775  3.0623665104141082  -0.03620225632695537
1.5510875536564823  600  651  650.7907214675027  3.1962540652070857  -0.015751853808950934
1.5510875536564823  600  677  676.6859998248268  3.13471647191227  0.0013758852836466544
1.5510875536564823  600  702  702.1354425050923  3.0495917900350378  -0.004322862153893572
1.5510875536564823  599  727  727.0475547012886  3.132692879980482  -0.03867654915441874
1.5510875536564823  599  752  751.8333826889093  3.1857614910408074  -0.02029878644389951
1.5510875536564823  598  776  776.1215291793906  3.2093430985135  -0.009818080005913566
1.5510875536564823  598  800  800.1768512863674  3.1536743542051227  -0.01324527458588491
1.5510875536564823  597  824  823.806259034781  3.1060015644525265  -0.015228356354572427
1.5510875536564823  596  847  847.0973840824195  3.1238936881409245  -0.02790041733751453
1.5510875536564823  596  870  870.2157376142899  3.0731591808521443  -0.017635180018659876
1.5510875536564823  595  893  892.9542252641285  3.029371828335343  -0.009581801878368193
1.5510875536564823  594  915  915.4048845474476  2.944282466652112  0.009689563649087
1.5510875536564823  593  938  937.5635697971557  2.9152384238661853  0.010301416864947587
1.5510875536564823  593  959  959.4656503094944  2.748925651123045  0.024359890269308862
1.5510875536564823  592  981  981.0937715328064  2.8457691502712805  0.013969154726509385
1.5510875536564823  591  1002  1002.4250796158184  2.71476357250026  -0.030591184641670065
1.7737925536564827  589  35  35.289457699928526  3.437328307221307  -0.026422879359564284
1.7737925536564827  591  71  71.33924099602984  2.8495722554011422  -0.015762933896967955
1.7737925536564827  592  107  106.69125100581073  3.10259524409787  -0.0309572074951565
1.7737925536564827  594  142  141.7221893306508  2.722145117298396  0.01359055372287335
1.7737925536564827  595  176  175.7343536716878  2.9622052497814195  -0.05091963911198882
1.7737925536564827  596  210  209.50342577949988  2.756214976163278  0.03126205840515539
1.7737925536564827  597  242  242.3443779628587  2.7273107282250635  -0.04563790696140022
1.7737925536564827  597  275  274.77346850167623  2.9255840657700674  -0.013837212089239931
1.7737925536564827  598  307  306.6808037256646  2.6732666703480277  -0.028371254694736288
1.7737925536564827  599  338  338.0531657596914  2.7633188585244284  -0.04501754347501182
1.7737925536564827  599  369  368.89554681466876  2.830707783462799  -0.0013387354211158874
1.7737925536564827  599  399  399.0569582491662  2.765348375611268  -0.029398695749532036
1.7737925536564827  600  429  428.94845750133857  2.8752159905225767  -0.04222459120098002
1.7737925536564827  600  458  458.35421895471234  2.81047680923632  0.010408270620700167
1.7737925536564827  600  487  487.1180062809615  2.842521853952121  -0.012709776358868552
1.7737925536564827  600  515  515.4695880513194  2.8714019737201397  -0.017391959019977
1.7737925536564827  600  543  543.4422607015185  2.982311800861453  0.0031289709437127703
1.7737925536564827  600  571  570.894432909097  2.9783021069274582  -0.0033714926175746475
1.7737925536564827  600  598  597.9334839742764  2.960538409682158  -0.009496852731664144
1.7737925536564827  600  624  624.5342276458406  3.067310878888634  -0.03576193456663395
1.7737925536564827  599  651  650.6705781741592  3.152073121297917  -0.013878736319877622
1.7737925536564827  599  677  676.5832005778989  3.1233206607200827  0.0045388094986347155
1.7737925536564827  599  702  702.0037918479369  3.0697116622523026  -0.013036757123283704
1.7737925536564827  598  727  726.9581986509198  3.1288987125115  -0.02849278881513897
1.7737925536564827  598  752  751.6990537937922  3.2236771157269004  -0.025465839149963417
1.7737925536564827  597  776  776.0444907740897  3.190627078577336  0.0005448600959736043
1.7737925536564827  597  800  800.0943307294345  3.1599563076561026  -0.0027263041832696635
1.7737925536564827  596  824  823.6999645430146  3.0702772837798875  -0.016853213857586317
1.7737925536564827  595  847  847.0442665703985  3.0380179409380617  -0.025817533228144906
1.7737925536564827  595  870  870.1149760972777  3.0445202151523745  -0.020920854912360478
1.7737925536564827  594  893  892.8394282760042  3.0223055873229896  -0.020195282936972397
1.7737925536564827  593  915  915.3188224315631  2.9632300840862627  0.014086174505488082
1.7737925536564827  593  937  937.478455107719  2.826606728671777  0.0058200751883918725
1.7737925536564827  592  959  959.4279705961885  2.8773576579380915  0.017294239970226836
1.7737925536564827  591  981  981.0280445655598  2.831201250425238  0.007453330973019771
1.7737925536564827  590  1002  1002.348103170401  2.7145923776673726  -0.024514453810488317
1.996497553656483  589  35  35.257075208664084  3.2983460390009895  0.02764853476488185
1.996497553656483  590  71  71.12611596838184  2.8932132239538078  -0.024488334634546242
1.996497553656483  591  107  106.58954341673186  3.323556689736833  -0.027861228339398112
1.996497553656483  593  142  141.51824127989354  2.7472846013225194  0.019862110725272608
1.996497553656483  594  176  175.5817541357736  3.0144791676135014  -0.03311429499731929
1.996497553656483  595  209  209.3186458012534  2.798824450119099  0.033422977216994006
1.996497553656483  596  242  242.17295243043813  2.7632347063877205  -0.048880821281198396
1.996497553656483  596  275  274.66809569904353  3.0801265876231128  -0.023242237956736363
1.996497553656483  597  306  306.49232949194555  2.612562887065792  -0.028363134990829986
1.996497553656483  598  338  337.90131345276154  2.791178153464216  -0.03961217551276211
1.996497553656483  598  369  368.73147903765715  2.7957702326011713  0.002188557649022961
1.996497553656483  599  399  399.06297956124536  2.7674515825804633  -0.024229319639593235
1.996497553656483  599  429  428.79187360155447  2.8931872106535934  -0.05104373349667071
1.996497553656483  599  458  458.1977000883799  2.8248048672411414  0.009196941405457414
1.996497553656483  599  487  486.9545553598689  2.8288833445907358  -0.019692485699047087
1.996497553656483  599  515  515.3106836909722  2.9115789325109063  -0.02359846361594541
1.996497553656483  599  543  543.3005808696988  3.0111594870516  0.0010428670764407533
1.996497553656483  599  571  570.7461804652709  2.950597067401759  -0.009059187135811778
1.996497553656483  599  598  597.7929976592304  2.980295272550393  -0.012442539145864708
1.996497553656483  599  624  624.4080237459494  3.0479920980388897  -0.03390524470459589
1.996497553656483  599  651  650.6774102075539  3.1563500369750273  -0.005845104082181395
1.996497553656483  598  676  676.4568545686545  3.0994052691767138  0.00604868569377708
1.996497553656483  598  702  701.8844057198  3.060905141283456  -0.013510454033650036
1.996497553656483  597  727  726.8326617273104  3.1978406581541776  -0.03338415379069864
1.996497553656483  597  752  751.604057536619  3.2551967997749216  -0.015068839279995177
1.996497553656483  596  776  775.9299439905425  3.1854798034862597  -0.0005352136657562648
1.996497553656483  596  800  799.9732538990656  3.097213361133754  -0.011209121760366604
1.996497553656483  595  824  823.5915065000472  3.0841028686670597  -0.010678216862831777
1.996497553656483  595  847  847.0157153251805  3.1184804557424286  -0.013315803032657487
1.996497553656483  594  870  870.0300742713883  3.077688107007816  -0.016222003408073535
1.996497553656483  593  893  892.7406359331875  2.9801897007595244  -0.02111298499008747
1.996497553656483  592  915  915.2396842246822  2.956384717622086  0.020042812401774142
1.996497553656483  592  937  937.4733971696741  2.8625721124950587  0.0270058830376715
1.996497553656483  591  959  959.3268696990189  2.890055617781627  0.006061469610004572
1.996497553656483  590  981  980.9371193224315  2.833932904225094  0.0004132492873039892
1.996497553656483  589  1002  1002.2600892631824  2.7211562636106237  -0.026544267975080336
2.2192025536564826  588  35  35.071249080668764  3.2581330235362884  0.008634770640974256
2.2192025536564826  589  71  70.88367294129014  2.8474187346788256  -0.04533815945850593
2.2192025536564826  591  107  106.5011691517608  3.245218793224268  0.00998208816629278
2.2192025536564826  592  141  141.29765792132042  2.7896067438052228  0.008458049434571405
2.2192025536564826  593  175  175.395424015956  3.0353673473034917  -0.027301300431629323
2.2192025536564826  594  209  209.11715395230405  2.82387003173352  0.01985780280327033
2.2192025536564826  595  242  241.9849078824956  2.8380572904439987  -0.05472088445521867
2.2192025536564826  596  275  274.6022839120977  2.8645508732690814  -0.005863007270999304
2.2192025536564826  596  306  306.30804830602983  2.6440220235275547  -0.025155873892423766
2.2192025536564826  597  338  337.73796993610614  2.8185733631975722  -0.03866753178278839
2.2192025536564826  597  369  368.5524956951925  2.739909328895692  -0.006616025776662569
2.2192025536564826  598  399  398.8741037154243  2.7508233610971047  -0.0423272184646774
2.2192025536564826  598  429  428.63555079278945  2.8902429834730015  -0.05200372183829989
2.2192025536564826  598  458  458.0481671717683  2.8298733700710272  0.01130714882903497
2.2192025536564826  598  487  486.7850471266736  2.8137473046265313  -0.03573574492385855
2.2192025536564826  598  515  515.1507001151045  2.932307298755404  -0.03422488623360231
2.2192025536564826  598  543  543.1597221050489  3.0365482677250384  0.00270447767765227
2.2192025536564826  598  571  570.5961754083822  2.9223303132764613  -0.01660650945737401
2.2192025536564826  598  598  597.635309008981  2.9567551057964465  -0.021296262073236327
2.2192025536564826  598  624  624.280956699508  3.0208477273250764  -0.02886237864486974
2.2192025536564826  598  651  650.5841842700096  3.1675453993073006  8.247540017563518e-05
2.2192025536564826  597  676  676.3228178642682  3.105410650286217  0.002620172576769032
2.2192025536564826  597  702  701.7695564494787  3.081618933857044  -0.01251538154132475
2.2192025536564826  597  727  726.7885062786565  3.0814655732636993  -0.028833886201646602
2.2192025536564826  596  751  751.4798258387527  3.248839210615529  -0.01884934137054386
2.2192025536564826  596  776  775.8508859201376  3.021094749187796  -0.0007281131321030218
2.2192025536564826  595  800  799.8548304948665  3.113141399639744  -0.011845590194089982
2.2192025536564826  594  823  823.4504858608299  3.0637749215352414  -0.02056748806880613
2.2192025536564826  594  847  846.8986102996658  3.0876494961676144  -0.025729816613880643
2.2192025536564826  593  870  869.9561761437905  3.072153273033109  -0.006821218561712576
2.2192025536564826  592  893  892.6440561054695  3.0089245883201556  -0.02243456301224688
2.2192025536564826  591  915  915.1756750465238  2.8827425178733392  0.011031537030684746
2.2192025536564826  591  937  937.3548614191789  2.876313434030635  0.0035168306923054546
2.2192025536564826  590  959  959.2688249280138  2.8359175115730295  0.029284538222329487
2.2192025536564826  589  981  980.848373425857  2.8028085643234135  -0.009317861828669763
2.2192025536564826  588  1002  1002.1729906236543  2.68864452639059  -0.030004396759877556
2.441907553656482  587  35  34.858674224342046  3.1918198384957535  0.005435282105181033
2.441907553656482  588  71  70.68759858114092  2.824859333862989  -0.045367385857571337
2.441907553656482  590  106  106.34640861035878  3.1061754867743048  -0.004368737253635662
2.441907553656482  591  141  141.0815530181606  2.7802232696016063  -0.009126354324716616
2.441907553656482  592  175  175.2272409447565  3.0788703177849754  -0.02311162021389191
2.441907553656482  593  209  208.88564426467  2.782669709428319  -0.006511730088334483
2.441907553656482  594  242  241.81317630719613  2.8296826436439915  -0.05089269011267741
2.441907553656482  595  274  274.43021271087554  2.8365469269950836  -0.0012117954073744385
2.441907553656482  595  306  306.1274043747902  2.661719091927637  -0.030839564326461254
2.441907553656482  596  338  337.60501803087135  2.876542845317317  -0.02268399969810856
2.441907553656482  596  368  368.3966861338582  2.716424989963457  -0.0004273800038457614
2.441907553656482  597  399  398.70820370439765  2.676688971385829  -0.049025194538668
2.441907553656482  597  428  428.501324554224  2.8628214133098027  -0.03978539513878294
2.441907553656482  597  458  457.86984104031865  2.841035286478359  -0.0020005160005667124
2.441907553656482  597  487  486.6333869135037  2.7546736760065755  -0.03894656007500473
2.441907553656482  597  515  515.0046761030741  2.946988013379382  -0.03900482531356318
2.441907553656482  597  543  543.0235561702862  3.021154157534056  0.005581615037940688
2.441907553656482  597  570  570.4643857645292  2.8499745055974017  -0.015404145205835655
2.441907553656482  597  597  597.4762469546633  2.939950913277926  -0.03186915880359069
2.441907553656482  597  624  624.1645496591567  3.059159646559692  -0.016305507953166702
2.441907553656482  597  650  650.4887256520635  3.1661311198727162  0.0031568334824189134
2.441907553656482  596  676  676.2039558744746  3.0341379013370897  0.008103792114420335
2.441907553656482  596  702  701.6286460172373  3.0527901083056577  -0.022098566355061494
2.441907553656482  596  727  726.7288496732813  3.2026301894469498  -0.027794540286325966
2.441907553656482  595  751  751.366863716469  3.2433344116052467  -0.014527486731268658
2.441907553656482  595  776  775.8084581958775  3.15997019687552  0.0008434679317002159
2.441907553656482  594  800  799.7538038172152  3.1198766204470303  -0.013253569374268637
2.441907553656482  593  823  823.3148642792332  3.0750543212586763  -0.03781670457039962
2.441907553656482  593  847  846.8123077776102  3.1242870658558104  -0.0294737802018055
2.441907553656482  592  870  869.8559699562345  3.075341334102859  -0.004570759685102263
2.441907553656482  591  893  892.5552729843927  2.980815498779293  -0.01454269738725366
2.441907553656482  591  915  915.1420145502722  2.94765375994632  0.019562595042431623
2.441907553656482  590  937  937.2869054188712  2.9157804712303914  0.013269493517759608
2.441907553656482  589  959  959.1625442222603  2.875282984426576  0.001598700578630058
2.441907553656482  588  981  980.7636910502149  2.8224783754669716  -0.0029063270010726778
2.441907553656482  587  1002  1002.108078120245  2.7055627586448736  -0.02194996451249223
