# Band 3C   Etalon 2A   Slice 3
# Distortion map version 7B.05.00 - date 2019-03-22
# Trace (isoalpha): Take pixel trace along specified slice, specified alpha position trace is built by taking the pixel in every detector row with alpha value closest to the one specified 
# xpos[i] = np.argmin(alpha_img[i,:])+funcs.find_nearest(alpha_img[i,:][(slice_img[i,:]!=0)],alpha_pos)
#    alpha       x  y      center         FWHM          skewness        wavelength
0.0  876  19  19.107456078466978  2.757641484684953  -0.01763449153262292  18.085727135373546
0.0  878  61  60.81200424126096  2.6666105465446677  -0.03077271134921649  17.983836096925636
0.0  879  102  101.64691158405262  2.626642400631326  -0.014067409139955802  17.88308839342046
0.0  881  142  141.64285132256956  2.5201555719611974  -0.020682417631906227  17.783133573968403
0.0  882  181  180.90999109769817  2.580616670923007  -0.02169913966115551  17.684421147647026
0.0  883  219  219.35166985860278  2.4901672090582565  -0.0035396935211349273  17.586758582364773
0.0  884  257  257.0789566872671  2.4990525586095202  -0.016370291379169417  17.49042445217467
0.0  885  294  294.0993596583713  2.449283796225359  -0.00607184302944556  17.394991588320053
0.0  886  330  330.32495387192256  2.3311154810973562  -0.03296211408591265  17.300579591226235
0.0  887  366  366.00615611034465  2.407182701407237  -0.006041603254071038  17.20729032963816
0.0  887  401  400.9366009490578  2.4501908085139803  -0.0307153277792811  17.115063856390428
0.0  887  435  435.3601585101155  2.3575675460125467  0.011109495378538423  17.0236332081308
0.0  888  469  469.02379232127157  2.488721631346607  -0.019424714111680726  16.93336145884987
0.0  888  502  502.149299996762  2.3671350126775224  -0.02045080404839746  16.843992056484296
0.0  888  535  534.6813260918553  2.4145145789972275  -0.057549876542036284  16.755532632424014
0.0  888  567  566.655426984539  2.444978124476279  -0.04903529808552185  16.668111166977404
0.0  887  598  598.1583770802757  2.406058156373092  -0.012582041630484792  16.581521319063913
0.0  887  629  629.0153398493534  2.4808875882990833  -0.013951037729123874  16.49588098337365
0.0  887  659  659.3483051428622  2.4516102635793686  0.006764444559566974  16.41109459228241
0.0  886  689  689.2404585211733  2.5156830755468036  0.005000935213589225  16.327291332783286
0.0  886  718  718.4816414570921  2.4601098086270667  -0.03835889077097056  16.244189672054947
0.0  885  747  747.3907586264837  2.5057105048606445  -0.0013573216145236577  16.162158593220852
0.0  885  776  775.6884326429134  2.4433610894081994  -0.03075954457125595  16.08079771524595
0.0  884  804  803.6087308199897  2.4268903719807895  -0.001117203136090717  16.000330226931936
0.0  883  831  831.0502369943218  2.5380515616946013  -0.009076269783702977  15.92083335712673
0.0  882  858  858.0496772036586  2.4600396150372035  -0.00635833595349816  15.841890575848382
0.0  881  885  884.5271353383721  2.441348285116078  -0.062454038841002486  15.764109487972428
0.0  880  911  910.6938793615303  2.5135217150783546  -0.030380881265719445  15.686793604965871
0.0  879  936  936.3956671811085  2.417787019847651  -0.03420493508580168  15.610557377671974
0.0  878  962  961.66967645742  2.425175019548533  -0.02001969573735761  15.534859792547497
0.0  877  986  986.4941085777809  2.438631735144668  -0.04617916190517072  15.46016712791969
0.0  876  1011  1010.9999614995105  2.522201652077456  -0.006313374988819033  15.386084610113443
-2.3111850892928407  884  19  19.02968012246815  2.7452785346612423  -0.010417015083466059  18.085727135373546
-2.3111850892928407  886  61  60.681820392352684  2.7121503248715086  -0.026920966194002683  17.983836096925636
-2.3111850892928407  888  101  101.48277599934279  2.645515078302168  -0.00836816531003656  17.88308839342046
-2.3111850892928407  890  142  141.50348436257042  2.554482000011717  0.009158023127776561  17.783133573968403
-2.3111850892928407  891  181  180.65920575375782  2.615855241551884  -0.03590792943303927  17.684421147647026
-2.3111850892928407  892  219  219.06807164424959  2.5259190554606334  -0.020914881090691874  17.586758582364773
-2.3111850892928407  893  257  256.7937716657848  2.489547094303788  -0.023736877381736528  17.49042445217467
-2.3111850892928407  894  294  293.7423922024471  2.464843746370775  -0.019436805601750873  17.394991588320053
-2.3111850892928407  895  330  329.9978471178655  2.388538031866915  -0.012308691207296312  17.300579591226235
-2.3111850892928407  895  366  365.65658084762134  2.44069627454644  -0.007404613434019252  17.20729032963816
-2.3111850892928407  896  401  400.5269577379526  2.3343678923815787  -0.039543607885643615  17.115063856390428
-2.3111850892928407  896  435  434.8804965927701  2.4407038790704405  -0.0256219309050493  17.0236332081308
-2.3111850892928407  896  469  468.56124847695  2.3648580603894516  -0.050825022539128135  16.93336145884987
-2.3111850892928407  896  502  501.71055330473837  2.3580910152048773  -0.009097294565597576  16.843992056484296
-2.3111850892928407  897  534  534.2071406569548  2.4317397342260847  -0.024286665931517848  16.755532632424014
-2.3111850892928407  896  566  566.199030414339  2.4251966515071217  -0.008606392641577584  16.668111166977404
-2.3111850892928407  896  598  597.5815700585703  2.4126297553286804  -0.01752840406795683  16.581521319063913
-2.3111850892928407  896  628  628.3750647395194  2.3952872962180436  -0.04201034704071579  16.49588098337365
-2.3111850892928407  896  659  658.6589506205532  2.4203466700741956  -0.05604283063624153  16.41109459228241
-2.3111850892928407  895  689  688.5365671943115  2.4298220397095065  -0.04138773826538831  16.327291332783286
-2.3111850892928407  895  718  717.8218387894898  2.443195936627717  -0.021101310096013733  16.244189672054947
-2.3111850892928407  894  747  746.6302794328561  2.498056550935985  -0.04996858851462637  16.162158593220852
-2.3111850892928407  893  775  775.0210808825553  2.5643755619303192  -0.01682008157877665  16.08079771524595
-2.3111850892928407  893  803  802.8073375507573  2.5442944621149763  -0.04357484620899223  16.000330226931936
-2.3111850892928407  892  830  830.2662692473247  2.4346842048028066  -0.013320015865842413  15.92083335712673
-2.3111850892928407  891  857  857.282324940732  2.549543140369906  0.013266826766281353  15.841890575848382
-2.3111850892928407  890  884  883.7523488872008  2.4391279998551454  -0.02015398780640276  15.764109487972428
-2.3111850892928407  889  910  909.8676674244213  2.48942164271989  -0.017314552225123594  15.686793604965871
-2.3111850892928407  888  936  935.5297814647045  2.4359723446923454  -0.016641246547842246  15.610557377671974
-2.3111850892928407  887  961  960.7700282053912  2.510760122808506  -0.02615352318588923  15.534859792547497
-2.3111850892928407  886  986  985.6225806033598  2.4366178112900343  -0.009626509755875461  15.46016712791969
-2.3111850892928407  885  1010  1010.0796956766761  2.4803938132799885  -0.007982356828001117  15.386084610113443
-2.063735089292841  883  19  19.01623892195572  2.76100771396467  -0.018404013828719607  18.085727135373546
-2.063735089292841  885  61  60.68821279942609  2.6845877485770444  -0.026134109822013123  17.983836096925636
-2.063735089292841  887  102  101.49145833292837  2.6303858296014653  -0.008009803299029698  17.88308839342046
-2.063735089292841  889  142  141.5119106126979  2.536382710767896  -0.0034114100782647277  17.783133573968403
-2.063735089292841  890  181  180.65548831270902  2.603235756265292  -0.04155294415498758  17.684421147647026
-2.063735089292841  891  219  219.07708603506228  2.516803983775901  -0.02306399686109743  17.586758582364773
-2.063735089292841  892  257  256.8352050224507  2.5164065493493126  -0.018194709516346122  17.49042445217467
-2.063735089292841  893  294  293.7776639717249  2.5041600554386605  -0.02027779622118498  17.394991588320053
-2.063735089292841  894  330  330.0518535968923  2.374651805320127  -0.006946872068807299  17.300579591226235
-2.063735089292841  894  366  365.70171823034025  2.4154514693570945  -0.0024983723154320494  17.20729032963816
-2.063735089292841  895  401  400.55563793737844  2.3443402352522753  -0.05059949178689695  17.115063856390428
-2.063735089292841  895  435  434.9280209961458  2.474325808943604  -0.021630223142341955  17.0236332081308
-2.063735089292841  895  469  468.63023036919384  2.372075532519659  -0.03992043852256724  16.93336145884987
-2.063735089292841  896  502  501.7060441692043  2.355017573324176  -0.02119394113960073  16.843992056484296
-2.063735089292841  896  534  534.2389500604767  2.4073584375873907  -0.019146836663656887  16.755532632424014
-2.063735089292841  895  566  566.2387697798636  2.385110940240338  -0.02447684265339066  16.668111166977404
-2.063735089292841  895  598  597.6339692269545  2.405934600082219  -0.018156249651541705  16.581521319063913
-2.063735089292841  895  628  628.4452063978275  2.386186383769541  -0.042031772104829904  16.49588098337365
-2.063735089292841  895  659  658.7468391630923  2.473571674900768  -0.03942164854099524  16.41109459228241
-2.063735089292841  894  689  688.5985430723553  2.4674664038526544  -0.050719516935376116  16.327291332783286
-2.063735089292841  894  718  717.8998924914637  2.461031389276968  -0.017455773906988204  16.244189672054947
-2.063735089292841  893  747  746.7358623926608  2.4966807375955113  -0.030552912708066666  16.162158593220852
-2.063735089292841  892  775  775.1101585895582  2.5469549759075107  -0.011330596328545314  16.08079771524595
-2.063735089292841  892  803  802.9142583987905  2.6000074935614066  -0.02167885740738624  16.000330226931936
-2.063735089292841  891  830  830.3455640904556  2.3974497979709213  -0.017108877788937066  15.92083335712673
-2.063735089292841  890  857  857.3636673529206  2.533770603972698  0.014404526879949016  15.841890575848382
-2.063735089292841  889  884  883.8396442966076  2.4776525176714586  -0.017954413978557824  15.764109487972428
-2.063735089292841  888  910  909.9635055358619  2.4542269990199657  -0.017802146792805514  15.686793604965871
-2.063735089292841  887  936  935.6250931523532  2.41816855785828  -0.02130193846004601  15.610557377671974
-2.063735089292841  886  961  960.8806452835527  2.5536851627368833  -0.012961562651872895  15.534859792547497
-2.063735089292841  885  986  985.7177179724022  2.4486482742615863  -0.014037506817273645  15.46016712791969
-2.063735089292841  884  1010  1010.1852130468876  2.5200709640273544  -0.001657681075361777  15.386084610113443
-1.8162850892928413  882  19  19.033063378549745  2.753045239943706  -0.013767587888400852  18.085727135373546
-1.8162850892928413  884  61  60.710376092577214  2.7153250378988645  -0.015562623671228631  17.983836096925636
-1.8162850892928413  886  102  101.48902802122855  2.627630156223944  -0.01257082259490276  17.88308839342046
-1.8162850892928413  888  142  141.5244812905064  2.496251970391995  -0.009639896818327963  17.783133573968403
-1.8162850892928413  889  181  180.69494377888932  2.576193516216506  -0.028573508091928185  17.684421147647026
-1.8162850892928413  890  219  219.12616806714658  2.5692598021346384  -0.009250615191060116  17.586758582364773
-1.8162850892928413  891  257  256.8674565787016  2.5134918952635417  -0.014607443777868072  17.49042445217467
-1.8162850892928413  892  294  293.81169096075115  2.463452696568993  -0.015475454077065109  17.394991588320053
-1.8162850892928413  893  330  330.0907948639097  2.3815542409408863  -0.015136991128217994  17.300579591226235
-1.8162850892928413  894  366  365.7103454497047  2.3863146780911393  -0.012025541960549625  17.20729032963816
-1.8162850892928413  894  401  400.58827105017144  2.3328333805878856  -0.05000974689915685  17.115063856390428
-1.8162850892928413  894  435  434.98200098559136  2.4512705674120525  -0.022448257913391053  17.0236332081308
-1.8162850892928413  895  469  468.6303120666326  2.3719571025067694  -0.038813972768431335  16.93336145884987
-1.8162850892928413  895  502  501.75924735050944  2.3869223051099198  -0.01749770771564507  16.843992056484296
-1.8162850892928413  895  534  534.3005716339457  2.3981861261725044  -0.01642808260231851  16.755532632424014
-1.8162850892928413  895  566  566.2387263289777  2.3849575559349887  -0.025194855479648864  16.668111166977404
-1.8162850892928413  894  598  597.6863231822103  2.3857051763677646  -0.02298790341760971  16.581521319063913
-1.8162850892928413  894  628  628.496670320192  2.4062149574546083  -0.053295432344024306  16.49588098337365
-1.8162850892928413  894  659  658.8112528157338  2.492426274588979  -0.03892833130614068  16.41109459228241
-1.8162850892928413  893  689  688.6753093656674  2.4853103260577427  -0.03939050780181024  16.327291332783286
-1.8162850892928413  893  718  717.9748830865938  2.4712700663610576  -0.019622580348748506  16.244189672054947
-1.8162850892928413  892  747  746.8035410078893  2.5431402894939765  -0.032787942215420064  16.162158593220852
-1.8162850892928413  891  775  775.2238628304834  2.531881330681017  0.014810531558955288  16.08079771524595
-1.8162850892928413  891  803  803.0233381058728  2.5886916842798655  -0.005307196726383982  16.000330226931936
-1.8162850892928413  890  830  830.4188418196193  2.4290168173897655  -0.03079262868673327  15.92083335712673
-1.8162850892928413  889  857  857.4276790537876  2.5005599669329968  0.004432068230590287  15.841890575848382
-1.8162850892928413  888  884  883.9418428534102  2.456371901779903  -0.014110565565219923  15.764109487972428
-1.8162850892928413  887  910  910.0419991564015  2.4715496432465898  -0.020199377467230863  15.686793604965871
-1.8162850892928413  886  936  935.714962717897  2.4445648067221555  -0.024827866577323117  15.610557377671974
-1.8162850892928413  885  961  960.9804061206833  2.549894369433332  -0.008052123135292107  15.534859792547497
-1.8162850892928413  884  986  985.8180941614347  2.440776560619952  -0.014970178811578683  15.46016712791969
-1.8162850892928413  883  1010  1010.284182875606  2.477260158695799  -0.002772223520277509  15.386084610113443
-1.5688350892928415  881  19  19.041185880417178  2.7107598818931713  -0.022485362025519692  18.085727135373546
-1.5688350892928415  883  61  60.71047801997312  2.6699281806122315  -0.03103132347730148  17.983836096925636
-1.5688350892928415  885  102  101.50473775752094  2.624364780799226  -0.028203405243919663  17.88308839342046
-1.5688350892928415  887  142  141.55110795122917  2.485544561851839  0.0013098848670123786  17.783133573968403
-1.5688350892928415  888  181  180.72400760162085  2.5922451765491985  -0.032985355061948426  17.684421147647026
-1.5688350892928415  889  219  219.13636350477637  2.528836909264186  -0.025440608518658175  17.586758582364773
-1.5688350892928415  890  257  256.90130847717575  2.505496802032411  -0.015951387316007093  17.49042445217467
-1.5688350892928415  891  294  293.84444877988005  2.484668101697366  -0.022097780229675644  17.394991588320053
-1.5688350892928415  892  330  330.1244876691059  2.3976456835732733  -0.009976423273933154  17.300579591226235
-1.5688350892928415  893  366  365.7360828041609  2.4281948409645793  -0.008060626038220392  17.20729032963816
-1.5688350892928415  893  401  400.65149710367814  2.3526095930923248  -0.03857223857633739  17.115063856390428
-1.5688350892928415  893  435  435.07016442050383  2.4838086889463966  0.021438452601005086  17.0236332081308
-1.5688350892928415  894  469  468.65483534842923  2.425954782363192  -0.05305165257358456  16.93336145884987
-1.5688350892928415  894  502  501.813159280924  2.3775052173962195  -0.02187910548873713  16.843992056484296
-1.5688350892928415  894  534  534.3475012414617  2.3737660323529326  -0.026170104076206225  16.755532632424014
-1.5688350892928415  894  566  566.2893345135382  2.364074479491137  -0.02670781087598303  16.668111166977404
-1.5688350892928415  893  598  597.7407882661265  2.3893117878924386  -0.02454437355497963  16.581521319063913
-1.5688350892928415  893  629  628.5623861728074  2.4320185414222806  -0.0506920249306912  16.49588098337365
-1.5688350892928415  893  659  658.8921513842564  2.4989409373642957  -0.022547032704819506  16.41109459228241
-1.5688350892928415  892  689  688.7464357975873  2.5110606627877132  -0.038619359437461455  16.327291332783286
-1.5688350892928415  892  718  718.0503455502555  2.460461008440916  -0.019092667924543855  16.244189672054947
-1.5688350892928415  891  747  746.8919363047946  2.562731547249655  -0.029272033816006175  16.162158593220852
-1.5688350892928415  891  775  775.2348123212627  2.579637864752385  -0.002368473083797399  16.08079771524595
-1.5688350892928415  890  803  803.1138704961468  2.5877020311563683  0.002060166296062777  16.000330226931936
-1.5688350892928415  889  830  830.48745904622  2.4484220225537  -0.04279673977410369  15.92083335712673
-1.5688350892928415  888  858  857.5253933067099  2.510565610014737  0.0087103913030003  15.841890575848382
-1.5688350892928415  887  884  884.0389578006893  2.471387243979052  -0.014774890156388767  15.764109487972428
-1.5688350892928415  886  910  910.1424250581757  2.478987157717711  -0.016817664644599637  15.686793604965871
-1.5688350892928415  885  936  935.8047832519942  2.4484750554606762  -0.027292488305504965  15.610557377671974
-1.5688350892928415  884  961  961.0949289471652  2.5509190864545417  0.0032181434733871087  15.534859792547497
-1.5688350892928415  883  986  985.9160937591482  2.4576296205452763  -0.012975132753420613  15.46016712791969
-1.5688350892928415  882  1010  1010.3739673241273  2.4485791174897713  -0.013226608562222878  15.386084610113443
-1.3213850892928418  881  19  19.070103026355582  2.7284559994691406  -0.0058033572685486255  18.085727135373546
-1.3213850892928418  883  61  60.75058892322764  2.6639456608885723  -0.01855686478471837  17.983836096925636
-1.3213850892928418  884  102  101.53657480721552  2.634559812774768  -0.012775148823461481  17.88308839342046
-1.3213850892928418  886  142  141.5480208352815  2.516323036077438  -0.015534778201055182  17.783133573968403
-1.3213850892928418  887  181  180.74797911912154  2.582726424934151  -0.030943748423158838  17.684421147647026
-1.3213850892928418  888  219  219.15895804999448  2.555416039004143  -0.023252198017722495  17.586758582364773
-1.3213850892928418  889  257  256.9092297753096  2.4740940898305155  -0.025147281403792715  17.49042445217467
-1.3213850892928418  890  294  293.8818123142444  2.479694081471507  -0.018761555184483095  17.394991588320053
-1.3213850892928418  891  330  330.1543301792596  2.358018395326326  -0.011692126569190872  17.300579591226235
-1.3213850892928418  892  366  365.7642372073135  2.392365126738923  -0.012794952876270338  17.20729032963816
-1.3213850892928418  892  401  400.6775389933346  2.4158199448780238  -0.057520323231518435  17.115063856390428
-1.3213850892928418  892  435  435.0804607719178  2.455724817013447  -0.0011311237419273181  17.0236332081308
-1.3213850892928418  893  469  468.7106322804526  2.448815974315778  -0.048456426645212824  16.93336145884987
-1.3213850892928418  893  502  501.8743820727253  2.382546924786311  -0.02062508828901699  16.843992056484296
-1.3213850892928418  893  534  534.4006488022255  2.3697083057898  -0.026180980760639978  16.755532632424014
-1.3213850892928418  893  566  566.3548809290012  2.359639061493681  -0.02684647549198048  16.668111166977404
-1.3213850892928418  892  598  597.8101912331391  2.401938190843566  -0.02617449390685724  16.581521319063913
-1.3213850892928418  892  629  628.6302044185778  2.4386764651800377  -0.04977886145696572  16.49588098337365
-1.3213850892928418  892  659  658.976507572559  2.518207049334478  -0.019188252348517773  16.41109459228241
-1.3213850892928418  891  689  688.8373243085788  2.521148665944793  -0.027000322255730347  16.327291332783286
-1.3213850892928418  891  718  718.1297891487629  2.4681720152718754  -0.017901196105664804  16.244189672054947
-1.3213850892928418  890  747  746.9709891162134  2.60728712789205  -0.024053343184632706  16.162158593220852
-1.3213850892928418  890  775  775.2875644317377  2.540712626225286  0.002820389864288697  16.08079771524595
-1.3213850892928418  889  803  803.1894268335276  2.5542024422873055  -0.0009878818481076825  16.000330226931936
-1.3213850892928418  888  831  830.56111785478  2.4558671210230614  -0.04896097751302945  15.92083335712673
-1.3213850892928418  887  858  857.6123771962629  2.464375203051077  -0.002114999914527956  15.841890575848382
-1.3213850892928418  886  884  884.1287478959416  2.466720097185771  -0.018124745553107374  15.764109487972428
-1.3213850892928418  885  910  910.2524287501417  2.5009704251936  -0.008252664887894676  15.686793604965871
-1.3213850892928418  884  936  935.8950894008691  2.4181584748328078  -0.028433513112045682  15.610557377671974
-1.3213850892928418  883  961  961.1927611033057  2.5331062029683835  0.007364483220981848  15.534859792547497
-1.3213850892928418  882  986  986.0235030233006  2.454277208197027  -0.01592666179897719  15.46016712791969
-1.3213850892928418  881  1010  1010.4685876343314  2.4701588506973167  -0.015344241129300308  15.386084610113443
-1.073935089292842  880  19  19.04192905234366  2.705122580797262  -0.02735368311224873  18.085727135373546
-1.073935089292842  882  61  60.73196072592236  2.647701125265719  -0.05328812190389613  17.983836096925636
-1.073935089292842  883  102  101.55325924755424  2.618265339582024  -0.01707141366446205  17.88308839342046
-1.073935089292842  885  142  141.55917979068948  2.4826757012833127  -0.0124010281440796  17.783133573968403
-1.073935089292842  886  181  180.76863066857902  2.582363365436862  -0.035147072392750965  17.684421147647026
-1.073935089292842  887  219  219.20156914074218  2.528669080626628  -0.0060567289033318485  17.586758582364773
-1.073935089292842  889  257  256.9344390627046  2.458935616996172  -0.021069154837707077  17.49042445217467
-1.073935089292842  889  294  293.9157903643304  2.461554304248807  -0.01834526368699925  17.394991588320053
-1.073935089292842  890  330  330.1947937598763  2.378828405199897  -0.011871938974359614  17.300579591226235
-1.073935089292842  891  366  365.82702009988066  2.4156016404699585  -0.010018160919649985  17.20729032963816
-1.073935089292842  891  401  400.7294340560845  2.4261575674796063  -0.049801662344722115  17.115063856390428
-1.073935089292842  892  435  435.10486093147034  2.381473108011278  -0.014342474120938135  17.0236332081308
-1.073935089292842  892  469  468.7781384972525  2.469896284435663  -0.03802209354207781  16.93336145884987
-1.073935089292842  892  502  501.937810111268  2.3917688990310353  -0.02107595031470597  16.843992056484296
-1.073935089292842  892  534  534.4497857269849  2.368334901907133  -0.038110475757683185  16.755532632424014
-1.073935089292842  892  566  566.4083688617685  2.3713383148773346  -0.03119390322026427  16.668111166977404
-1.073935089292842  892  598  597.8101125100604  2.4011319134413043  -0.026647498150693092  16.581521319063913
-1.073935089292842  891  629  628.6971951860805  2.4610276889455918  -0.04998776338639599  16.49588098337365
-1.073935089292842  891  659  659.0603160365301  2.5415661573642865  -0.003075662175086541  16.41109459228241
-1.073935089292842  890  689  688.8971045560351  2.530132741218381  -0.03433902990964375  16.327291332783286
-1.073935089292842  890  718  718.2094718155307  2.4423853440464427  -0.016978303670418318  16.244189672054947
-1.073935089292842  889  747  747.0485621852409  2.572057041583548  -0.019180861974288  16.162158593220852
-1.073935089292842  889  775  775.3680823804979  2.5067676249541364  0.006482005251990047  16.08079771524595
-1.073935089292842  888  803  803.2770722613999  2.530383551031946  0.0003862965073532924  16.000330226931936
-1.073935089292842  887  831  830.6448320676762  2.515552770056047  -0.05198073541018812  15.92083335712673
-1.073935089292842  886  858  857.6853494254602  2.4375188788328614  -0.012550519172360709  15.841890575848382
-1.073935089292842  885  884  884.2077172932661  2.4717912949677157  -0.023876274531252597  15.764109487972428
-1.073935089292842  884  910  910.3243197139169  2.4490424872749372  -0.017493948113366176  15.686793604965871
-1.073935089292842  883  936  935.9893494207279  2.461207918535365  -0.027062565951901246  15.610557377671974
-1.073935089292842  882  961  961.3037774487373  2.4882456801153694  0.01349822774064113  15.534859792547497
-1.073935089292842  881  986  986.1218645093112  2.4832995935221334  -0.01821853628992817  15.46016712791969
-1.073935089292842  880  1011  1010.557695159133  2.49505824502171  -0.023647790495782802  15.386084610113443
-0.8264850892928424  879  19  19.04875232037991  2.7267462794043276  -0.022185704785502698  18.085727135373546
-0.8264850892928424  881  61  60.776873965889685  2.6845282219688187  -0.03297817936193853  17.983836096925636
-0.8264850892928424  882  102  101.5838483595645  2.6260871960409986  -0.01336556770623099  17.88308839342046
-0.8264850892928424  884  142  141.57652145510968  2.4695568711922533  -0.01884344008412725  17.783133573968403
-0.8264850892928424  885  181  180.81204687617267  2.574843770347826  -0.033681396205333836  17.684421147647026
-0.8264850892928424  887  219  219.21388875669172  2.4880974590479354  -0.014945558319734195  17.586758582364773
-0.8264850892928424  888  257  256.9619593745378  2.5049569695277114  -0.01327201967439148  17.49042445217467
-0.8264850892928424  888  294  293.958768880759  2.4633315309374666  -0.012788085798043029  17.394991588320053
-0.8264850892928424  889  330  330.2351259997412  2.3885308334295132  -0.01519818369380408  17.300579591226235
-0.8264850892928424  890  366  365.86774798719813  2.4182908166626476  -0.01379291724930586  17.20729032963816
-0.8264850892928424  890  401  400.7961109575608  2.446132368049689  -0.0396565752076153  17.115063856390428
-0.8264850892928424  891  435  435.16226704168895  2.4798844998941263  -0.027402212579993715  17.0236332081308
-0.8264850892928424  891  469  468.84990957925527  2.4758368585340804  -0.02878283931335473  16.93336145884987
-0.8264850892928424  891  502  501.98098678776137  2.3839799647364543  -0.022232966460585295  16.843992056484296
-0.8264850892928424  891  535  534.513161614461  2.3935413596040007  -0.039877497743166436  16.755532632424014
-0.8264850892928424  891  566  566.4645843759353  2.3456979801964053  -0.04058161495575669  16.668111166977404
-0.8264850892928424  891  598  597.8773047095588  2.3912624322782676  -0.03077699117863259  16.581521319063913
-0.8264850892928424  890  629  628.7688694112894  2.454405685149254  -0.043024632163489146  16.49588098337365
-0.8264850892928424  890  659  659.1270758884303  2.523382046455481  -0.0019482109203410693  16.41109459228241
-0.8264850892928424  889  689  688.9331783819063  2.619569922566825  -0.029202858730640706  16.327291332783286
-0.8264850892928424  889  718  718.2934482645142  2.4558551287702812  -0.008089795703575537  16.244189672054947
-0.8264850892928424  888  747  747.1471961650029  2.5571628114162195  -0.002570404165293566  16.162158593220852
-0.8264850892928424  888  775  775.4493763471434  2.490907714721743  0.00645878548786819  16.08079771524595
-0.8264850892928424  887  803  803.3624858428703  2.4830537128441392  0.0067926007456173935  16.000330226931936
-0.8264850892928424  886  831  830.7686181078335  2.547221789425066  -0.029021280182605448  15.92083335712673
-0.8264850892928424  885  858  857.7704055801863  2.47405909078293  -0.016666707360334754  15.841890575848382
-0.8264850892928424  884  884  884.2951716432767  2.4266984064393  -0.02348573221436686  15.764109487972428
-0.8264850892928424  883  910  910.4289388121854  2.436994295180739  -0.000698317991334565  15.686793604965871
-0.8264850892928424  882  936  936.107805724058  2.4485147321577188  -0.01150774528494215  15.610557377671974
-0.8264850892928424  881  961  961.4077306937945  2.476933875714167  0.018798513330735164  15.534859792547497
-0.8264850892928424  880  986  986.2216958930524  2.4537001076771503  -0.01896016557536327  15.46016712791969
-0.8264850892928424  879  1011  1010.6582422794351  2.4956085090998386  -0.028475823062943325  15.386084610113443
-0.5790350892928426  878  19  19.072809423842216  2.746495606784169  -0.016060580553307655  18.085727135373546
-0.5790350892928426  880  61  60.78270796843481  2.650092220833038  -0.031034270291928803  17.983836096925636
-0.5790350892928426  881  102  101.60563985400785  2.6347547989673217  -0.004504938282548791  17.88308839342046
-0.5790350892928426  883  142  141.59492728588003  2.5152542883047886  -0.02340971525625413  17.783133573968403
-0.5790350892928426  884  181  180.83895103631664  2.597322798497032  -0.03503541281647273  17.684421147647026
-0.5790350892928426  886  219  219.25210635150475  2.5060996719753916  -0.0034667757510927293  17.586758582364773
-0.5790350892928426  887  257  256.9955482095973  2.5075796103674577  -0.009535727409301725  17.49042445217467
-0.5790350892928426  888  294  293.9633693076069  2.439831413490424  -0.02191373014245217  17.394991588320053
-0.5790350892928426  888  330  330.26119386765873  2.3842600161583505  -0.022199604142362453  17.300579591226235
-0.5790350892928426  889  366  365.92588471689686  2.4130077411066395  -0.00675772086743766  17.20729032963816
-0.5790350892928426  889  401  400.85034647412357  2.451214280196723  -0.0357579526107455  17.115063856390428
-0.5790350892928426  890  435  435.1848406251176  2.3826292355525993  -0.034616831588970935  17.0236332081308
-0.5790350892928426  890  469  468.88969623566686  2.4527255612562726  -0.041468765770293174  16.93336145884987
-0.5790350892928426  890  502  502.0343989008034  2.3636787793868734  -0.026089112407532287  16.843992056484296
-0.5790350892928426  890  535  534.5636020967004  2.3989973877743296  -0.0459238509612907  16.755532632424014
-0.5790350892928426  890  567  566.5151662224597  2.3756033445135927  -0.05042251542376979  16.668111166977404
-0.5790350892928426  890  598  597.9275613792519  2.4073976276968096  -0.02979861599603902  16.581521319063913
-0.5790350892928426  889  629  628.8434071016713  2.489088253018849  -0.03794530152093747  16.49588098337365
-0.5790350892928426  889  659  659.2113973184496  2.5299966738300554  0.004726808115123225  16.41109459228241
-0.5790350892928426  889  689  688.9802374076569  2.5612938350579952  -0.02263695459714311  16.327291332783286
-0.5790350892928426  888  718  718.351028271303  2.4348512482911246  -0.025428219235853672  16.244189672054947
-0.5790350892928426  887  747  747.2388020165793  2.566988014619028  0.009086738082411464  16.162158593220852
-0.5790350892928426  887  776  775.5334188231384  2.4738700050261286  -0.0001430895148636746  16.08079771524595
-0.5790350892928426  886  803  803.4329521157641  2.4890818981896246  0.0025304629871674296  16.000330226931936
-0.5790350892928426  885  831  830.8345884822107  2.5535639277453583  -0.03537737555204101  15.92083335712673
-0.5790350892928426  884  858  857.8511226748044  2.48576921831841  -0.017320407747477663  15.841890575848382
-0.5790350892928426  883  884  884.3991875751519  2.4242941146244448  -0.006846728731495016  15.764109487972428
-0.5790350892928426  882  910  910.49737655607  2.6022433884265865  0.0013710386389606528  15.686793604965871
-0.5790350892928426  881  936  936.2132827626169  2.439874027912083  0.0043842792628273446  15.610557377671974
-0.5790350892928426  880  962  961.4982924915112  2.4390232730518164  0.007241219189421794  15.534859792547497
-0.5790350892928426  879  986  986.3113246652684  2.3873938564477157  -0.03181065645958014  15.46016712791969
-0.5790350892928426  878  1011  1010.7666811573155  2.533847660110496  -0.0232565786516978  15.386084610113443
-0.3315850892928429  877  19  19.095276989886298  2.737765176765837  -0.012773643070685098  18.085727135373546
-0.3315850892928429  879  61  60.81331827898988  2.6665978299571194  -0.017219293404556024  17.983836096925636
-0.3315850892928429  881  102  101.62019924602467  2.6462372551831947  -0.013297111488684482  17.88308839342046
-0.3315850892928429  882  142  141.6142194502255  2.500258757852066  -0.02944685885366548  17.783133573968403
-0.3315850892928429  883  181  180.88590674323922  2.573771901924033  -0.015070335281666396  17.684421147647026
-0.3315850892928429  885  219  219.28677447555046  2.5034686172814986  -0.01032601580897788  17.586758582364773
-0.3315850892928429  886  257  257.0439338326637  2.4785352342821625  -0.004953353818051053  17.49042445217467
-0.3315850892928429  887  294  294.0106284636674  2.4766899152044743  -0.010137106816977487  17.394991588320053
-0.3315850892928429  887  330  330.30124267969404  2.3493505372521213  -0.021869574614155927  17.300579591226235
-0.3315850892928429  888  366  365.9509329926162  2.3862977065024324  -0.014458785304667392  17.20729032963816
-0.3315850892928429  888  401  400.8859998066472  2.4700461576304065  -0.03392979979277684  17.115063856390428
-0.3315850892928429  889  435  435.2481220043619  2.383406031322693  -0.019943713081674485  17.0236332081308
-0.3315850892928429  889  469  468.95287832017954  2.461501708015703  -0.02687432641767538  16.93336145884987
-0.3315850892928429  889  502  502.09354142055327  2.387475207912985  -0.020042017307396267  16.843992056484296
-0.3315850892928429  889  535  534.6435879112221  2.399639758123385  -0.04271668247811112  16.755532632424014
-0.3315850892928429  889  567  566.5828219335561  2.40684991014723  -0.04957498686040572  16.668111166977404
-0.3315850892928429  889  598  598.0020797771026  2.385631365121071  -0.02400248855792851  16.581521319063913
-0.3315850892928429  888  629  628.9192944592338  2.4916022966672244  -0.03434583580880095  16.49588098337365
-0.3315850892928429  888  659  659.2748812331455  2.4990981635501157  0.007883019199990184  16.41109459228241
-0.3315850892928429  888  689  689.0752932196784  2.5505825334466863  -0.0039457769621624676  16.327291332783286
-0.3315850892928429  887  718  718.4088913024194  2.43708604127346  -0.04568773664934375  16.244189672054947
-0.3315850892928429  886  747  747.2862858446794  2.6843236462423192  0.01508935028701159  16.162158593220852
-0.3315850892928429  886  776  775.6161076367019  2.4572288503561595  -0.0052753382640797165  16.08079771524595
-0.3315850892928429  885  804  803.5203155269338  2.4625918130823266  0.0019328734772592101  16.000330226931936
-0.3315850892928429  884  831  830.9430576234732  2.5660577889618708  -0.02336434485145438  15.92083335712673
-0.3315850892928429  883  858  857.9646738232103  2.4879317369568525  0.0004267318360525676  15.841890575848382
-0.3315850892928429  883  884  884.4066433278997  2.473310108956298  -0.03864531345618946  15.764109487972428
-0.3315850892928429  882  910  910.5155702676605  2.578717899040271  -0.05785971761791985  15.686793604965871
-0.3315850892928429  881  936  936.2598184720981  2.518955172040023  -0.01724734751056625  15.610557377671974
-0.3315850892928429  879  962  961.5847364345104  2.5061111762693145  0.029310355640466853  15.534859792547497
-0.3315850892928429  878  986  986.4139616700023  2.4118187179418555  -0.031470537137443994  15.46016712791969
-0.3315850892928429  877  1011  1010.9001547216693  2.5407312007937435  -0.009208417831029889  15.386084610113443
-0.08413508929284319  876  19  19.109302443697466  2.7547351052042046  -0.017494314126325815  18.085727135373546
-0.08413508929284319  878  61  60.81914614696303  2.665090079939141  -0.02494642563629395  17.983836096925636
-0.08413508929284319  880  102  101.61507723727513  2.636797793713356  -0.021162515185737182  17.88308839342046
-0.08413508929284319  881  142  141.63757434613572  2.5186997006566685  -0.02243853661117248  17.783133573968403
-0.08413508929284319  883  181  180.89738606909862  2.554398971527519  -0.019047652384800513  17.684421147647026
-0.08413508929284319  884  219  219.31995896962206  2.4910531820993924  -0.006327280782719734  17.586758582364773
-0.08413508929284319  885  257  257.0406462987258  2.5006092059805383  -0.01903857841562158  17.49042445217467
-0.08413508929284319  886  294  294.06428083322726  2.4649210202248923  -0.0003871638593488418  17.394991588320053
-0.08413508929284319  886  330  330.32499828797745  2.3317114859219146  -0.03196831358820892  17.300579591226235
-0.08413508929284319  887  366  366.005971799757  2.407514855114073  -0.007106987330027235  17.20729032963816
-0.08413508929284319  887  401  400.9365815691455  2.450144613754958  -0.030814047271746487  17.115063856390428
-0.08413508929284319  888  435  435.29748760530555  2.3754805452075516  -0.013924817475232823  17.0236332081308
-0.08413508929284319  888  469  469.02379232127157  2.488721631346607  -0.019424714111680726  16.93336145884987
-0.08413508929284319  888  502  502.149299996762  2.3671350126775224  -0.02045080404839746  16.843992056484296
-0.08413508929284319  888  535  534.6813260918553  2.4145145789972275  -0.057549876542036284  16.755532632424014
-0.08413508929284319  888  567  566.655426984539  2.444978124476279  -0.04903529808552185  16.668111166977404
-0.08413508929284319  888  598  598.088210299999  2.394217850902578  -0.014232821332845827  16.581521319063913
-0.08413508929284319  887  629  628.9703150627574  2.5502160415398976  -0.022624387873921823  16.49588098337365
-0.08413508929284319  887  659  659.3483051428622  2.4516102635793686  0.006764444559566974  16.41109459228241
-0.08413508929284319  887  689  689.1515254294379  2.515858332631069  -0.00655837300038088  16.327291332783286
-0.08413508929284319  886  718  718.4816414570921  2.4601098086270667  -0.03835889077097056  16.244189672054947
-0.08413508929284319  886  747  747.3118051105737  2.569573678122424  -0.005332223691753989  16.162158593220852
-0.08413508929284319  885  776  775.6917269514339  2.443840528402916  -0.017986417112168942  16.08079771524595
-0.08413508929284319  884  804  803.6087413798641  2.4270197384357743  -0.0009535901679642889  16.000330226931936
-0.08413508929284319  883  831  831.0502310912924  2.5380968096978904  -0.00912477870091807  15.92083335712673
-0.08413508929284319  882  858  858.0003959071563  2.5691770329540304  -0.006254931940730969  15.841890575848382
-0.08413508929284319  882  884  884.4597362737569  2.4240038295574777  -0.05838531814902569  15.764109487972428
-0.08413508929284319  881  911  910.5919978495339  2.474767058199518  -0.0526306551663662  15.686793604965871
-0.08413508929284319  880  936  936.2946327145787  2.50210517269079  -0.06625189687867443  15.610557377671974
-0.08413508929284319  878  962  961.6199914437545  2.4978178603882952  -0.01303324441817478  15.534859792547497
-0.08413508929284319  877  986  986.4989556038786  2.431601279077313  -0.04229988693824472  15.46016712791969
-0.08413508929284319  876  1011  1011.0000203181103  2.5218808828667534  -0.005936193861265104  15.386084610113443
0.16331491070715654  875  19  19.091047292993874  2.7244356486384262  -0.023875402047516765  18.085727135373546
0.16331491070715654  877  61  60.83651642367135  2.6591108638260934  -0.023286650032912463  17.983836096925636
0.16331491070715654  879  102  101.64705237379849  2.6205787433527234  -0.011255498988457284  17.88308839342046
0.16331491070715654  880  142  141.64706669971255  2.4858185042883463  -0.029620696081393883  17.783133573968403
0.16331491070715654  882  181  180.9091253817226  2.5666255037661188  -0.029250534250806003  17.684421147647026
0.16331491070715654  883  219  219.3518670549427  2.491193778242234  -0.0010826234030974196  17.586758582364773
0.16331491070715654  884  257  257.0790230247886  2.498427119777972  -0.01509423244235162  17.49042445217467
0.16331491070715654  885  294  294.0994953531283  2.449429850861975  -0.005189401655663852  17.394991588320053
0.16331491070715654  885  330  330.3671836524588  2.3523884371672352  -0.033452613637882586  17.300579591226235
0.16331491070715654  886  366  366.04862422316177  2.395068562478059  -0.007062929589700911  17.20729032963816
0.16331491070715654  886  401  400.9751661443203  2.4538367537152226  -0.025187427669503503  17.115063856390428
0.16331491070715654  887  435  435.3546493129027  2.3517260389808143  -0.003311815397045573  17.0236332081308
0.16331491070715654  887  469  469.0923768289509  2.4812963641218175  -0.008413389772313904  16.93336145884987
0.16331491070715654  887  502  502.20196258203185  2.346446758590787  -0.023744595330772653  16.843992056484296
0.16331491070715654  887  535  534.7627020568992  2.4090976141969804  -0.04132413967827046  16.755532632424014
0.16331491070715654  887  567  566.7144690426909  2.4377891137156666  -0.05082614489341804  16.668111166977404
0.16331491070715654  887  598  598.1584399650657  2.4057735881683584  -0.012197063026674941  16.581521319063913
0.16331491070715654  887  629  629.0151680951083  2.480187250310564  -0.01527265935688992  16.49588098337365
0.16331491070715654  886  659  659.4276981488551  2.4142119406749316  0.0013999234861410187  16.41109459228241
0.16331491070715654  886  689  689.2403199863119  2.515215220975051  0.0033994981086357184  16.327291332783286
0.16331491070715654  885  719  718.5459235100687  2.45443135333835  -0.04660993344688315  16.244189672054947
0.16331491070715654  885  747  747.3907892058357  2.504945273507701  -0.0020016417359639284  16.162158593220852
0.16331491070715654  884  776  775.7759976227846  2.46412293878916  -0.02067993892816585  16.08079771524595
0.16331491070715654  883  804  803.6928138519512  2.4620753998456166  -0.005324711294259493  16.000330226931936
0.16331491070715654  882  831  831.1466280962272  2.5403527933117402  0.00047936533171517057  15.92083335712673
0.16331491070715654  882  858  858.1050742832028  2.5575325059858187  -0.00026103482667087135  15.841890575848382
0.16331491070715654  881  885  884.5272340986512  2.4356014131403754  -0.0662597333906811  15.764109487972428
0.16331491070715654  880  911  910.6936232903175  2.5100376357593177  -0.03258341156929938  15.686793604965871
0.16331491070715654  879  936  936.3910057409572  2.4142412698606677  -0.03713959031346917  15.610557377671974
0.16331491070715654  878  962  961.6978459585902  2.554315617053362  -0.0331284446876798  15.534859792547497
0.16331491070715654  876  987  986.5846911534097  2.5663819904023057  -0.01766038044347369  15.46016712791969
0.16331491070715654  875  1011  1011.1068502017537  2.5376789365193417  0.00028628871672358824  15.386084610113443
0.41076491070715626  874  19  19.08352741373255  2.7089563441166007  -0.031861709883922874  18.085727135373546
0.41076491070715626  876  61  60.81541499115888  2.6568308510713123  -0.040893809618849225  17.983836096925636
0.41076491070715626  878  102  101.65636493560342  2.580443211250156  -0.024198282056395348  17.88308839342046
0.41076491070715626  879  142  141.67875391862907  2.5094667624928775  -0.022272886195578094  17.783133573968403
0.41076491070715626  881  181  180.92847490950066  2.5296269022071556  -0.027481714295757943  17.684421147647026
0.41076491070715626  882  219  219.38104539000696  2.4832800703587736  -0.0006693822480100455  17.586758582364773
0.41076491070715626  883  257  257.10959751380415  2.476082145321584  -0.011310710407483892  17.49042445217467
0.41076491070715626  884  294  294.12609696822415  2.4607354310852543  -0.015290910640339475  17.394991588320053
0.41076491070715626  884  330  330.40612720775823  2.371669451338562  -0.03294146000714045  17.300579591226235
0.41076491070715626  885  366  366.0946398825142  2.3696770798356965  -0.006573693077844162  17.20729032963816
0.41076491070715626  886  401  400.96607770293735  2.4380353335284894  -0.04808415162444584  17.115063856390428
0.41076491070715626  886  435  435.4098548939714  2.358499975260088  0.009119448770824552  17.0236332081308
0.41076491070715626  886  469  469.15118495787067  2.4291414318278157  0.0008959927708028192  16.93336145884987
0.41076491070715626  886  502  502.2647432179934  2.3466892312903838  -0.022712158201182643  16.843992056484296
0.41076491070715626  886  535  534.8185173832723  2.4239756708794857  -0.038589357722588216  16.755532632424014
0.41076491070715626  886  567  566.751044703851  2.443622711381977  -0.056147412473649946  16.668111166977404
0.41076491070715626  886  598  598.2454762631576  2.392450083952326  -0.00906750897804703  16.581521319063913
0.41076491070715626  886  629  629.0962434053047  2.479373723359231  -0.01021886625657626  16.49588098337365
0.41076491070715626  885  660  659.4922244335496  2.4082608887858896  0.0016831408800391157  16.41109459228241
0.41076491070715626  885  689  689.3084723332192  2.4836082448257457  0.003297332536042161  16.327291332783286
0.41076491070715626  884  719  718.6405006168974  2.4642469105301643  -0.04305031111048736  16.244189672054947
0.41076491070715626  884  747  747.4652419134851  2.4712700108811987  -0.0013165040296222034  16.162158593220852
0.41076491070715626  883  776  775.847019007879  2.4851431533541017  -0.01801514496495133  16.08079771524595
0.41076491070715626  882  804  803.7648790745252  2.4504597975344495  -0.015378241858771588  16.000330226931936
0.41076491070715626  881  831  831.2566272848717  2.4904684564651234  0.0321242325876639  15.92083335712673
0.41076491070715626  881  858  858.1270631554986  2.4227251123164706  -0.039717778071839634  15.841890575848382
0.41076491070715626  880  885  884.6302422996785  2.4739612301680154  -0.06595447869749915  15.764109487972428
0.41076491070715626  879  911  910.7764788925479  2.4896600469353416  -0.04239260732526724  15.686793604965871
0.41076491070715626  878  936  936.466817344833  2.4123444043085556  -0.04690556061918514  15.610557377671974
0.41076491070715626  877  962  961.7788984690142  2.42922394473635  -0.017038282167702555  15.534859792547497
0.41076491070715626  875  987  986.629631900586  2.5380888068444847  -0.06176293971662156  15.46016712791969
0.41076491070715626  874  1011  1011.226991889198  2.525300467775878  0.005026099995912769  15.386084610113443
0.658214910707156  873  19  19.09595764567902  2.7525168532288937  -0.03509844105467651  18.085727135373546
0.658214910707156  875  61  60.82417947668143  2.6109938179769117  -0.03211920000584429  17.983836096925636
0.658214910707156  877  102  101.69212356066421  2.622962276779006  -0.011283836375044641  17.88308839342046
0.658214910707156  878  142  141.69669783186833  2.5292322265178484  -0.03119869941581184  17.783133573968403
0.658214910707156  880  181  180.96176045127837  2.6075978041096732  -0.012885969079163671  17.684421147647026
0.658214910707156  881  219  219.40612304951847  2.4712586709997026  -0.008637564383285262  17.586758582364773
0.658214910707156  882  257  257.1553159614253  2.4389596184723814  -0.005850583086499954  17.49042445217467
0.658214910707156  883  294  294.1780808829243  2.419387728749598  -0.006665947607610167  17.394991588320053
0.658214910707156  884  330  330.40544399293583  2.3164417873526872  -0.058207792832845405  17.300579591226235
0.658214910707156  884  366  366.1304345712838  2.3513929672101312  -0.012468683964682018  17.20729032963816
0.658214910707156  885  401  401.0404530450432  2.492726807488225  -0.01731516611431502  17.115063856390428
0.658214910707156  885  435  435.4600989370938  2.3257028037340888  0.004332286312039173  17.0236332081308
0.658214910707156  885  469  469.21024132913675  2.448714360031545  0.0055434933541728786  16.93336145884987
0.658214910707156  885  502  502.3119239902152  2.349451736573087  -0.029460727097192704  16.843992056484296
0.658214910707156  885  535  534.877443184415  2.433891667030366  -0.038316272623399684  16.755532632424014
0.658214910707156  885  567  566.8292220856557  2.4753518174620694  -0.04487329352769915  16.668111166977404
0.658214910707156  885  598  598.2894531853328  2.3762713073786017  -0.016103454982478067  16.581521319063913
0.658214910707156  885  629  629.1621173767136  2.5214956373463338  -0.01584459966264552  16.49588098337365
0.658214910707156  884  660  659.5414012536897  2.369237144128192  -0.01158172475390611  16.41109459228241
0.658214910707156  884  689  689.3886621753805  2.415194068503979  0.005998851678981674  16.327291332783286
0.658214910707156  883  719  718.7013197432619  2.473191792081593  -0.04789710174997673  16.244189672054947
0.658214910707156  883  748  747.5376540925282  2.444419287722212  -0.00998076886448736  16.162158593220852
0.658214910707156  882  776  775.9156145877105  2.4672489365882484  -0.029759760576880585  16.08079771524595
0.658214910707156  881  804  803.8489177214525  2.485256482511204  -0.019485338219995034  16.000330226931936
0.658214910707156  881  831  831.2791759933345  2.5514389722477517  0.0015490958360673613  15.92083335712673
0.658214910707156  880  858  858.2268737662536  2.4479046683977685  -0.015463616775646217  15.841890575848382
0.658214910707156  879  885  884.7590749254729  2.484651723412071  -0.04230988343099426  15.764109487972428
0.658214910707156  878  911  910.9016065236129  2.5312372754392527  -0.021586436273061657  15.686793604965871
0.658214910707156  877  937  936.558867824235  2.427335140423793  -0.05135311317447626  15.610557377671974
0.658214910707156  876  962  961.8823027043818  2.397192258001951  -0.011872607654764411  15.534859792547497
0.658214910707156  875  987  986.7397829732166  2.6310927718993753  -0.05244921605408616  15.46016712791969
0.658214910707156  873  1011  1011.3462324849943  2.486048950740269  0.01603643800914711  15.386084610113443
0.9056649107071557  872  19  19.115151834163704  2.7806307035431566  -0.02742751818091251  18.085727135373546
0.9056649107071557  874  61  60.86045471744728  2.664557524851972  -0.02088853053354135  17.983836096925636
0.9056649107071557  876  102  101.72475227617153  2.622503618129599  -0.009753302172403942  17.88308839342046
0.9056649107071557  877  142  141.7109614640465  2.5086780936984496  -0.0396177241395601  17.783133573968403
0.9056649107071557  879  181  180.97659175821636  2.5790790823065777  -0.016296217807083055  17.684421147647026
0.9056649107071557  880  219  219.42805583975053  2.4879391607495904  -0.011600847115664118  17.586758582364773
0.9056649107071557  881  257  257.1871547379324  2.4534036954737246  -0.009677994545983611  17.49042445217467
0.9056649107071557  882  294  294.20810182883525  2.424822959144535  -0.012831032072429093  17.394991588320053
0.9056649107071557  883  330  330.4337675243175  2.3656149853691772  -0.04383345478836552  17.300579591226235
0.9056649107071557  883  366  366.16505659719076  2.355957386783416  -0.014059945648663258  17.20729032963816
0.9056649107071557  884  401  401.09976187798435  2.4960297914710736  -0.016996338377965787  17.115063856390428
0.9056649107071557  884  436  435.50299796151165  2.3306665598380505  0.003356671979969031  17.0236332081308
0.9056649107071557  884  469  469.2714241167055  2.442018616411815  0.01715686881552497  16.93336145884987
0.9056649107071557  884  502  502.3784065511402  2.348715692645783  -0.027458182467576385  16.843992056484296
0.9056649107071557  884  535  534.9383840480527  2.46261711085117  -0.03922271148280715  16.755532632424014
0.9056649107071557  884  567  566.9140135300389  2.4641519241649803  -0.03093248324729108  16.668111166977404
0.9056649107071557  884  598  598.3255707173657  2.3474977078294614  -0.03407929536515416  16.581521319063913
0.9056649107071557  884  629  629.2340656435965  2.4945648138179877  -0.0007235829689682467  16.49588098337365
0.9056649107071557  883  660  659.5998900669409  2.3672022870871388  -0.014310793584260649  16.41109459228241
0.9056649107071557  883  689  689.449727973789  2.4196302473590094  -0.011343709822916338  16.327291332783286
0.9056649107071557  882  719  718.7719712923171  2.5097174057245866  -0.044829207459693245  16.244189672054947
0.9056649107071557  882  748  747.6110193060632  2.458932228729509  -0.016665253180666945  16.162158593220852
0.9056649107071557  881  776  776.0126543648432  2.4683437379519546  -0.02620334393640749  16.08079771524595
0.9056649107071557  880  804  803.9317981839159  2.459717695636982  -0.018662757339067058  16.000330226931936
0.9056649107071557  880  831  831.348182535982  2.572014576315496  -0.020372097550110664  15.92083335712673
0.9056649107071557  879  858  858.3077753203163  2.4884631932327466  -0.020677593607548023  15.841890575848382
0.9056649107071557  878  885  884.8520866581802  2.5326709207570275  -0.03951105525274764  15.764109487972428
0.9056649107071557  877  911  910.9888653133412  2.5724848253576056  -0.021693940964242694  15.686793604965871
0.9056649107071557  876  937  936.6544750881383  2.4829127771266712  -0.048428927358269  15.610557377671974
0.9056649107071557  875  962  961.9788167174047  2.4585281056622534  -0.015805119498094936  15.534859792547497
0.9056649107071557  874  987  986.8224690756184  2.56598546011287  -0.05796900968361878  15.46016712791969
0.9056649107071557  872  1011  1011.4190566349668  2.5866852940437184  0.03658946878022574  15.386084610113443
1.1531149107071554  871  19  19.141266762197056  2.7492091606435665  -0.02087894657426484  18.085727135373546
1.1531149107071554  873  61  60.857162280868664  2.5986965398422157  -0.039241985448591615  17.983836096925636
1.1531149107071554  875  102  101.73743632931495  2.5940005777401325  -0.021067174346797474  17.88308839342046
1.1531149107071554  876  142  141.74140324384837  2.5100184249739925  -0.029390528628197438  17.783133573968403
1.1531149107071554  878  181  181.00734782267688  2.5735170545655137  -0.012026637742236505  17.684421147647026
1.1531149107071554  879  219  219.46644313226543  2.5289067631338753  -0.006233028679693413  17.586758582364773
1.1531149107071554  880  257  257.21909400148814  2.436181387187389  -0.010791893959519903  17.49042445217467
1.1531149107071554  881  294  294.25415234177035  2.4066876576011964  -0.009524962991485829  17.394991588320053
1.1531149107071554  882  330  330.4699892959412  2.340042996806517  -0.04397305473885759  17.300579591226235
1.1531149107071554  882  366  366.2207275087666  2.357039004247895  -0.0033564690734000143  17.20729032963816
1.1531149107071554  883  401  401.1794958103263  2.468730200179607  0.0011416205786390098  17.115063856390428
1.1531149107071554  883  436  435.54456063632415  2.3253883885207642  0.0018697118301609767  17.0236332081308
1.1531149107071554  883  469  469.3349843561296  2.39984797484351  0.023616427131576755  16.93336145884987
1.1531149107071554  883  502  502.41674759732604  2.3485909817311494  -0.03931168612514476  16.843992056484296
1.1531149107071554  883  535  535.0144469861117  2.4521370074032802  -0.019031204686062425  16.755532632424014
1.1531149107071554  883  567  566.9784438434764  2.4885922689896915  -0.027203316686938192  16.668111166977404
1.1531149107071554  883  598  598.3881905789156  2.3667950187377755  -0.035397778548901616  16.581521319063913
1.1531149107071554  883  629  629.3088568542267  2.431748315644427  0.0008669290848920557  16.49588098337365
1.1531149107071554  882  660  659.6832710683263  2.391015218724988  -0.014427005373678718  16.41109459228241
1.1531149107071554  882  690  689.5207956783548  2.425037518686395  -0.006633257901098871  16.327291332783286
1.1531149107071554  881  719  718.8639059422218  2.5464506310790966  -0.03712105286848623  16.244189672054947
1.1531149107071554  881  748  747.6815741297221  2.482919707668543  -0.02430322540421383  16.162158593220852
1.1531149107071554  880  776  776.1017753316187  2.4668444489188914  -0.024020130137255763  16.08079771524595
1.1531149107071554  879  804  804.0375022388595  2.4899775147189303  -0.008931033496751116  16.000330226931936
1.1531149107071554  879  831  831.4322603010881  2.461195043225189  0.013543226371479746  15.92083335712673
1.1531149107071554  878  858  858.3973663458473  2.441536753969558  -0.02788943934933847  15.841890575848382
1.1531149107071554  877  885  884.9513130852071  2.5235435591024498  -0.029153454025060057  15.764109487972428
1.1531149107071554  876  911  911.0930329583109  2.5283534638106175  -0.01521205167612457  15.686793604965871
1.1531149107071554  875  937  936.7560346751626  2.511412636362934  -0.0473427024443251  15.610557377671974
1.1531149107071554  874  962  962.0787262179525  2.432276567562667  -0.014020960110969894  15.534859792547497
1.1531149107071554  873  987  986.9396576682439  2.5458327463819614  -0.027944331655624325  15.46016712791969
1.1531149107071554  872  1011  1011.4861691380469  2.505522107400111  0.008875378229696642  15.386084610113443
1.4005649107071552  870  19  19.145838224166486  2.7717373392834794  -0.021502336832497505  18.085727135373546
1.4005649107071552  872  61  60.86492318644244  2.663904476110666  -0.03518093181946427  17.983836096925636
1.4005649107071552  874  102  101.76081673987365  2.566667551355863  -0.013840262943022125  17.88308839342046
1.4005649107071552  875  142  141.74997049929414  2.4786075901094193  -0.0306210415777711  17.783133573968403
1.4005649107071552  877  181  181.0279903871474  2.5193658826788408  -0.023901624691031218  17.684421147647026
1.4005649107071552  878  220  219.50939624361567  2.5072233812172726  -0.012013990276080662  17.586758582364773
1.4005649107071552  879  257  257.229082967893  2.474284643329213  -0.0023745627997971957  17.49042445217467
1.4005649107071552  880  294  294.2609990302731  2.384101451022275  -0.02040805296776603  17.394991588320053
1.4005649107071552  881  331  330.4990249390864  2.3864842363552725  -0.04540641304789746  17.300579591226235
1.4005649107071552  881  366  366.2697332265232  2.3387411987628184  -0.003944059798077079  17.20729032963816
1.4005649107071552  882  401  401.25704202551873  2.4416492228110656  0.021712355757624726  17.115063856390428
1.4005649107071552  882  436  435.58356928456317  2.333158223445537  -0.001628320173166761  17.0236332081308
1.4005649107071552  882  469  469.37973333534393  2.366587975159291  0.013602245261289609  16.93336145884987
1.4005649107071552  882  502  502.45515024128827  2.377479405100246  -0.04642834581171526  16.843992056484296
1.4005649107071552  882  535  535.0736934657681  2.455808834754862  -0.012717039826473908  16.755532632424014
1.4005649107071552  882  567  567.0490016201496  2.5022848698461075  -0.020392235626963857  16.668111166977404
1.4005649107071552  882  598  598.4519503706741  2.350137236061073  -0.043392481396852  16.581521319063913
1.4005649107071552  882  629  629.3833884812203  2.4404626000377903  0.0021928362812140036  16.49588098337365
1.4005649107071552  881  660  659.7506896745268  2.4231259174732713  -0.020658800453025445  16.41109459228241
1.4005649107071552  881  690  689.5953031106917  2.410733549655106  -0.01370339541063277  16.327291332783286
1.4005649107071552  880  719  718.9558451009578  2.5649519409840877  -0.0285330110230522  16.244189672054947
1.4005649107071552  880  748  747.7806957561844  2.4634829049421114  -0.02251506054903142  16.162158593220852
1.4005649107071552  879  776  776.1946198711692  2.474205782744093  -0.016234614062014475  16.08079771524595
1.4005649107071552  878  804  804.1345291434396  2.438678147021392  -0.000658980171117157  16.000330226931936
1.4005649107071552  878  832  831.5063253282333  2.4191156627121018  0.0047533039068883435  15.92083335712673
1.4005649107071552  877  858  858.494446616429  2.481043874212901  -0.022828015718490597  15.841890575848382
1.4005649107071552  876  885  885.0673137150765  2.5632191689808224  -0.014158447244361296  15.764109487972428
1.4005649107071552  875  911  911.2103742892675  2.523648371284935  0.002589604605553387  15.686793604965871
1.4005649107071552  874  937  936.8678444307283  2.551572846958834  -0.03493653668042505  15.610557377671974
1.4005649107071552  873  962  962.198390562759  2.43135530225004  -0.00971003225623466  15.534859792547497
1.4005649107071552  872  987  987.0482473744024  2.5402222107695707  -0.018676810230831706  15.46016712791969
1.4005649107071552  871  1012  1011.5619535479639  2.5574941831816886  -0.018779701300952176  15.386084610113443
1.648014910707155  869  19  19.164872756006115  2.7544210046660957  -0.024056444001814153  18.085727135373546
1.648014910707155  871  61  60.85251214871988  2.6319012276329232  -0.04305341770332614  17.983836096925636
1.648014910707155  873  102  101.78280465154903  2.5992911159416963  -0.011318204184042694  17.88308839342046
1.648014910707155  875  142  141.7949921539696  2.508941579462089  -0.01582898847766439  17.783133573968403
1.648014910707155  876  181  181.0464159510801  2.547533814446524  -0.01945831455615682  17.684421147647026
1.648014910707155  877  220  219.53023039300913  2.4835989745447478  -0.014497072986030014  17.586758582364773
1.648014910707155  878  257  257.26982704918305  2.452220710386314  -0.002776026634386307  17.49042445217467
1.648014910707155  879  294  294.2708400918678  2.3682353731006174  -0.04422039086229567  17.394991588320053
1.648014910707155  880  331  330.5257260157057  2.396424430447837  -0.06428230989308545  17.300579591226235
1.648014910707155  880  366  366.3171986109519  2.324705007544594  -0.004932041966378191  17.20729032963816
1.648014910707155  881  401  401.28854680826794  2.4210810909196425  0.0064124977264566115  17.115063856390428
1.648014910707155  881  436  435.6192764381958  2.308352146569746  -0.019109262617015062  17.0236332081308
1.648014910707155  881  469  469.44128781390293  2.385141473948579  0.011539116025583475  16.93336145884987
1.648014910707155  881  503  502.5124526808717  2.357666296346565  -0.057287453596521314  16.843992056484296
1.648014910707155  881  535  535.1464991793235  2.4419164954026655  -0.0008224860787873459  16.755532632424014
1.648014910707155  881  567  567.1255824731878  2.4918733088013596  -0.006594950426094131  16.668111166977404
1.648014910707155  881  599  598.5104562968062  2.3715558937319656  -0.052314966023674164  16.581521319063913
1.648014910707155  881  629  629.4590857746513  2.4456637686516842  0.005580614357478325  16.49588098337365
1.648014910707155  880  660  659.8278012157175  2.4666989556931185  0.007069369233243681  16.41109459228241
1.648014910707155  880  690  689.6615309183144  2.3766067748915702  -0.02442220235530598  16.327291332783286
1.648014910707155  879  719  718.9896307809548  2.6422240163483366  -0.027020749747418284  16.244189672054947
1.648014910707155  879  748  747.8650557408573  2.4651334664088154  -0.021069370967661434  16.162158593220852
1.648014910707155  878  776  776.2635731653913  2.441976220864035  -0.027774123308066063  16.08079771524595
1.648014910707155  877  804  804.1814577045251  2.5366642353687894  0.0006346418861813769  16.000330226931936
1.648014910707155  877  832  831.5896369846702  2.467937703660027  -0.0074209358987882236  15.92083335712673
1.648014910707155  876  859  858.5589625906043  2.451230025431869  -0.044978337687191595  15.841890575848382
1.648014910707155  875  885  885.1867643580005  2.5811130127015076  0.0022967271552584902  15.764109487972428
1.648014910707155  874  911  911.3117886774753  2.5020062514749952  0.008840352754522968  15.686793604965871
1.648014910707155  873  937  936.9970266707683  2.5773241989143116  -0.015790897820745022  15.610557377671974
1.648014910707155  872  962  962.2960206251937  2.3996383174442144  -0.01631823670746584  15.534859792547497
1.648014910707155  871  987  987.1739687437167  2.5403882722328035  -0.007646722622877011  15.46016712791969
1.648014910707155  870  1012  1011.6387459713319  2.4407002738607844  -0.02130711981177257  15.386084610113443
1.8954649107071546  868  19  19.184501252571422  2.733781243790432  -0.02847333748894832  18.085727135373546
1.8954649107071546  870  61  60.871512336685875  2.64578049455654  -0.04392264095266512  17.983836096925636
1.8954649107071546  872  102  101.80901597573997  2.568868929449991  -0.005252373263884936  17.88308839342046
1.8954649107071546  874  142  141.78052225338465  2.5470872874847714  -0.03581624334845489  17.783133573968403
1.8954649107071546  875  181  181.0650037382412  2.4999043945367703  -0.021622218227430098  17.684421147647026
1.8954649107071546  876  220  219.5550504088159  2.442931195239055  -0.012685546650099862  17.586758582364773
1.8954649107071546  877  257  257.29953106349114  2.4209378028888295  -0.009579149135463833  17.49042445217467
1.8954649107071546  878  294  294.3409066697312  2.3633241616761325  -0.020447640133600255  17.394991588320053
1.8954649107071546  879  331  330.5927445475918  2.397671796502948  -0.05342686820750188  17.300579591226235
1.8954649107071546  879  366  366.3593943134646  2.2834563553641374  -0.008072169109585099  17.20729032963816
1.8954649107071546  880  401  401.335957697651  2.412512020998861  0.0010124716193398162  17.115063856390428
1.8954649107071546  880  436  435.66314350146536  2.294505031309768  -0.026345286705420603  17.0236332081308
1.8954649107071546  880  469  469.4948477902013  2.352740582173851  0.0071291732768818325  16.93336145884987
1.8954649107071546  880  503  502.5675970106349  2.369647046003024  -0.055731195706838564  16.843992056484296
1.8954649107071546  880  535  535.2105609871306  2.4550627629666906  -0.0035879134752891226  16.755532632424014
1.8954649107071546  880  567  567.1942838271019  2.479763209089242  -0.005279190493085068  16.668111166977404
1.8954649107071546  880  599  598.5712580804486  2.3757703305744826  -0.05501485429463575  16.581521319063913
1.8954649107071546  880  630  629.5250751280369  2.3758184132675524  0.001170060693403336  16.49588098337365
1.8954649107071546  880  660  659.8226871745629  2.4188280330830594  -0.034632262351675415  16.41109459228241
1.8954649107071546  879  690  689.7400627778065  2.388602927433567  -0.01772800206274822  16.327291332783286
1.8954649107071546  879  719  719.0579412168807  2.540496867246702  -0.019048234257548643  16.244189672054947
1.8954649107071546  878  748  747.940910654997  2.4646675785591015  -0.017968087742475894  16.162158593220852
1.8954649107071546  877  776  776.3614499746365  2.4143928969529043  -0.021823165841339493  16.08079771524595
1.8954649107071546  877  804  804.2099478660804  2.4379115092567645  -0.029647661831733303  16.000330226931936
1.8954649107071546  876  832  831.6665331219759  2.4537722868265064  -0.01787618981510524  15.92083335712673
1.8954649107071546  875  859  858.6505677394804  2.4862537085350596  -0.04832122005531894  15.841890575848382
1.8954649107071546  874  885  885.2895425818697  2.544653955667627  0.0031753792524770903  15.764109487972428
1.8954649107071546  873  911  911.4057855971533  2.444421302281171  -0.002721682117717009  15.686793604965871
1.8954649107071546  872  937  937.1133747493317  2.567674656008421  -0.006680761350634109  15.610557377671974
1.8954649107071546  871  962  962.3883245197547  2.388523005521165  -0.020941211592059618  15.534859792547497
1.8954649107071546  870  987  987.2918806314052  2.5106440931069756  0.0064736919080831505  15.46016712791969
1.8954649107071546  869  1012  1011.737345195058  2.4163076824174823  -0.01219599036449947  15.386084610113443
2.1429149107071543  867  19  19.204400559995847  2.754273691831358  -0.020416814246395455  18.085727135373546
2.1429149107071543  869  61  60.8937211417984  2.6157007172912117  -0.04171506430205061  17.983836096925636
2.1429149107071543  871  102  101.81283555652388  2.6102931583982922  -0.013280225954337994  17.88308839342046
2.1429149107071543  873  142  141.8072903157288  2.518834470816074  -0.025654677350575444  17.783133573968403
2.1429149107071543  874  181  181.11349451868657  2.5258019044183015  -0.008126472493534247  17.684421147647026
2.1429149107071543  875  220  219.57625418995835  2.472957534636521  -0.02085483885388498  17.586758582364773
2.1429149107071543  876  257  257.3403486607757  2.45161903326823  0.009530649082068418  17.49042445217467
2.1429149107071543  877  294  294.39211443500926  2.3820203889831646  -0.010670772862052298  17.394991588320053
2.1429149107071543  878  331  330.6338178636243  2.413809276189909  -0.05245413230996608  17.300579591226235
2.1429149107071543  878  366  366.39686326517716  2.309395341972845  -0.009295857581391342  17.20729032963816
2.1429149107071543  879  401  401.381925947256  2.4190316300013137  0.0018232089091987922  17.115063856390428
2.1429149107071543  879  436  435.6970251186524  2.3178283225111045  -0.03522856741715603  17.0236332081308
2.1429149107071543  879  470  469.53628003613335  2.3451201253715226  -0.006686457055632371  16.93336145884987
2.1429149107071543  880  503  502.56758249026166  2.3697242154817104  -0.055958030708176586  16.843992056484296
2.1429149107071543  880  535  535.2105955409547  2.455092651041241  -0.0033126767305732365  16.755532632424014
2.1429149107071543  879  567  567.2568981869905  2.4792412207505095  -0.00826988863085831  16.668111166977404
2.1429149107071543  879  599  598.6516700315971  2.360830653823996  -0.04476514499030084  16.581521319063913
2.1429149107071543  879  630  629.5795526982952  2.367677331460982  -0.0017464385795707717  16.49588098337365
2.1429149107071543  879  660  659.8997787534338  2.445365775261962  -0.025466832235773926  16.41109459228241
2.1429149107071543  878  690  689.7980410336979  2.375798474085286  -0.04544714585041557  16.327291332783286
2.1429149107071543  878  719  719.1445150390381  2.5133076108731984  -0.008255945376301244  16.244189672054947
2.1429149107071543  877  748  748.0241738963269  2.4700575955052955  -0.021187988543542632  16.162158593220852
2.1429149107071543  876  776  776.4207683981653  2.3717733387634325  -0.03837459418346163  16.08079771524595
2.1429149107071543  876  804  804.2879235817699  2.415535245773981  -0.022337822110117943  16.000330226931936
2.1429149107071543  875  832  831.764006288448  2.4592388740888964  -0.022311548344781575  15.92083335712673
2.1429149107071543  874  859  858.7601565035629  2.5005607041699704  -0.036213697248566934  15.841890575848382
2.1429149107071543  873  885  885.382897209384  2.5214673876648703  0.006134167376106055  15.764109487972428
2.1429149107071543  872  912  911.4996396716613  2.439156204510482  -0.007081529261562553  15.686793604965871
2.1429149107071543  871  937  937.2171579493244  2.52942633852399  -0.008337926790605953  15.610557377671974
2.1429149107071543  870  962  962.472074650914  2.3888369279541166  -0.03848330115290365  15.534859792547497
2.1429149107071543  869  987  987.3895856477079  2.4780545569306014  -0.0010628861474377721  15.46016712791969
2.1429149107071543  868  1012  1011.8509907459716  2.42953350841276  -0.011200938710105884  15.386084610113443
2.390364910707154  866  19  19.24723393222605  2.768719020964909  0.0018365577922689197  18.085727135373546
2.390364910707154  868  61  60.92169091540083  2.6384749668981584  -0.03264616585362403  17.983836096925636
2.390364910707154  870  102  101.8149269203007  2.5505775861281137  -0.024245021931100563  17.88308839342046
2.390364910707154  872  142  141.81762079817554  2.5460322475927057  -0.03243657758719798  17.783133573968403
2.390364910707154  873  181  181.14696935227926  2.490382072916759  -0.004011837587820773  17.684421147647026
2.390364910707154  874  220  219.61650995018127  2.456413432913223  -0.024419005714438478  17.586758582364773
2.390364910707154  875  257  257.362754134842  2.4228974636877183  -0.0027769216597655303  17.49042445217467
2.390364910707154  876  294  294.4335329469817  2.366355979677337  -0.014668162387672557  17.394991588320053
2.390364910707154  877  331  330.6568915487076  2.4474460808330605  -0.06442574176572301  17.300579591226235
2.390364910707154  877  366  366.4100578510652  2.298439318069086  -0.024194475937973605  17.20729032963816
2.390364910707154  878  401  401.4269986727894  2.415970285066919  -0.003796690491871519  17.115063856390428
2.390364910707154  878  436  435.7511564644045  2.343950360214535  -0.038249181423768264  17.0236332081308
2.390364910707154  878  470  469.58650642702816  2.3240225934565615  -0.012668333386867564  16.93336145884987
2.390364910707154  879  503  502.6249931452993  2.4054578105516384  -0.05480840900026596  16.843992056484296
2.390364910707154  879  535  535.283676130767  2.423282610400747  0.004180215225655643  16.755532632424014
2.390364910707154  878  567  567.3307665239803  2.449585664317283  -0.0018228476261993806  16.668111166977404
2.390364910707154  878  599  598.7141220992819  2.4343820341695164  -0.04877558445460328  16.581521319063913
2.390364910707154  878  630  629.636526201452  2.3851820137422237  -0.020071380506135425  16.49588098337365
2.390364910707154  878  660  659.9725468618568  2.4047894955704123  -0.026357599016791806  16.41109459228241
2.390364910707154  877  690  689.8838436218674  2.4403123867816703  -0.024108402410601405  16.327291332783286
2.390364910707154  877  719  719.2254017165367  2.525704353241963  -0.0003106626850251725  16.244189672054947
2.390364910707154  876  748  748.1014331896426  2.463584256121294  -0.02501779579210882  16.162158593220852
2.390364910707154  875  776  776.5012887678687  2.423932906366076  -0.03548855481978083  16.08079771524595
2.390364910707154  875  804  804.3467487615942  2.3983942607861763  -0.03990304291338971  16.000330226931936
2.390364910707154  874  832  831.8542387136378  2.4682293287373795  -0.01811077319836471  15.92083335712673
2.390364910707154  873  859  858.8740728420851  2.5256812724992415  -0.024845984132450868  15.841890575848382
2.390364910707154  872  885  885.482992742488  2.4864795450776  0.00964824468463218  15.764109487972428
2.390364910707154  871  912  911.5812891558954  2.431917370160818  -0.012593490195329016  15.686793604965871
2.390364910707154  870  937  937.3117521719906  2.5111528350232675  -0.0008663407790195294  15.610557377671974
2.390364910707154  869  963  962.5634610188971  2.409710347648911  -0.04783368816815164  15.534859792547497
2.390364910707154  868  987  987.4924922836204  2.5043907653248425  -0.006713948178492416  15.46016712791969
2.390364910707154  867  1012  1011.9575920075133  2.412075887476931  -0.011664624246269545  15.386084610113443
