# Band 3B   Etalon 2A   Slice 11
# Distortion map version 7B.05.00 - date 2019-03-22
# Trace (isoalpha): Take pixel trace along specified slice, specified alpha position trace is built by taking the pixel in every detector row with alpha value closest to the one specified 
# xpos[i] = np.argmin(alpha_img[i,:])+funcs.find_nearest(alpha_img[i,:][(slice_img[i,:]!=0)],alpha_pos)
#    alpha       x  y      center         FWHM          skewness        wavelength
0.0  847  21  20.668602980754102  2.9963105808687445  -0.008271002246928442  15.686793604965871
0.0  848  56  56.32047401623477  3.0813060423727805  -0.028432572433691974  15.610557377671974
0.0  850  92  91.48526173863172  2.940186769325777  0.02251505548133498  15.534859792547497
0.0  851  126  125.83615589365948  2.917512289826277  -0.018226634594348482  15.46016712791969
0.0  852  160  159.75393873992704  2.8511154795655784  0.021360651985208652  15.386084610113443
0.0  853  193  192.8650747367871  2.7306337015613735  -0.025429005791991647  15.31289922166435
0.0  854  226  225.56257487900118  2.7584881918649558  0.009679262620240676  15.240384575104041
0.0  855  258  257.6504315590935  2.644052025960889  0.0102680914544348  15.168712665944321
0.0  856  289  289.14373289889784  2.7941059224167475  -0.018493234046585053  15.097573789649545
0.0  857  320  320.17883898051304  2.7191907668656086  0.0034333492857513107  15.027414165301082
0.0  857  351  350.59728527283187  2.68831313707949  -0.028998220259393782  14.957700000753945
0.0  858  381  380.55176574300106  2.7340227176207463  -0.022254062948015223  14.88899120872048
0.0  858  410  410.0480427067541  2.661470596880349  -0.008806401537742262  14.820789521373039
0.0  858  439  438.9962648830412  2.782048110102096  -0.02720272890732381  14.753305173998903
0.0  859  468  467.48903502164296  2.733588427725067  -0.001699817741980111  14.68668724474506
0.0  859  496  495.5300948048159  2.763281913701576  -0.0033508318939722555  14.620481583720924
0.0  859  523  523.1066522661673  2.8632983800921465  -0.008682087055340034  14.555071695719535
0.0  859  550  550.2580383098193  2.8250289118775527  -0.016628477661333033  14.490483362816486
0.0  859  577  576.9555765835765  2.966805526686585  -0.01641077657197106  14.426317719474104
0.0  858  603  603.3193498971638  2.9791253053538185  -0.00950633535824386  14.362792536985046
0.0  858  629  629.1698449023818  3.0823086647740183  -0.014543879817393541  14.300095569086018
0.0  858  655  654.6207891721011  3.033461344327179  -0.025509102760551277  14.2380322665459
0.0  858  680  679.70940824346  3.129582821115946  -0.025062697279304817  14.176301113131764
0.0  857  704  704.441289950966  3.035974330680574  -0.01750616742014276  14.115348448441837
0.0  857  729  728.747634200125  3.1456439676979926  -0.020900586395144517  14.055047185382653
0.0  856  753  752.8126121103022  3.1782041974001913  -0.009551133027028013  13.995428412818692
0.0  856  776  776.4135115921608  3.077640182495088  -0.02273470171411999  13.936174552598326
0.0  855  800  799.7954649963417  3.120330410297811  -0.018649639740735878  13.877469853207606
0.0  854  823  822.8336465700488  3.1861772571254505  -0.02758098406927983  13.819173488962395
0.0  854  846  845.5246275614184  3.123264498093704  -0.00759799103596245  13.76162809128386
0.0  853  868  867.9648738030595  3.076723306420945  -0.008103987253416354  13.704583558457013
0.0  852  890  890.1395876979022  2.9833030840129595  0.0003870371942596408  13.6480347738012
0.0  851  912  911.9673047107734  2.9184010425892666  -0.0077700710766854105  13.591888765640986
0.0  851  933  933.4633872323814  2.998223918174517  -0.02133059058057573  13.536189577466194
0.0  850  955  954.7173368788627  2.9705550156817253  -0.03451293737460667  13.480873471062468
0.0  849  976  975.8378989096473  2.8966517555188602  -0.010054534122685256  13.42597356799033
0.0  848  997  996.650244140427  2.8219422289980685  -0.01654292894200446  13.371617538388005
0.0  847  1017  1017.1709399510102  2.816380226297383  -0.003180836305711799  13.31768711234676
-2.288995873210262  855  20  20.382630438498975  3.147725798986521  -0.0018017190218866824  15.686793604965871
-2.288995873210262  857  56  56.00171780623349  2.9563251035047102  -0.024735697286488414  15.610557377671974
-2.288995873210262  859  91  91.07957353815263  3.1662829085176156  0.0019282435669042053  15.534859792547497
-2.288995873210262  860  126  125.50333930998565  2.778858708161053  0.004404317020505566  15.46016712791969
-2.288995873210262  861  159  159.29170803682376  2.9512930510459796  -0.00344291894587795  15.386084610113443
-2.288995873210262  862  192  192.51030400592327  2.6849856036865276  -0.008637691378541845  15.31289922166435
-2.288995873210262  863  225  225.1045447668397  2.851348820620103  -0.007678218621823575  15.240384575104041
-2.288995873210262  864  257  257.23857289305255  2.790331254450223  0.029458868263060708  15.168712665944321
-2.288995873210262  865  289  288.6050863091017  2.646419742753608  -0.0325807621724148  15.097573789649545
-2.288995873210262  866  320  319.59500364008613  2.7220458745471205  -0.007073785745829203  15.027414165301082
-2.288995873210262  866  350  350.1021110297577  2.6791407152093143  -0.008691092004508247  14.957700000753945
-2.288995873210262  867  380  379.98080225418926  2.684739792564642  -0.01603298959272961  14.88899120872048
-2.288995873210262  867  409  409.47150620964004  2.7108916780771324  -0.002206331566400333  14.820789521373039
-2.288995873210262  867  438  438.41215595454537  2.6718772982055725  -0.02528930220767776  14.753305173998903
-2.288995873210262  867  467  466.8948240247388  2.755523944701565  -0.025572251170313667  14.68668724474506
-2.288995873210262  868  495  494.84291692898984  2.8580887049391777  -0.018987156273298722  14.620481583720924
-2.288995873210262  868  522  522.445426156527  2.8198759413326115  -0.008097131259211514  14.555071695719535
-2.288995873210262  868  550  549.5601793346717  2.8156180194030185  0.002468050760821188  14.490483362816486
-2.288995873210262  867  576  576.2983035122817  2.838600295962806  -0.05066105894098828  14.426317719474104
-2.288995873210262  867  603  602.5460011855114  2.925736339863306  -0.038405759407008494  14.362792536985046
-2.288995873210262  867  628  628.3925345658034  2.9945574379636355  -0.029554446759607545  14.300095569086018
-2.288995873210262  867  654  653.8484268282319  3.073779500406772  -0.018159691588604882  14.2380322665459
-2.288995873210262  866  679  678.9646437299755  3.089462364094061  -0.01762092157652947  14.176301113131764
-2.288995873210262  866  704  703.6204894513436  3.046475292371497  -0.008658941586320069  14.115348448441837
-2.288995873210262  866  728  727.9206890603465  3.046974107272945  -0.012554939194796916  14.055047185382653
-2.288995873210262  865  752  751.9396313415272  3.1549408556868457  -0.017117895735501033  13.995428412818692
-2.288995873210262  865  776  775.6037407265347  3.2800543050504984  -0.005575209776449316  13.936174552598326
-2.288995873210262  864  799  798.9070177709716  3.1652435181861165  -0.011451660338661747  13.877469853207606
-2.288995873210262  863  822  821.9534089040372  3.1135336698350784  -0.014097268796373044  13.819173488962395
-2.288995873210262  863  844  844.5449542452254  3.1157754493542598  -0.04117184860870482  13.76162809128386
-2.288995873210262  862  867  866.971203435577  3.088241259713982  -0.028116058314476368  13.704583558457013
-2.288995873210262  861  889  889.1447372189433  3.104261461026681  -0.0036529275249052168  13.6480347738012
-2.288995873210262  860  911  910.9925299160428  3.0419986255219555  -0.007092217525156769  13.591888765640986
-2.288995873210262  859  933  932.5481310559991  2.944173718187585  -0.012429481301318197  13.536189577466194
-2.288995873210262  859  954  953.7237912012695  2.9642809509417702  -0.04094769507936043  13.480873471062468
-2.288995873210262  858  975  974.7699881652322  2.895430143418139  -0.02891610022809481  13.42597356799033
-2.288995873210262  857  996  995.5981837832493  2.848214337555646  -0.0052741429407013145  13.371617538388005
-2.288995873210262  856  1016  1016.126835249869  2.779047993329641  -0.007313845570396207  13.31768711234676
-2.0415458732102625  854  20  20.43011359630571  3.122680343627632  -0.0026592124180906712  15.686793604965871
-2.0415458732102625  856  56  56.038520091363104  2.9439821126409456  -0.024944829978298885  15.610557377671974
-2.0415458732102625  858  91  91.13691480143478  3.155351042837509  0.006250516615457931  15.534859792547497
-2.0415458732102625  859  126  125.54058337226041  2.7892711485963986  -0.00011654914326457158  15.46016712791969
-2.0415458732102625  860  159  159.35081938674034  2.938530922489633  -0.0002253127378288123  15.386084610113443
-2.0415458732102625  861  193  192.56231515563647  2.7104105196289083  -0.004551696639712944  15.31289922166435
-2.0415458732102625  862  225  225.16352258858268  2.8317732142955947  -0.008470577543821557  15.240384575104041
-2.0415458732102625  863  257  257.2849056563479  2.7697891615984815  0.024063786695800372  15.168712665944321
-2.0415458732102625  864  289  288.6408176995687  2.649459294551775  -0.04497797646923869  15.097573789649545
-2.0415458732102625  865  320  319.6723093583406  2.7149422670834156  -0.007323007749965175  15.027414165301082
-2.0415458732102625  865  350  350.15755036441936  2.671014753959298  -0.015599764755691406  14.957700000753945
-2.0415458732102625  866  380  380.0484375915956  2.7012974370795746  -0.019906803865215726  14.88899120872048
-2.0415458732102625  866  410  409.54178586407033  2.6956955901806623  -0.006152895911746754  14.820789521373039
-2.0415458732102625  866  438  438.4775112735892  2.661542126527877  -0.028919429362808946  14.753305173998903
-2.0415458732102625  867  467  466.8945536807139  2.7568194251078353  -0.027678707271916278  14.68668724474506
-2.0415458732102625  867  495  494.9190484015042  2.8233467902228995  -0.020925865090284726  14.620481583720924
-2.0415458732102625  867  523  522.5682011496356  2.836810221326232  -0.00819254217186757  14.555071695719535
-2.0415458732102625  867  550  549.6256556402706  2.8535074235176126  -0.012437246548448015  14.490483362816486
-2.0415458732102625  867  576  576.29825507583  2.8391545018706665  -0.05103501978241566  14.426317719474104
-2.0415458732102625  866  603  602.6329333148786  2.9383745403813464  -0.038578051380090364  14.362792536985046
-2.0415458732102625  866  628  628.4699268392018  2.9671461366599488  -0.03649726569445174  14.300095569086018
-2.0415458732102625  866  654  653.9444754546041  3.035843058799628  -0.01474520423034277  14.2380322665459
-2.0415458732102625  865  679  679.0932328111234  3.1544886097933613  0.008407124510180821  14.176301113131764
-2.0415458732102625  865  704  703.7174955847855  3.069046480167117  -0.004128553218753405  14.115348448441837
-2.0415458732102625  865  728  728.0141508710855  3.112839510308504  -0.01814013414770081  14.055047185382653
-2.0415458732102625  864  752  752.0403723554609  3.1653351631769056  -0.01895308201665792  13.995428412818692
-2.0415458732102625  864  776  775.6382341383645  3.2036963053675436  -0.02553363680506512  13.936174552598326
-2.0415458732102625  863  799  799.0280410198886  3.2111231882154243  -0.0026193466263017434  13.877469853207606
-2.0415458732102625  862  822  822.0406870278115  3.069742026332733  -0.020267625836954337  13.819173488962395
-2.0415458732102625  862  845  844.6398026322379  3.1193585482901653  -0.04141396713012128  13.76162809128386
-2.0415458732102625  861  867  867.0971401607409  3.0869781576459445  -0.01953664829696344  13.704583558457013
-2.0415458732102625  860  889  889.2496186915688  3.0631658890629296  -0.0021619783927380844  13.6480347738012
-2.0415458732102625  859  911  911.1105083579416  3.030788765003308  0.0019927663064211684  13.591888765640986
-2.0415458732102625  858  933  932.5774290745575  2.9965147197951865  -0.028567948522909954  13.536189577466194
-2.0415458732102625  858  954  953.8470140317171  2.9460828218635697  -0.020433879854008935  13.480873471062468
-2.0415458732102625  857  975  974.8960092766362  2.913844974643098  -0.025109936152530227  13.42597356799033
-2.0415458732102625  856  996  995.6998142135577  2.8127737169734246  -0.006187245152688917  13.371617538388005
-2.0415458732102625  855  1016  1016.2846304663407  2.775719087310563  0.016158370058579195  13.31768711234676
-1.7940958732102628  853  20  20.45396643200299  3.107175081614969  -0.012448080792700964  15.686793604965871
-1.7940958732102628  855  56  56.08904741601672  2.9324971793274557  -0.024961688272619485  15.610557377671974
-1.7940958732102628  857  91  91.21529030773418  3.1081759585657665  0.01198559685819709  15.534859792547497
-1.7940958732102628  858  126  125.56752541071224  2.7954896824795696  -0.006737791170200412  15.46016712791969
-1.7940958732102628  859  159  159.40491282246245  2.9284652772170148  0.002080798800602515  15.386084610113443
-1.7940958732102628  860  193  192.60647106441655  2.6808118080567738  0.0023649177844327217  15.31289922166435
-1.7940958732102628  861  225  225.2056993633704  2.8126968526310634  0.006211888482167609  15.240384575104041
-1.7940958732102628  862  257  257.3527637768793  2.7048115236009096  0.031598120601325864  15.168712665944321
-1.7940958732102628  863  289  288.73083414224186  2.708306386692243  -0.030445592084374508  15.097573789649545
-1.7940958732102628  864  320  319.74234946272577  2.7101897317922976  -0.003008933063426594  15.027414165301082
-1.7940958732102628  864  350  350.2443000835275  2.6231956721067036  -0.009112771896203839  14.957700000753945
-1.7940958732102628  865  380  380.10704233946285  2.697635407760629  -0.029070874357718962  14.88899120872048
-1.7940958732102628  865  410  409.6052357690878  2.685256848905624  -0.010308019562927815  14.820789521373039
-1.7940958732102628  865  439  438.5326309909681  2.7140871962096185  -0.03583023333010996  14.753305173998903
-1.7940958732102628  866  467  466.9668937727083  2.7769332548067496  -0.0240334118675605  14.68668724474506
-1.7940958732102628  866  495  494.9942347658713  2.8049517540592888  -0.022354506190466118  14.620481583720924
-1.7940958732102628  866  523  522.6359519751684  2.844823566002219  -0.030825015481472446  14.555071695719535
-1.7940958732102628  866  550  549.729831856786  2.8394009354012724  -0.007400918830913845  14.490483362816486
-1.7940958732102628  866  576  576.3714085142792  2.8498860349204733  -0.03589036284836384  14.426317719474104
-1.7940958732102628  865  603  602.7488512278375  2.9750542849998283  -0.025077650755317416  14.362792536985046
-1.7940958732102628  865  629  628.5892163557857  2.981921766036635  -0.024365541650795172  14.300095569086018
-1.7940958732102628  865  654  654.020681524102  3.0247294320702167  -0.01815075718913049  14.2380322665459
-1.7940958732102628  865  679  679.0903654107035  3.1542527632841484  -0.02152629692206303  14.176301113131764
-1.7940958732102628  864  704  703.8044669166253  3.0832449280308083  -0.015132623539329629  14.115348448441837
-1.7940958732102628  864  728  728.1231952815892  3.1075347394405526  -0.014510004150265144  14.055047185382653
-1.7940958732102628  863  752  752.1711139907452  3.1482391163403918  -0.007452152890216871  13.995428412818692
-1.7940958732102628  863  776  775.7342155647306  3.139121427837381  -0.007213920117878718  13.936174552598326
-1.7940958732102628  862  799  799.1382620926153  3.165461067315391  -0.0018956055213721218  13.877469853207606
-1.7940958732102628  861  822  822.12092864199  3.0757956112714737  -0.021796549669742357  13.819173488962395
-1.7940958732102628  861  845  844.7612412320468  3.118527222717262  -0.034133426255353774  13.76162809128386
-1.7940958732102628  860  867  867.215874510655  3.094860049895715  -0.01620191420759108  13.704583558457013
-1.7940958732102628  859  889  889.3797655537628  3.019248260187851  0.005055181850443286  13.6480347738012
-1.7940958732102628  858  911  911.2176645240712  3.020759485143344  0.005293860206974856  13.591888765640986
-1.7940958732102628  858  933  932.6825585103105  3.0595882251888042  -0.03365848494722197  13.536189577466194
-1.7940958732102628  857  954  953.9703082766174  2.930629287832744  -0.01887712963083153  13.480873471062468
-1.7940958732102628  856  975  975.000459124737  2.933456024035763  -0.026386584149383004  13.42597356799033
-1.7940958732102628  855  996  995.8172055367136  2.8122979239865344  -0.006782014736611378  13.371617538388005
-1.7940958732102628  854  1016  1015.915281385907  2.1963288947682713  -0.4120092341016533  13.31768711234676
-1.546645873210263  853  20  20.500718564472695  3.0579776359157194  -0.011796283637961655  15.686793604965871
-1.546645873210263  854  56  56.14600183378163  2.9365093238944127  -0.02298162158310313  15.610557377671974
-1.546645873210263  856  91  91.26387274393886  3.0573783723694135  0.019995257703686965  15.534859792547497
-1.546645873210263  857  126  125.61233241275505  2.78621444327419  -0.0058895676623244245  15.46016712791969
-1.546645873210263  858  159  159.45838463015482  2.9403827547926085  0.004545368209852257  15.386084610113443
-1.546645873210263  860  193  192.6227160701747  2.7081884497413284  -0.016002514272459203  15.31289922166435
-1.546645873210263  860  225  225.24115271604208  2.8478552009940756  -0.010632109198360279  15.240384575104041
-1.546645873210263  861  257  257.4134847601745  2.7230852015928804  0.030255530378071802  15.168712665944321
-1.546645873210263  862  289  288.797103891652  2.7151016657338687  -0.031124648820427436  15.097573789649545
-1.546645873210263  863  320  319.78848377763353  2.705199252307125  -0.012301921306879298  15.027414165301082
-1.546645873210263  863  350  350.2974315159  2.6320485977011003  -0.011295638317005783  14.957700000753945
-1.546645873210263  864  380  380.16707432873073  2.68810251042089  -0.02778207858740989  14.88899120872048
-1.546645873210263  864  410  409.6808204530218  2.694229826194487  -0.009308818766867432  14.820789521373039
-1.546645873210263  864  439  438.61786745134833  2.700107387789501  -0.02652304111367564  14.753305173998903
-1.546645873210263  865  467  467.0642157593868  2.781347205168231  -0.016079800859155287  14.68668724474506
-1.546645873210263  865  495  495.0959952089161  2.8524287172642744  -0.009351308505501726  14.620481583720924
-1.546645873210263  865  523  522.6781979264862  2.877013473405782  -0.04675361022137441  14.555071695719535
-1.546645873210263  865  550  549.806237861792  2.8631770312197204  -0.0074340911406756555  14.490483362816486
-1.546645873210263  865  576  576.4746014269333  2.891091432228677  -0.021697981469260445  14.426317719474104
-1.546645873210263  864  603  602.820866413136  2.997520725433219  -0.029098161875492325  14.362792536985046
-1.546645873210263  864  629  628.6799171852866  2.9995699693295137  -0.02814161269816465  14.300095569086018
-1.546645873210263  864  654  654.1034601370455  3.007468222580428  -0.019234969088337033  14.2380322665459
-1.546645873210263  864  679  679.1840064737498  3.140647999683324  -0.004775966524296407  14.176301113131764
-1.546645873210263  863  704  703.9091287988742  3.077049842112274  -0.009192692869175935  14.115348448441837
-1.546645873210263  863  728  728.1946013207736  3.116154563900409  -0.01892229103574129  14.055047185382653
-1.546645873210263  862  752  752.2510713772067  3.095208030556705  -0.011371297051355072  13.995428412818692
-1.546645873210263  862  776  775.8406412994023  3.120250981142817  -0.005060777574691436  13.936174552598326
-1.546645873210263  861  799  799.2403998366619  3.1656320543061156  0.0023022423117017156  13.877469853207606
-1.546645873210263  860  822  822.2310634941039  3.1010378393277733  -0.022395940168639376  13.819173488962395
-1.546645873210263  860  845  844.875415361758  3.144366956695535  -0.026841673243197684  13.76162809128386
-1.546645873210263  859  867  867.3505231636341  3.091345381564679  -0.003627379347206609  13.704583558457013
-1.546645873210263  858  890  889.5137767774821  3.0224823667874716  0.012535775115534638  13.6480347738012
-1.546645873210263  857  911  911.3698774514719  2.980823274677391  0.02354783916325911  13.591888765640986
-1.546645873210263  857  933  932.7524057636384  3.025627561566239  -0.04751906600636759  13.536189577466194
-1.546645873210263  856  954  954.090731371056  2.924953625797116  -0.012147745900584482  13.480873471062468
-1.546645873210263  855  975  975.139853072648  2.930496463710824  -0.010570801451581192  13.42597356799033
-1.546645873210263  854  996  995.9407059722699  2.84552267915592  -0.009166722914413396  13.371617538388005
-1.546645873210263  853  1016  1016.4946028090345  2.7118248099263838  0.005528325276960655  13.31768711234676
-1.2991958732102633  852  21  20.537567619843017  3.032450309022785  -0.007862014594505511  15.686793604965871
-1.2991958732102633  853  56  56.170474647136025  2.939343614242027  -0.023051675716692904  15.610557377671974
-1.2991958732102633  855  91  91.3018565068045  3.0507356739612703  0.019357091698659016  15.534859792547497
-1.2991958732102633  856  126  125.63605256950112  2.7985557358942117  -0.019037459091848858  15.46016712791969
-1.2991958732102633  857  160  159.51375610469842  2.911356667305995  0.01767971884529453  15.386084610113443
-1.2991958732102633  859  193  192.6514749599985  2.6734235068656744  -0.02828754624592525  15.31289922166435
-1.2991958732102633  860  225  225.26797039821474  2.8001104144846067  -0.01832051923979432  15.240384575104041
-1.2991958732102633  860  257  257.4530075649528  2.679505289556289  0.02726012433075506  15.168712665944321
-1.2991958732102633  861  289  288.8581599927995  2.727141175570921  -0.02731842964829876  15.097573789649545
-1.2991958732102633  862  320  319.8691615429259  2.743436051172239  -0.006232121011141332  15.027414165301082
-1.2991958732102633  862  350  350.34606917870417  2.6408851978281973  -0.020244594914263572  14.957700000753945
-1.2991958732102633  863  380  380.24251607046415  2.721053906516431  -0.02066491969335268  14.88899120872048
-1.2991958732102633  863  410  409.74347064761156  2.723247097339481  -0.009409401551824834  14.820789521373039
-1.2991958732102633  863  439  438.6846853650856  2.720387946997107  -0.03209598412906942  14.753305173998903
-1.2991958732102633  864  467  467.13562829349104  2.7895523395122837  -0.015597337353259981  14.68668724474506
-1.2991958732102633  864  495  495.1753497039306  2.834316186325168  -0.0006312413065537886  14.620481583720924
-1.2991958732102633  864  523  522.795654371123  3.001842955246957  -0.005059555693126084  14.555071695719535
-1.2991958732102633  864  550  549.8864636035888  2.8629874985829247  -0.005138728759999047  14.490483362816486
-1.2991958732102633  864  577  576.566376297968  2.912335836077773  -0.027566920456631134  14.426317719474104
-1.2991958732102633  863  603  602.9066750222248  3.018229156418215  -0.024505672227130577  14.362792536985046
-1.2991958732102633  863  629  628.7449945023851  2.9900562614272985  -0.03027985544817059  14.300095569086018
-1.2991958732102633  863  654  654.2248994039315  3.0166217231890187  -0.009217188987431998  14.2380322665459
-1.2991958732102633  863  679  679.2887756030536  3.0768052892260584  0.008353686235220698  14.176301113131764
-1.2991958732102633  862  704  704.0081844678701  3.0755830748837525  -0.007198716962325927  14.115348448441837
-1.2991958732102633  862  728  728.297595758475  3.0875941034282732  -0.017409641017999865  14.055047185382653
-1.2991958732102633  861  752  752.3213197113573  3.0939907518650216  -0.023940375068661222  13.995428412818692
-1.2991958732102633  861  776  775.9636301916034  3.149416965483397  0.0005378110232304804  13.936174552598326
-1.2991958732102633  860  799  799.3505265045703  3.125276557060488  0.005932433414746059  13.877469853207606
-1.2991958732102633  859  822  822.3436328486994  3.068012802155181  -0.020486902446751793  13.819173488962395
-1.2991958732102633  859  845  845.0017684039439  3.123069250462777  -0.017234855106468414  13.76162809128386
-1.2991958732102633  858  867  867.4439093534363  3.097334954797816  -0.010519346263069551  13.704583558457013
-1.2991958732102633  857  890  889.6061239330252  3.0008267513144347  0.0004618567551058604  13.6480347738012
-1.2991958732102633  856  911  911.4695546870571  2.9512516884377646  0.026441118211406104  13.591888765640986
-1.2991958732102633  856  933  932.9001056738972  2.9882153080832268  -0.018481958015016856  13.536189577466194
-1.2991958732102633  855  954  954.1931250049983  2.9387344817505436  -0.014309847476770951  13.480873471062468
-1.2991958732102633  854  975  975.2915226521319  2.956809565152753  0.005257068387279731  13.42597356799033
-1.2991958732102633  853  996  996.0587517650067  2.815680035329933  -0.015542547829795599  13.371617538388005
-1.2991958732102633  852  1017  1016.5624670773984  2.7376192942743955  -0.025925137153650628  13.31768711234676
-1.0517458732102636  851  21  20.573701317789418  3.061904316514692  -0.0013266231724149407  15.686793604965871
-1.0517458732102636  852  56  56.18846771877232  2.920103130973125  -0.03475945529349425  15.610557377671974
-1.0517458732102636  854  91  91.35142643820198  3.0346545593024814  0.022096152623332792  15.534859792547497
-1.0517458732102636  855  126  125.68193661340894  2.813983302188518  -0.017805108240427928  15.46016712791969
-1.0517458732102636  856  160  159.5526113018225  2.865539546882161  0.01417615982172776  15.386084610113443
-1.0517458732102636  858  193  192.6708443680364  2.699907714874371  -0.024566307976673144  15.31289922166435
-1.0517458732102636  859  225  225.316701525433  2.851152076495623  -0.007942606473530825  15.240384575104041
-1.0517458732102636  859  258  257.5032920839731  2.6669869225610228  0.0385332443974961  15.168712665944321
-1.0517458732102636  860  289  288.9248260993494  2.7404341008500523  -0.021997282255911885  15.097573789649545
-1.0517458732102636  861  320  319.92948665319096  2.7375342864249887  -0.004303025464066489  15.027414165301082
-1.0517458732102636  861  350  350.3989724698146  2.6539401180694995  -0.021880426405904926  14.957700000753945
-1.0517458732102636  862  380  380.31772952274827  2.730945293862419  -0.018010795159499167  14.88899120872048
-1.0517458732102636  862  410  409.81680225896355  2.746436944546417  -0.007555801972383492  14.820789521373039
-1.0517458732102636  862  439  438.76036213135404  2.7476266999738073  -0.014188975786995035  14.753305173998903
-1.0517458732102636  863  467  467.2011916119788  2.80013897019046  -0.010008888239934247  14.68668724474506
-1.0517458732102636  863  495  495.25509338499904  2.8203017899641054  0.0033972106230774957  14.620481583720924
-1.0517458732102636  863  523  522.8050593521386  2.8561403652672652  -0.023846374189683293  14.555071695719535
-1.0517458732102636  863  550  549.9499470839294  2.871969060273159  -0.00996571055197937  14.490483362816486
-1.0517458732102636  863  577  576.665519443431  2.938931804275171  -0.017797761765947814  14.426317719474104
-1.0517458732102636  863  603  602.9473717744022  3.1081255802357646  -0.017390619364567768  14.362792536985046
-1.0517458732102636  862  629  628.8035562723545  3.010127878870776  -0.03630085783956718  14.300095569086018
-1.0517458732102636  862  654  654.3092414722012  2.9985463690318284  -0.01477967771991946  14.2380322665459
-1.0517458732102636  862  679  679.361929279472  3.0656291667987716  0.004148567138136453  14.176301113131764
-1.0517458732102636  861  704  704.100914461724  3.05617284674463  -0.005034542010631465  14.115348448441837
-1.0517458732102636  861  728  728.3948080883756  3.1252442773777602  -0.014421352881447453  14.055047185382653
-1.0517458732102636  860  752  752.4395956921089  3.1320752403341885  -0.013964526935172512  13.995428412818692
-1.0517458732102636  860  776  776.0417649950189  3.110032071921978  -0.007435512081390356  13.936174552598326
-1.0517458732102636  859  799  799.4548160361774  3.1479887628952383  0.0018596355886939956  13.877469853207606
-1.0517458732102636  858  822  822.4097391830603  3.2042237259629474  -0.015742910250019077  13.819173488962395
-1.0517458732102636  858  845  845.1163703252321  3.1183473203984704  -0.013310605260015079  13.76162809128386
-1.0517458732102636  857  868  867.5725281079458  3.0402950585362305  0.0004918044191106719  13.704583558457013
-1.0517458732102636  856  890  889.703454793281  2.9690617896199  0.00025299274295095933  13.6480347738012
-1.0517458732102636  855  912  911.5417520954677  3.0359291435308933  0.016337568151927377  13.591888765640986
-1.0517458732102636  855  933  933.000896324989  2.949559324687243  -0.020854718721435624  13.536189577466194
-1.0517458732102636  854  954  954.2792869404785  2.924136323831817  -0.027978701171497426  13.480873471062468
-1.0517458732102636  853  975  975.4107527230009  2.923706236824273  0.004866969155005715  13.42597356799033
-1.0517458732102636  852  996  996.1837930810676  2.8004630934710804  -0.01250830539935057  13.371617538388005
-1.0517458732102636  851  1017  1016.6712549360705  2.7567805752203185  -0.029964788947079178  13.31768711234676
-0.8042958732102639  850  21  20.589266503398633  3.0665935888442064  -0.007088115904231434  15.686793604965871
-0.8042958732102639  851  56  56.21317326498434  2.996371399113471  -0.03368042486891813  15.610557377671974
-0.8042958732102639  853  91  91.3870084704485  2.9960275031812387  0.024401206549248027  15.534859792547497
-0.8042958732102639  854  126  125.72440621483351  2.8426539379596534  -0.018797996546708412  15.46016712791969
-0.8042958732102639  856  160  159.57479240230438  2.909389018955835  0.0015848341611568587  15.386084610113443
-0.8042958732102639  857  193  192.72510638175854  2.741242660670025  -0.020551810614207907  15.31289922166435
-0.8042958732102639  858  225  225.39431904432286  2.835928956267338  0.006285561694256234  15.240384575104041
-0.8042958732102639  858  258  257.54789660004764  2.596812903519833  0.03362884956624295  15.168712665944321
-0.8042958732102639  859  289  288.97593650358704  2.790746734298807  -0.024078051494421007  15.097573789649545
-0.8042958732102639  860  320  319.983459781153  2.738023985398513  -0.011629969956356217  15.027414165301082
-0.8042958732102639  860  350  350.4354678754913  2.6169923723501256  -0.03133219408079589  14.957700000753945
-0.8042958732102639  861  380  380.3870599354434  2.7345784133826783  -0.02072942158777954  14.88899120872048
-0.8042958732102639  861  410  409.8852251230707  2.7084049923332714  -0.004353284724767545  14.820789521373039
-0.8042958732102639  862  439  438.7571302286074  2.744324733109977  -0.02531420113363649  14.753305173998903
-0.8042958732102639  862  467  467.27719705548265  2.8148007134968793  -0.009105217375336054  14.68668724474506
-0.8042958732102639  862  495  495.3283315257624  2.82202413420805  0.00413782311592623  14.620481583720924
-0.8042958732102639  862  523  522.8654213002736  2.882000075229712  -0.02759351719943929  14.555071695719535
-0.8042958732102639  862  550  550.0298656380586  2.843015215739797  -0.009744917550085112  14.490483362816486
-0.8042958732102639  862  577  576.7263643077309  2.9347764557587652  -0.020820353398714943  14.426317719474104
-0.8042958732102639  862  603  603.0286681566887  3.015860679583966  -0.00767826771145964  14.362792536985046
-0.8042958732102639  861  629  628.9062295583103  3.0274774094547183  -0.03068099504468244  14.300095569086018
-0.8042958732102639  861  654  654.3492216651914  2.993658457169431  -0.03097553866446094  14.2380322665459
-0.8042958732102639  861  679  679.4535269177961  3.0631023653643297  0.0027170567118187743  14.176301113131764
-0.8042958732102639  860  704  704.1911399106772  3.071672564831715  -0.011980270756291697  14.115348448441837
-0.8042958732102639  860  728  728.4671116295956  3.098210047510406  -0.02161759214899678  14.055047185382653
-0.8042958732102639  859  752  752.5413901045671  3.181886722857371  -0.0138057771979243  13.995428412818692
-0.8042958732102639  859  776  776.1242181433872  3.0863686761049394  -0.014399235939531416  13.936174552598326
-0.8042958732102639  858  800  799.5528274243018  3.1488784111825225  -0.0035518228674313005  13.877469853207606
-0.8042958732102639  858  822  822.5093937822245  3.166698263198441  -0.026293691496929218  13.819173488962395
-0.8042958732102639  857  845  845.218628602559  3.097075252444938  -0.010748027575755999  13.76162809128386
-0.8042958732102639  856  868  867.6691510587639  3.0340235057688005  0.0006701227251479857  13.704583558457013
-0.8042958732102639  855  890  889.809561800443  2.970007630493228  -0.004260363378062653  13.6480347738012
-0.8042958732102639  855  912  911.5950486422596  3.037922351496036  -0.008265172738743004  13.591888765640986
-0.8042958732102639  854  933  933.0842797251775  2.952480847670131  -0.025971028742172546  13.536189577466194
-0.8042958732102639  853  954  954.3900123982806  2.9476645156830728  -0.030221469291819906  13.480873471062468
-0.8042958732102639  852  976  975.5042923644576  2.8873684804116238  -0.0006254755840948721  13.42597356799033
-0.8042958732102639  851  996  996.299895247187  2.805125630819475  -0.015010927230482696  13.371617538388005
-0.8042958732102639  850  1017  1016.8063120692544  2.8081334001552705  -0.018766819906294734  13.31768711234676
-0.5568458732102641  849  21  20.620515018857947  3.0427567820849255  -0.002683391821354338  15.686793604965871
-0.5568458732102641  850  56  56.24929347645521  3.0179751564405635  -0.03192917578940889  15.610557377671974
-0.5568458732102641  852  91  91.43184818322871  2.915327877493553  0.028847226972754478  15.534859792547497
-0.5568458732102641  853  126  125.7486004066193  2.8487278718627067  -0.020845391664822334  15.46016712791969
-0.5568458732102641  855  160  159.6239197140845  2.8434572571335366  -9.786329395645196e-05  15.386084610113443
-0.5568458732102641  856  193  192.76860808018947  2.73959217292051  -0.028180229398695238  15.31289922166435
-0.5568458732102641  857  225  225.45598239279235  2.831000912787431  0.00962333597856588  15.240384575104041
-0.5568458732102641  858  258  257.55663808033916  2.6178595405198735  0.01282624082419271  15.168712665944321
-0.5568458732102641  858  289  289.02958332478426  2.8114654214299435  -0.02216949217697009  15.097573789649545
-0.5568458732102641  859  320  320.0714396230362  2.729281317409459  0.0014364721215294792  15.027414165301082
-0.5568458732102641  859  350  350.4937447647023  2.6382907087177045  -0.025076053178274126  14.957700000753945
-0.5568458732102641  860  380  380.4350846686173  2.7198212967813333  -0.023346866502430935  14.88899120872048
-0.5568458732102641  860  410  409.9361164396927  2.7307058160895394  -0.011309563504406225  14.820789521373039
-0.5568458732102641  861  439  438.86388168199437  2.767420973249614  -0.00850502458184133  14.753305173998903
-0.5568458732102641  861  467  467.3649055622855  2.8073392836363382  -0.00020481235418713404  14.68668724474506
-0.5568458732102641  861  495  495.40551929873885  2.7932608878286374  0.00043137987296272003  14.620481583720924
-0.5568458732102641  861  523  522.9756569688782  2.8864377221509585  -0.012354171392553827  14.555071695719535
-0.5568458732102641  861  550  550.1136224464991  2.8097881269493428  -0.01467338897413797  14.490483362816486
-0.5568458732102641  861  577  576.8037340618903  2.9355051051306873  -0.01592588131838728  14.426317719474104
-0.5568458732102641  861  603  603.1023641533095  3.026875919001668  -0.013518693166939814  14.362792536985046
-0.5568458732102641  860  629  629.0096543467628  3.0102340416669904  -0.02252152230252255  14.300095569086018
-0.5568458732102641  860  654  654.4420988018545  2.9972620622693285  -0.028660188948755008  14.2380322665459
-0.5568458732102641  860  680  679.5106582234298  3.061898806950694  -0.010147169337237047  14.176301113131764
-0.5568458732102641  859  704  704.2832306687923  3.0703171780505727  -0.012741853043444369  14.115348448441837
-0.5568458732102641  859  729  728.5600090535507  3.104219537289623  -0.019859163040382002  14.055047185382653
-0.5568458732102641  858  753  752.6366575216408  3.2052338017513193  -0.01267579297119165  13.995428412818692
-0.5568458732102641  858  776  776.2329987251762  3.0991793448199587  -0.016634954370321052  13.936174552598326
-0.5568458732102641  857  800  799.6388342470897  3.1368286117753996  -0.001535169699149767  13.877469853207606
-0.5568458732102641  857  822  822.5632311210405  3.1849074624846025  -0.03657071330478585  13.819173488962395
-0.5568458732102641  856  845  845.3147987420973  3.147195987269697  -0.005780657187066384  13.76162809128386
-0.5568458732102641  855  868  867.7574414850562  3.0340818579231836  -0.0061082300842291  13.704583558457013
-0.5568458732102641  854  890  889.9176527218638  2.947271815771046  0.0024638890031149965  13.6480347738012
-0.5568458732102641  854  912  911.6625723771128  2.9577705987398986  -0.017580132651123747  13.591888765640986
-0.5568458732102641  853  933  933.227157149423  2.969195635372671  -0.008073621141833534  13.536189577466194
-0.5568458732102641  852  954  954.5178010089211  2.9514745238568594  -0.02793074344167084  13.480873471062468
-0.5568458732102641  851  976  975.6013297598837  2.8846312650807704  -0.00947646465034728  13.42597356799033
-0.5568458732102641  850  996  996.3864116621526  2.7774934865301475  -0.02086007856355333  13.371617538388005
-0.5568458732102641  849  1017  1016.9422589727665  2.808893019348716  -0.01226628214119862  13.31768711234676
-0.3093958732102644  848  21  20.636118414582665  3.000179605313761  -0.008325015877350182  15.686793604965871
-0.3093958732102644  849  56  56.27254107339059  2.997050547373604  -0.025294309133671103  15.610557377671974
-0.3093958732102644  851  91  91.44983519992937  2.9657920762563776  0.022326070056929492  15.534859792547497
-0.3093958732102644  852  126  125.7700326470082  2.8923294483671356  -0.023943210360035504  15.46016712791969
-0.3093958732102644  854  160  159.66801726490755  2.8496064235195604  0.01909566521599721  15.386084610113443
-0.3093958732102644  855  193  192.82601685209676  2.8097821363751905  -0.01343068954572156  15.31289922166435
-0.3093958732102644  856  226  225.48949537254558  2.8539712083681366  0.004941250148598724  15.240384575104041
-0.3093958732102644  857  258  257.5761699411601  2.6644488334189873  0.006141791184275002  15.168712665944321
-0.3093958732102644  857  289  289.0719741625715  2.7622417154478285  -0.026676094068730786  15.097573789649545
-0.3093958732102644  858  320  320.1258413949106  2.7086424918401235  0.009186022980045306  15.027414165301082
-0.3093958732102644  859  351  350.54411381891083  2.616694509235799  -0.026357930906842367  14.957700000753945
-0.3093958732102644  859  380  380.4855065301045  2.7127489985515467  -0.02338030834792527  14.88899120872048
-0.3093958732102644  859  410  409.99716614721666  2.7270371594181597  -0.007601171163832051  14.820789521373039
-0.3093958732102644  860  439  438.89978029776745  2.757873615341964  -0.024226646631977065  14.753305173998903
-0.3093958732102644  860  467  467.42224951308475  2.768108394636272  -0.001548835968952657  14.68668724474506
-0.3093958732102644  860  495  495.4743293332626  2.787320852763173  0.0016677353353471056  14.620481583720924
-0.3093958732102644  860  523  523.022988252983  2.87446897854943  -0.017369189799746446  14.555071695719535
-0.3093958732102644  860  550  550.196634578264  2.8399726183561143  -0.01342876693065369  14.490483362816486
-0.3093958732102644  860  577  576.8702416397274  2.929546908601651  -0.019748278598483302  14.426317719474104
-0.3093958732102644  860  603  603.1541413610022  3.0042458828720555  -0.018560415415907094  14.362792536985046
-0.3093958732102644  859  629  629.1017594823309  3.051885980589759  -0.01511841073423471  14.300095569086018
-0.3093958732102644  859  655  654.5496272762092  3.0082883678893495  -0.022094405450265777  14.2380322665459
-0.3093958732102644  859  680  679.6094592584748  3.043663522878205  -0.005412561725312542  14.176301113131764
-0.3093958732102644  858  704  704.3660042192762  3.0868964568498996  -0.009524030552262744  14.115348448441837
-0.3093958732102644  858  729  728.6584056558551  3.1373279397138276  -0.02227463236808755  14.055047185382653
-0.3093958732102644  857  753  752.7360583163286  3.1612178145799135  -0.005788213025956382  13.995428412818692
-0.3093958732102644  857  776  776.3168192114051  3.0666989750354787  -0.02271337093230652  13.936174552598326
-0.3093958732102644  856  800  799.7169434110873  3.1011465177566606  -0.012738901344829422  13.877469853207606
-0.3093958732102644  856  823  822.62369114049  3.1695490907837893  -0.04697422066119241  13.819173488962395
-0.3093958732102644  855  845  845.4258507672828  3.12591137132722  -0.0041897676637822675  13.76162809128386
-0.3093958732102644  854  868  867.8616536936051  3.0406268421299956  -0.0018391268983877355  13.704583558457013
-0.3093958732102644  853  890  890.021562421776  2.972821304150102  0.0026477276121322463  13.6480347738012
-0.3093958732102644  853  912  911.756963087396  2.967889978798212  -0.020048976051911357  13.591888765640986
-0.3093958732102644  852  933  933.3527155128222  2.966340115198136  0.0013214370994355754  13.536189577466194
-0.3093958732102644  851  955  954.6262060426409  2.9372646457377414  -0.02702433277711286  13.480873471062468
-0.3093958732102644  850  976  975.7243381320216  2.882952240566283  -0.0030564764960288315  13.42597356799033
-0.3093958732102644  849  997  996.5138604568886  2.791583970367242  -0.023064667851023717  13.371617538388005
-0.3093958732102644  848  1017  1017.0786049059076  2.820925599873476  0.0019546970873161366  13.31768711234676
-0.06194587321026468  847  21  20.66659414280877  3.002902319441798  -0.004314636300249739  15.686793604965871
-0.06194587321026468  848  56  56.31591241736628  3.0557929512760325  -0.02328764408603221  15.610557377671974
-0.06194587321026468  850  92  91.48528854933791  2.9404294624963256  0.02264763311206361  15.534859792547497
-0.06194587321026468  851  126  125.83621534045912  2.9182953083574716  -0.01764547263672561  15.46016712791969
-0.06194587321026468  853  160  159.7235872361708  2.8650580101221976  0.023785832877636262  15.386084610113443
-0.06194587321026468  854  193  192.85289363387278  2.80383323592838  -0.020128337107761966  15.31289922166435
-0.06194587321026468  855  226  225.53152027414905  2.8431244516096967  0.006099032119215726  15.240384575104041
-0.06194587321026468  856  258  257.60517717083025  2.677210292254472  0.009671987824634548  15.168712665944321
-0.06194587321026468  856  289  289.14371943676383  2.7939968674853617  -0.018606396893668428  15.097573789649545
-0.06194587321026468  857  320  320.17885300882506  2.7191403500861497  0.0035142895356271163  15.027414165301082
-0.06194587321026468  858  351  350.54604845858756  2.6435392269668796  -0.03644532636926233  14.957700000753945
-0.06194587321026468  858  381  380.55176574300106  2.7340227176207463  -0.022254062948015223  14.88899120872048
-0.06194587321026468  858  410  410.0480427067541  2.661470596880349  -0.008806401537742262  14.820789521373039
-0.06194587321026468  859  439  438.9456392242219  2.757902510809231  -0.02978172047135109  14.753305173998903
-0.06194587321026468  859  468  467.4890544913645  2.7334592242901863  -0.0015596553407914782  14.68668724474506
-0.06194587321026468  859  496  495.5300948048159  2.763281913701576  -0.0033508318939722555  14.620481583720924
-0.06194587321026468  859  523  523.1066522661673  2.8632983800921465  -0.008682087055340034  14.555071695719535
-0.06194587321026468  859  550  550.2580383098193  2.8250289118775527  -0.016628477661333033  14.490483362816486
-0.06194587321026468  859  577  576.9555551870691  2.9667117831409087  -0.016498163458029656  14.426317719474104
-0.06194587321026468  859  603  603.2408002009734  2.9955320032349846  -0.010086866691327204  14.362792536985046
-0.06194587321026468  858  629  629.1699190768552  3.0820232929399936  -0.014282581024522829  14.300095569086018
-0.06194587321026468  858  655  654.6207891721011  3.033461344327179  -0.025509102760551277  14.2380322665459
-0.06194587321026468  858  680  679.6868084485636  3.0505829495687067  -0.016946615250862954  14.176301113131764
-0.06194587321026468  857  704  704.4413138263768  3.035864116308403  -0.017393371476842386  14.115348448441837
-0.06194587321026468  857  729  728.7476417769697  3.1457566590014494  -0.020870152676904657  14.055047185382653
-0.06194587321026468  856  753  752.8126219578689  3.178032078614251  -0.009485445460171707  13.995428412818692
-0.06194587321026468  856  776  776.413479043823  3.077115341011563  -0.022985854475018358  13.936174552598326
-0.06194587321026468  855  800  799.7954681793796  3.120312897796566  -0.018635246713148187  13.877469853207606
-0.06194587321026468  855  823  822.721619232984  3.134681972189128  -0.0331286797246691  13.819173488962395
-0.06194587321026468  854  846  845.5246376654273  3.1232023965412736  -0.007583851959769157  13.76162809128386
-0.06194587321026468  853  868  867.9648396275038  3.0769145879680764  -0.008244406755031472  13.704583558457013
-0.06194587321026468  852  890  890.1396849774811  2.9818531260211785  0.007121257706943616  13.6480347738012
-0.06194587321026468  852  912  911.875805605125  2.928924880248587  -0.0016657265080161042  13.591888765640986
-0.06194587321026468  851  933  933.4536642572937  2.9140043778711515  0.0003529134787084749  13.536189577466194
-0.06194587321026468  850  955  954.7234760693203  2.972017870010859  -0.03348507243937919  13.480873471062468
-0.06194587321026468  849  976  975.837875538895  2.896476480513684  -0.01015395496154724  13.42597356799033
-0.06194587321026468  848  997  996.6502405201959  2.821923469948615  -0.016558330484909175  13.371617538388005
-0.06194587321026468  847  1017  1017.1709618916414  2.816239682545074  -0.0030994555235250975  13.31768711234676
0.18550412678973505  846  21  20.688591783370008  3.0417362592263153  -0.0037536232925356435  15.686793604965871
0.18550412678973505  847  56  56.33612132533896  3.038856358200775  -0.028582058861167128  15.610557377671974
0.18550412678973505  849  92  91.49904983022384  2.893999039839372  0.01874906187312836  15.534859792547497
0.18550412678973505  850  126  125.85369820111728  2.900131504699715  -0.022380079179420143  15.46016712791969
0.18550412678973505  852  160  159.75379599163446  2.84989449952991  0.019813667151364164  15.386084610113443
0.18550412678973505  853  193  192.8899766676346  2.7911089191867404  -0.02472532439032688  15.31289922166435
0.18550412678973505  854  226  225.57694663801618  2.8167266367575508  0.004409075135745393  15.240384575104041
0.18550412678973505  855  258  257.65035461668396  2.6444416534751554  0.009075751493589284  15.168712665944321
0.18550412678973505  855  289  289.1926824623229  2.827549000045792  -0.013983364597732511  15.097573789649545
0.18550412678973505  856  320  320.2273504175874  2.7083460533327752  0.0011660080349650964  15.027414165301082
0.18550412678973505  857  351  350.5972614056902  2.688895971699651  -0.02948197182048693  14.957700000753945
0.18550412678973505  857  381  380.6050523747998  2.734577888897036  -0.028172194309528584  14.88899120872048
0.18550412678973505  857  410  410.11426546862964  2.6940486274907016  -0.00509262346194482  14.820789521373039
0.18550412678973505  858  439  438.9962648830412  2.782048110102096  -0.02720272890732381  14.753305173998903
0.18550412678973505  858  468  467.551760983437  2.7942258046256256  -0.0010553416140558591  14.68668724474506
0.18550412678973505  858  496  495.58722827970445  2.7738400975215427  -0.008269232790369268  14.620481583720924
0.18550412678973505  858  523  523.2006227322854  2.8536976216960284  0.0019491023189177749  14.555071695719535
0.18550412678973505  858  550  550.3246376525736  2.826286481387342  -0.021135848469917264  14.490483362816486
0.18550412678973505  858  577  577.0339802839088  2.9784506789114857  -0.015997051058949493  14.426317719474104
0.18550412678973505  858  603  603.3193498971638  2.9791253053538185  -0.00950633535824386  14.362792536985046
0.18550412678973505  857  629  629.2546578415025  3.049769049777751  -0.011006126981176995  14.300095569086018
0.18550412678973505  857  655  654.6846199660059  3.0328675008079244  -0.030564750188341313  14.2380322665459
0.18550412678973505  857  680  679.7556654362057  3.052742810934433  -0.021663619378742956  14.176301113131764
0.18550412678973505  856  704  704.5275675860913  3.054060253649368  -0.019148544220794185  14.115348448441837
0.18550412678973505  856  729  728.8336155441998  3.156387271410722  -0.015448619872650175  14.055047185382653
0.18550412678973505  855  753  752.8777402149349  3.1613287662560197  -0.012975597463109334  13.995428412818692
0.18550412678973505  855  776  776.5029670412931  3.097742273834001  -0.024982469529107355  13.936174552598326
0.18550412678973505  854  800  799.8935522893157  3.1105705543689055  -0.01537167637190213  13.877469853207606
0.18550412678973505  854  823  822.8333830223728  3.1848276603157046  -0.028630568334769752  13.819173488962395
0.18550412678973505  853  846  845.5980238414609  3.1459197780509385  -0.018726497992012602  13.76162809128386
0.18550412678973505  852  868  868.0367352260921  3.071126859586684  -0.018101228891750105  13.704583558457013
0.18550412678973505  851  890  890.2354377300019  3.0019801508897217  0.016851882800936354  13.6480347738012
0.18550412678973505  851  912  911.9613232221925  2.9218425093729365  -0.010127570538117237  13.591888765640986
0.18550412678973505  850  934  933.5577267511542  2.929088023305212  -0.003789698630766672  13.536189577466194
0.18550412678973505  849  955  954.8744906604242  2.9876889445217785  -0.015440480673726447  13.480873471062468
0.18550412678973505  848  976  975.9306979893997  2.8962114835755983  -0.010527628805075517  13.42597356799033
0.18550412678973505  847  997  996.7302571281122  2.8183321464218807  -0.03266840418095616  13.371617538388005
0.18550412678973505  846  1017  1017.2910987797045  2.81045121792431  0.005168382415354185  13.31768711234676
0.4329541267897348  845  21  20.71059748224643  2.996739676635517  -0.004186449790572414  15.686793604965871
0.4329541267897348  847  56  56.3728063242757  3.027044618143904  -0.026797123618553863  15.610557377671974
0.4329541267897348  848  92  91.53188595939814  2.878007530156424  0.02060730832273905  15.534859792547497
0.4329541267897348  849  126  125.8817804446003  2.9242100506371287  -0.016150876457585065  15.46016712791969
0.4329541267897348  851  160  159.79584933079508  2.8577249294628473  0.020628662230128835  15.386084610113443
0.4329541267897348  852  193  192.92595279853316  2.8193482092486306  -0.021268667010878938  15.31289922166435
0.4329541267897348  853  226  225.61933950043755  2.804203547309953  0.00782439230322541  15.240384575104041
0.4329541267897348  854  258  257.67305632458545  2.654360685308461  -0.006553864744632828  15.168712665944321
0.4329541267897348  854  289  289.2539857171658  2.8359130776794927  -0.007548590190425633  15.097573789649545
0.4329541267897348  855  320  320.2588697394342  2.686454130593461  -9.505144744236512e-05  15.027414165301082
0.4329541267897348  856  351  350.6287831114687  2.69592859080268  -0.039524598490087874  14.957700000753945
0.4329541267897348  856  381  380.65217085431016  2.733060089073831  -0.023898724034365142  14.88899120872048
0.4329541267897348  856  410  410.1696641652888  2.683846138697163  -0.010367983165328637  14.820789521373039
0.4329541267897348  857  439  439.0877625014323  2.7821869892874815  -0.01503492638195101  14.753305173998903
0.4329541267897348  857  468  467.6115549913928  2.7669801117471025  -0.007087294172545773  14.68668724474506
0.4329541267897348  857  496  495.6644619193508  2.7522058939333647  -0.00023912128087146374  14.620481583720924
0.4329541267897348  857  523  523.2573902704999  2.8199315788610875  0.0014045772057678706  14.555071695719535
0.4329541267897348  857  550  550.3982524469264  2.861336283161563  -0.019307780240794756  14.490483362816486
0.4329541267897348  857  577  577.1069315833802  2.99088383368985  -0.007481501582126123  14.426317719474104
0.4329541267897348  857  603  603.4049270909322  2.9618068795766703  -0.006794833627170779  14.362792536985046
0.4329541267897348  856  629  629.3237250164012  3.0387768277807936  -0.014149234922291578  14.300095569086018
0.4329541267897348  856  655  654.7448188895097  3.0494575101332657  -0.035359058005370134  14.2380322665459
0.4329541267897348  856  680  679.8293916404372  3.062071030590346  -0.019802917313929417  14.176301113131764
0.4329541267897348  855  705  704.5989709497895  3.1075843532523777  -0.01743465398069572  14.115348448441837
0.4329541267897348  855  729  728.9384204868263  3.1642095060892643  -0.007754563772267758  14.055047185382653
0.4329541267897348  854  753  752.9623282298553  3.168267063574376  -0.00895687697010849  13.995428412818692
0.4329541267897348  854  777  776.5956237506828  3.080511891927472  -0.023658441127789823  13.936174552598326
0.4329541267897348  853  800  799.9959263339716  3.138864958253862  -0.010982114396389107  13.877469853207606
0.4329541267897348  853  823  822.9347764207384  3.1927942251319337  -0.020313253081710943  13.819173488962395
0.4329541267897348  852  846  845.688889936948  3.1351695148769068  -0.01368361181008577  13.76162809128386
0.4329541267897348  851  868  868.145148264513  3.070929367519966  -0.010969321101658273  13.704583558457013
0.4329541267897348  850  890  890.2774963495096  3.0656763904632953  0.005592835263179009  13.6480347738012
0.4329541267897348  850  912  912.0650666355037  2.923180126314719  -0.011245012537402602  13.591888765640986
0.4329541267897348  849  934  933.6611989662856  2.988672757392351  -0.007687524643785242  13.536189577466194
0.4329541267897348  848  955  954.9752973043489  2.9978124034691973  -0.01144112802875531  13.480873471062468
0.4329541267897348  847  976  976.0597183581956  2.8724770849416927  -0.0011054418867303662  13.42597356799033
0.4329541267897348  846  997  996.8402041818472  2.8567624730657144  -0.02436930510228904  13.371617538388005
0.4329541267897348  845  1017  1017.4066981101565  2.7464250877785616  0.0007725393060317267  13.31768711234676
0.6804041267897345  844  21  20.71659924693079  3.0035897393559914  -0.006326043649645889  15.686793604965871
0.6804041267897345  846  56  56.38955691912978  3.125380051190305  -0.01877940740444808  15.610557377671974
0.6804041267897345  847  92  91.5327728711068  2.8457145771760963  0.009684306613722693  15.534859792547497
0.6804041267897345  848  126  125.89674357529128  2.9553370616998507  -0.022527080358744157  15.46016712791969
0.6804041267897345  850  160  159.82990859449885  2.8234458556091226  0.021164253780087582  15.386084610113443
0.6804041267897345  851  193  192.95080186102413  2.815388174970053  -0.02497214955274541  15.31289922166435
0.6804041267897345  852  226  225.66406879418957  2.7839675092890843  0.012926997997630684  15.240384575104041
0.6804041267897345  853  258  257.70357558469846  2.6547422677206214  -0.013842822225552755  15.168712665944321
0.6804041267897345  853  289  289.3077073058777  2.8108423139965453  -0.0025838204834730395  15.097573789649545
0.6804041267897345  854  320  320.28244664800934  2.6547193107764997  -0.007196517527826715  15.027414165301082
0.6804041267897345  855  351  350.6709910339568  2.700709415286326  -0.04028311819732965  14.957700000753945
0.6804041267897345  855  381  380.6960524247173  2.7682129433215437  -0.03695416678670171  14.88899120872048
0.6804041267897345  855  410  410.22328688266725  2.6832710980539787  -0.01112209974585677  14.820789521373039
0.6804041267897345  856  439  439.1439092527045  2.80993429661396  -0.012579124023578227  14.753305173998903
0.6804041267897345  856  468  467.6625929280215  2.760745373115583  -0.013624845770208269  14.68668724474506
0.6804041267897345  856  496  495.7386707088383  2.737517426457316  0.0038012780099536663  14.620481583720924
0.6804041267897345  856  523  523.305810840392  2.8139540816248427  -0.0008079608267842195  14.555071695719535
0.6804041267897345  856  550  550.467145611066  2.9000380615441372  -0.01767474477406298  14.490483362816486
0.6804041267897345  856  577  577.1803979496459  2.973770379669304  -0.007659661581888666  14.426317719474104
0.6804041267897345  856  604  603.4842724812058  2.9695150970160284  -0.005988959377891848  14.362792536985046
0.6804041267897345  855  629  629.4165462464945  3.0233799207665015  0.0032988195235112627  14.300095569086018
0.6804041267897345  855  655  654.8423713863435  3.072713738410357  -0.0267133046027907  14.2380322665459
0.6804041267897345  855  680  679.9424727501963  3.039197285528644  -0.006646757617498274  14.176301113131764
0.6804041267897345  854  705  704.7036226845016  3.1115225418407135  -0.009730358198309206  14.115348448441837
0.6804041267897345  854  729  729.0256985324995  3.151470659499637  -0.006246970614346522  14.055047185382653
0.6804041267897345  853  753  753.0582035852257  3.2415388669323875  0.002079758555476721  13.995428412818692
0.6804041267897345  853  777  776.674653118159  3.1112252617366494  -0.022733030888727742  13.936174552598326
0.6804041267897345  852  800  800.0901044195781  3.160408286456004  -0.008057805551319703  13.877469853207606
0.6804041267897345  852  823  823.0548451761377  3.232010739724501  -0.009910345059931934  13.819173488962395
0.6804041267897345  851  846  845.7566730532568  3.0905094123114623  -0.021218490508455323  13.76162809128386
0.6804041267897345  850  868  868.2285879276792  3.077144443810198  -0.024036611346480524  13.704583558457013
0.6804041267897345  850  890  890.3614921744137  3.0568357120814653  -0.010203030669821802  13.6480347738012
0.6804041267897345  849  912  912.1579642042605  2.918321392292455  -0.013168817501110461  13.591888765640986
0.6804041267897345  848  934  933.7487469989643  2.968624296750022  -0.017209780725865192  13.536189577466194
0.6804041267897345  847  955  955.0982564526201  2.986799273114457  -0.006443381357693283  13.480873471062468
0.6804041267897345  846  976  976.1461871427907  2.876967613407487  -0.00964524965155233  13.42597356799033
0.6804041267897345  845  997  996.9574140933074  2.8447837274993617  -0.02354191988750026  13.371617538388005
0.6804041267897345  844  1018  1017.5217059645254  2.81190720834104  0.00048804078019983277  13.31768711234676
0.9278541267897342  843  21  20.71211479390154  3.0062525862290315  -0.01612390188948189  15.686793604965871
0.9278541267897342  845  56  56.41288643502035  3.1277559360861247  -0.02027871914321486  15.610557377671974
0.9278541267897342  846  92  91.56027701940201  2.8105800574389264  0.004369839625840831  15.534859792547497
0.9278541267897342  848  126  125.90044287438589  2.9587822486281254  -0.031967351879313245  15.46016712791969
0.9278541267897342  849  160  159.83502595758432  2.807674004144701  0.01134938606720664  15.386084610113443
0.9278541267897342  850  193  192.95945794723806  2.8209057225182903  -0.031784365938078284  15.31289922166435
0.9278541267897342  851  226  225.7125985739612  2.8167560849793745  0.014826523946565057  15.240384575104041
0.9278541267897342  852  258  257.7359435049102  2.662621471367629  -0.01540924289441741  15.168712665944321
0.9278541267897342  852  289  289.354930846093  2.8163232701881498  0.004983413123658367  15.097573789649545
0.9278541267897342  853  320  320.3157806530571  2.6412584849923633  -0.007276082000883909  15.027414165301082
0.9278541267897342  854  351  350.7069315127415  2.7041660317787546  -0.04574221380445248  14.957700000753945
0.9278541267897342  854  381  380.77714375912757  2.7795884734147194  -0.021248088589619768  14.88899120872048
0.9278541267897342  854  410  410.2830931229995  2.6797257750929475  -0.015678267676829883  14.820789521373039
0.9278541267897342  855  439  439.21153449424327  2.79145809438171  -0.008119270729540468  14.753305173998903
0.9278541267897342  855  468  467.7244364100206  2.743027126172535  -0.012880656288824614  14.68668724474506
0.9278541267897342  855  496  495.7905616988436  2.740512009479289  -0.005838298657745154  14.620481583720924
0.9278541267897342  855  523  523.391152957174  2.8327492919013366  0.001545010253283803  14.555071695719535
0.9278541267897342  855  550  550.5222616639684  2.878641004207907  -0.03079557172259239  14.490483362816486
0.9278541267897342  855  577  577.2572133545384  2.967413129704255  6.740455862509615e-05  14.426317719474104
0.9278541267897342  855  604  603.5547151201592  2.955864030973089  -0.006154841538613253  14.362792536985046
0.9278541267897342  855  629  629.4180502101307  3.047307443282989  -0.02162479044082622  14.300095569086018
0.9278541267897342  854  655  654.919726046043  3.1026074876599523  -0.02349803065650961  14.2380322665459
0.9278541267897342  854  680  680.0350064359102  3.020696106276546  -0.008998885015300231  14.176301113131764
0.9278541267897342  853  705  704.7703711074587  3.122434406214097  -0.009847782851242189  14.115348448441837
0.9278541267897342  853  729  729.1050039856386  3.166833271766791  -0.004216885972708711  14.055047185382653
0.9278541267897342  853  753  753.107826049123  3.248732471771973  -0.010560795688430907  13.995428412818692
0.9278541267897342  852  777  776.743566296163  3.12685161728632  -0.03272734047755759  13.936174552598326
0.9278541267897342  851  800  800.1316778652814  3.077126891908165  -0.02952716988477818  13.877469853207606
0.9278541267897342  851  823  823.1869096197732  3.18097553593293  0.005838569396355587  13.819173488962395
0.9278541267897342  850  846  845.8816955663101  3.1139266643990595  -0.01016419733097366  13.76162809128386
0.9278541267897342  849  868  868.3463377132766  3.0663645124147934  -0.010225047097216852  13.704583558457013
0.9278541267897342  849  890  890.4111720569623  3.0661400778982397  -0.03532110372894605  13.6480347738012
0.9278541267897342  848  912  912.250836137908  2.9172223385039615  -0.015274211433993387  13.591888765640986
0.9278541267897342  847  934  933.8638523578304  2.9504303360604354  -0.007060689290557986  13.536189577466194
0.9278541267897342  846  955  955.2219304590254  2.9842937328246535  0.00825515766681081  13.480873471062468
0.9278541267897342  845  976  976.2505185008708  2.8422802812897316  -0.01094790348995658  13.42597356799033
0.9278541267897342  844  997  997.0804330517044  2.8642262971900436  -0.008456124551164375  13.371617538388005
0.9278541267897342  843  1018  1017.6156035920432  2.776819083199257  -0.00853039387212371  13.31768711234676
1.175304126789734  842  21  20.701579045361665  2.996814078098417  -0.02332293516995215  15.686793604965871
1.175304126789734  844  56  56.417703990467096  3.135692526651873  -0.02170918108391548  15.610557377671974
1.175304126789734  845  92  91.58012085642764  2.8227832463923903  0.0023439986746907706  15.534859792547497
1.175304126789734  847  126  125.9744740014061  2.924075969080164  -0.013357316338027404  15.46016712791969
1.175304126789734  848  160  159.8674128393665  2.799819857061152  0.013161910502394465  15.386084610113443
1.175304126789734  849  193  192.98812572598254  2.860655053915565  -0.028743686554530558  15.31289922166435
1.175304126789734  850  226  225.7602003706919  2.8326841311586577  0.01645904968540848  15.240384575104041
1.175304126789734  851  258  257.77303978062747  2.675266602710167  -0.019784864350359747  15.168712665944321
1.175304126789734  851  289  289.3872379377813  2.7961101178899526  0.013855534980331858  15.097573789649545
1.175304126789734  852  320  320.3512758330773  2.6531023479458327  -0.012836083707541681  15.027414165301082
1.175304126789734  853  351  350.75096218753384  2.699480300302696  -0.05260329151083819  14.957700000753945
1.175304126789734  853  381  380.8361913248006  2.7854829639667287  -0.016142573580747423  14.88899120872048
1.175304126789734  853  410  410.3183252955901  2.6149447139664517  -0.006758861603394159  14.820789521373039
1.175304126789734  854  439  439.24660617160015  2.770196249885771  -0.010905786882786555  14.753305173998903
1.175304126789734  854  468  467.7820936311627  2.714727159193899  -0.009601145099705322  14.68668724474506
1.175304126789734  854  496  495.8441062155441  2.753153973961048  -0.012023317038704118  14.620481583720924
1.175304126789734  854  523  523.4488160137208  2.83482057138076  -0.006599283941403916  14.555071695719535
1.175304126789734  854  551  550.5695521455117  2.883573381096994  -0.030420277291657402  14.490483362816486
1.175304126789734  854  577  577.3262417495082  2.9339624103440656  -0.004333194349144287  14.426317719474104
1.175304126789734  854  604  603.6273036362252  2.9505074112439615  -0.002272707120977085  14.362792536985046
1.175304126789734  854  630  629.4835966397236  2.9584537159439606  -0.015515192774516467  14.300095569086018
1.175304126789734  853  655  654.9953540818346  3.0753563309549463  -0.024527765667915643  14.2380322665459
1.175304126789734  853  680  680.1001665507325  3.064680644765076  -0.014096981337551455  14.176301113131764
1.175304126789734  852  705  704.8369616967586  3.188898904714506  -2.0024352252598103e-06  14.115348448441837
1.175304126789734  852  729  729.2050312118128  3.1117622493197814  0.008031398007974862  14.055047185382653
1.175304126789734  852  753  753.1561822852166  3.208374602215372  -0.027573792335272726  13.995428412818692
1.175304126789734  851  777  776.837751874058  3.1374606164936267  -0.02601751115086851  13.936174552598326
1.175304126789734  850  800  800.2565562541114  3.0798796796780152  -0.01449715095328096  13.877469853207606
1.175304126789734  850  823  823.2503492258276  3.189113663137732  -0.003479129767361164  13.819173488962395
1.175304126789734  849  846  845.9862198971693  3.0968977162797273  -0.01075565631210534  13.76162809128386
1.175304126789734  848  868  868.4397623350934  3.0759486607332747  -0.01223434174363236  13.704583558457013
1.175304126789734  848  890  890.5153517916433  3.075179215110211  -0.03136986770300234  13.6480347738012
1.175304126789734  847  912  912.3597830928969  2.944806517777579  -0.01699008533518813  13.591888765640986
1.175304126789734  846  934  933.9586422244375  2.947171021553686  -0.015055046230920592  13.536189577466194
1.175304126789734  845  955  955.3226730825196  2.9575979896196714  0.011001970903062968  13.480873471062468
1.175304126789734  844  976  976.3590933404381  2.832259163597655  -0.016099340773980654  13.42597356799033
1.175304126789734  843  997  997.1955493453302  2.850014299991699  -0.007565578512044443  13.371617538388005
1.175304126789734  842  1018  1017.7455796017164  2.7715197676759544  0.001155109343859926  13.31768711234676
1.4227541267897337  841  21  20.69988442335324  3.0111015607804887  -0.03160625245866592  15.686793604965871
1.4227541267897337  843  56  56.45702516830907  3.133957131088181  -0.016584731515317832  15.610557377671974
1.4227541267897337  844  92  91.58674879222545  2.8065964209863523  0.009567707996392439  15.534859792547497
1.4227541267897337  846  126  125.96990492027005  2.9506250751806675  -0.021547865633569394  15.46016712791969
1.4227541267897337  847  160  159.90374702660438  2.768583026383908  0.01241370804072718  15.386084610113443
1.4227541267897337  848  193  193.02887293504554  2.900069500504202  -0.02374691467712216  15.31289922166435
1.4227541267897337  849  226  225.80694136945374  2.8266792377852425  0.024541539221268022  15.240384575104041
1.4227541267897337  850  258  257.8244559104686  2.688544960163881  -0.00906196345729706  15.168712665944321
1.4227541267897337  851  289  289.40154449703147  2.7549215074343465  -0.0022280908817208654  15.097573789649545
1.4227541267897337  851  320  320.4082187285706  2.6299867995469413  -0.010830503143033122  15.027414165301082
1.4227541267897337  852  351  350.82650578122207  2.7634183682880007  -0.04255626140175178  14.957700000753945
1.4227541267897337  852  381  380.88391392572026  2.7702588652963414  -0.015482918393473762  14.88899120872048
1.4227541267897337  853  410  410.3237335143861  2.588035196964995  -0.03256549983201657  14.820789521373039
1.4227541267897337  853  439  439.29733375748964  2.782916929833277  -0.012829127324892707  14.753305173998903
1.4227541267897337  853  468  467.84616062476863  2.7481588992982324  -0.007903283219861966  14.68668724474506
1.4227541267897337  853  496  495.909532748124  2.7778164773184244  -0.0078184466730344  14.620481583720924
1.4227541267897337  853  524  523.4984851971544  2.811779292309666  -0.006333657913386327  14.555071695719535
1.4227541267897337  853  551  550.6183567837046  2.8512442029118574  -0.036392820519556085  14.490483362816486
1.4227541267897337  853  577  577.3979877792754  2.9115361498547827  -0.006495799002911913  14.426317719474104
1.4227541267897337  853  604  603.6747294435588  2.941286128566844  -0.01328215648446579  14.362792536985046
1.4227541267897337  853  630  629.5521489381746  3.0045936503784105  -0.015383187970555282  14.300095569086018
1.4227541267897337  852  655  655.0923338101046  3.093517575131955  -0.01229157169133806  14.2380322665459
1.4227541267897337  852  680  680.1832770462456  3.033784812153499  -0.005192640550912969  14.176301113131764
1.4227541267897337  852  705  704.8825664939278  3.1907321615367437  -0.014199783706006388  14.115348448441837
1.4227541267897337  851  729  729.2783535484457  3.1520285548169795  0.004552370352295298  14.055047185382653
1.4227541267897337  851  753  753.2442558155069  3.1319460377176256  -0.011512412282287887  13.995428412818692
1.4227541267897337  850  777  776.9247639231835  3.1344006649316043  -0.022193503424744895  13.936174552598326
1.4227541267897337  849  800  800.3383792923449  3.1056031813345726  -0.018286176457717747  13.877469853207606
1.4227541267897337  849  823  823.3341413862779  3.160648710231044  -0.0022509716002710655  13.819173488962395
1.4227541267897337  848  846  846.0464030272101  3.076044439281759  -0.02587938580458019  13.76162809128386
1.4227541267897337  847  869  868.5332492359756  3.0224126672162583  -0.016088800813678358  13.704583558457013
1.4227541267897337  847  891  890.5800793926488  3.0264517428660156  -0.03047288378854144  13.6480347738012
1.4227541267897337  846  912  912.4493968669108  2.9590437303661474  -0.01920014580328336  13.591888765640986
1.4227541267897337  845  934  934.0649715305041  2.968978813790045  -0.013119715918266299  13.536189577466194
1.4227541267897337  844  955  955.4154935600923  2.938463317407468  0.005287658567621589  13.480873471062468
1.4227541267897337  843  976  976.4570404731465  2.8711919491506706  -0.01971318219687713  13.42597356799033
1.4227541267897337  842  997  997.3140484618586  2.8403449126444684  0.00026187099927747537  13.371617538388005
1.4227541267897337  841  1018  1017.8454762496274  2.7749834509800166  -0.005687304353414867  13.31768711234676
1.6702041267897334  840  21  20.68962727444022  2.993711931174847  -0.04088795020672469  15.686793604965871
1.6702041267897334  842  56  56.48305094820923  3.1364354759001998  -0.009727067698215353  15.610557377671974
1.6702041267897334  843  92  91.58806835236454  2.7666888675345547  0.0030562765991524487  15.534859792547497
1.6702041267897334  845  126  125.99435616235868  2.991761961656451  -0.01774942705287699  15.46016712791969
1.6702041267897334  846  160  159.90693807305652  2.746273442532754  0.007754412194232204  15.386084610113443
1.6702041267897334  847  193  193.05758481602086  2.8762162228575505  -0.028043377358981988  15.31289922166435
1.6702041267897334  848  226  225.8341636251913  2.795492085071544  0.017767455760057466  15.240384575104041
1.6702041267897334  849  258  257.8408874861775  2.69020837764333  -0.013020555676300134  15.168712665944321
1.6702041267897334  850  289  289.4608645459589  2.7826774352496386  0.010791319895234549  15.097573789649545
1.6702041267897334  850  320  320.4401875683865  2.6437577883244785  -0.01654103247203376  15.027414165301082
1.6702041267897334  851  351  350.87845098814086  2.740501086390964  -0.03258739476255212  14.957700000753945
1.6702041267897334  851  381  380.9360162933533  2.7822730718334014  -0.00513067373310499  14.88899120872048
1.6702041267897334  852  410  410.345315006791  2.661736018761758  -0.02402303499923454  14.820789521373039
1.6702041267897334  852  439  439.36389830435854  2.7307974142579496  -0.00778660441129686  14.753305173998903
1.6702041267897334  852  468  467.89228534860166  2.755413867198513  -0.010766407139262106  14.68668724474506
1.6702041267897334  852  496  495.9618305829897  2.769464863879307  -0.009080162921609876  14.620481583720924
1.6702041267897334  852  524  523.5540070754951  2.803851483947483  -0.002856265327521421  14.555071695719535
1.6702041267897334  852  551  550.6746295913957  2.867978215986568  -0.0334598704696072  14.490483362816486
1.6702041267897334  852  577  577.4743013937297  2.9109687023033075  0.004319593146370693  14.426317719474104
1.6702041267897334  852  604  603.7599614961082  2.940917127196826  -0.006964389378860563  14.362792536985046
1.6702041267897334  852  630  629.6148635306843  2.9767044274858563  -0.01846732756531788  14.300095569086018
1.6702041267897334  851  655  655.1564635709606  3.079579222245002  -0.012660189547418297  14.2380322665459
1.6702041267897334  851  680  680.2350658902488  3.0439015430306426  -0.010236373038693548  14.176301113131764
1.6702041267897334  851  705  704.9280032843552  3.1307302955672185  -0.017830934962717683  14.115348448441837
1.6702041267897334  850  729  729.3645864289748  3.1693061864780248  0.0044556957623620285  14.055047185382653
1.6702041267897334  850  753  753.3253352574918  3.1025025484177604  -0.005367690000792071  13.995428412818692
1.6702041267897334  849  777  777.0358460495798  3.14010048859609  -0.009975945256958284  13.936174552598326
1.6702041267897334  848  800  800.4179661329035  3.1465151838350494  -0.021706988756931687  13.877469853207606
1.6702041267897334  848  823  823.4221212885558  3.1523275782947167  -0.001589484341556577  13.819173488962395
1.6702041267897334  847  846  846.1570331858292  3.096060488699777  -0.018374884259004503  13.76162809128386
1.6702041267897334  846  869  868.6197171746021  3.016959280158858  -0.02450493490191701  13.704583558457013
1.6702041267897334  846  891  890.663905254048  2.9633851173667836  -0.03113506431754839  13.6480347738012
1.6702041267897334  845  913  912.5535487583314  2.9577487776747375  -0.025935840346702436  13.591888765640986
1.6702041267897334  844  934  934.1695084437985  2.9566433933000553  -0.005190810730894145  13.536189577466194
1.6702041267897334  843  956  955.5358579163109  2.922568974779324  0.014724446208221643  13.480873471062468
1.6702041267897334  842  977  976.5646357593963  2.892371808193502  -0.019599573603816735  13.42597356799033
1.6702041267897334  841  997  997.4083583734175  2.8397816558549493  -0.003997079266085514  13.371617538388005
1.6702041267897334  840  1018  1017.9353658391461  2.7614904494162147  -0.004792773379499831  13.31768711234676
1.9176541267897331  839  21  20.710818762430076  3.0195255557761875  -0.03316507736058575  15.686793604965871
1.9176541267897331  841  56  56.512590810731325  3.1632243572717016  -0.0071089117114456705  15.610557377671974
1.9176541267897331  842  92  91.60944005631416  2.824409463304306  0.0022138697662004822  15.534859792547497
1.9176541267897331  844  126  126.00994191275902  3.008119888367517  -0.011123446210695446  15.46016712791969
1.9176541267897331  845  160  159.90981412207464  2.731495735740964  0.005600171917054047  15.386084610113443
1.9176541267897331  846  193  193.08146320125192  2.9006205294716665  -0.023074054220250374  15.31289922166435
1.9176541267897331  847  226  225.85556487668913  2.7815271022499246  0.017898003446734166  15.240384575104041
1.9176541267897331  848  258  257.8633794579349  2.6678756429000146  -0.01778616391312265  15.168712665944321
1.9176541267897331  849  289  289.4770175110067  2.7882652851798184  0.006007769737902896  15.097573789649545
1.9176541267897331  849  320  320.4814945329178  2.6504656096841472  -0.010760198364381468  15.027414165301082
1.9176541267897331  850  351  350.8976332403875  2.7779769778179  -0.03740206592525852  14.957700000753945
1.9176541267897331  850  381  380.98749149170067  2.822685790836317  0.0003226413837615287  14.88899120872048
1.9176541267897331  851  410  410.3820966984086  2.666461536530676  -0.027544099935259664  14.820789521373039
1.9176541267897331  851  439  439.40955945067276  2.7345817713532483  -0.005600482003241051  14.753305173998903
1.9176541267897331  851  468  467.94133185466393  2.7279612534639455  -0.015192320082823523  14.68668724474506
1.9176541267897331  851  496  496.01874315282157  2.783637762202602  -0.0031388771138192665  14.620481583720924
1.9176541267897331  851  524  523.588397413092  2.832436925217962  -0.01396051163411648  14.555071695719535
1.9176541267897331  851  551  550.7464290371686  2.916442353124239  -0.027289890559264986  14.490483362816486
1.9176541267897331  851  578  577.5558570374799  2.936176862503771  0.008986894427772  14.426317719474104
1.9176541267897331  851  604  603.8034306914445  2.9484063153274747  -0.018524347211767097  14.362792536985046
1.9176541267897331  851  630  629.66932269398  2.962400234654183  -0.020616220535845158  14.300095569086018
1.9176541267897331  850  655  655.2232120437097  3.063957778239228  -0.016046262408322992  14.2380322665459
1.9176541267897331  850  680  680.2990457575376  3.037078998719835  -0.013574547204202647  14.176301113131764
1.9176541267897331  850  705  705.0057054238478  3.1015779022545757  -0.013659101874817432  14.115348448441837
1.9176541267897331  849  729  729.442328498014  3.119720443486358  0.007829962640598797  14.055047185382653
1.9176541267897331  849  753  753.4006903795149  3.1002409137213363  -0.005034455054602401  13.995428412818692
1.9176541267897331  848  777  777.1261906765125  3.171009245021196  -0.008485892006316893  13.936174552598326
1.9176541267897331  847  800  800.5158808266267  3.1882141414610032  -0.015555602012512684  13.877469853207606
1.9176541267897331  847  824  823.5032430576216  3.160237038527839  -0.007696274408664984  13.819173488962395
1.9176541267897331  846  846  846.2554490253433  3.074580837694839  -0.009787595424883135  13.76162809128386
1.9176541267897331  845  869  868.7086922471976  3.048371055548728  -0.021841507273657922  13.704583558457013
1.9176541267897331  845  891  890.747014604296  2.9844058085942606  -0.03959581208951002  13.6480347738012
1.9176541267897331  844  913  912.640200049407  2.9922951833657407  -0.023954250740626  13.591888765640986
1.9176541267897331  843  934  934.2627407647636  2.9598442785277257  -0.0064526048700198416  13.536189577466194
1.9176541267897331  842  956  955.6096499597609  2.9288182041668733  0.0004197287178698568  13.480873471062468
1.9176541267897331  841  977  976.6834278255814  2.9001602174009804  -0.013986468619295731  13.42597356799033
1.9176541267897331  840  998  997.497814451284  2.81268088784509  -0.010577466216790671  13.371617538388005
1.9176541267897331  839  1018  1018.052641401424  2.760701126275535  0.0016187482021310189  13.31768711234676
2.165104126789733  838  21  20.694701997933805  2.9770232965680385  -0.04616882590126129  15.686793604965871
2.165104126789733  840  57  56.54297020461336  3.1668585065573467  -0.0021793068998221562  15.610557377671974
2.165104126789733  841  92  91.59356042282177  2.816962378298257  -0.009121948107804097  15.534859792547497
2.165104126789733  843  126  126.06201256859617  3.0185643172253265  0.001735489595614472  15.46016712791969
2.165104126789733  844  160  159.91703926500142  2.7637423468573843  0.005288311862449923  15.386084610113443
2.165104126789733  845  193  193.1212981673479  2.932900827295896  -0.0182796037519306  15.31289922166435
2.165104126789733  846  226  225.87214164955282  2.7394859955702486  0.011340457590508996  15.240384575104041
2.165104126789733  847  258  257.8964595151482  2.7193915040536467  -0.014736634688214366  15.168712665944321
2.165104126789733  848  290  289.5155661188857  2.767427021224364  0.01718694461062811  15.097573789649545
2.165104126789733  848  320  320.50690875216446  2.647103412252136  -0.027255575708732098  15.027414165301082
2.165104126789733  849  351  350.9575358180991  2.7874575307629925  -0.023648645577505883  14.957700000753945
2.165104126789733  849  381  381.03762112492984  2.801978459002271  0.008117973633556493  14.88899120872048
2.165104126789733  850  410  410.4321408282255  2.656666858788128  -0.027699066659696778  14.820789521373039
2.165104126789733  850  439  439.475199310839  2.724455552822974  0.0010399845792852436  14.753305173998903
2.165104126789733  850  468  468.01204033256965  2.711093917533958  -0.007477885000601949  14.68668724474506
2.165104126789733  850  496  496.0611895632187  2.7371612104855103  -0.005136649044502558  14.620481583720924
2.165104126789733  850  524  523.6548132868719  2.8216449137323707  -0.009658064998725738  14.555071695719535
2.165104126789733  850  551  550.8327882965009  2.9330151149747508  -0.012050299604694533  14.490483362816486
2.165104126789733  850  578  577.6244296209253  2.9174796443146533  0.010733972924788523  14.426317719474104
2.165104126789733  850  604  603.8587961515243  2.9263963403227535  -0.018239638811501556  14.362792536985046
2.165104126789733  850  630  629.7179648962943  2.9565231079239993  -0.032173666509666805  14.300095569086018
2.165104126789733  849  655  655.3088899680733  3.0823927623491727  -0.007865214263831417  14.2380322665459
2.165104126789733  849  680  680.3825980116976  3.062683221657835  -0.01596104315212253  14.176301113131764
2.165104126789733  849  705  705.0919335072527  3.120723855130791  -0.004771752813277131  14.115348448441837
2.165104126789733  848  730  729.5155518778104  3.1021754699636404  0.000680422823383918  14.055047185382653
2.165104126789733  848  754  753.4844305347818  3.1007847437904275  -0.003985056738562859  13.995428412818692
2.165104126789733  847  777  777.2192937378107  3.1795838604223263  -0.005822582955435711  13.936174552598326
2.165104126789733  846  801  800.5844453575756  3.1854640530846154  -0.014435778879119454  13.877469853207606
2.165104126789733  846  824  823.5638834967889  3.145035653416244  -0.013675755671314347  13.819173488962395
2.165104126789733  845  846  846.3411806551002  3.085882582128761  -0.016690425675888448  13.76162809128386
2.165104126789733  844  869  868.7864123258414  3.0733494866633464  -0.017470630473264106  13.704583558457013
2.165104126789733  844  891  890.8548013965462  2.996437126436035  -0.026960848682736863  13.6480347738012
2.165104126789733  843  913  912.7331213271779  2.9689741950564894  -0.022708570849477198  13.591888765640986
2.165104126789733  842  934  934.3553997210336  2.95290557265389  -0.009454566522821024  13.536189577466194
2.165104126789733  841  956  955.6928531588713  2.921215561137842  -0.002454593169060993  13.480873471062468
2.165104126789733  840  977  976.7660801109598  2.907126152149317  -0.02146563237882567  13.42597356799033
2.165104126789733  839  998  997.5957851643707  2.8351986393699917  -0.014335802941942184  13.371617538388005
2.165104126789733  838  1018  1018.1421476743946  2.782054057590017  -0.006743542567640107  13.31768711234676
2.4125541267897326  837  21  20.689368770191304  3.0244907548997624  -0.047327353164592474  15.686793604965871
2.4125541267897326  839  57  56.58760985596569  3.1594253073158  0.012632688871262154  15.610557377671974
2.4125541267897326  840  92  91.60124062766917  2.791180170664518  -0.007908786119099846  15.534859792547497
2.4125541267897326  842  126  126.08344005659154  3.0352858734256642  0.002020472725158545  15.46016712791969
2.4125541267897326  843  160  159.93853983049243  2.7556632319176515  0.0008122474501748564  15.386084610113443
2.4125541267897326  844  193  193.15373968612735  2.9640644580672415  -0.017951149413299772  15.31289922166435
2.4125541267897326  845  226  225.90161741336865  2.7390011877618576  0.016264335575584633  15.240384575104041
2.4125541267897326  846  258  257.9126448320532  2.745491277015219  -0.02339621987955026  15.168712665944321
2.4125541267897326  847  290  289.55369162465826  2.7667305320375135  0.018502124317473615  15.097573789649545
2.4125541267897326  847  321  320.54266741184335  2.616419899156483  -0.02772170154240072  15.027414165301082
2.4125541267897326  848  351  351.000260205954  2.838408546017263  -0.02261633543583901  14.957700000753945
2.4125541267897326  848  381  381.07212001166914  2.7849056997430353  0.012582894831706833  14.88899120872048
2.4125541267897326  849  410  410.476002224044  2.672696374437578  -0.03128777507144821  14.820789521373039
2.4125541267897326  849  440  439.51761283147374  2.7467702243831127  -0.008459100550146407  14.753305173998903
2.4125541267897326  849  468  468.05926436918384  2.749525105578982  -0.0041929765455057276  14.68668724474506
2.4125541267897326  849  496  496.0986270125306  2.7237378461572916  -0.01689168744934779  14.620481583720924
2.4125541267897326  849  524  523.7285602819262  2.820349610096855  -0.006966821701340126  14.555071695719535
2.4125541267897326  849  551  550.8716674326538  2.897844565513992  -0.021889793234911428  14.490483362816486
2.4125541267897326  849  578  577.6574486607047  2.912769359425738  -0.001332660329190058  14.426317719474104
2.4125541267897326  849  604  603.9269963202024  2.935388186078967  -0.021127616378809465  14.362792536985046
2.4125541267897326  849  630  629.7931938296033  3.0022417507283308  -0.028573920474429183  14.300095569086018
2.4125541267897326  848  655  655.3705422384132  3.0638506758416497  -0.006269025195259552  14.2380322665459
2.4125541267897326  848  680  680.4479728495872  3.03924652343494  -0.0125549947822267  14.176301113131764
2.4125541267897326  848  705  705.1691347349457  3.115712629771224  -0.003221189874673684  14.115348448441837
2.4125541267897326  847  730  729.5820559233916  3.1300006588369342  -0.003639377911002403  14.055047185382653
2.4125541267897326  847  754  753.5547658994992  3.0973758546240333  -0.009035800902701929  13.995428412818692
2.4125541267897326  846  777  777.28642342892  3.148913112236869  -0.009886157628970011  13.936174552598326
2.4125541267897326  845  801  800.6496112026616  3.2200700210762534  -0.013865038036320717  13.877469853207606
2.4125541267897326  845  824  823.6623123635432  3.1340016684032435  -0.0055685002003822625  13.819173488962395
2.4125541267897326  844  846  846.3855288453682  3.051735886876372  -0.030771514493143647  13.76162809128386
2.4125541267897326  843  869  868.8720548755675  3.032649697753982  -0.022489212082066716  13.704583558457013
2.4125541267897326  843  891  890.9545616252358  2.9876425288676955  -0.019803457021605898  13.6480347738012
2.4125541267897326  842  913  912.8201368316794  2.9607287931734163  -0.019491700152084616  13.591888765640986
2.4125541267897326  841  934  934.4631549580192  2.9557634904656425  -0.007198180006144165  13.536189577466194
2.4125541267897326  840  956  955.7865648004595  2.9057462460980332  -0.0078085116642388685  13.480873471062468
2.4125541267897326  839  977  976.8851632881147  2.8961585861409276  -0.008701191239753539  13.42597356799033
2.4125541267897326  838  998  997.6658667692377  2.7958400423667626  -0.02366684527629776  13.371617538388005
2.4125541267897326  837  1018  1018.2493368206699  2.7768401850532882  -0.0025331809150965575  13.31768711234676
