# Band 4A   Etalon 2A   Slice 7
# Distortion map version 7B.05.01 - date 2019-03-22
# Trace (isoalpha): Take pixel trace along specified slice, specified alpha position trace is built by taking the pixel in every detector row with alpha value closest to the one specified 
# xpos[i] = np.argmin(alpha_img[i,:])+funcs.find_nearest(alpha_img[i,:][(slice_img[i,:]!=0)],alpha_pos)
#    alpha       x  y      center         FWHM          skewness
0.0  413  42  42.417580312728504  3.8978177891993795  -0.022135999236180138
0.0  413  87  87.22828183472744  3.814632840387162  -0.00010565023931609043
0.0  414  131  130.80305669119605  3.5634279356231673  -0.016242128095041955
0.0  414  174  173.57102499636787  3.3105092825215934  0.01848725399778728
0.0  415  215  215.3415916358453  3.169727524091968  0.0024127398160900147
0.0  415  256  256.1953414477771  3.0643083843452814  -0.03158807664446801
0.0  415  296  296.25167378921753  2.9458738989944777  0.005289173054752681
0.0  415  335  335.4715534091354  2.8860437541846977  0.0068726922832158845
0.0  416  374  373.71585876580275  2.783083529480109  0.003127735468839522
0.0  416  411  411.2867957656282  2.794726979377401  -0.013153410662536153
0.0  416  448  448.1111616173206  2.603745570581509  -0.008958869409417957
0.0  416  484  484.20510629259513  2.5771870920103765  0.0026939330680778293
0.0  416  520  519.6071678474273  2.533384885050282  0.014315700353476157
0.0  416  554  554.2353768883023  2.4806970466408984  -0.007154982650602797
0.0  416  588  588.2744370576023  2.5295569026000067  0.011413603841105908
0.0  416  622  621.6167517263094  2.4902402181185153  -0.0029975740909179193
0.0  416  654  654.3432755726615  2.4634364856331104  -0.0044904915800785625
0.0  415  687  686.5355447600184  2.415274605237073  -0.020580682061784587
0.0  415  718  718.0354559785771  2.407412066717143  0.0036818180779245946
0.0  415  749  748.927389551131  2.406659329854847  -0.022025978385572076
0.0  415  779  779.3399132063839  2.3530560197959858  0.0226194975423497
0.0  415  809  809.1221519881525  2.3990417209558927  0.018948855763318086
0.0  414  838  838.4271542895929  2.2494260917756037  -0.05508572170858998
0.0  414  867  867.2448025213647  2.292443523902989  0.03621395531693785
0.0  414  895  895.4867262918455  2.2517825418276516  0.023160210560534075
0.0  413  923  923.3159809342803  2.2813731968523143  0.04032958091376189
0.0  413  950  950.4985773720709  2.2115221289741385  -0.02431477692354734
0.0  413  977  977.2993704905888  2.1938303316612746  0.032772617224080106
0.0  412  1004  1003.7087995491308  2.192555419432665  0.010612894400386435
-2.6844770359433823  403  43  43.09033944272851  4.041615873249228  -0.010529160930292304
-2.6844770359433823  404  88  87.76741861425181  3.775577335836971  -0.007583350869674199
-2.6844770359433823  404  132  131.4946623106517  3.655443667081613  -0.002334951012889528
-2.6844770359433823  405  174  174.21386585332064  3.2449204173005626  0.023675183673221127
-2.6844770359433823  405  216  215.99318827355413  3.1565808758358003  -0.007494657852256505
-2.6844770359433823  406  257  256.76825433909227  3.1309253053991597  -0.026066607314786713
-2.6844770359433823  406  297  296.9218609058082  2.975513265702034  -0.02267730678263267
-2.6844770359433823  406  336  336.1124826178616  2.9805623253469093  -0.004490517760228034
-2.6844770359433823  406  374  374.4851095562947  2.718937378817202  -0.023995723212104615
-2.6844770359433823  406  412  412.05302332693725  2.741461284249681  -0.02067492772497341
-2.6844770359433823  406  449  448.9245595087596  2.7732325665356257  -0.008542582400345541
-2.6844770359433823  407  485  484.9859246171068  2.6575272914794823  -0.007454484168158394
-2.6844770359433823  407  520  520.4015257239562  2.562921421343617  0.004307983369455384
-2.6844770359433823  407  555  555.0682268149459  2.601475711652938  -0.013556158482743469
-2.6844770359433823  406  589  589.2243354484121  2.6111475465888816  0.0036432411076931567
-2.6844770359433823  406  623  622.5377028612893  2.4549733249046994  -0.04526178454639069
-2.6844770359433823  406  655  655.3770460665072  2.454225291730154  0.03251720209929478
-2.6844770359433823  406  687  687.4270328286096  2.481830980128734  -0.00979818203890643
-2.6844770359433823  406  719  718.9502603385316  2.4556947160633626  -0.007008439172291672
-2.6844770359433823  406  750  749.8920353175915  2.3740942691026703  -0.003450900185104096
-2.6844770359433823  405  780  780.3454314932067  2.43174982550795  0.004251501700463429
-2.6844770359433823  405  810  810.2053668734327  2.2901386254955014  -0.0006155291110966346
-2.6844770359433823  405  840  839.5190009551119  2.2721148614122058  0.031586551608935316
-2.6844770359433823  405  868  868.262282519734  2.267580640026381  0.012858662706087598
-2.6844770359433823  404  897  896.5849976710044  2.2910619128593908  -0.029243824826378686
-2.6844770359433823  404  924  924.3357789768257  2.2108250965588923  -0.003929300326686557
-2.6844770359433823  404  952  951.5946044486067  2.2262487598047755  -0.005008924538783043
-2.6844770359433823  403  978  978.4482978078039  2.207827899247377  -0.025165463933898964
-2.6844770359433823  403  1005  1004.7576920477705  2.2224421280337765  -0.04590956791305201
-2.418848035943382  404  43  43.025993059505524  4.063969511356525  -0.013399839055588442
-2.418848035943382  405  88  87.73101693991693  3.7521591316843796  -0.00799870102568499
-2.418848035943382  405  131  131.3949007726864  3.609616647257326  -0.00737199830706338
-2.418848035943382  406  174  174.10286797845416  3.358199054429349  -0.00426419596995993
-2.418848035943382  406  216  215.94998387962684  3.20833442667265  0.013294969837997038
-2.418848035943382  407  257  256.7280257763443  3.0463011211890887  -0.03310689991827818
-2.418848035943382  407  297  296.873719201949  2.9372853913777135  -0.011062781702008008
-2.418848035943382  407  336  336.002050716298  2.932564750057395  -0.019564941362801097
-2.418848035943382  407  374  374.41363505645523  2.733558816348932  -0.01187639646212576
-2.418848035943382  407  412  411.9762877625324  2.733281300844567  -0.02846091463164114
-2.418848035943382  407  449  448.882872012826  2.7349848631354234  -0.001883648608805391
-2.418848035943382  407  485  484.9859246171068  2.6575272914794823  -0.007454484168158394
-2.418848035943382  407  520  520.4015257239562  2.562921421343617  0.004307983369455384
-2.418848035943382  407  555  555.0682829667937  2.602319922202696  -0.013106663809305637
-2.418848035943382  407  589  589.1198756520979  2.588170949947653  -0.006978341347759585
-2.418848035943382  407  622  622.4508078917578  2.442378654010213  -0.035584545807842656
-2.418848035943382  407  655  655.2316342846409  2.51965433393525  0.005501313714288522
-2.418848035943382  407  687  687.34414047317  2.4744778588842564  0.017117280873923908
-2.418848035943382  407  719  718.8602653130888  2.4627159128403946  -0.004698146875842697
-2.418848035943382  407  750  749.7833081058911  2.353389885784736  -0.00593049212943103
-2.418848035943382  406  780  780.2538083423482  2.349192632091672  -0.018694145643591245
-2.418848035943382  406  810  810.1342300299663  2.3221004621279917  0.010493030633728246
-2.418848035943382  406  839  839.3832447093897  2.291699586362256  0.00799613879207693
-2.418848035943382  406  868  868.1434082673984  2.2815000436075934  0.005913431171323664
-2.418848035943382  405  896  896.4740641654435  2.2595883870832267  -0.04494360144205633
-2.418848035943382  405  924  924.2349078945444  2.2492976735545653  0.015372379474038638
-2.418848035943382  405  951  951.500408348842  2.198806049160339  0.014300544396127875
-2.418848035943382  404  978  978.3516229363117  2.1725073667569177  -0.014096495838207353
-2.418848035943382  404  1005  1004.6499497525126  2.1855835297496924  -0.036709621821835056
-2.153219035943382  405  43  42.946282395397674  4.066846001995486  -0.015203503445301811
-2.153219035943382  406  88  87.64960721028616  3.592985902708648  -0.01570444646440693
-2.153219035943382  406  131  131.3199163813668  3.500938269108417  -0.019883288461768022
-2.153219035943382  407  174  174.04128906135213  3.3716109284832783  0.011873268144962347
-2.153219035943382  407  216  215.90166310392607  3.2371945924976444  0.011915876381650894
-2.153219035943382  407  257  256.7282877822723  3.0502765176161972  -0.030455143822305148
-2.153219035943382  408  297  296.7876092279758  2.914693117049069  0.006921293945634392
-2.153219035943382  408  336  335.9734298555606  2.916745528619799  -0.014418665264926854
-2.153219035943382  408  374  374.32216362432695  2.736970019865794  -0.0047501212822113024
-2.153219035943382  408  412  411.9557636242843  2.6912739991340686  -0.005716231681119119
-2.153219035943382  408  449  448.77290576405653  2.7105509121271325  -0.020904288216806042
-2.153219035943382  408  485  484.887168178554  2.6296921935660293  -0.021090617544440582
-2.153219035943382  408  520  520.2883093723641  2.559947318901095  -0.01033152697893659
-2.153219035943382  408  555  555.0047372266058  2.6305799947886044  0.0025575185859963634
-2.153219035943382  408  589  589.0334785006332  2.611538768301898  -0.0006649393717963747
-2.153219035943382  408  622  622.3612988914831  2.4970505682517796  -0.02120448842265112
-2.153219035943382  408  655  655.1185905573426  2.5086135941426164  -0.008060719477964355
-2.153219035943382  408  687  687.2287051924468  2.4761542807134447  -0.0035083426717489306
-2.153219035943382  408  719  718.7232363597406  2.4252933002960617  -0.031275018470188445
-2.153219035943382  408  750  749.6965124778691  2.3884393350731443  0.009926200180989391
-2.153219035943382  407  780  780.1679396553969  2.3318290831371087  0.008803072092411237
-2.153219035943382  407  810  810.0170441395759  2.3488061725238367  0.011931464577570853
-2.153219035943382  407  839  839.2650617515869  2.38673560150869  0.00470517278625944
-2.153219035943382  407  868  868.026048022181  2.3040419664687306  0.007320748845138108
-2.153219035943382  406  896  896.3833944251562  2.2570827124804964  -0.015698084972906562
-2.153219035943382  406  924  924.1079199141029  2.2579821451083717  0.00709245469773523
-2.153219035943382  406  951  951.3612690067577  2.2422435825849334  0.009033844874035718
-2.153219035943382  405  978  978.2662578763632  2.192174641761312  0.021114710056207374
-2.153219035943382  405  1005  1004.538563560334  2.1361426607213616  -0.03518155318234824
-1.887590035943382  406  43  42.842719079768095  3.917455486251896  -0.021667585497504232
-1.887590035943382  407  88  87.54907280871961  3.6752174645889397  -0.02566168668766015
-1.887590035943382  407  131  131.24058797402336  3.5526311554810377  -0.017995107751585547
-1.887590035943382  408  174  173.98468154277288  3.312603790259004  0.017153540350599617
-1.887590035943382  408  216  215.84035666305542  3.2992162743489075  0.004858371744023162
-1.887590035943382  408  257  256.7093973702309  3.0249477698439478  -0.016009978899974544
-1.887590035943382  409  297  296.70235148460125  2.9173981692148345  -0.00035900929241345747
-1.887590035943382  409  336  335.90603071980934  2.991311822233456  -0.012772074699152598
-1.887590035943382  409  374  374.2231496771682  2.7957718669496217  -0.013173693253171442
-1.887590035943382  409  412  411.92340690771647  2.760405541061232  -0.00762203029245387
-1.887590035943382  409  449  448.6748543492036  2.7670713876003106  -0.027239955284854317
-1.887590035943382  409  485  484.8132850197348  2.6159522578517453  -0.014816391225212553
-1.887590035943382  409  520  520.1866565010477  2.5802847414261123  -0.001736152358276195
-1.887590035943382  409  555  554.9052235044657  2.6405085967044215  -0.018912164576793566
-1.887590035943382  409  589  588.9016840941723  2.5836729941100884  -0.02607464987514812
-1.887590035943382  409  622  622.2900191257377  2.4840874284602705  -0.011143040993670254
-1.887590035943382  409  655  655.0301084385907  2.526130857919725  -0.001892100783494215
-1.887590035943382  409  687  687.1263471111571  2.4823684378197868  -0.009396521688119443
-1.887590035943382  409  719  718.608378751371  2.386273162805651  -0.040101858815041254
-1.887590035943382  409  750  749.6223635412124  2.480249377952532  -0.016867034431341674
-1.887590035943382  408  780  780.04377892911  2.3119382310812853  -0.0014365789859218487
-1.887590035943382  408  810  809.8906503270548  2.3043340000538137  0.002369465840552006
-1.887590035943382  408  839  839.1764087666445  2.4051374293837853  0.01848136138284012
-1.887590035943382  407  868  867.9691577226827  2.4147373171406343  0.003920708027773866
-1.887590035943382  407  896  896.2774474758365  2.2393748670886  -0.008066058868926279
-1.887590035943382  407  924  923.9975697296752  2.267000473805865  0.011814423019375223
-1.887590035943382  407  951  951.2399406194337  2.254210517530737  0.009901344766004608
-1.887590035943382  406  978  978.1480271253255  2.2171217623582606  0.027332243128639674
-1.887590035943382  406  1004  1004.4340029034653  2.1155467613054952  -0.006817212921464415
-1.6219610359433818  407  43  42.814389379587304  3.874524706136654  -0.008076539423236074
-1.6219610359433818  408  88  87.54079766281723  3.7518979706690914  -0.003071285864156077
-1.6219610359433818  408  131  131.20418806484471  3.544055741079802  -0.008103249025112925
-1.6219610359433818  409  174  173.89477592620025  3.2947206980760484  0.013478428181608035
-1.6219610359433818  409  216  215.78579897641868  3.2417743195927358  0.015249008432138328
-1.6219610359433818  409  257  256.6252435513449  3.153115813950677  -0.017498462139288375
-1.6219610359433818  410  297  296.5900588830972  2.977320956735184  -0.020681700173791093
-1.6219610359433818  410  336  335.8282119708743  2.91233467938207  -0.017479680419806073
-1.6219610359433818  410  374  374.17536808294346  2.720163738746919  0.007118881557782903
-1.6219610359433818  410  412  411.8119212333042  2.7145504326779246  -0.00814319148564479
-1.6219610359433818  410  449  448.6037396124813  2.7268157942179414  -0.018465016148736496
-1.6219610359433818  410  485  484.70661556733495  2.6431950687509698  -0.01350908220256702
-1.6219610359433818  410  520  520.1226959210662  2.609400468526246  0.003668199968087284
-1.6219610359433818  410  555  554.7796951971056  2.569732514111365  -0.030310824837337796
-1.6219610359433818  410  589  588.7981526721505  2.5764131211956283  -0.02670276735316067
-1.6219610359433818  410  622  622.2133717827619  2.477173412499951  -0.00736840031107313
-1.6219610359433818  410  655  654.8995392830534  2.494023810333374  -0.022205056303243743
-1.6219610359433818  410  687  687.047063938493  2.5178737512994758  -0.006805981752114566
-1.6219610359433818  410  719  718.5065974362274  2.33483611137774  -0.03602952094139139
-1.6219610359433818  409  750  749.6063797274194  2.376936158904982  0.002704812689565295
-1.6219610359433818  409  780  779.954915897669  2.306108139255457  0.0006024908937510698
-1.6219610359433818  409  810  809.7686889299662  2.2896903824748733  -0.005356864996874543
-1.6219610359433818  409  839  839.0814472528536  2.3783826444480383  0.006168320348486475
-1.6219610359433818  408  868  867.9242490943783  2.3036425961215627  0.015982588276932996
-1.6219610359433818  408  896  896.1573104573688  2.26380558917117  -0.009216694205783103
-1.6219610359433818  408  924  923.871333642388  2.270258898351358  0.0035205648571827153
-1.6219610359433818  407  951  951.2442169790639  2.2576884516120117  0.01747101756655487
-1.6219610359433818  407  978  978.0040602464062  2.2481463454512323  0.019282179887492795
-1.6219610359433818  407  1004  1004.3226873135393  2.131906778722623  0.005955729880081795
-1.3563320359433817  408  43  42.741013888733065  3.962697371152707  -0.022354318680911242
-1.3563320359433817  409  87  87.43862549130093  3.759314985782808  -0.02300608674887139
-1.3563320359433817  409  131  131.11222031027535  3.452718918880862  -0.023841414301694893
-1.3563320359433817  410  174  173.82860847954387  3.233896177831241  0.013818267938704094
-1.3563320359433817  410  216  215.6654759296261  3.3042182888902403  0.0021260993195299153
-1.3563320359433817  410  256  256.49865724896097  3.0392558914797974  -0.029772129343226227
-1.3563320359433817  411  297  296.5312743981579  2.968143233447506  -0.036641049131126785
-1.3563320359433817  411  336  335.715928242832  2.9603969302356177  -0.026761919840984336
-1.3563320359433817  411  374  374.1101676681794  2.84092302826582  0.01490892833709665
-1.3563320359433817  411  412  411.69809823365074  2.7556351182977323  -0.018146259061918787
-1.3563320359433817  411  449  448.5133383307005  2.67313241088425  -0.03293004938766111
-1.3563320359433817  411  485  484.6055777507689  2.584855714621767  -0.02469023641707143
-1.3563320359433817  411  520  520.0176669724688  2.6217812611655518  -0.00042974622997068345
-1.3563320359433817  411  555  554.7088036055773  2.5397688672749155  -0.022609810290752257
-1.3563320359433817  411  589  588.7454598031333  2.530423554380377  -0.008083511994118484
-1.3563320359433817  411  622  622.1003243481729  2.504253621844555  -0.008742823529637291
-1.3563320359433817  411  655  654.8118081476345  2.4929172709059912  -0.011402310555200164
-1.3563320359433817  411  687  686.933261739449  2.513815555348174  -0.017921600180776705
-1.3563320359433817  411  718  718.4028393814175  2.335644472062768  -0.035156265535398426
-1.3563320359433817  410  749  749.4921277191979  2.3481821811622012  0.009306119913240787
-1.3563320359433817  410  780  779.8486764790234  2.3418412891194293  -0.004099312534731374
-1.3563320359433817  410  810  809.6698535514984  2.330063349382499  0.012098074516365078
-1.3563320359433817  410  839  839.2081589322577  2.7353700070073046  0.009050295270280336
-1.3563320359433817  409  868  867.809299535043  2.2314263667256  0.014534231978515734
-1.3563320359433817  409  896  896.0409160196097  2.24843367274957  -0.0016509726942906034
-1.3563320359433817  409  924  923.7493912670712  2.2604666551847004  0.00968703181163637
-1.3563320359433817  408  951  951.1437068899291  2.318605087490596  0.0209943214095763
-1.3563320359433817  408  978  977.8841604952744  2.201573108761295  -0.005812168711003594
-1.3563320359433817  408  1004  1004.1982720036759  2.153938490429937  0.0007555080258900408
-1.0907030359433816  409  43  42.75580874434907  3.9128812667216266  -0.005116235988627255
-1.0907030359433816  409  87  87.4615547617016  3.7543636511804266  -0.0026539975207473926
-1.0907030359433816  410  131  131.0586970149788  3.537006800190028  -0.03258570185379647
-1.0907030359433816  410  174  173.83233212017774  3.227933296083336  0.02209462639244682
-1.0907030359433816  411  216  215.6095625496083  3.166012922723894  0.017200619497133012
-1.0907030359433816  411  256  256.47188021491104  3.1353592608703025  -0.012475005025875433
-1.0907030359433816  411  297  296.5379188596886  2.9653751702996374  -0.032133513134028784
-1.0907030359433816  412  336  335.66617086972764  2.9392984781159157  -0.01537889729998793
-1.0907030359433816  412  374  374.0378267656556  2.8190398318135976  0.009687005038807428
-1.0907030359433816  412  412  411.6435490598985  2.727516328293177  -0.005228442979826705
-1.0907030359433816  412  448  448.43433279528415  2.669075257636905  -0.030474060868461057
-1.0907030359433816  412  485  484.53053360869217  2.642979548328924  -0.027605052957807488
-1.0907030359433816  412  520  519.924302275896  2.599843154344171  -0.010219715344935905
-1.0907030359433816  412  555  554.6214775899981  2.579280806781753  -0.010975448700242934
-1.0907030359433816  412  589  588.6431121664731  2.533579996393769  -0.026768849318674293
-1.0907030359433816  412  622  621.9952795199056  2.476444242820662  -0.014574127658891753
-1.0907030359433816  412  655  654.7028371227626  2.4959317135986794  -0.03381034490154195
-1.0907030359433816  412  687  686.7999954423955  2.461141612016945  -0.043637129790068716
-1.0907030359433816  411  718  718.3877753590316  2.4728056988521985  -0.0020609202305895374
-1.0907030359433816  411  749  749.4282852359854  2.3791251861346154  0.0379320439123349
-1.0907030359433816  411  780  779.7202968964949  2.3234865536828693  -0.012231532563668634
-1.0907030359433816  411  810  809.568590616711  2.3257371853953828  0.028450349368730865
-1.0907030359433816  411  839  839.0198182094704  3.063880243395829  -0.176248016324905
-1.0907030359433816  410  868  867.7048570549146  2.2565652964145784  0.028574287803681635
-1.0907030359433816  410  896  895.9324681880634  2.2491772692110317  0.0032332643275588082
-1.0907030359433816  410  924  923.6545413405534  2.1906263536341157  0.029064252956644443
-1.0907030359433816  409  951  950.9982880786353  2.2894449141074347  -0.004620188356708823
-1.0907030359433816  409  978  977.788258301586  2.196479845424392  0.01810507668738617
-1.0907030359433816  409  1004  1004.1120748097699  2.2174176737194102  0.023433010642250292
-0.8250740359433815  410  43  42.74550643479825  3.931408185129385  0.0019029222822493138
-0.8250740359433815  410  87  87.4097118473318  3.7845847527908347  0.004794866701300386
-0.8250740359433815  411  131  130.99125135815945  3.657804429872641  -0.01793573623414378
-0.8250740359433815  411  174  173.75392077026166  3.2761068187620026  -0.00045065689640474
-0.8250740359433815  412  216  215.5524237496517  3.1551510291220666  0.02084515415536185
-0.8250740359433815  412  256  256.37805079550736  2.9994891102291774  -0.025637821328001697
-0.8250740359433815  412  296  296.4645037496973  2.9866351811160143  -0.022868120912385787
-0.8250740359433815  413  336  335.57158840876053  2.918547862314199  -0.02304237651620617
-0.8250740359433815  413  374  373.97944828835824  2.7214242468578504  0.014323114814332752
-0.8250740359433815  413  412  411.5641379261753  2.760532190020058  -0.009200969210489426
-0.8250740359433815  413  448  448.391140441466  2.7039059554615505  -0.008629447399631876
-0.8250740359433815  413  484  484.46952259678994  2.6421653055792262  -0.021681414306413523
-0.8250740359433815  413  520  519.8205721837941  2.612039773449169  -0.008360052238441058
-0.8250740359433815  413  555  554.5379155553327  2.56114387045875  -0.025399250974911223
-0.8250740359433815  413  589  588.5467219165237  2.483642406501417  -0.02611905417537154
-0.8250740359433815  413  622  621.9082060226714  2.501598426448709  0.00774704784464514
-0.8250740359433815  413  655  654.66267098745  2.528153417402109  -0.0032390171606123223
-0.8250740359433815  413  687  686.7161083692528  2.433260061177066  -0.02496328706162745
-0.8250740359433815  412  718  718.317695900344  2.3836847974585  -0.0161816952079435
-0.8250740359433815  412  749  749.327079942432  2.4105443376557787  0.04031440472300388
-0.8250740359433815  412  780  779.6301581985929  2.3029009064675847  0.031374316220288356
-0.8250740359433815  412  809  809.4466215695397  2.3329023693100908  0.024132955568420846
-0.8250740359433815  411  839  839.0450204293434  3.163574969005822  -0.14054554143590425
-0.8250740359433815  411  868  867.580563608421  2.2636615501405686  0.016957864682783368
-0.8250740359433815  411  896  895.8136515847092  2.2726433049454045  -0.00014294970744458413
-0.8250740359433815  411  924  923.5282034538943  2.2407701320578326  0.010008657882184096
-0.8250740359433815  410  951  950.8537486770944  2.317569177043424  -0.01627831863883654
-0.8250740359433815  410  978  977.6485684871654  2.20511553580036  0.007283344211533721
-0.8250740359433815  410  1004  1004.0370443514819  2.356482260207258  0.014861710434661318
-0.5594450359433814  411  43  42.624319655384  4.007802253042698  -0.011304161308830555
-0.5594450359433814  411  87  87.42106884549376  3.7688480202389343  0.021600229673630962
-0.5594450359433814  412  131  130.9595454215634  3.555414578900127  -0.006892907228434334
-0.5594450359433814  412  174  173.6897816000189  3.3019577367174975  -0.008557894208308022
-0.5594450359433814  413  216  215.49253158257764  3.169947530830882  0.014446276226465358
-0.5594450359433814  413  256  256.33117452872085  3.0559105979814376  0.0009378863621970524
-0.5594450359433814  413  296  296.3859414365747  2.9668376497160125  -0.018137721229380826
-0.5594450359433814  414  336  335.5584504527353  2.922049351675014  0.0027390639701097385
-0.5594450359433814  414  374  373.8804853358382  2.7726034864151643  0.011822426482645662
-0.5594450359433814  414  411  411.48093716016143  2.7917295380744918  0.010081417430707387
-0.5594450359433814  414  448  448.32219768513255  2.705328448425803  0.0029663451380645117
-0.5594450359433814  414  484  484.34390431537827  2.5939055823275794  -0.030992460727828096
-0.5594450359433814  414  520  519.7432253592116  2.5880102391377022  -0.0045155511792621455
-0.5594450359433814  414  554  554.4609487810363  2.557740115848901  -0.007787189549100994
-0.5594450359433814  414  588  588.4529245226333  2.486403462891758  -0.015904591596053976
-0.5594450359433814  414  622  621.823435635248  2.497990756372019  0.013139878597024533
-0.5594450359433814  414  655  654.5206514933997  2.4721793858503815  -0.04065981918804043
-0.5594450359433814  414  687  686.6213915987661  2.38699992789077  -0.02476840980357383
-0.5594450359433814  413  718  718.2502037193643  2.401738387812202  -0.004914610863642066
-0.5594450359433814  413  749  749.2134092114879  2.408129692856619  0.02530601919970685
-0.5594450359433814  413  780  779.5509767916884  2.355888949221594  0.03209333491380904
-0.5594450359433814  413  809  809.3490230748008  2.320948911659343  0.022808477086471744
-0.5594450359433814  412  839  838.6842259815415  2.3670286967574157  -0.062078008485365724
-0.5594450359433814  412  867  867.4790138804733  2.292220737660614  0.039814455271208436
-0.5594450359433814  412  896  895.6943954816953  2.2237603985456644  -0.0029933798092778453
-0.5594450359433814  411  924  923.5257798624123  2.3243216750919373  0.047483912757520196
-0.5594450359433814  411  951  950.7375720512819  2.2654980366895643  -0.039505965811634555
-0.5594450359433814  411  978  977.529656276708  2.186796713730473  0.024330655683737455
-0.5594450359433814  410  1004  1003.9511083010952  2.1984644730355285  0.009811667329856262
-0.29381603594338124  412  43  42.50484179484441  3.9231602974875415  -0.029740431986741468
-0.29381603594338124  412  87  87.31460189126511  3.8032395280009155  0.007915602354688186
-0.29381603594338124  413  131  130.94040719398052  3.5605289336098167  0.041580718899494586
-0.29381603594338124  413  174  173.63958167708432  3.340911017591907  0.012567176281434009
-0.29381603594338124  414  215  215.4052704690574  3.1988800405258075  0.004105155429762058
-0.29381603594338124  414  256  256.2107430807238  3.0768675093140985  -0.038018513609636234
-0.29381603594338124  414  296  296.30769708110347  2.962340189419365  -0.020904434006993596
-0.29381603594338124  414  336  335.5586285525178  2.9306541150003795  0.0045434091933545815
-0.29381603594338124  415  374  373.76707816412267  2.7969091770792147  -0.006521434697280774
-0.29381603594338124  415  411  411.4187585500599  2.7695828477299074  0.016566852193809885
-0.29381603594338124  415  448  448.2281384958825  2.6695488087309514  -0.00973683229337771
-0.29381603594338124  415  484  484.2948467393691  2.603737961469278  0.004983670627612793
-0.29381603594338124  415  520  519.6812895045681  2.576139519871049  0.009367262198961184
-0.29381603594338124  415  554  554.335072565745  2.5375508090589847  -0.0156662553680739
-0.29381603594338124  415  588  588.3644579505874  2.4622825271278543  -0.0046349423730698575
-0.29381603594338124  415  622  621.708701621341  2.524319086339119  0.004198310687294324
-0.29381603594338124  415  654  654.4449143029979  2.473054678948529  -0.008115616860105927
-0.29381603594338124  414  687  686.621580059908  2.3896039247480303  -0.023752323547831293
-0.29381603594338124  414  718  718.1547230167741  2.41013981555011  0.006381488845028199
-0.29381603594338124  414  749  749.0560388747781  2.4297655041414146  -0.014374079877658666
-0.29381603594338124  414  779  779.4447033306649  2.3665849571324316  0.034893669725321305
-0.29381603594338124  414  809  809.2546630270751  2.3053478196152355  0.03140541352485438
-0.29381603594338124  413  839  838.5515823146302  2.285415522984408  -0.051796020515992164
-0.29381603594338124  413  867  867.3615175625207  2.311947301213536  0.03356978199516764
-0.29381603594338124  413  896  895.5814858916372  2.204211101455485  -0.0002619505810635626
-0.29381603594338124  412  923  923.4295424390066  2.2625053527614227  0.03150053561281557
-0.29381603594338124  412  951  950.6052954769883  2.221315467701288  -0.04249124381004222
-0.29381603594338124  412  977  977.41635833772  2.166905679576189  0.028063907061891647
-0.29381603594338124  411  1004  1003.8329680507316  2.203085403040177  0.01983902699619669
-0.028187035943381122  413  42  42.42259459378133  3.850209482391662  -0.03619106847294474
-0.028187035943381122  413  87  87.22828183472744  3.814632840387162  -0.00010565023931609043
-0.028187035943381122  414  131  130.80320879822528  3.5629798853040597  -0.015600645816293142
-0.028187035943381122  414  174  173.57102499636787  3.3105092825215934  0.01848725399778728
-0.028187035943381122  415  215  215.3413273007341  3.1767090661472253  0.0004832819662057408
-0.028187035943381122  415  256  256.1953414477771  3.0643083843452814  -0.03158807664446801
-0.028187035943381122  415  296  296.25167378921753  2.9458738989944777  0.005289173054752681
-0.028187035943381122  415  335  335.47781584759787  2.89236363310863  0.010533479863058207
-0.028187035943381122  416  374  373.71615445704094  2.781029921964887  0.00512425458163961
-0.028187035943381122  416  411  411.2867957656282  2.794726979377401  -0.013153410662536153
-0.028187035943381122  416  448  448.1111616173206  2.603745570581509  -0.008958869409417957
-0.028187035943381122  416  484  484.20510629259513  2.5771870920103765  0.0026939330680778293
-0.028187035943381122  416  520  519.6071678474273  2.533384885050282  0.014315700353476157
-0.028187035943381122  416  554  554.2353768883023  2.4806970466408984  -0.007154982650602797
-0.028187035943381122  416  588  588.2744370576023  2.5295569026000067  0.011413603841105908
-0.028187035943381122  416  622  621.6167517263094  2.4902402181185153  -0.0029975740909179193
-0.028187035943381122  416  654  654.3432465557057  2.462891149790721  -0.004882744263195267
-0.028187035943381122  415  687  686.5356605840924  2.4138648498494604  -0.019434266545530383
-0.028187035943381122  415  718  718.0354559785771  2.407412066717143  0.0036818180779245946
-0.028187035943381122  415  749  748.927389551131  2.406659329854847  -0.022025978385572076
-0.028187035943381122  415  779  779.3399132063839  2.3530560197959858  0.0226194975423497
-0.028187035943381122  415  809  809.1221799103627  2.3980773735975163  0.018704607409363767
-0.028187035943381122  414  838  838.4271542895929  2.2494260917756037  -0.05508572170858998
-0.028187035943381122  414  867  867.2448025213647  2.292443523902989  0.03621395531693785
-0.028187035943381122  414  895  895.4867262918455  2.2517825418276516  0.023160210560534075
-0.028187035943381122  413  923  923.3160856132638  2.2806474348751635  0.040889081684883546
-0.028187035943381122  413  950  950.4985773720709  2.2115221289741385  -0.02431477692354734
-0.028187035943381122  413  977  977.2993760171408  2.1938725028120416  0.03286043350171059
-0.028187035943381122  412  1004  1003.7087965907602  2.1925914739858854  0.010551288594176703
0.237441964056619  413  42  42.42549898422158  3.90901753640852  -0.0202966982542091
0.237441964056619  414  87  87.13887540698023  3.813254865084133  -0.005324416662259852
0.237441964056619  415  131  130.7566957038403  3.63924646999169  -0.011437323810606243
0.237441964056619  415  173  173.45623606451417  3.217696319487402  -0.0068471986735435374
0.237441964056619  415  215  215.3489268121697  3.178887153327821  0.009492352846893365
0.237441964056619  416  256  256.14176839074025  3.0834288847890434  -0.007216234121226078
0.237441964056619  416  296  296.1325891387048  3.0479970812584725  -0.013193495536600566
0.237441964056619  416  335  335.3817485351776  2.92847874467202  -2.1695215003374304e-05
0.237441964056619  416  374  373.7159550130422  2.7832003131918555  0.0035740831724713463
0.237441964056619  417  411  411.2508645015425  2.7402118021948354  0.01606519147534322
0.237441964056619  417  448  448.03488149513583  2.6309339708366792  0.023722825237736552
0.237441964056619  417  484  484.14433126082616  2.6023165425605157  0.012058881733626393
0.237441964056619  417  520  519.5054300043239  2.5350107614708577  0.02845036405502864
0.237441964056619  417  554  554.1648685250999  2.5384984696147512  -0.004925797904459918
0.237441964056619  417  588  588.1757621146145  2.515833243997804  0.004459691460281234
0.237441964056619  417  622  621.5565308225267  2.4715860740877815  0.013566400884671675
0.237441964056619  416  654  654.3432453961492  2.4636390402231427  -0.0046636198086689425
0.237441964056619  416  686  686.387146451157  2.3759365102155243  -0.03665283507910854
0.237441964056619  416  718  717.9087133910037  2.396227866224308  -0.0031321254786891516
0.237441964056619  416  749  748.8311878115694  2.389717630132054  -0.018675305459635916
0.237441964056619  416  779  779.2423218688197  2.383598802673532  0.04081608262118156
0.237441964056619  415  809  809.1220527448742  2.3993858914168413  0.01851103703459071
0.237441964056619  415  839  838.5791927539029  2.1517977761271823  0.1714985976299709
0.237441964056619  415  867  867.1425680158816  2.300136190101398  0.033804285007864206
0.237441964056619  415  895  895.3658901206578  2.2775918176705545  0.019592761000476227
0.237441964056619  414  923  923.2003686928764  2.289406023851825  0.03245728752670426
0.237441964056619  414  950  950.3806725813129  2.1766327507020833  -0.014213197801411436
0.237441964056619  414  977  977.1835601123598  2.275481015148557  0.027390275929583107
0.237441964056619  413  1004  1003.6033304412824  2.166432818253952  0.03591249040550175
0.5030709640566196  414  42  42.36255910023109  3.9329376917648418  -0.011155944866163855
0.5030709640566196  415  87  87.08218758156474  3.7062405300893317  -0.006513059653536814
0.5030709640566196  416  131  130.70198133821333  3.6223581570190504  -0.0020959017168792893
0.5030709640566196  416  173  173.41948758591  3.3000596685895403  0.005818775935923093
0.5030709640566196  416  215  215.28157650991352  3.1064693188329215  0.02560903402737653
0.5030709640566196  417  256  256.03266846037906  3.165112790315021  -0.013122685818912062
0.5030709640566196  417  296  296.04841541378994  2.8610312139725806  -0.03193861059674591
0.5030709640566196  417  335  335.31647519869625  2.943256599595429  0.01135322846162122
0.5030709640566196  417  374  373.6489971833384  2.7556955960512823  -0.0044320891753788765
0.5030709640566196  418  411  411.1378339135317  2.658767925771599  -0.011065662106494449
0.5030709640566196  418  448  447.9368251063814  2.618000102332985  0.016960788293225827
0.5030709640566196  418  484  484.043658742369  2.6060530618614166  0.01317289794770187
0.5030709640566196  418  519  519.4174148765104  2.6010121595086275  0.025323809557700982
0.5030709640566196  418  554  554.0793787234617  2.5166912685215266  0.003587683134209487
0.5030709640566196  418  588  588.0867216671815  2.524054143501644  0.0008727247002932683
0.5030709640566196  417  622  621.5469422373745  2.5756028416609524  0.04852804649067596
0.5030709640566196  417  654  654.2229613063325  2.4317583072042908  -0.007945770526915774
0.5030709640566196  417  686  686.3004437542187  2.3968531136040383  -0.018160781006881576
0.5030709640566196  417  718  717.821683181397  2.3586602600216793  0.0031889946318622714
0.5030709640566196  417  749  748.7389635466445  2.378556377028417  -0.016075655333504045
0.5030709640566196  417  779  779.1159876398505  2.387841511017882  0.02838513500904757
0.5030709640566196  416  809  808.9882927377919  2.41897112892093  -0.00216640642508173
0.5030709640566196  416  838  838.2580581785395  2.309484896488584  0.012478761621456298
0.5030709640566196  416  867  866.9724273903164  2.3019566304740238  0.0032772541165906216
0.5030709640566196  416  895  895.3310940064608  2.3758721938255576  0.03980390848837416
0.5030709640566196  415  923  923.0618912685917  2.313697958119974  0.006445306184066008
0.5030709640566196  415  950  950.2754937105112  2.180376514074851  0.004157044162629732
0.5030709640566196  414  977  977.1968018822263  2.285639887958723  0.0622589828601968
0.5030709640566196  414  1003  1003.4638912864505  2.1848046348439993  0.044865226918109846
0.7686999640566192  415  42  42.30581126688886  3.9400969030116855  -0.015661126459211278
0.7686999640566192  416  87  87.00472346680489  3.721471144513572  -0.0036572177649358334
0.7686999640566192  416  131  130.6689084900412  3.607746821442788  -0.022399579995873227
0.7686999640566192  417  173  173.33284919088632  3.3710137758872634  -0.0031053752820564317
0.7686999640566192  417  215  215.17102067066037  3.213799096685534  0.01070377245573325
0.7686999640566192  418  256  256.01622319097646  3.130440560701004  0.0001425873859984983
0.7686999640566192  418  296  295.99096586991635  2.8670152138111007  -0.01169956463345782
0.7686999640566192  418  335  335.2178408427307  2.929406929619404  0.006937209543573065
0.7686999640566192  418  374  373.5688304957031  2.892451180167768  0.02790961838823833
0.7686999640566192  418  411  411.1380747989555  2.657732820358774  -0.009945816841196328
0.7686999640566192  419  448  447.8718962298104  2.66307750577721  -0.004045600955435837
0.7686999640566192  419  484  483.91915216530947  2.578633730434376  -0.002246418752246297
0.7686999640566192  419  519  519.3425698988149  2.6099920008920208  0.02700868216500922
0.7686999640566192  419  554  553.9394243254009  2.5540786370324895  -0.011391926869474397
0.7686999640566192  419  588  587.9975380017274  2.5574759577909845  0.013091601783834124
0.7686999640566192  418  621  621.4606539807902  2.5325991503104888  0.01647851800623219
0.7686999640566192  418  654  654.128369609612  2.4366807706030613  0.0009513499571959918
0.7686999640566192  418  686  686.2166746045406  2.39524717997233  -0.0066981056725594935
0.7686999640566192  418  718  717.7467474794463  2.361157035497399  0.016797055884237452
0.7686999640566192  418  749  748.6271717861406  2.297198831956848  -0.025435155081079266
0.7686999640566192  418  779  778.9629771928838  2.4218924935591986  -0.003241824353554393
0.7686999640566192  417  809  808.8797031455567  2.3678870704234214  0.012351765546336723
0.7686999640566192  417  838  838.1462607728633  2.2883539289459804  0.004967614360647184
0.7686999640566192  417  867  866.8472288644936  2.3118354980388176  -0.0017472953338643867
0.7686999640566192  416  895  895.2549425949679  2.2977889630558366  0.028506607078388584
0.7686999640566192  416  923  922.9116347038685  2.3143601538868097  -0.004597050114801695
0.7686999640566192  416  950  950.1564000923727  2.190481008386314  0.009411928587815116
0.7686999640566192  415  977  977.0622014381648  2.248208203315812  0.02714337621687269
0.7686999640566192  415  1003  1003.3489817732656  2.212662351250856  0.051965133968402445
1.034328964056619  416  42  42.26792669748786  3.869730199201797  -0.015347775845240696
1.034328964056619  417  87  86.98304042665285  3.628503238413117  0.010981537120239799
1.034328964056619  417  131  130.37415990338832  0.021813292581470023  -0.1794909029021889
1.034328964056619  418  173  173.28132077797954  3.3666905423598905  -0.0006884019565650113
1.034328964056619  418  215  215.14782219043812  3.230219920788045  0.00881175681785077
1.034328964056619  419  256  255.91571281780162  3.1612359365709892  0.0006189818924777503
1.034328964056619  419  296  295.92175172911084  2.944882976709323  -0.015401494294051288
1.034328964056619  419  335  335.1421674504336  2.9420461583582664  0.0069750783049831785
1.034328964056619  419  374  373.5511385047112  2.8457597335136597  0.06301228293196579
1.034328964056619  419  411  411.0584311841247  2.7325734495007055  -0.012714049742922676
1.034328964056619  419  448  447.8718962298104  2.66307750577721  -0.004045600955435837
1.034328964056619  420  484  483.80987758935635  2.611268459175335  -0.0023783859454783087
1.034328964056619  420  519  519.2410098307544  2.6230574077802657  0.01567744738965436
1.034328964056619  419  554  553.9395722290348  2.5527601198123193  -0.01044640398305216
1.034328964056619  419  588  587.99752775424  2.557725694628971  0.013084662303017584
1.034328964056619  419  621  621.359670372163  2.5178300278018924  0.01277834022904841
1.034328964056619  419  654  654.0463777186278  2.43434938461246  0.007115981857605405
1.034328964056619  419  686  686.1428448351326  2.4649936120908933  -0.00019664176301278707
1.034328964056619  419  718  717.6485109584315  2.3568492991897756  0.02596064438322407
1.034328964056619  419  749  748.5208787772611  2.298673070931727  -0.018016760778126563
1.034328964056619  418  779  778.9632406843007  2.421120433484475  -0.0017391866678082004
1.034328964056619  418  809  808.734173008912  2.2987935999349247  -0.023641286652879435
1.034328964056619  418  838  838.0262738639232  2.26468364085099  0.0034891024492427216
1.034328964056619  418  867  866.7335121611817  2.280244700677713  -0.015047856040273633
1.034328964056619  417  895  895.111719335717  2.309883160139634  0.00918357976369774
1.034328964056619  417  923  922.8099705655239  2.2933709956500934  -0.004383972051486037
1.034328964056619  417  950  950.027668768978  2.248878018208643  0.0035629538787896073
1.034328964056619  416  977  976.9221458480267  2.2603243099824795  0.006308111943961464
1.034328964056619  416  1003  1003.231793633711  2.2026252400780777  0.0391565148043407
1.2999579640566195  417  42  42.214278448995024  3.951508865131075  -0.01142381399666613
1.2999579640566195  418  87  86.87951433178296  3.692783271400856  0.004967283837752465
1.2999579640566195  418  131  130.34604992519905  0.02098290555588278  -0.19510507388789755
1.2999579640566195  419  173  173.13152026055548  3.4151346470169415  -0.03155040538520829
1.2999579640566195  419  215  215.08081147695455  3.1722393005983918  0.00709059847325184
1.2999579640566195  419  256  255.90894499658546  3.1648109716249735  -0.0011259669756872475
1.2999579640566195  420  296  295.85137380474146  2.931679487208612  -0.002293367883859149
1.2999579640566195  420  335  335.0682070472641  2.9747704024205177  0.007106649950204425
1.2999579640566195  420  373  373.445670510421  2.8253729203842113  0.019925258320524733
1.2999579640566195  420  411  410.9500064897184  2.8418200493478025  -0.007108156615895848
1.2999579640566195  420  448  447.813268949343  2.721540782621105  0.018967022506663215
1.2999579640566195  420  484  483.8099827984018  2.610928318919264  -0.0017540908287071515
1.2999579640566195  420  519  519.2410098307544  2.6230574077802657  0.01567744738965436
1.2999579640566195  420  554  553.8690782800747  2.399837751321229  0.006628190116327404
1.2999579640566195  420  588  587.9108589005688  2.532083423158383  0.019599412007260092
1.2999579640566195  420  621  621.2528322810756  2.5586088517411554  0.018040834794031235
1.2999579640566195  420  654  653.9401055208064  2.4115462063600717  0.0033940200924476496
1.2999579640566195  420  686  686.0483875169216  2.408435450254501  0.009426346474181894
1.2999579640566195  420  718  717.5351867087103  2.392719657910561  0.03702243753304903
1.2999579640566195  420  748  748.4297439330189  2.337993292609781  -0.008416124050182055
1.2999579640566195  419  779  778.8670341756891  2.376823728008276  -0.006002098762831008
1.2999579640566195  419  809  808.6355140125055  2.297195023431641  -0.01170866240267587
1.2999579640566195  419  838  837.9343208137273  2.2718642015606747  0.0068336927853894025
1.2999579640566195  419  867  866.6301672120208  2.271454986589333  -0.0016827522867081677
1.2999579640566195  418  895  894.9867388578767  2.329645287339872  0.0010847305958669017
1.2999579640566195  418  923  922.6318090901007  2.1113069882538866  -0.17187114787027308
1.2999579640566195  418  950  949.9145872269768  2.194636575479535  0.015220223613067676
1.2999579640566195  417  977  976.7944415952562  2.2584466757705286  -0.009831315604315894
1.2999579640566195  417  1003  1003.116293435112  2.236623769512221  0.03796187073405643
1.56558696405662  418  42  42.1565198876752  3.9186318823790103  -0.026978781215407983
1.56558696405662  419  87  86.77480248963616  3.6621951946519857  -0.01624968901066207
1.56558696405662  419  131  130.33691682258214  3.4519926288078295  -0.17292107412757768
1.56558696405662  420  173  173.14865434387534  3.311046506480807  0.00845170776521792
1.56558696405662  420  215  214.99026016764904  3.157432228345442  -0.0004239207053209172
1.56558696405662  420  256  255.84335908345014  3.0431025631836803  0.004079499310559654
1.56558696405662  421  296  295.78663272295313  2.9464110659287144  -0.006017977681441654
1.56558696405662  421  335  334.99806793563835  2.9479524684335274  0.007753190523179697
1.56558696405662  421  373  373.33783385144307  2.884261165248745  0.017447035238211252
1.56558696405662  421  411  410.87281432693624  2.748448096098514  -0.007158153723840592
1.56558696405662  421  448  447.7251560343013  2.691423528575683  0.016520625323105796
1.56558696405662  421  484  483.74654213704486  2.583374675776554  0.0036064181869792595
1.56558696405662  421  519  519.1508329588831  2.6404910359379983  0.015811681670386005
1.56558696405662  421  554  553.6324557515893  2.411459128915226  -0.08417149343128112
1.56558696405662  421  588  587.8053514881972  2.529077962769179  0.012200802633922364
1.56558696405662  421  621  621.1487749192945  2.554873579347259  0.005845321993341523
1.56558696405662  421  654  653.8599975746504  2.4488379126862583  0.01235511273832723
1.56558696405662  421  686  685.9382141105114  2.4011037264590414  -0.0004947158053632465
1.56558696405662  421  717  717.4333426870276  2.430256496936636  0.024488243350144785
1.56558696405662  421  748  748.3299607024207  2.321110575697503  0.017854247430745877
1.56558696405662  420  779  778.7468589219295  2.371333160534732  -0.017007540675135803
1.56558696405662  420  809  808.5189726294683  2.2637680056370755  -0.020559803128590726
1.56558696405662  420  838  837.8284893068995  2.274484618516908  0.022124406310744398
1.56558696405662  419  867  866.6419147076706  2.3376842240618316  0.046229541013777006
1.56558696405662  419  895  894.8751294427215  2.3229098873553085  0.0015431200694434322
1.56558696405662  419  923  922.566790715568  2.2350550155142628  -0.011658485503182039
1.56558696405662  418  950  949.845260942628  2.2960694499226975  0.00558430636460454
1.56558696405662  418  977  976.6578883680498  2.2573071432577763  -0.02127710969622491
1.56558696405662  418  1003  1002.948285239603  2.2857294865177664  0.0030591961368984246
1.8312159640566197  419  42  42.157130430409005  3.924521748097092  -0.005813726115259988
1.8312159640566197  420  87  86.74529270313398  3.5889251437738494  -0.013442185567721957
1.8312159640566197  420  130  130.43664626652617  3.492175363082481  -0.03559430393376539
1.8312159640566197  421  173  173.04518484687782  3.360033597580525  -0.005880338800302376
1.8312159640566197  421  215  214.90085657470905  3.1600930652696775  -0.0022931113029934697
1.8312159640566197  421  256  255.78173700072603  3.16415973748542  0.009427254209516282
1.8312159640566197  422  296  295.7222227790075  2.9924720556662123  0.0028568970282916426
1.8312159640566197  422  335  334.90893143458396  2.915663973261019  -0.02030305677979058
1.8312159640566197  422  373  373.2341245211449  2.934566650003262  0.0065979958655120775
1.8312159640566197  422  411  410.77437488495747  2.6788599409314884  -0.03145216260227451
1.8312159640566197  422  448  447.6449036486829  2.698850404755774  0.020765744321400378
1.8312159640566197  422  484  483.66150748048983  2.625888549462843  0.012684621648130404
1.8312159640566197  422  519  519.0462037636415  2.666000946213103  0.01331693847839753
1.8312159640566197  422  554  553.4247622520081  3.2865759466665168  -0.0026603122194865563
1.8312159640566197  422  588  587.7256766974698  2.5096387422682938  0.02381447024019607
1.8312159640566197  422  621  621.0130257866791  2.584266158379478  -0.013263831332305746
1.8312159640566197  422  654  653.7304029484367  2.3753979689211064  0.009747935396646893
1.8312159640566197  422  686  685.8307638850705  2.409650845580245  -0.00010827961041974078
1.8312159640566197  422  717  717.3290042728952  2.480877175977639  0.01910105464663961
1.8312159640566197  421  748  748.3297879102411  2.323320757974443  0.018041203190898435
1.8312159640566197  421  779  778.6329299445188  2.3371113689358936  -0.024995980675246214
1.8312159640566197  421  808  808.4379293792059  2.2352765276364153  0.0002310096951562053
1.8312159640566197  421  838  837.7272276368959  2.3069965655581655  0.023631215965680682
1.8312159640566197  420  866  866.4936224561482  2.224116323668909  -0.027725019782391207
1.8312159640566197  420  895  894.723050893971  2.279821329550373  -0.03126307733717812
1.8312159640566197  420  922  922.4446421312125  2.208332920482462  -0.023347232647303047
1.8312159640566197  419  950  949.8048879783818  2.1910362939988772  0.009985318663156191
1.8312159640566197  419  977  976.545994735474  2.205815365801982  -0.012331805737334436
1.8312159640566197  419  1003  1002.8099080656541  2.2388171911811696  -0.012403400586332486
2.0968449640566194  420  42  42.05086113193388  3.946525571663429  -0.015457444696379146
2.0968449640566194  420  87  86.70935346149865  3.7221513696643456  -0.004194732719961747
2.0968449640566194  421  130  130.37203451218457  3.4903390468537623  -0.0029799044596241844
2.0968449640566194  421  173  173.045151038116  3.349762859896771  -0.0012409162710326953
2.0968449640566194  422  215  214.79968764474594  3.1679290658667583  0.0011026687971757128
2.0968449640566194  422  256  255.70298146564406  3.08158523167873  0.012605242155623376
2.0968449640566194  422  296  295.72742603061744  2.953776306194186  0.018989149924286505
2.0968449640566194  423  335  334.8261648056429  2.9238121930000602  -0.02349452498387256
2.0968449640566194  423  373  373.1770185332906  2.8958696719367936  0.005812645618632894
2.0968449640566194  423  411  410.7806799122825  2.670138872932341  0.0589319618649328
2.0968449640566194  423  448  447.5484697594153  2.684475698162487  0.025920760486206406
2.0968449640566194  423  484  483.5667347423598  2.6287416624749653  0.003373428991608317
2.0968449640566194  423  519  518.9579568733744  2.678477291451827  0.00706144974049343
2.0968449640566194  423  554  553.6255084296308  2.608125169454752  0.023862482032926496
2.0968449640566194  423  588  587.6258561169493  2.4970339146702827  0.017926668827923837
2.0968449640566194  423  621  620.9137730559634  2.5768505185754975  -0.023940204604498094
2.0968449640566194  423  654  653.6457434846391  2.4313048218609765  0.021390140162005883
2.0968449640566194  423  686  685.7430883796446  2.4334256385716344  0.011772800860953073
2.0968449640566194  423  717  717.2170868698098  2.4603512107221377  0.013524403924858971
2.0968449640566194  422  748  748.2222707397339  2.258444622290426  -0.0036172273459149466
2.0968449640566194  422  779  778.5105473177846  2.3183012530106453  -0.032334794325579716
2.0968449640566194  422  808  808.3475274945071  2.2618540930204745  0.0181951350309887
2.0968449640566194  422  838  837.6165927056651  2.283062785948232  0.022046908341343555
2.0968449640566194  421  866  866.4124613501137  2.2160339728163763  -0.00975720849779538
2.0968449640566194  421  895  894.5913660962478  2.268909308049274  -0.04420483355899184
2.0968449640566194  421  922  922.3415286654391  2.2283439478344462  -0.0007543353153611373
2.0968449640566194  420  950  949.6726087737662  2.2196589253119328  0.007456840616279818
2.0968449640566194  420  976  976.4362465540745  2.193585154028824  0.0014851144481223169
2.0968449640566194  420  1003  1002.678154611883  2.200819265099085  -0.03149140441310472
2.36247396405662  421  42  41.968956550157834  4.005207270680948  -0.02048304600594784
2.36247396405662  421  87  86.64221298945127  3.709451693045665  -0.02248049851265116
2.36247396405662  422  130  130.308412047781  3.475865509636378  -0.008212695967056247
2.36247396405662  422  173  172.9979483031033  3.3762860202965044  0.00294622892965353
2.36247396405662  423  215  214.71907301058837  3.0996012159426414  0.0006775905399895851
2.36247396405662  423  256  255.69204187088067  3.072182669231836  0.02732187158384012
2.36247396405662  423  296  295.6483827540128  2.953134753652762  0.011453420883056795
2.36247396405662  424  335  334.7525489787539  2.9499724882301734  -0.009492037870290295
2.36247396405662  424  373  373.10262976476633  2.891683318929495  0.0037027359272983136
2.36247396405662  424  411  410.6942027343203  2.7036099809322423  0.12792676580781462
2.36247396405662  424  448  447.4929959582921  2.672165677668545  0.03400419287006573
2.36247396405662  424  484  483.50302092112054  2.6375554399227212  0.007551943653364257
2.36247396405662  424  519  518.877131717478  2.652216388922625  0.0024471373820796356
2.36247396405662  424  554  553.540114991328  2.6324796793330734  0.013564954119418368
2.36247396405662  424  588  587.5392516290553  2.5275587007124614  0.02040508013777627
2.36247396405662  424  621  620.8244371049016  2.57363239705694  -0.01575810144584331
2.36247396405662  424  654  653.551849749219  2.403380641712829  0.02673699255641356
2.36247396405662  424  686  685.6430176166871  2.425183685515549  0.016301358620903292
2.36247396405662  423  717  717.2175963134342  2.456559425383375  0.01606136112870348
2.36247396405662  423  748  748.1490158108412  2.2992786754388135  0.034499995812974686
2.36247396405662  423  778  778.4412030491166  2.3079754018640415  0.0016758965585711135
2.36247396405662  423  808  808.2310807353132  2.2867435505456797  0.0231253579151554
2.36247396405662  423  838  837.5005467067868  2.2392768677113963  0.021409174925157197
2.36247396405662  422  866  866.3289284990384  2.224811940913014  0.013736376565663436
2.36247396405662  422  894  894.5028835659242  2.2542665968610436  -0.022409846955944536
2.36247396405662  422  922  922.2438228799444  2.2050855916691035  0.0016831209506583036
2.36247396405662  421  950  949.5731624569761  2.2035012615237974  0.02622257835703775
2.36247396405662  421  976  976.3147286513642  2.211956336931962  0.0077696111398813045
2.36247396405662  420  1003  1002.6232347028888  2.2633843294836424  -0.028860757259483834
2.6281029640566205  422  42  41.95245151394611  4.113421013764537  -0.012699794826970397
2.6281029640566205  422  87  86.59304495663956  3.6112383188257127  -0.01839182251424013
2.6281029640566205  423  130  130.2478101027769  3.4828624824468193  -0.008251681599335335
2.6281029640566205  423  173  172.9269408216707  3.3942710039605686  -0.003983193116057471
2.6281029640566205  424  215  214.6494881672466  3.0525583273884536  -0.0012088475922597223
2.6281029640566205  424  256  255.5672713388951  3.1503513890801287  -0.005210416142844554
2.6281029640566205  424  296  295.60845463113884  2.936173145714065  0.02553527898884787
2.6281029640566205  425  335  334.6839946527508  2.920530738112575  0.0010011181412041287
2.6281029640566205  425  373  372.99904281292226  2.897578148706316  -0.004964771990905576
2.6281029640566205  425  410  410.4650814511416  0.023035115921629767  0.554851358331742
2.6281029640566205  425  447  447.41782827416245  2.680654935955829  0.02507144264455386
2.6281029640566205  425  483  483.4278633162046  2.6496911745554144  0.003806701188204453
2.6281029640566205  425  519  518.741241890333  2.6276758046361692  -0.023339962846650145
2.6281029640566205  425  553  553.4260612134976  2.525538844911125  0.005991169376851809
2.6281029640566205  425  587  587.4635976793259  2.509847567987322  0.03269413748597864
2.6281029640566205  425  621  620.7195364781064  2.4717800424311918  -0.04128241231381581
2.6281029640566205  425  653  653.4704145809767  2.4018748625946955  0.03178728391036792
2.6281029640566205  425  686  685.5490441869446  2.4104434739454064  0.022430548722645466
2.6281029640566205  424  717  717.0870669141754  2.495394362923662  0.006153105091962355
2.6281029640566205  424  748  748.0188840533673  2.3324972753733846  0.02473469462732684
2.6281029640566205  424  778  778.3533657080256  2.316806019039859  0.01501956311536834
2.6281029640566205  424  808  808.1122069592042  2.250843628657776  0.018497299324225846
2.6281029640566205  423  838  837.5047438156287  2.2344368543786004  0.0311768828340952
2.6281029640566205  423  866  866.2166095085493  2.244994015943348  0.025076173683004643
2.6281029640566205  423  894  894.3775738246478  2.2018509234765133  -0.026031648048408927
2.6281029640566205  422  922  922.1984023166265  2.378168543554011  0.021619851812836717
2.6281029640566205  422  949  949.4550906757146  2.2156955590282905  0.009691691238709154
2.6281029640566205  422  976  976.1901778505218  2.1921580491150507  0.023053779258319047
2.6281029640566205  421  1003  1002.5685689320272  2.1801473419457125  -0.02001242643050676
