# Band 4B   Etalon 2B   Slice 8
# Distortion map version 06.04.00 - date 2018-10-11
# Trace (isoalpha): Take pixel trace along specified slice, specified alpha position trace is built by taking the pixel in every detector row with alpha value closest to the one specified 
# xpos[i] = np.argmin(alpha_img[i,:])+funcs.find_nearest(alpha_img[i,:][(slice_img[i,:]!=0)],alpha_pos)
#    alpha       x  y      center         FWHM          skewness        wavelength
0.0  337  37  36.697438711  4.38686006496  0.0170521958812  24.2066353213
0.0  338  86  86.2192637044  3.86751681995  0.00407955782255  24.0363133941
0.0  338  134  134.485171921  3.78269863864  -0.0257415838866  23.8663590404
0.0  339  182  181.612222416  3.72337562829  -0.0286009705993  23.6965685212
0.0  339  228  227.711194206  3.84404329338  -0.00274096221558  23.5346927171
0.0  339  273  272.662170116  3.78041855878  0.0170774335345  23.3691593997
0.0  340  316  316.5322265  3.48066258337  -0.000593740592393  23.2091368915
0.0  340  359  359.351425012  3.488440875  -0.0134727203829  23.0516825918
0.0  340  401  401.1771364  3.60615179418  -0.033209078917  22.8933509161
0.0  340  442  442.230242114  3.59481467337  -0.0297493099495  22.7420223841
0.0  340  482  482.321153518  3.46145226115  0.00187469233467  22.5872985143
0.0  340  522  521.521927977  3.19411620545  -0.00518382536367  22.4392465445
0.0  340  560  559.788826277  3.17015744898  -0.0163112573426  22.2897333161
0.0  340  597  597.314277479  3.24597193585  -0.0212728019557  22.1438309074
0.0  340  634  634.044582798  3.26832222106  -0.0277320386669  22.0000765453
0.0  340  670  670.080049828  3.25692336825  -0.00999764040269  21.8566462695
0.0  340  705  705.274451859  3.23593663436  0.0133221100943  21.7167951858
0.0  340  740  739.788029835  3.04442515971  0.0203959238499  21.5774828245
0.0  339  774  773.650927188  2.97772070583  0.0139532472  21.4422534742
0.0  339  807  806.677697381  2.98383480694  -0.038194229943  21.3050614441
0.0  339  839  839.193586626  3.02406349608  -0.0127564153601  21.1726558299
0.0  339  871  870.953285196  2.97374532536  -0.0327917214884  21.0395169681
0.0  338  902  902.290167615  2.86212840409  -0.007900699251  20.9105922238
0.0  338  933  932.925111727  2.96534596127  -0.00253142864012  20.7812160306
0.0  338  963  962.996742404  2.9426581661  0.0105743291195  20.6548136817
0.0  337  992  992.514242448  2.81872764169  -0.0109290708416  20.5287322598
0.0  337  1021  1020.64435343  1.18820523707  0.0  20.404746475
-2.61925422753  328  37  36.7651164872  4.3599666379  -0.00956731538246  24.2066353213
-2.61925422753  328  86  86.4408693393  4.0183503867  -0.00163955789598  24.0363133941
-2.61925422753  329  135  134.809481452  3.78552723876  -0.00914041749472  23.8663590404
-2.61925422753  329  182  181.890084353  3.59624118641  -0.0252364998664  23.6965685212
-2.61925422753  330  228  227.834944708  3.80460187686  -0.0361325830512  23.5346927171
-2.61925422753  330  273  272.980776559  3.75609972121  -0.00301136953969  23.3691593997
-2.61925422753  330  317  316.977212903  3.61615389241  0.00954643721037  23.2091368915
-2.61925422753  330  360  359.793212365  3.44139202593  -0.0233023470418  23.0516825918
-2.61925422753  331  402  401.619933274  3.44794858795  -0.0155118161332  22.8933509161
-2.61925422753  331  443  442.560886572  3.57252328354  -0.0366247730733  22.7420223841
-2.61925422753  331  483  482.809344227  3.43353160249  -0.00524612692713  22.5872985143
-2.61925422753  331  522  522.131868007  3.38167883923  0.0225827848695  22.4392465445
-2.61925422753  331  560  560.393053666  3.23298194093  -0.00170181586802  22.2897333161
-2.61925422753  331  598  597.876999175  3.1460593491  -0.0202857979281  22.1438309074
-2.61925422753  331  635  634.524172196  3.17615157035  -0.0372417242  22.0000765453
-2.61925422753  330  671  670.66808593  3.2306853842  -0.0201151118906  21.8566462695
-2.61925422753  330  706  705.869775651  3.19766385698  -0.00877624184641  21.7167951858
-2.61925422753  330  740  740.436819987  3.15638698889  -0.0128466257986  21.5774828245
-2.61925422753  330  774  774.269068627  3.02631980797  -0.0131632840098  21.4422534742
-2.61925422753  330  807  807.451107542  2.98620216696  -0.00569225085127  21.3050614441
-2.61925422753  329  840  839.92762148  2.94578116712  -0.0293179337599  21.1726558299
-2.61925422753  329  872  871.802570821  2.91529780781  -0.0141868201438  21.0395169681
-2.61925422753  329  903  903.014418678  2.99050129306  -0.00252182410279  20.9105922238
-2.61925422753  328  934  933.731516271  2.94200854238  -0.00737073648755  20.7812160306
-2.61925422753  328  964  963.816135001  2.90142679339  -0.000696577433747  20.6548136817
-2.61925422753  328  993  993.339030289  2.90919910076  0.0124529046417  20.5287322598
-2.35362522753  329  37  36.7844785536  4.38889056258  0.0117305259807  24.2066353213
-2.35362522753  329  86  86.407096259  3.98113248337  -0.00637041812229  24.0363133941
-2.35362522753  330  135  134.80167516  3.86294387341  -0.0137666212668  23.8663590404
-2.35362522753  330  182  181.82448429  3.61625962941  -0.0254112585673  23.6965685212
-2.35362522753  331  228  227.835158377  3.76436518027  -0.030263782574  23.5346927171
-2.35362522753  331  273  272.956353978  3.82148098404  0.0056705908756  23.3691593997
-2.35362522753  331  317  316.928575637  3.57673227582  0.00406581759951  23.2091368915
-2.35362522753  331  360  359.798965221  3.46093156933  -0.00661552148191  23.0516825918
-2.35362522753  332  402  401.578523426  3.47673526443  -0.0144393106396  22.8933509161
-2.35362522753  332  443  442.535622871  3.53427678391  -0.0469445915036  22.7420223841
-2.35362522753  332  483  482.760259214  3.52696927222  -0.000704075150363  22.5872985143
-2.35362522753  332  522  522.101217023  3.45285612469  0.0381722946926  22.4392465445
-2.35362522753  332  560  560.326482117  3.22303588937  0.00435941072243  22.2897333161
-2.35362522753  332  598  597.793447637  3.20879463051  -0.0223854605822  22.1438309074
-2.35362522753  332  634  634.481937131  3.12686910117  -0.0253794062453  22.0000765453
-2.35362522753  331  671  670.570126384  3.27195665526  -0.0288704197943  21.8566462695
-2.35362522753  331  706  705.851366799  3.19432990148  0.00247118844047  21.7167951858
-2.35362522753  331  740  740.399812623  3.09847805321  0.00757743900319  21.5774828245
-2.35362522753  331  774  774.211204554  3.06827162785  -0.00372066321326  21.4422534742
-2.35362522753  331  807  807.389963878  2.98510705275  0.00200242956797  21.3050614441
-2.35362522753  330  840  839.854238642  2.93676205337  -0.0257852189567  21.1726558299
-2.35362522753  330  872  871.688938568  2.9990511049  -0.0192456882182  21.0395169681
-2.35362522753  330  903  902.929779914  2.94910520463  -0.00689890264722  20.9105922238
-2.35362522753  329  934  933.682600832  2.94018410641  0.00324091732783  20.7812160306
-2.35362522753  329  964  963.75120243  2.9288086306  0.00976350379154  20.6548136817
-2.35362522753  329  993  993.261849777  2.91563582727  0.0179424411404  20.5287322598
-2.08799622753  330  37  36.7717254198  4.48221134686  -0.00299827851877  24.2066353213
-2.08799622753  330  86  86.3615011649  3.95755285867  -0.00771169214562  24.0363133941
-2.08799622753  331  135  134.778444553  3.77608677576  -0.0112457399524  23.8663590404
-2.08799622753  331  182  181.800927155  3.6504110189  -0.0311338649149  23.6965685212
-2.08799622753  332  228  227.882914478  3.73298164623  0.0017330820668  23.5346927171
-2.08799622753  332  273  272.973464084  3.91447966311  0.0170635228744  23.3691593997
-2.08799622753  332  317  316.868159277  3.56881891984  -0.0112565532002  23.2091368915
-2.08799622753  332  360  359.772702059  3.47114956071  -0.00947842578387  23.0516825918
-2.08799622753  333  402  401.532221106  3.4632091092  -0.0184054628991  22.8933509161
-2.08799622753  333  442  442.512192345  3.61704029509  -0.0236360338202  22.7420223841
-2.08799622753  333  483  482.733016517  3.60355395737  0.0107921778915  22.5872985143
-2.08799622753  333  522  522.015503492  3.42763332201  0.0303719552426  22.4392465445
-2.08799622753  333  560  560.284823352  3.1812826915  0.00615364738853  22.2897333161
-2.08799622753  333  598  597.710210256  3.24061724123  -0.0312316985129  22.1438309074
-2.08799622753  333  634  634.452477542  3.20360757233  -0.0314928737064  22.0000765453
-2.08799622753  332  670  670.515905683  3.27243419618  -0.0283641791132  21.8566462695
-2.08799622753  332  706  705.772629502  3.13263220812  -0.00876811813648  21.7167951858
-2.08799622753  332  740  740.329185742  3.08787334066  0.00244231846671  21.5774828245
-2.08799622753  332  774  774.179012988  3.02596823675  0.00122479660534  21.4422534742
-2.08799622753  332  807  807.337096108  3.00284523269  0.0105212942914  21.3050614441
-2.08799622753  331  840  839.790781203  2.86775461284  -0.0248981665878  21.1726558299
-2.08799622753  331  872  871.631094231  2.95276648805  -0.0103676939419  21.0395169681
-2.08799622753  331  903  902.829591678  2.95093294593  -0.0330716670028  20.9105922238
-2.08799622753  330  934  933.583704689  2.93542233915  -0.00109442357475  20.7812160306
-2.08799622753  330  964  963.682846926  2.83965784925  0.00715393599529  20.6548136817
-2.08799622753  330  993  993.189715193  2.9446054004  0.0221566538665  20.5287322598
-1.82236722753  330  37  36.8233160053  4.44260802096  0.016630428459  24.2066353213
-1.82236722753  331  86  86.3876047478  3.93418731353  -0.000989921445249  24.0363133941
-1.82236722753  332  135  134.709248821  3.78220370233  -0.0119802590076  23.8663590404
-1.82236722753  332  182  181.717873139  3.71525236517  -0.035978814783  23.6965685212
-1.82236722753  333  228  227.845398655  3.82667036711  -0.00534132288547  23.5346927171
-1.82236722753  333  273  272.947453067  3.8920569113  0.0143825631201  23.3691593997
-1.82236722753  333  317  316.843935285  3.57659404578  -0.0130996930279  23.2091368915
-1.82236722753  333  360  359.73040622  3.41778953561  -0.0104423337988  23.0516825918
-1.82236722753  333  402  401.53194223  3.46397930792  -0.0200617616535  22.8933509161
-1.82236722753  334  442  442.415376414  3.62110857289  -0.0413826399786  22.7420223841
-1.82236722753  334  483  482.711527803  3.56372335911  0.0202299569482  22.5872985143
-1.82236722753  334  522  521.93916176  3.35178014755  0.0134186639669  22.4392465445
-1.82236722753  334  560  560.20007023  3.2174683847  -0.00416498163882  22.2897333161
-1.82236722753  334  598  597.634316707  3.22475504722  -0.0321121518649  22.1438309074
-1.82236722753  333  634  634.419125175  3.17497035468  -0.0327283558023  22.0000765453
-1.82236722753  333  670  670.434203942  3.28507173636  -0.0362558537158  21.8566462695
-1.82236722753  333  706  705.737500826  3.17944327709  0.00211102153423  21.7167951858
-1.82236722753  333  740  740.29099807  3.05019359149  0.0125914705458  21.5774828245
-1.82236722753  333  774  774.112009826  3.04513590756  0.0123326597035  21.4422534742
-1.82236722753  333  807  807.301003754  3.06488586227  0.00417326615658  21.3050614441
-1.82236722753  332  840  839.692538473  2.89920843655  -0.0185287131199  21.1726558299
-1.82236722753  332  872  871.581122638  2.95383744317  -0.00125083221681  21.0395169681
-1.82236722753  332  903  902.749835196  2.96365323225  -0.0350431509873  20.9105922238
-1.82236722753  331  933  933.474425926  2.95836597956  -0.00769108852236  20.7812160306
-1.82236722753  331  964  963.622820785  2.89112795227  0.0190018129921  20.6548136817
-1.82236722753  331  993  993.118474623  2.9101498342  0.0154320958649  20.5287322598
-1.55673822753  331  37  36.7831714308  4.45911044602  -0.00919561111822  24.2066353213
-1.55673822753  332  86  86.3876517141  3.87629902283  -0.0067047798511  24.0363133941
-1.55673822753  333  135  134.650601526  3.88875582644  -0.00880587313469  23.8663590404
-1.55673822753  333  182  181.699977274  3.73006218276  -0.0473902068035  23.6965685212
-1.55673822753  333  228  227.830012544  3.78216657083  -0.0115885078816  23.5346927171
-1.55673822753  334  273  272.855147826  3.83690428816  0.00290816567151  23.3691593997
-1.55673822753  334  317  316.78237354  3.52861663378  -0.00176636550581  23.2091368915
-1.55673822753  334  360  359.695250653  3.40973560653  -0.00457405368109  23.0516825918
-1.55673822753  334  401  401.437970991  3.51533886532  -0.0379152826499  22.8933509161
-1.55673822753  335  442  442.374441166  3.57131142622  -0.060680937107  22.7420223841
-1.55673822753  335  483  482.596801706  3.56364504802  0.00237195876772  22.5872985143
-1.55673822753  335  522  521.861572796  3.36225046391  0.0117033694302  22.4392465445
-1.55673822753  335  560  560.163722489  3.24457957468  0.000617435403653  22.2897333161
-1.55673822753  335  598  597.614011383  3.18288575596  -0.0164864809051  22.1438309074
-1.55673822753  334  634  634.344779145  3.14562273007  -0.0476660133843  22.0000765453
-1.55673822753  334  670  670.366279226  3.24679190002  -0.0476148874701  21.8566462695
-1.55673822753  334  706  705.659497597  3.17699270377  -0.00694904676016  21.7167951858
-1.55673822753  334  740  740.214767232  3.12390049224  0.0139107976929  21.5774828245
-1.55673822753  334  774  774.054743077  3.00021097774  0.0119460802461  21.4422534742
-1.55673822753  333  807  807.234560627  3.01290713449  -0.00313818092444  21.3050614441
-1.55673822753  333  840  839.641694758  2.9376545111  -0.010531216272  21.1726558299
-1.55673822753  333  872  871.489559161  2.94755403773  -0.00631163806416  21.0395169681
-1.55673822753  333  903  902.65325595  2.96285617262  -0.032181112164  20.9105922238
-1.55673822753  332  933  933.444670956  2.99580930398  0.00738856894266  20.7812160306
-1.55673822753  332  964  963.513587465  2.92212244912  0.0112917385467  20.6548136817
-1.55673822753  332  993  993.020324537  2.98995143661  0.00427243859851  20.5287322598
-1.29110922753  332  37  36.7403243753  4.4163590046  -0.00458307887161  24.2066353213
-1.29110922753  333  86  86.3840346788  3.91767073069  -0.000581139833927  24.0363133941
-1.29110922753  334  135  134.598818708  3.89705784913  -0.0254189613147  23.8663590404
-1.29110922753  334  182  181.693879015  3.66362874463  -0.0353567514521  23.6965685212
-1.29110922753  334  228  227.865369522  3.79424484022  -0.0105795590544  23.5346927171
-1.29110922753  335  273  272.818355616  3.89757401517  -0.00287198387892  23.3691593997
-1.29110922753  335  317  316.738041444  3.57782984205  -0.00633959727257  23.2091368915
-1.29110922753  335  360  359.629606974  3.49067234316  -0.0119976788905  23.0516825918
-1.29110922753  335  401  401.39736356  3.57180546415  -0.0351424843694  22.8933509161
-1.29110922753  336  442  442.308733784  3.37996441383  -0.143300928271  22.7420223841
-1.29110922753  336  483  482.581517781  3.42487845563  0.0188140306236  22.5872985143
-1.29110922753  336  522  521.816889512  3.33098471606  0.0170972094724  22.4392465445
-1.29110922753  336  560  560.084169286  3.21825695119  -0.0116496280905  22.2897333161
-1.29110922753  336  598  597.557030919  3.16746705271  -0.0194764998477  22.1438309074
-1.29110922753  335  634  634.298000398  3.24680706683  -0.049399396665  22.0000765453
-1.29110922753  335  670  670.31177801  3.21505361926  -0.0346320754696  21.8566462695
-1.29110922753  335  706  705.581140998  3.17690503915  -0.00342398466519  21.7167951858
-1.29110922753  335  740  740.107691131  3.11333501302  0.00790948061052  21.5774828245
-1.29110922753  335  774  773.934930205  3.03191104072  0.00399559887565  21.4422534742
-1.29110922753  334  807  807.139334897  3.0654756468  -0.00228181180441  21.3050614441
-1.29110922753  334  840  839.562229972  2.98147670543  -0.0194798944796  21.1726558299
-1.29110922753  334  871  871.401761088  2.91694926708  -0.01029384123  21.0395169681
-1.29110922753  334  903  902.587143494  2.91336069132  -0.018198594482  20.9105922238
-1.29110922753  333  933  933.398254686  2.9345164448  0.0158061347738  20.7812160306
-1.29110922753  333  963  963.453290779  2.88265969276  0.0314640686697  20.6548136817
-1.29110922753  332  993  993.013150614  2.98698443461  0.0497918518649  20.5287322598
-1.02548022753  333  37  36.6854870094  4.25513287115  -0.00705078817032  24.2066353213
-1.02548022753  334  86  86.3152395266  3.93647937564  -0.0126023217306  24.0363133941
-1.02548022753  335  135  134.546882401  3.81570789604  -0.0508019679871  23.8663590404
-1.02548022753  335  182  181.641626984  3.6513921632  -0.0334939884616  23.6965685212
-1.02548022753  335  228  227.816673281  3.98329584404  0.00699983585011  23.5346927171
-1.02548022753  336  273  272.848465881  3.87492847997  0.0118664610446  23.3691593997
-1.02548022753  336  317  316.72611014  3.42671236307  0.00237118744856  23.2091368915
-1.02548022753  336  360  359.555591832  3.46146083542  -0.026821962549  23.0516825918
-1.02548022753  336  401  401.332374087  3.5930268808  -0.0443882111555  22.8933509161
-1.02548022753  336  442  442.384738465  3.54418193551  -0.00876452264952  22.7420223841
-1.02548022753  337  483  482.518358578  3.41062758265  0.010628951554  22.5872985143
-1.02548022753  337  522  521.721571782  3.33137354003  0.00307000668528  22.4392465445
-1.02548022753  337  560  560.004813341  3.31464670238  -0.0113627070092  22.2897333161
-1.02548022753  336  598  597.556550854  3.17389689456  -0.0198171653615  22.1438309074
-1.02548022753  336  634  634.261535316  3.35895290782  -0.0366732197111  22.0000765453
-1.02548022753  336  670  670.257330068  3.18473900021  -0.0343055180441  21.8566462695
-1.02548022753  336  706  705.548618238  3.18857533774  0.0135391313124  21.7167951858
-1.02548022753  336  740  740.072164618  3.02939307975  0.020040246765  21.5774828245
-1.02548022753  336  774  773.825346243  3.0198833691  0.000544636680434  21.4422534742
-1.02548022753  335  807  807.039301992  2.99245020755  -0.0149593805348  21.3050614441
-1.02548022753  335  840  839.54217838  3.04620562748  -0.00842320784682  21.1726558299
-1.02548022753  335  871  871.314818206  2.94576286037  -0.0172669862807  21.0395169681
-1.02548022753  335  903  902.55892704  2.87670469262  -0.000211951536645  20.9105922238
-1.02548022753  334  933  933.283424697  2.99872725431  0.00714287618311  20.7812160306
-1.02548022753  334  963  963.3378117  2.9531382422  0.0232873007667  20.6548136817
-1.02548022753  333  993  992.910887153  2.94781388131  0.0237785555556  20.5287322598
-0.759851227531  334  37  36.6957229422  4.36139084409  0.00571489648859  24.2066353213
-0.759851227531  335  86  86.2839714504  3.9570656332  -0.0130863528209  24.0363133941
-0.759851227531  336  135  134.606039373  3.76451006202  0.0286383947695  23.8663590404
-0.759851227531  336  182  181.596236713  3.69637697043  -0.0447659894857  23.6965685212
-0.759851227531  336  228  227.759493234  3.93469132566  -0.00500442925013  23.5346927171
-0.759851227531  337  273  272.793423937  3.74646355266  -0.00307586210107  23.3691593997
-0.759851227531  337  317  316.675691821  3.4624946955  -0.0102359876301  23.2091368915
-0.759851227531  337  360  359.475362203  3.48709983944  -0.0151695707041  23.0516825918
-0.759851227531  337  401  401.350602681  3.61587787137  -0.0313026025493  22.8933509161
-0.759851227531  337  442  442.380502187  3.46454139855  -0.0234263168992  22.7420223841
-0.759851227531  338  482  482.450804264  3.44820535177  0.0105337785951  22.5872985143
-0.759851227531  338  522  521.608939967  3.28331121908  -0.0187699122653  22.4392465445
-0.759851227531  338  560  559.938864395  3.25658739441  -0.0148794990301  22.2897333161
-0.759851227531  337  597  597.448396661  3.11963932729  -0.0352233026065  22.1438309074
-0.759851227531  337  634  634.169752181  3.3538902532  -0.0461624881481  22.0000765453
-0.759851227531  337  670  670.26124842  3.14412759404  -0.00595380169173  21.8566462695
-0.759851227531  337  706  705.50827274  3.21388292041  0.0181596631212  21.7167951858
-0.759851227531  337  740  739.983614257  3.01050167171  0.00340876850658  21.5774828245
-0.759851227531  337  774  773.73952327  3.02158895892  -0.00985810914549  21.4422534742
-0.759851227531  336  807  806.949816474  3.00252190439  -0.0205520851572  21.3050614441
-0.759851227531  336  839  839.44738755  3.03494966834  -0.012095856375  21.1726558299
-0.759851227531  336  871  871.247418542  2.97188108316  -0.0136772165686  21.0395169681
-0.759851227531  335  903  902.568722559  2.87906270534  0.00435758891043  20.9105922238
-0.759851227531  335  933  933.181560882  3.05601860013  0.0106527134934  20.7812160306
-0.759851227531  335  963  963.164197971  2.91244789844  -0.0990518713042  20.6548136817
-0.759851227531  334  993  992.764122757  2.86308949677  -0.0170021069515  20.5287322598
-0.494222227531  335  37  36.7122483375  4.22039153754  0.00865218368356  24.2066353213
-0.494222227531  336  86  86.2278922121  3.8505708092  -0.0193316209717  24.0363133941
-0.494222227531  336  135  134.5675354  3.78627889182  -0.0180963915894  23.8663590404
-0.494222227531  337  182  181.628927163  3.78705570044  -0.0296495928413  23.6965685212
-0.494222227531  337  228  227.703168271  3.85117036225  -0.00997011928186  23.5346927171
-0.494222227531  338  273  272.735245686  3.75306028539  0.0109647388393  23.3691593997
-0.494222227531  338  317  316.642555565  3.50806144364  0.001590475757  23.2091368915
-0.494222227531  338  359  359.41966262  3.39457506906  -0.0164901043658  23.0516825918
-0.494222227531  338  401  401.267398139  3.51542015842  -0.033889824413  22.8933509161
-0.494222227531  338  442  442.328342503  3.54529183679  -0.0155439498652  22.7420223841
-0.494222227531  338  482  482.45033424  3.4468452454  0.00893092532821  22.5872985143
-0.494222227531  339  522  521.560102316  3.27947606536  -0.00900134347094  22.4392465445
-0.494222227531  338  560  559.925537564  3.25392428665  -0.0161633972596  22.2897333161
-0.494222227531  338  597  597.402847449  3.17963873392  -0.0264414886647  22.1438309074
-0.494222227531  338  634  634.135556775  3.33626698799  -0.0325472469958  22.0000765453
-0.494222227531  338  670  670.187868679  3.15126401215  -0.0150125487651  21.8566462695
-0.494222227531  338  705  705.410082025  3.21642723981  0.00382785259323  21.7167951858
-0.494222227531  338  740  739.932846013  2.99537381895  0.0106971176682  21.5774828245
-0.494222227531  338  774  773.70555058  3.00306555427  0.00255686250339  21.4422534742
-0.494222227531  337  807  806.857344825  2.99557834074  -0.0293817608549  21.3050614441
-0.494222227531  337  839  839.354594716  3.01412841443  -0.0116610162234  21.1726558299
-0.494222227531  337  871  871.165984452  3.01892089063  -0.0129304210699  21.0395169681
-0.494222227531  336  902  902.47435829  2.90464978239  -0.0151953649114  20.9105922238
-0.494222227531  336  933  933.100540554  3.0194586922  0.013884242775  20.7812160306
-0.494222227531  336  963  963.141487529  2.97865520698  0.000847621255213  20.6548136817
-0.494222227531  335  993  992.672263736  2.81719426692  -0.0161237933053  20.5287322598
-0.228593227531  336  37  36.6666145648  4.28622103262  0.000709432708615  24.2066353213
-0.228593227531  337  86  86.2435696823  3.85674431793  -0.00879416448439  24.0363133941
-0.228593227531  337  135  134.517241364  3.72760901879  -0.031427135076  23.8663590404
-0.228593227531  338  182  181.628471377  3.77709731156  -0.037510303366  23.6965685212
-0.228593227531  338  228  227.70394078  3.8923641006  -0.00999950315867  23.5346927171
-0.228593227531  339  273  272.644704041  3.75548094043  0.00559152222391  23.3691593997
-0.228593227531  339  317  316.585502021  3.5204006056  -0.00622687756837  23.2091368915
-0.228593227531  339  359  359.34645158  3.45721833764  -0.0225993983582  23.0516825918
-0.228593227531  339  401  401.27832074  3.56275034734  -0.0196205415193  22.8933509161
-0.228593227531  339  442  442.230668396  3.54294965265  -0.0341080613594  22.7420223841
-0.228593227531  339  482  482.381864459  3.41431459362  0.00621603097388  22.5872985143
-0.228593227531  339  522  521.559444662  3.27628461842  -0.0122293222072  22.4392465445
-0.228593227531  339  560  559.860654896  3.25489908403  -0.0118992988597  22.2897333161
-0.228593227531  339  597  597.37234556  3.19991003319  -0.0300044216193  22.1438309074
-0.228593227531  339  634  634.097342985  3.29911613502  -0.0280024621001  22.0000765453
-0.228593227531  339  670  670.127693549  3.18891472098  -0.00752577832044  21.8566462695
-0.228593227531  339  705  705.337545818  3.25051106068  0.00810586834812  21.7167951858
-0.228593227531  339  740  739.837118947  3.0148785896  0.017284139092  21.5774828245
-0.228593227531  339  774  773.650910182  2.97729335959  0.0137852276359  21.4422534742
-0.228593227531  338  807  806.754617447  3.0170968268  -0.0356761706693  21.3050614441
-0.228593227531  338  839  839.238771214  2.957573957  -0.0229913460731  21.1726558299
-0.228593227531  338  871  871.047920814  3.02632323008  -0.0250619768807  21.0395169681
-0.228593227531  337  902  902.386256053  2.89571920868  -0.00786575407347  20.9105922238
-0.228593227531  337  933  933.03478076  3.00731756002  0.0100564788464  20.7812160306
-0.228593227531  337  963  963.083705498  2.94945567721  0.00727208822618  20.6548136817
-0.228593227531  336  993  992.57634532  2.83874324728  -0.0281806745197  20.5287322598
0.0370357724691  337  37  36.697438711  4.38686006496  0.0170521958812  24.2066353213
0.0370357724691  338  86  86.2200223941  3.86495605307  0.00659565773307  24.0363133941
0.0370357724691  338  134  134.468230095  3.76886312978  -0.0340402701522  23.8663590404
0.0370357724691  339  182  181.612222416  3.72337562829  -0.0286009705993  23.6965685212
0.0370357724691  339  228  227.711194206  3.84404329338  -0.00274096221558  23.5346927171
0.0370357724691  340  273  272.605259506  3.79698688886  0.00262435619769  23.3691593997
0.0370357724691  340  316  316.5322265  3.48066258337  -0.000593740592393  23.2091368915
0.0370357724691  340  359  359.351425012  3.488440875  -0.0134727203829  23.0516825918
0.0370357724691  340  401  401.1771364  3.60615179418  -0.033209078917  22.8933509161
0.0370357724691  340  442  442.230242114  3.59481467337  -0.0297493099495  22.7420223841
0.0370357724691  340  482  482.321153518  3.46145226115  0.00187469233467  22.5872985143
0.0370357724691  340  522  521.521927977  3.19411620545  -0.00518382536367  22.4392465445
0.0370357724691  340  560  559.788826277  3.17015744898  -0.0163112573426  22.2897333161
0.0370357724691  340  597  597.314277479  3.24597193585  -0.0212728019557  22.1438309074
0.0370357724691  340  634  634.044582798  3.26832222106  -0.0277320386669  22.0000765453
0.0370357724691  340  670  670.080049828  3.25692336825  -0.00999764040269  21.8566462695
0.0370357724691  340  705  705.274451859  3.23593663436  0.0133221100943  21.7167951858
0.0370357724691  340  740  739.788029835  3.04442515971  0.0203959238499  21.5774828245
0.0370357724691  340  774  773.577480043  3.07080690205  0.00155382427044  21.4422534742
0.0370357724691  339  807  806.677697381  2.98383480694  -0.038194229943  21.3050614441
0.0370357724691  339  839  839.193586626  3.02406349608  -0.0127564153601  21.1726558299
0.0370357724691  339  871  870.953109298  2.97342565814  -0.0335169315351  21.0395169681
0.0370357724691  338  902  902.290098264  2.86242527821  -0.00829983177647  20.9105922238
0.0370357724691  338  933  932.925111727  2.96534596127  -0.00253142864012  20.7812160306
0.0370357724691  338  963  962.995298662  2.93214419871  0.00245130640444  20.6548136817
0.0370357724691  337  992  992.514242448  2.81872764169  -0.0109290708416  20.5287322598
0.0370357724691  337  1021  1020.64435343  1.18820523707  0.0  20.404746475
0.302664772469  338  37  36.7442785721  4.50196364637  0.0272024287964  24.2066353213
0.302664772469  339  86  86.2072325862  3.86796420118  0.0168541501727  24.0363133941
0.302664772469  339  134  134.430609429  3.85778145139  -0.0191891441403  23.8663590404
0.302664772469  340  182  181.551628957  3.78500710567  -0.0386488874097  23.6965685212
0.302664772469  340  228  227.726976349  3.85078937328  0.00539922973559  23.5346927171
0.302664772469  341  273  272.607049919  3.75190749699  0.00244188453445  23.3691593997
0.302664772469  341  316  316.457458299  3.59330282206  -0.00399576647723  23.2091368915
0.302664772469  341  359  359.298090716  3.4840195802  -0.019365168808  23.0516825918
0.302664772469  341  401  401.141872724  3.54766489126  -0.0377390165086  22.8933509161
0.302664772469  341  442  442.200554656  3.51304060426  -0.0028339738323  22.7420223841
0.302664772469  341  482  482.296580251  3.47894496735  0.0110520914892  22.5872985143
0.302664772469  341  522  521.487708593  3.2311347452  0.00410667169399  22.4392465445
0.302664772469  341  560  559.707175672  3.20557975303  -0.014298167714  22.2897333161
0.302664772469  341  597  597.224619849  3.3136050921  -0.037977368405  22.1438309074
0.302664772469  341  634  633.939248271  3.35952454253  -0.0409987055046  22.0000765453
0.302664772469  341  670  670.054084972  3.28561844004  0.00506177793486  21.8566462695
0.302664772469  341  705  705.218342289  3.21448536374  0.00958616846227  21.7167951858
0.302664772469  341  740  739.709168019  3.02875259343  0.0294362261195  21.5774828245
0.302664772469  340  774  773.571517483  3.05116786495  0.0125905154245  21.4422534742
0.302664772469  340  807  806.624715038  2.9926865681  -0.035254446161  21.3050614441
0.302664772469  340  839  839.137897251  3.05269073661  -0.0163616279312  21.1726558299
0.302664772469  340  871  870.883080342  2.99819290029  -0.0262552787327  21.0395169681
0.302664772469  339  902  902.218927513  2.90335985154  -0.00572440512558  20.9105922238
0.302664772469  339  933  932.840997347  2.96969105966  -0.00392895917472  20.7812160306
0.302664772469  339  963  962.888675213  2.9139377824  -0.0024961278882  20.6548136817
0.302664772469  338  992  992.422422299  2.76378903317  -0.0128508439093  20.5287322598
0.302664772469  338  1021  1021.46517149  2.23114604646  0.50263125829  20.404746475
0.568293772469  339  37  36.7568432234  4.28213585019  0.0270935596428  24.2066353213
0.568293772469  340  86  86.1773939621  3.83874457896  0.00699084494324  24.0363133941
0.568293772469  340  134  134.397508521  3.78212649676  -0.0147629457016  23.8663590404
0.568293772469  341  182  181.479631835  3.84125360067  -0.033131476373  23.6965685212
0.568293772469  341  228  227.713659117  3.87319650373  0.00399596722596  23.5346927171
0.568293772469  342  273  272.627750218  3.70462068893  0.0176432274906  23.3691593997
0.568293772469  342  316  316.404823966  3.47145912017  0.0022367054409  23.2091368915
0.568293772469  342  359  359.261299844  3.56389026961  -0.0227698000035  23.0516825918
0.568293772469  342  401  401.103557547  3.56711470575  -0.0423125972125  22.8933509161
0.568293772469  342  442  442.199704105  3.49019832121  -0.00718789503846  22.7420223841
0.568293772469  342  482  482.270095375  3.39738416886  0.0229738406718  22.5872985143
0.568293772469  342  521  521.398144472  3.24763592411  -0.000920872304748  22.4392465445
0.568293772469  342  560  559.587403818  3.18200365122  -0.0230770179427  22.2897333161
0.568293772469  342  597  597.174120209  3.35233626838  -0.0323272943584  22.1438309074
0.568293772469  342  634  633.883452191  3.29758308121  -0.034404271293  22.0000765453
0.568293772469  342  670  669.98797033  3.21797555399  0.00446097481314  21.8566462695
0.568293772469  342  705  705.14222015  3.18751183792  0.00548852981364  21.7167951858
0.568293772469  342  740  739.628168487  3.05479193069  0.0135253908223  21.5774828245
0.568293772469  341  774  773.499566885  3.04467430266  0.0122569850824  21.4422534742
0.568293772469  341  807  806.536724721  2.94704005359  -0.0211924979281  21.3050614441
0.568293772469  341  839  839.021202444  3.05354560812  -0.0239939032993  21.1726558299
0.568293772469  341  871  870.851439927  2.9887346475  -0.00890746963438  21.0395169681
0.568293772469  340  902  902.135786498  2.93550706289  -0.0085754025649  20.9105922238
0.568293772469  340  933  932.781763302  3.00885403862  0.031044101464  20.7812160306
0.568293772469  340  963  962.792398426  2.93564021488  -0.00409063599421  20.6548136817
0.568293772469  339  992  992.339832295  2.73424180842  -0.00165898205969  20.5287322598
0.568293772469  339  1021  1021.39294345  0.0293497871164  0.444123650834  20.404746475
0.833922772469  340  37  36.6593301233  4.05562132154  0.0155343627315  24.2066353213
0.833922772469  341  86  86.1410730717  3.92202466421  -0.00460826220015  24.0363133941
0.833922772469  341  134  134.40926828  3.79068565209  -0.0283454486416  23.8663590404
0.833922772469  342  182  181.410251405  3.89052679055  -0.0347393713098  23.6965685212
0.833922772469  342  228  227.690548649  3.93387673071  0.0109320643123  23.5346927171
0.833922772469  342  273  272.618898675  3.66992861721  0.011469484652  23.3691593997
0.833922772469  343  316  316.361987765  3.52975112519  -0.00149444282533  23.2091368915
0.833922772469  343  359  359.194901412  3.55048497228  -0.0152679902089  23.0516825918
0.833922772469  343  401  401.089010976  3.58931056769  -0.0304412175074  22.8933509161
0.833922772469  343  442  442.167306442  3.475608582  -0.0227168100494  22.7420223841
0.833922772469  343  482  482.217921735  3.32096574074  0.00607801823974  22.5872985143
0.833922772469  343  521  521.543874482  2.60839408347  -0.0133649532498  22.4392465445
0.833922772469  343  560  559.532272221  3.17933226376  -0.0223208701607  22.2897333161
0.833922772469  343  597  597.132084445  3.36743128827  -0.0249711139381  22.1438309074
0.833922772469  343  634  633.864217422  3.27124420803  -0.0196126732214  22.0000765453
0.833922772469  343  670  669.915445403  3.09847746785  0.00362774121048  21.8566462695
0.833922772469  343  705  705.037851306  3.15760169491  -0.00753745735743  21.7167951858
0.833922772469  343  740  739.574271286  3.01194993078  0.022180725081  21.5774828245
0.833922772469  342  773  773.406935264  2.98375457759  0.00956594027851  21.4422534742
0.833922772469  342  806  806.458641153  2.9378349674  -0.0282183999298  21.3050614441
0.833922772469  342  839  838.928751691  3.02225372454  -0.0304206046966  21.1726558299
0.833922772469  342  871  870.76796424  2.95832227913  -0.0278197938767  21.0395169681
0.833922772469  341  902  902.060576885  2.87988134888  0.007535277735  20.9105922238
0.833922772469  341  933  932.722398068  2.93752657626  0.0184875748085  20.7812160306
0.833922772469  341  963  962.70999313  2.8733775483  -0.00949267723753  20.6548136817
0.833922772469  340  992  992.24800979  2.78641701251  -0.00426321811441  20.5287322598
0.833922772469  340  1021  1021.28954919  2.43855680021  0.38461051806  20.404746475
1.09955177247  341  37  36.6374263452  4.02643898956  0.0166560165426  24.2066353213
1.09955177247  342  86  86.0809902278  3.90354755525  -0.0196534297196  24.0363133941
1.09955177247  342  134  134.341685731  3.77646581364  -0.036819462736  23.8663590404
1.09955177247  343  181  181.401990998  3.93842601227  -0.0296026386865  23.6965685212
1.09955177247  343  228  227.703373468  3.93873623539  0.0301601892476  23.5346927171
1.09955177247  343  273  272.614383782  3.73954566798  0.0311064448277  23.3691593997
1.09955177247  344  316  316.355126372  3.52600453527  -0.00360057603596  23.2091368915
1.09955177247  344  359  359.104931959  3.5679397498  -0.0523291403004  23.0516825918
1.09955177247  344  401  401.034754756  3.61310049627  -0.0318652850388  22.8933509161
1.09955177247  344  442  442.110903702  3.53292682592  -0.0138472837031  22.7420223841
1.09955177247  344  482  482.172238089  3.24429187009  0.0145724955153  22.5872985143
1.09955177247  344  521  521.44372378  2.9637139853  0.026395202833  22.4392465445
1.09955177247  344  560  559.498461575  3.24142598321  -0.02320172069  22.2897333161
1.09955177247  344  597  597.083481643  3.38264272981  -0.0230583239357  22.1438309074
1.09955177247  344  634  633.791786403  3.18565999258  -0.019652640333  22.0000765453
1.09955177247  344  670  669.853509993  3.1502852193  0.00532472175779  21.8566462695
1.09955177247  344  705  705.008244774  3.1720456104  0.0109563084439  21.7167951858
1.09955177247  344  740  739.507793046  2.99885563687  0.0193212378991  21.5774828245
1.09955177247  343  773  773.317873126  3.00874014458  0.0100711037792  21.4422534742
1.09955177247  343  806  806.398634427  2.91251438601  -0.0196238758918  21.3050614441
1.09955177247  343  839  838.821395764  2.95546084257  -0.0389273053925  21.1726558299
1.09955177247  343  871  870.713124948  2.99739149472  -0.0249782012776  21.0395169681
1.09955177247  342  902  901.987470258  2.90767506523  0.00970233601011  20.9105922238
1.09955177247  342  933  932.620222844  2.90600327045  -0.0079084729084  20.7812160306
1.09955177247  341  963  962.721007622  2.96738332275  0.0366609912549  20.6548136817
1.09955177247  341  992  992.156784182  2.84550173769  -0.00178325940321  20.5287322598
1.09955177247  341  1021  1021.18587746  0.0318072081965  0.330788464763  20.404746475
1.36518077247  342  37  36.6035558122  4.09344266099  0.0296144916859  24.2066353213
1.36518077247  343  86  86.0389033716  3.8894628011  -0.0179550066752  24.0363133941
1.36518077247  343  134  134.342115193  3.80716985184  -0.0221975640153  23.8663590404
1.36518077247  344  181  181.411257667  3.98033442141  -0.0115901734137  23.6965685212
1.36518077247  344  228  227.636877689  3.85105541773  0.0184794330922  23.5346927171
1.36518077247  344  273  272.552717688  3.72729144962  0.0140927734897  23.3691593997
1.36518077247  345  316  316.368626404  3.47153923251  0.0041527422671  23.2091368915
1.36518077247  345  359  359.061723702  3.53930427311  -0.0475494522275  23.0516825918
1.36518077247  345  401  400.95337731  3.6316845026  -0.0441526074482  22.8933509161
1.36518077247  345  442  442.055311623  3.58374645379  0.0041456261608  22.7420223841
1.36518077247  345  482  482.094102009  3.30342145184  0.0123230007347  22.5872985143
1.36518077247  345  521  521.264794595  3.35161251822  0.00612709483641  22.4392465445
1.36518077247  345  560  559.467387955  3.23134041471  -0.0203529283981  22.2897333161
1.36518077247  345  597  597.068694135  3.37707431272  -0.014720217466  22.1438309074
1.36518077247  345  634  633.740833028  3.32472246666  -0.00845011195223  22.0000765453
1.36518077247  345  670  669.76038462  3.19020506404  0.00306681853157  21.8566462695
1.36518077247  345  705  704.959882161  3.13995497953  0.0202498631778  21.7167951858
1.36518077247  345  739  739.435285727  3.08255653653  0.0212879767468  21.5774828245
1.36518077247  344  773  773.218009061  3.08742635531  -0.00577526188076  21.4422534742
1.36518077247  344  806  806.33003596  2.95549486403  -0.0230384970793  21.3050614441
1.36518077247  344  839  838.802681802  3.02593249584  -0.0252095963554  21.1726558299
1.36518077247  343  871  870.709575928  3.09779097231  0.010109481393  21.0395169681
1.36518077247  343  902  901.912888852  2.9071844547  0.00844240418261  20.9105922238
1.36518077247  343  933  932.528785373  2.89609955845  -0.00223983608913  20.7812160306
1.36518077247  342  963  962.604810817  2.8490453641  -0.0145368132342  20.6548136817
1.36518077247  342  992  992.055479854  2.85667460459  -0.0131825822194  20.5287322598
1.36518077247  342  1021  1021.05221215  2.62456273998  0.275186819526  20.404746475
1.63080977247  343  37  36.5587998292  4.09614717388  0.0195065566397  24.2066353213
1.63080977247  344  86  86.0204388465  3.86793486299  -0.0134400649234  24.0363133941
1.63080977247  344  134  134.278763567  3.77413893733  -0.0249799532871  23.8663590404
1.63080977247  345  181  181.386401926  3.96063845142  -0.0221421097534  23.6965685212
1.63080977247  345  228  227.61248356  3.83831614094  0.0151185524427  23.5346927171
1.63080977247  345  272  272.500344951  3.58519053819  0.00449507046264  23.3691593997
1.63080977247  346  316  316.31755176  3.48278400175  0.00591660679813  23.2091368915
1.63080977247  346  359  359.015247516  3.55552190319  -0.0486537596606  23.0516825918
1.63080977247  346  401  400.922026237  3.62954690422  -0.0359208047411  22.8933509161
1.63080977247  346  442  441.971235111  3.58127631333  0.00042897712043  22.7420223841
1.63080977247  346  482  482.075021634  3.34496365333  0.0198063619033  22.5872985143
1.63080977247  346  521  521.185001312  3.29495151762  -0.00877440969303  22.4392465445
1.63080977247  346  559  559.42830598  3.30594593853  -0.0160830319232  22.2897333161
1.63080977247  346  597  597.011294338  3.45084197586  -0.0148173874967  22.1438309074
1.63080977247  346  634  633.694077313  3.32490266602  -0.0179149765756  22.0000765453
1.63080977247  346  670  669.675420575  3.22125327354  0.00380894150923  21.8566462695
1.63080977247  346  705  704.866297383  3.11889501762  0.00914467296796  21.7167951858
1.63080977247  346  739  739.335993309  3.104751295  0.00124970927052  21.5774828245
1.63080977247  345  773  773.150169744  3.13230617254  -0.0071577673461  21.4422534742
1.63080977247  345  806  806.256758023  3.00618670202  -0.0194841132891  21.3050614441
1.63080977247  345  839  838.736819776  3.05748422304  -0.0164385670946  21.1726558299
1.63080977247  344  871  870.600540493  3.05520957343  -0.0276260366401  21.0395169681
1.63080977247  344  902  901.805715686  2.88835213376  -0.00404604512518  20.9105922238
1.63080977247  344  932  932.417484185  2.9341830684  -0.0008318037629  20.7812160306
1.63080977247  343  962  962.512890951  2.83212559047  -0.00535461130494  20.6548136817
1.63080977247  343  992  991.959585583  2.85999639453  -0.0158224784575  20.5287322598
1.63080977247  343  1021  1020.9488727  2.6958154998  0.226384820733  20.404746475
1.89643877247  344  37  36.5803183901  4.15013158582  0.0188277246766  24.2066353213
1.89643877247  344  86  86.066837045  3.86100181158  0.00879619625522  24.0363133941
1.89643877247  345  134  134.250459515  3.87833749904  -0.0211847246442  23.8663590404
1.89643877247  346  181  181.353968568  3.97105762848  -0.0298486413175  23.6965685212
1.89643877247  346  228  227.623898563  3.82449772633  0.0263683108028  23.5346927171
1.89643877247  346  272  272.460198506  3.6680929885  0.014654550929  23.3691593997
1.89643877247  347  316  316.248290433  3.42625081036  -0.00692698712458  23.2091368915
1.89643877247  347  359  358.994399406  3.54370294344  -0.0413646459027  23.0516825918
1.89643877247  347  401  400.867441703  3.72060829188  -0.0291130403503  22.8933509161
1.89643877247  347  442  441.906292904  3.54547969084  -0.0134181071296  22.7420223841
1.89643877247  347  482  482.009004102  3.32767902434  0.0288765911022  22.5872985143
1.89643877247  347  521  521.128023984  3.3233598201  0.00276463215424  22.4392465445
1.89643877247  347  559  559.367809884  3.29041721223  -0.0227852422584  22.2897333161
1.89643877247  347  597  596.947369733  3.49048846843  -0.0105046317814  22.1438309074
1.89643877247  347  634  633.614211597  3.33319348776  -0.0232194431965  22.0000765453
1.89643877247  347  670  669.582427986  3.23217395546  -0.00652450467782  21.8566462695
1.89643877247  347  705  704.76281086  3.09448794712  -0.00138483722492  21.7167951858
1.89643877247  346  739  739.33508274  3.09133597914  0.00820683237112  21.5774828245
1.89643877247  346  773  773.06857359  3.07072217659  -0.00471278992035  21.4422534742
1.89643877247  346  806  806.188977279  3.03783532721  -0.0157323864549  21.3050614441
1.89643877247  346  839  838.632251569  3.07679077455  -0.0267782646656  21.1726558299
1.89643877247  345  870  870.496878824  2.99449596693  -0.0327818040034  21.0395169681
1.89643877247  345  902  901.702044682  2.8593245506  -0.00147014298738  20.9105922238
1.89643877247  345  932  932.326857697  2.89241816045  0.0110150107024  20.7812160306
1.89643877247  344  962  962.44469638  2.88880126504  0.00181532517771  20.6548136817
1.89643877247  344  992  991.876520643  2.83675226004  0.0136351563499  20.5287322598
1.89643877247  344  1021  1020.81954523  2.76996899092  0.186251272683  20.404746475
2.16206777247  345  37  36.5444286857  4.15262777101  0.0145680444633  24.2066353213
2.16206777247  345  86  86.0412470473  3.81622835748  0.00381861071983  24.0363133941
2.16206777247  346  134  134.268541031  3.90703772035  -0.00818823561756  23.8663590404
2.16206777247  347  181  181.345303723  3.99582473546  -0.0520004133979  23.6965685212
2.16206777247  347  228  227.595909617  3.91806623297  0.037708106827  23.5346927171
2.16206777247  347  272  272.438049197  3.56727894748  0.0197575092975  23.3691593997
2.16206777247  348  316  316.156975909  3.46417745511  -0.0176058533252  23.2091368915
2.16206777247  348  359  358.914377783  3.60143762291  -0.0365326068805  23.0516825918
2.16206777247  348  401  400.834344071  3.64963387231  -0.0327957731002  22.8933509161
2.16206777247  348  442  441.841922769  3.56920124113  -0.0218498584567  22.7420223841
2.16206777247  348  482  481.945202443  3.30354010978  0.0198712222286  22.5872985143
2.16206777247  348  521  521.053986506  3.35275832845  0.00351012845418  22.4392465445
2.16206777247  348  559  559.335535654  3.3419501919  -0.0147280277428  22.2897333161
2.16206777247  348  597  596.837808284  3.3666322207  -0.0303000711978  22.1438309074
2.16206777247  348  634  633.502837763  3.38966889142  -0.0275664840885  22.0000765453
2.16206777247  348  670  669.545785523  3.14026866288  0.00299877473668  21.8566462695
2.16206777247  348  705  704.674571815  3.1062152886  -0.0165979574576  21.7167951858
2.16206777247  347  739  739.249768343  3.05180031569  0.0086960043607  21.5774828245
2.16206777247  347  773  773.000765904  3.06165100795  -0.00648658947789  21.4422534742
2.16206777247  347  806  806.124275824  3.09603546135  -0.0149856668293  21.3050614441
2.16206777247  347  839  838.578582066  3.02457662723  -0.0138300920108  21.1726558299
2.16206777247  346  870  870.424540714  2.92384495394  -0.0311158157316  21.0395169681
2.16206777247  346  902  901.597383816  2.90859339034  -0.00344108535974  20.9105922238
2.16206777247  346  932  932.247000595  2.88906926364  0.0203717000811  20.7812160306
2.16206777247  345  962  962.360281382  2.88751257622  0.00351845974113  20.6548136817
2.16206777247  345  992  991.780490911  2.78797041885  0.00766577846927  20.5287322598
2.16206777247  345  1021  1020.75488526  2.82726990645  0.162481871644  20.404746475
2.42769677247  346  36  36.5207953498  4.20786541483  0.0148543878881  24.2066353213
2.42769677247  346  86  86.0192439662  3.8557208954  0.0106569526875  24.0363133941
2.42769677247  347  134  134.212813572  4.05744305116  -0.0212589191234  23.8663590404
2.42769677247  347  181  181.419075218  4.02288157323  0.0163285723689  23.6965685212
2.42769677247  348  228  227.565329818  3.88332799345  0.039159739082  23.5346927171
2.42769677247  348  272  272.324363923  3.61208950397  -0.00881812789798  23.3691593997
2.42769677247  349  316  316.057192093  3.52521726507  -0.0288086555577  23.2091368915
2.42769677247  349  359  358.860970642  3.67592625995  -0.0458322982584  23.0516825918
2.42769677247  349  401  400.820356221  3.61780674872  -0.0237988425761  22.8933509161
2.42769677247  349  442  441.856616053  3.48740687489  0.0142569924171  22.7420223841
2.42769677247  349  482  481.883358269  3.3582634957  0.0166754776539  22.5872985143
2.42769677247  349  521  520.967248302  3.34903383647  -0.0123273332453  22.4392465445
2.42769677247  349  559  559.275470681  3.27596778626  -0.0121193197636  22.2897333161
2.42769677247  349  597  596.757953862  3.31850405851  -0.0312091526861  22.1438309074
2.42769677247  349  633  633.447564134  3.34229373521  -0.0258085638797  22.0000765453
2.42769677247  349  669  669.447003021  3.10020402836  -0.000334329391179  21.8566462695
2.42769677247  349  705  704.618145626  3.10729937799  -0.00434508962634  21.7167951858
2.42769677247  348  739  739.174041808  3.01910744479  0.013691606791  21.5774828245
2.42769677247  348  773  772.939276767  3.08358503142  -0.00980010946607  21.4422534742
2.42769677247  348  806  806.049723895  3.06979904213  -0.0103184400742  21.3050614441
2.42769677247  348  838  838.469249483  3.00873125537  -0.032377730201  21.1726558299
2.42769677247  347  870  870.341049867  2.88821922533  -0.0209637023961  21.0395169681
2.42769677247  347  902  901.54382204  2.93522885599  0.00899652069525  20.9105922238
2.42769677247  347  932  932.140868443  2.90281058385  0.0150749327056  20.7812160306
2.42769677247  346  962  962.26908665  2.89636118127  0.000385110299109  20.6548136817
2.42769677247  346  992  991.682644054  2.74718152288  0.00811874102095  20.5287322598
2.42769677247  345  1021  1020.71052392  2.78295983424  0.175605635218  20.404746475
2.69332577247  347  36  36.5352733001  4.04717597606  0.0317114433157  24.2066353213
2.69332577247  347  86  85.9734896686  3.82562836801  -0.00494200356755  24.0363133941
2.69332577247  348  134  134.18216869  4.08918401398  -0.0328834704724  23.8663590404
2.69332577247  348  181  181.368149035  3.92340956491  -0.0109076782548  23.6965685212
2.69332577247  349  228  227.543312548  3.87175953919  0.0295329221231  23.5346927171
2.69332577247  349  272  272.29180441  3.63120779119  0.00685900664983  23.3691593997
2.69332577247  349  316  316.056537709  3.53220627296  -0.0275271275876  23.2091368915
2.69332577247  350  359  358.855711374  3.70804026212  -0.0415984337022  23.0516825918
2.69332577247  350  401  400.791137702  3.61776837503  -0.0193895239434  22.8933509161
2.69332577247  350  442  441.838179187  3.53884705063  0.0102185877087  22.7420223841
2.69332577247  350  482  481.849740358  3.29928923754  0.0109399633688  22.5872985143
2.69332577247  350  521  520.941275033  3.28513376517  -0.0114918242131  22.4392465445
2.69332577247  350  559  559.176539036  3.31403697022  -0.0178956944657  22.2897333161
2.69332577247  350  597  596.705400335  3.34146375554  -0.0347077120895  22.1438309074
2.69332577247  350  633  633.44323572  3.34418962253  -0.00933159007208  22.0000765453
2.69332577247  350  669  669.417507934  3.1341715653  0.00882417919195  21.8566462695
2.69332577247  350  705  704.571642184  3.08250552472  0.00156792286816  21.7167951858
2.69332577247  349  739  739.116854951  3.03627998235  0.00877139367213  21.5774828245
2.69332577247  349  773  772.880386599  3.10128562725  -0.0125879648231  21.4422534742
2.69332577247  349  806  805.960270994  3.05901419814  -0.0194370987115  21.3050614441
2.69332577247  349  838  838.396004548  3.01127366595  -0.0295167487997  21.1726558299
2.69332577247  348  870  870.266911682  2.93462939685  -0.0346140206344  21.0395169681
2.69332577247  348  902  901.499717221  2.91318077181  0.0184528303091  20.9105922238
2.69332577247  348  932  932.102121235  2.92334609045  0.0183124231629  20.7812160306
2.69332577247  347  962  962.184746185  2.86390090181  0.00570347627797  20.6548136817
2.69332577247  347  992  991.603684906  2.81319562305  0.00745031021155  20.5287322598
2.69332577247  346  1020  1020.54696821  2.78470107174  0.116996840015  20.404746475
2.95895477247  348  36  36.3985299092  3.97031634962  -0.0139544430418  24.2066353213
2.95895477247  348  86  85.900409701  3.77550457578  -0.0166143171035  24.0363133941
2.95895477247  349  134  134.110941473  3.99438802764  -0.0476267883722  23.8663590404
2.95895477247  349  181  181.342994245  3.96818115363  -0.0258128420517  23.6965685212
2.95895477247  350  228  227.475455655  3.81940224026  0.0209698678608  23.5346927171
2.95895477247  350  272  272.247715166  3.57001678965  0.0015316716078  23.3691593997
2.95895477247  350  316  316.031348079  3.54456959895  -0.029678731135  23.2091368915
2.95895477247  351  359  358.864667062  3.62682366235  -0.027163967079  23.0516825918
2.95895477247  351  401  400.827372353  3.65457804008  -0.00644441456975  22.8933509161
2.95895477247  351  442  441.82282843  3.53756230653  0.0123340374856  22.7420223841
2.95895477247  351  482  481.823618645  3.26866170109  0.0199544951936  22.5872985143
2.95895477247  351  521  520.89046219  3.27862015386  -0.00712712214767  22.4392465445
2.95895477247  351  559  559.088170486  3.35707920328  -0.0327256474493  22.2897333161
2.95895477247  351  597  596.707013797  3.3835482786  -0.0202976456941  22.1438309074
2.95895477247  351  634  633.443996389  3.328780597  0.00389022550238  22.0000765453
2.95895477247  351  669  669.38151228  3.16350357695  0.00330624855175  21.8566462695
2.95895477247  351  704  704.515067865  3.06488217084  -0.00349672778213  21.7167951858
2.95895477247  350  739  739.011112494  3.0315290359  -0.0059304804298  21.5774828245
2.95895477247  350  773  772.762942469  3.05871641203  -0.0261363087356  21.4422534742
2.95895477247  350  806  805.876159149  3.04791222811  -0.0176401745533  21.3050614441
2.95895477247  350  838  838.268500853  3.01460472179  -0.0545571339541  21.1726558299
2.95895477247  349  870  870.22295236  2.98734958063  -0.0121854886395  21.0395169681
2.95895477247  349  902  901.480367938  2.94098026272  0.0385704986405  20.9105922238
2.95895477247  349  932  932.047998661  2.89826734692  0.0106399128774  20.7812160306
2.95895477247  348  962  962.12032653  2.80621465215  0.00843106322835  20.6548136817
2.95895477247  348  992  991.531367044  2.77799769037  -0.0091825316774  20.5287322598
2.95895477247  347  1020  1020.47050738  2.79825708998  0.108656051019  20.404746475
3.22458377247  349  36  36.4331070957  4.02597678218  0.0183570864443  24.2066353213
3.22458377247  349  86  85.8154671057  3.83665239853  -0.029693854137  24.0363133941
3.22458377247  350  134  134.065426376  3.90764093155  -0.0421064112531  23.8663590404
3.22458377247  350  181  181.315959957  4.11168511607  -0.0303386980657  23.6965685212
3.22458377247  351  228  227.491715933  3.86694788789  0.037083148123  23.5346927171
3.22458377247  351  272  272.244346216  3.52153887529  0.00330973756426  23.3691593997
3.22458377247  351  316  315.960783154  3.60381382848  -0.0263795444443  23.2091368915
3.22458377247  352  359  358.797370032  3.80979755522  -0.0411947217192  23.0516825918
3.22458377247  352  401  400.802617677  3.64727571833  -0.0118211045645  22.8933509161
3.22458377247  352  442  441.747333755  3.43357138367  -0.0109394418647  22.7420223841
3.22458377247  352  482  481.733197649  3.32483314148  0.00139336226533  22.5872985143
3.22458377247  352  521  520.787335318  3.22753368005  -0.0271615766928  22.4392465445
3.22458377247  352  559  559.031163772  3.43199733898  -0.0405481939172  22.2897333161
3.22458377247  352  597  596.630906  3.34957273713  -0.0321323212482  22.1438309074
3.22458377247  352  633  633.389349724  3.34854003483  -0.00826464705479  22.0000765453
3.22458377247  352  669  669.3280431  3.13891343338  0.00843114022723  21.8566462695
3.22458377247  351  704  704.492177322  2.98765581676  -0.00251846412332  21.7167951858
3.22458377247  351  739  738.945509147  3.09583338667  -0.0136519405497  21.5774828245
3.22458377247  351  773  772.683200279  3.03700531967  -0.0316522873121  21.4422534742
3.22458377247  351  806  805.831001133  3.03885343209  -0.0114431446965  21.3050614441
3.22458377247  350  838  838.265774902  3.02259827219  -0.0562477542623  21.1726558299
3.22458377247  350  870  870.171411791  2.94893895115  -0.00407864920191  21.0395169681
3.22458377247  350  901  901.404443706  2.9682104261  0.0332869457066  20.9105922238
3.22458377247  349  932  932.041887325  2.823833019  -0.0363083528919  20.7812160306
3.22458377247  349  962  962.031927105  2.80473051711  0.00634711938803  20.6548136817
3.22458377247  349  991  991.464587905  2.81166790304  0.0187514272265  20.5287322598
3.22458377247  348  1020  1020.42021924  2.78782903986  0.108391702911  20.404746475
3.49021277247  349  36  35.7196869515  2.45127744322  -0.011705726674  24.2066353213
3.49021277247  350  86  85.7569991528  3.70182790117  -0.0465947476188  24.0363133941
3.49021277247  351  134  134.130187608  3.99455283952  -0.0509233116572  23.8663590404
3.49021277247  351  181  181.394986392  4.20657521877  -0.0203391318384  23.6965685212
3.49021277247  352  228  227.498644122  4.00931627044  0.02905098083  23.5346927171
3.49021277247  352  272  272.232770994  3.54636644636  -0.00278483551033  23.3691593997
3.49021277247  352  316  315.939894996  3.68764627674  -0.017528254057  23.2091368915
3.49021277247  353  359  358.824157491  3.80958677808  -0.020328519801  23.0516825918
3.49021277247  353  401  400.846374932  3.78778857607  0.0167111853671  22.8933509161
3.49021277247  353  442  441.720445673  3.49732639207  -0.00464986662308  22.7420223841
3.49021277247  353  482  481.689637462  3.40145245889  0.00885513565689  22.5872985143
3.49021277247  353  521  520.73858047  3.33997522191  -0.032701648081  22.4392465445
3.49021277247  353  559  558.997535777  3.48411441258  -0.0448060197112  22.2897333161
3.49021277247  353  597  596.619761023  3.39172646807  -0.0201926510593  22.1438309074
3.49021277247  353  633  633.402506576  3.38855898412  0.00600937580452  22.0000765453
3.49021277247  353  669  669.294634677  3.25596530178  -0.00542869144817  21.8566462695
3.49021277247  352  704  704.414070193  3.06265985744  -0.0213416317917  21.7167951858
3.49021277247  352  739  738.911974981  3.10211625606  -0.00798646779532  21.5774828245
3.49021277247  352  773  772.632348564  3.0452515636  -0.0341660370819  21.4422534742
3.49021277247  352  806  805.821364289  3.1345149701  0.00499605472455  21.3050614441
3.49021277247  351  838  838.222580542  3.06171352109  -0.0390790419021  21.1726558299
3.49021277247  351  870  870.152484699  2.98476244784  0.0103534130396  21.0395169681
3.49021277247  351  901  901.327851453  3.02331402896  0.0168319798089  20.9105922238
3.49021277247  350  932  931.970455992  2.88629175246  0.0110445146288  20.7812160306
3.49021277247  350  962  961.960028986  2.90474438925  0.0151584477233  20.6548136817
3.49021277247  350  991  991.380158108  2.84193065215  0.00801331412221  20.5287322598
3.49021277247  349  1020  1020.32446746  2.80819453993  0.0846752782384  20.404746475
3.75584177247  350  36  36.568409096  4.23411247834  0.0607167794222  24.2066353213
3.75584177247  351  86  85.8093033575  0.0461371013463  -0.0486146543929  24.0363133941
3.75584177247  352  134  134.193254924  4.04844719951  -0.0977666221639  23.8663590404
3.75584177247  352  182  181.44861346  4.36249338078  -0.0123141499464  23.6965685212
3.75584177247  353  228  227.499180891  3.96286840871  0.00558511435219  23.5346927171
3.75584177247  353  272  272.269444916  3.68021345156  -0.00894280849122  23.3691593997
3.75584177247  353  316  315.991436204  3.760550234  0.00443031237559  23.2091368915
3.75584177247  354  359  359.038622393  0.046841909932  0.053634159482  23.0516825918
3.75584177247  354  401  400.883455725  3.80841975283  0.00678204162818  22.8933509161
3.75584177247  354  442  441.827693202  3.7705951774  0.0168015966671  22.7420223841
3.75584177247  354  482  481.69421159  3.57128946053  -0.0125750584063  22.5872985143
3.75584177247  354  521  520.75466628  3.54812732585  -0.0293300584249  22.4392465445
3.75584177247  354  559  559.005856275  3.69647386159  -0.0325907133742  22.2897333161
3.75584177247  354  597  596.627325156  3.5599274446  -0.0423681807961  22.1438309074
3.75584177247  354  634  633.481459685  3.65101998723  0.0145023204248  22.0000765453
3.75584177247  354  669  669.371476231  3.43222481246  0.00281341673683  21.8566462695
3.75584177247  353  704  704.433045598  3.09574438603  -0.00074160270245  21.7167951858
3.75584177247  353  739  738.882221642  3.16619800061  -0.041086223298  21.5774828245
3.75584177247  353  773  772.595206701  3.27212291761  -0.0286086851599  21.4422534742
3.75584177247  353  806  805.798220937  3.31134000106  0.00594814980659  21.3050614441
3.75584177247  352  838  838.215259058  3.16764118457  -0.0371656426871  21.1726558299
3.75584177247  352  870  870.15763002  3.12219244268  0.0172194507352  21.0395169681
3.75584177247  352  901  901.320845488  3.39905377355  0.00982456265385  20.9105922238
3.75584177247  351  932  931.909851846  2.9120862379  0.00979050075594  20.7812160306
3.75584177247  351  962  961.942241741  3.02648780959  0.0319631258508  20.6548136817
3.75584177247  351  991  991.409225175  3.04608965  0.100124119546  20.5287322598
3.75584177247  350  1020  1020.32469709  2.80334674769  0.148535265048  20.404746475
