# Band 3C   Etalon 2A   Slice 8
# Distortion map version 7B.05.00 - date 2019-03-22
# Trace (isoalpha): Take pixel trace along specified slice, specified alpha position trace is built by taking the pixel in every detector row with alpha value closest to the one specified 
# xpos[i] = np.argmin(alpha_img[i,:])+funcs.find_nearest(alpha_img[i,:][(slice_img[i,:]!=0)],alpha_pos)
#    alpha       x  y      center         FWHM          skewness        wavelength
0.0  563  37  36.57556143955514  2.6392815909473555  -0.03108312987560488  17.983836096925636
0.0  565  79  78.84908774023597  2.714852860965479  -0.01752298626974581  17.88308839342046
0.0  566  120  120.16895847890932  2.5743392434498844  -0.011825942644554398  17.783133573968403
0.0  568  161  160.75280773535377  2.724325080172946  -0.04060618046489494  17.684421147647026
0.0  569  201  200.5629900972603  2.570674270061801  -0.031695321059866784  17.586758582364773
0.0  570  240  239.62237415405855  2.4787976242111824  -0.0043196101741231445  17.49042445217467
0.0  571  278  277.93715503326274  2.596128383091127  -0.011864489777050112  17.394991588320053
0.0  571  315  315.4028852524117  2.4838390214681567  -0.0006677473556314756  17.300579591226235
0.0  572  352  352.3437288873027  2.475621383887187  -0.017906635684115237  17.20729032963816
0.0  572  388  388.4383645267503  2.4969256111771188  -0.03766363913034157  17.115063856390428
0.0  573  424  424.0767362054284  2.501082882679839  -0.01364137781823723  17.0236332081308
0.0  573  459  458.93356876694077  2.611994492241479  -0.02264339955060089  16.93336145884987
0.0  573  493  493.18908784932546  2.5522536287843423  0.001148695550354194  16.843992056484296
0.0  573  527  526.8526296551214  2.542429403618371  -0.028383609545317136  16.755532632424014
0.0  573  560  559.9164976377533  2.565916318092377  -0.02552111395936335  16.668111166977404
0.0  573  592  592.462791030265  2.4777575991961385  -0.022421922213310373  16.581521319063913
0.0  573  624  624.3930017681978  2.531736067357997  -0.02999891216109675  16.49588098337365
0.0  572  656  655.753961544091  2.5092133569989983  -0.017772624532558377  16.41109459228241
0.0  572  687  686.6521442880015  2.546856998871135  -0.030205482348282485  16.327291332783286
0.0  572  717  717.0426840398208  2.6672682217379133  -0.014866689707530295  16.244189672054947
0.0  571  747  746.8067644439627  2.560100798769099  -0.038021985681405086  16.162158593220852
0.0  570  776  776.13335817301  2.552737466284725  -0.021744468646088016  16.08079771524595
0.0  570  805  805.0594967631303  2.6461475538737886  -0.0036532333746297266  16.000330226931936
0.0  569  833  833.4142241135303  2.532281141243857  0.009545610105614982  15.92083335712673
0.0  568  861  861.3357433598871  2.5442084370336033  0.011698185932548974  15.841890575848382
0.0  567  889  888.7190813038196  2.5907878456973776  -0.026789790455390677  15.764109487972428
0.0  566  916  915.7307357626374  2.48825721090725  -0.008419239359209471  15.686793604965871
0.0  565  942  942.2885730929363  2.5115088875352285  -0.008649838298210704  15.610557377671974
0.0  564  968  968.3989879955923  2.4161306346218225  0.0016996358344602191  15.534859792547497
0.0  563  994  994.0764104406556  2.4698215006544615  -0.0013248615207381088  15.46016712791969
0.0  562  1019  1019.4155923023001  2.5206253455609158  0.05993985579515234  15.386084610113443
-2.4025482737135575  573  38  38.07944658038627  2.683714273349871  -0.03392138451227312  17.983836096925636
-2.4025482737135575  575  80  80.30704339511374  2.6290213834197687  -0.025950775077024563  17.88308839342046
-2.4025482737135575  576  122  121.59265175389856  2.5793237808832146  -0.016771869005856133  17.783133573968403
-2.4025482737135575  578  162  162.24791574730787  2.563130526608518  -0.011376657566295406  17.684421147647026
-2.4025482737135575  579  202  201.88335559502502  2.535629573125391  -0.022441819107868164  17.586758582364773
-2.4025482737135575  580  241  240.91555703716242  2.5461514181177165  -0.02264779754071967  17.49042445217467
-2.4025482737135575  581  279  279.14743086584696  2.598841609262081  -0.022285628018296935  17.394991588320053
-2.4025482737135575  582  317  316.68087558183765  2.449307111368512  -0.046111087764559314  17.300579591226235
-2.4025482737135575  582  354  353.49461275489296  2.4990462647015192  -0.010975987042638975  17.20729032963816
-2.4025482737135575  583  390  389.6412387972046  2.446366564523032  -0.014337393903408636  17.115063856390428
-2.4025482737135575  583  425  425.1647153893974  2.5440982030376063  0.0009778594563916096  17.0236332081308
-2.4025482737135575  583  460  459.92220056580896  2.4904465491108567  -0.03921148555411451  16.93336145884987
-2.4025482737135575  583  494  494.18039196622937  2.4730338019726332  -0.01672553570867772  16.843992056484296
-2.4025482737135575  583  528  527.7921890009046  2.5172836843294135  -0.027533108691979526  16.755532632424014
-2.4025482737135575  583  561  560.8072152381615  2.536621726685553  -0.041083358483453264  16.668111166977404
-2.4025482737135575  583  593  593.3746747227492  2.5220821870389045  0.013098360014262407  16.581521319063913
-2.4025482737135575  583  625  625.2400396156974  2.5758915391743358  -0.008518799457730342  16.49588098337365
-2.4025482737135575  583  657  656.6136412694715  2.502667793495789  -0.047118308275323505  16.41109459228241
-2.4025482737135575  582  687  687.4321227156637  2.5647313225872495  -0.002738942479729702  16.327291332783286
-2.4025482737135575  582  718  717.7676808595388  2.518148513600636  -0.02094254017866528  16.244189672054947
-2.4025482737135575  581  748  747.5639108548836  2.5558465965784762  0.003529730673576127  16.162158593220852
-2.4025482737135575  580  777  776.7911331541104  2.5582202223941977  -0.061559031077322135  16.08079771524595
-2.4025482737135575  580  806  805.6703033862565  2.522714448288525  -0.012380166586325911  16.000330226931936
-2.4025482737135575  579  834  833.9673017658648  2.516134779554932  -0.025352630942299788  15.92083335712673
-2.4025482737135575  578  862  861.8604793621108  2.5010295755005245  -0.022494039830639707  15.841890575848382
-2.4025482737135575  577  889  889.2826252804941  2.5566680252265996  0.008223724567503903  15.764109487972428
-2.4025482737135575  576  916  916.2215701973245  2.489774934519801  -0.023882768298733044  15.686793604965871
-2.4025482737135575  575  943  942.6973555457375  2.5261819129276546  -0.05523158948902593  15.610557377671974
-2.4025482737135575  574  969  968.822446569712  2.532657470539334  -0.025797722041561447  15.534859792547497
-2.4025482737135575  573  994  994.4639856405844  2.4167533664511893  -0.03881672246310254  15.46016712791969
-2.1798432737135576  572  38  37.92102865355124  2.678847374437815  -0.03113689415421604  17.983836096925636
-2.1798432737135576  574  80  80.13490153185917  2.673428105229661  -0.0341928001509278  17.88308839342046
-2.1798432737135576  575  121  121.46757353428364  2.5868309050861455  -0.003758157114496306  17.783133573968403
-2.1798432737135576  577  162  162.10054588290245  2.612097291736575  -0.007797542848215897  17.684421147647026
-2.1798432737135576  578  202  201.75654022401946  2.5190370574977123  -0.024760340771286197  17.586758582364773
-2.1798432737135576  579  241  240.78147340648889  2.521299826060101  -0.02495444050996211  17.49042445217467
-2.1798432737135576  580  279  279.01987113740586  2.6192534926050826  -0.025015984679104084  17.394991588320053
-2.1798432737135576  581  317  316.5628499912623  2.4428393097172716  -0.04285766109813522  17.300579591226235
-2.1798432737135576  581  353  353.3951562102778  2.535924308560311  0.007445950195050343  17.20729032963816
-2.1798432737135576  582  390  389.5406910978752  2.4276647912083718  -0.018596853398557833  17.115063856390428
-2.1798432737135576  582  425  425.0442246522536  2.547026717196559  -0.00823791493789275  17.0236332081308
-2.1798432737135576  582  460  459.83075232522395  2.474359873768549  -0.03293036572101891  16.93336145884987
-2.1798432737135576  582  494  494.0754098371897  2.4861782668107253  -0.020929617431135604  16.843992056484296
-2.1798432737135576  582  528  527.7148612939867  2.513182692485998  -0.012032778534861803  16.755532632424014
-2.1798432737135576  582  561  560.7142877446541  2.5176084148778273  -0.0501144878059871  16.668111166977404
-2.1798432737135576  582  593  593.2710374098218  2.5487376208639034  0.006715244333397794  16.581521319063913
-2.1798432737135576  582  625  625.1657441225786  2.6098584012534047  -0.011587710229189554  16.49588098337365
-2.1798432737135576  582  657  656.5475793727946  2.4850960449582544  -0.03299463275686332  16.41109459228241
-2.1798432737135576  581  687  687.3577376986026  2.5872082089856576  -0.0011299120560667071  16.327291332783286
-2.1798432737135576  581  718  717.6892120336398  2.4998855263668247  -0.02503114655858352  16.244189672054947
-2.1798432737135576  580  748  747.4958345142321  2.5633548630989935  0.006982185170983917  16.162158593220852
-2.1798432737135576  580  777  776.7984745429734  2.6020256128911115  -0.022712567835581288  16.08079771524595
-2.1798432737135576  579  806  805.6030998619044  2.5197330185421833  -0.016795983915715247  16.000330226931936
-2.1798432737135576  578  834  833.9262057089103  2.493871192278448  -0.02330562271829906  15.92083335712673
-2.1798432737135576  577  862  861.8203835266889  2.5126214408057876  -0.011061784286913076  15.841890575848382
-2.1798432737135576  576  889  889.2435446759662  2.6028436400602004  0.008362217766208062  15.764109487972428
-2.1798432737135576  575  916  916.1944241436845  2.4417608074477357  -0.01756695269404326  15.686793604965871
-2.1798432737135576  574  943  942.6685208867843  2.475954221156485  -0.04748717469701192  15.610557377671974
-2.1798432737135576  573  969  968.8026971705419  2.4842849214203397  -0.017280798422414166  15.534859792547497
-2.1798432737135576  572  994  994.4207116712587  2.3965070143531193  -0.04379081095441381  15.46016712791969
-1.9571382737135576  571  38  37.79340551751113  2.7047754125153602  -0.01919044782044863  17.983836096925636
-1.9571382737135576  573  80  79.97951792175645  2.6419537308802887  -0.028817197414074115  17.88308839342046
-1.9571382737135576  574  121  121.30919270743202  2.610116380544909  -0.023939743510976382  17.783133573968403
-1.9571382737135576  576  162  161.95208272813503  2.617115617014349  -0.008117215673493196  17.684421147647026
-1.9571382737135576  577  202  201.62394038311308  2.539419350365222  -0.021230936368462093  17.586758582364773
-1.9571382737135576  578  241  240.63643801459824  2.521399683691726  -0.037428208351377286  17.49042445217467
-1.9571382737135576  579  279  278.87995503056436  2.572902871892609  -0.031609755947919545  17.394991588320053
-1.9571382737135576  580  316  316.46127002925994  2.4274802136188782  -0.030363284043890926  17.300579591226235
-1.9571382737135576  580  353  353.2980483491225  2.558958029090036  0.007153166543350302  17.20729032963816
-1.9571382737135576  581  389  389.4419806675152  2.4687909805553545  -0.02055865893471802  17.115063856390428
-1.9571382737135576  581  425  424.92266076104744  2.5349598012760453  -0.01564069826769123  17.0236332081308
-1.9571382737135576  581  460  459.73423902905057  2.504782559948353  -0.024993069348346542  16.93336145884987
-1.9571382737135576  581  494  493.962405395636  2.4774469878419723  -0.025945304598165655  16.843992056484296
-1.9571382737135576  582  528  527.7149425242674  2.5136516302045493  -0.011440197014045314  16.755532632424014
-1.9571382737135576  581  561  560.6258383926173  2.472358090664102  -0.0440791864890063  16.668111166977404
-1.9571382737135576  581  593  593.1690190548961  2.558978293343671  -0.008072018602869964  16.581521319063913
-1.9571382737135576  581  625  625.078210581616  2.6232334758281013  -0.01667443388747875  16.49588098337365
-1.9571382737135576  581  656  656.4643215645818  2.5031953706787817  -0.033842105785465586  16.41109459228241
-1.9571382737135576  580  687  687.2895295896309  2.61569905799729  0.0035375584520079568  16.327291332783286
-1.9571382737135576  580  718  717.6252186205763  2.51908737413396  -0.017843883924858615  16.244189672054947
-1.9571382737135576  579  747  747.427433345085  2.563345289598601  0.012449586832471167  16.162158593220852
-1.9571382737135576  579  777  776.719971755638  2.5662422470655883  -0.035930813027637794  16.08079771524595
-1.9571382737135576  578  806  805.5583050350602  2.520060564745563  -0.0002490593633332034  16.000330226931936
-1.9571382737135576  577  834  833.8711818344882  2.509623606090372  -0.024828192092870856  15.92083335712673
-1.9571382737135576  576  862  861.7706393903874  2.5183138321790466  -0.009978512395357379  15.841890575848382
-1.9571382737135576  575  889  889.2026269603571  2.5009192579107093  -0.00046780725083761147  15.764109487972428
-1.9571382737135576  575  916  916.1838009405304  2.4671866798648807  0.0032998610900450446  15.686793604965871
-1.9571382737135576  574  943  942.6869581354698  2.4962384096950245  -0.023751621216180907  15.610557377671974
-1.9571382737135576  573  969  968.7567697434654  2.424511063340333  -0.021186177470610534  15.534859792547497
-1.9571382737135576  572  994  994.4085755451007  2.3645268435773232  -0.03556986181132362  15.46016712791969
-1.7344332737135577  570  38  37.6636830703664  2.687830354015901  -0.0010182862589897465  17.983836096925636
-1.7344332737135577  572  80  79.8228901685925  2.627247791099279  -0.03208228778723788  17.88308839342046
-1.7344332737135577  573  121  121.2541012312746  2.755362998234446  -0.00782903152629637  17.783133573968403
-1.7344332737135577  575  162  161.79407400800244  2.599573472634404  -0.014287064827714547  17.684421147647026
-1.7344332737135577  576  202  201.4972424673497  2.5094628960615637  -0.0172215012762327  17.586758582364773
-1.7344332737135577  577  241  240.51324007109125  2.486149747180008  -0.03675050741010453  17.49042445217467
-1.7344332737135577  578  279  278.76019174065334  2.5549616054883018  -0.03216544517612155  17.394991588320053
-1.7344332737135577  579  316  316.35644139582706  2.441755953990537  -0.011788993764919245  17.300579591226235
-1.7344332737135577  579  353  353.20139510695674  2.610019999079327  0.01346437911591167  17.20729032963816
-1.7344332737135577  580  389  389.35283836004925  2.5027379402681618  -0.0033546307414061803  17.115063856390428
-1.7344332737135577  580  425  424.80079222906346  2.508631017064772  -0.03456514339869586  17.0236332081308
-1.7344332737135577  580  460  459.6403524387536  2.5203886786900966  -0.02012985708108292  16.93336145884987
-1.7344332737135577  581  494  493.96257171945615  2.47779775772392  -0.024931705924463643  16.843992056484296
-1.7344332737135577  581  528  527.6199580566131  2.518080450725847  -0.01496677953062345  16.755532632424014
-1.7344332737135577  581  561  560.6342414708904  2.470685069444926  -0.02901390045892355  16.668111166977404
-1.7344332737135577  580  593  593.0901925307409  2.5784486599436605  -9.586411167628876e-05  16.581521319063913
-1.7344332737135577  580  625  624.9711601447591  2.5839243302100385  -0.030825546574655794  16.49588098337365
-1.7344332737135577  580  656  656.405225397309  2.489261265330015  -0.020108971393305447  16.41109459228241
-1.7344332737135577  579  687  687.1985480598369  2.618371640397527  -0.0038823027292303426  16.327291332783286
-1.7344332737135577  579  718  717.5475593311953  2.4963413689310983  -0.018795458155050897  16.244189672054947
-1.7344332737135577  578  747  747.3376736883952  2.586998210552565  -0.004990999393129115  16.162158593220852
-1.7344332737135577  578  777  776.6518730894162  2.540814306940092  -0.040045434136835846  16.08079771524595
-1.7344332737135577  577  805  805.4912325658047  2.5167453759936507  -0.0031789370174760473  16.000330226931936
-1.7344332737135577  576  834  833.8247997361653  2.5374788720439483  -0.018442389188425494  15.92083335712673
-1.7344332737135577  575  862  861.7124363269978  2.490779587791849  -0.0022349535477342998  15.841890575848382
-1.7344332737135577  575  889  889.1846395532439  2.5468970450959887  0.01776294797360229  15.764109487972428
-1.7344332737135577  574  916  916.133289726252  2.5047527085855563  -0.01413290084148308  15.686793604965871
-1.7344332737135577  573  943  942.6307280960732  2.488124027644403  -0.035480401959924565  15.610557377671974
-1.7344332737135577  572  969  968.7241463312154  2.4899195140856136  -0.03168960287312776  15.534859792547497
-1.7344332737135577  571  994  994.3879854226668  2.3959462799339235  -0.01613029220619881  15.46016712791969
-1.5117282737135578  569  38  37.491541627326114  2.6792828859748568  -0.01926298748394476  17.983836096925636
-1.5117282737135578  571  80  79.70810765181875  2.6395047405562764  -0.019351177260458582  17.88308839342046
-1.5117282737135578  573  121  121.10154069865978  2.805170391449778  -0.004079975167310009  17.783133573968403
-1.5117282737135578  574  162  161.68519772739714  2.554908994289292  -0.002126660639743748  17.684421147647026
-1.5117282737135578  575  201  201.38555666641636  2.5211240863654893  -0.0035619043710276503  17.586758582364773
-1.5117282737135578  576  240  240.38760021426563  2.4597281305984495  -0.025641216148637985  17.49042445217467
-1.5117282737135578  577  279  278.6354062978681  2.5512997856594097  -0.03579682739958808  17.394991588320053
-1.5117282737135578  578  316  316.23120386148327  2.4516776059812173  -0.016998717486747555  17.300579591226235
-1.5117282737135578  578  353  353.06964024397354  2.5934102353834305  -0.0007461963659202052  17.20729032963816
-1.5117282737135578  579  389  389.2453085561786  2.5481196745698753  -0.0013785332593262679  17.115063856390428
-1.5117282737135578  579  425  424.7079533741628  2.4666581278564763  -0.030917399748102238  17.0236332081308
-1.5117282737135578  579  460  459.54002706131917  2.5112390330433527  -0.01471159105634342  16.93336145884987
-1.5117282737135578  580  494  493.8810465461006  2.453947660044264  -0.020771493138137753  16.843992056484296
-1.5117282737135578  580  528  527.5476230614672  2.488715178682014  0.00048715476393878886  16.755532632424014
-1.5117282737135578  580  561  560.5345638684222  2.4517563653633943  -0.04615820170651449  16.668111166977404
-1.5117282737135578  579  593  592.9892102977974  2.591644196932066  -0.011675866220320293  16.581521319063913
-1.5117282737135578  579  625  624.878638352941  2.5756021340882853  -0.03616358349581986  16.49588098337365
-1.5117282737135578  579  656  656.3280874893948  2.505533694205951  -0.015231272073411704  16.41109459228241
-1.5117282737135578  578  687  687.1146511124417  2.6238210843443994  -0.013338390912233922  16.327291332783286
-1.5117282737135578  578  717  717.4816778137445  2.5253098412017607  -0.015183279187287032  16.244189672054947
-1.5117282737135578  577  747  747.2761245029657  2.6022692819922213  0.00015913731265449813  16.162158593220852
-1.5117282737135578  577  777  776.603111933419  2.5311326889175234  -0.02991692933971681  16.08079771524595
-1.5117282737135578  576  805  805.4426528947891  2.541589724551386  0.010974219406335252  16.000330226931936
-1.5117282737135578  575  834  833.7585968661574  2.504794443004812  -0.01691301710884124  15.92083335712673
-1.5117282737135578  574  862  861.6434165674724  2.4402911311156004  -0.026504890596459236  15.841890575848382
-1.5117282737135578  574  889  889.1171995502433  2.5735261363136033  -0.003531592347471902  15.764109487972428
-1.5117282737135578  573  916  916.0858938658494  2.5194984079148526  -0.0032442720651897432  15.686793604965871
-1.5117282737135578  572  943  942.5851678706591  2.461297083343652  -0.03321702542988903  15.610557377671974
-1.5117282737135578  571  969  968.6786748685  2.4865341780376866  -0.03266550784701045  15.534859792547497
-1.5117282737135578  570  994  994.3441179949223  2.4406768725448273  -0.025155180035494044  15.46016712791969
-1.2890232737135578  568  37  37.335763900150596  2.711345295878715  -0.013381184443730024  17.983836096925636
-1.2890232737135578  570  80  79.58475772991137  2.597342424087998  -0.011914610506977364  17.88308839342046
-1.2890232737135578  572  121  121.00273225384908  2.6314628180288224  -0.018614818442708698  17.783133573968403
-1.2890232737135578  573  162  161.54024586440605  2.5783199366725853  -0.004927679118917274  17.684421147647026
-1.2890232737135578  574  201  201.2721764960493  2.575026214085824  0.005981903668221442  17.586758582364773
-1.2890232737135578  575  240  240.28556349981898  2.496806596181102  0.008597070666576853  17.49042445217467
-1.2890232737135578  576  279  278.5149272506704  2.5394341399482983  -0.035300872783561546  17.394991588320053
-1.2890232737135578  577  316  316.10152282667707  2.47726751937671  -0.01797834789182375  17.300579591226235
-1.2890232737135578  577  353  352.9321552274298  2.5823517731431593  -0.018054348509405585  17.20729032963816
-1.2890232737135578  578  389  389.11020750501854  2.5874215980094277  -0.016430632637813424  17.115063856390428
-1.2890232737135578  578  425  424.59336812919184  2.453031066251924  -0.02722394120260632  17.0236332081308
-1.2890232737135578  579  460  459.5402247530087  2.5120035696202194  -0.01219990436829665  16.93336145884987
-1.2890232737135578  579  494  493.7699268447369  2.4592073912817796  -0.02534905162058423  16.843992056484296
-1.2890232737135578  579  527  527.4495752579268  2.5046782932668066  0.008786161309207504  16.755532632424014
-1.2890232737135578  579  560  560.4520982957531  2.4277103239481903  -0.03359261876281877  16.668111166977404
-1.2890232737135578  578  593  592.9092515995405  2.5707538557730913  -0.013148185554947076  16.581521319063913
-1.2890232737135578  578  625  624.8006779425215  2.6048841907932  -0.034168181859491595  16.49588098337365
-1.2890232737135578  578  656  656.2399603232121  2.5051293338938194  -0.017379012086055298  16.41109459228241
-1.2890232737135578  577  687  687.0245176220275  2.598727266154583  -0.05078560598691293  16.327291332783286
-1.2890232737135578  577  717  717.4167178306184  2.5272673823362766  -0.0014991379483392851  16.244189672054947
-1.2890232737135578  576  747  747.2038288200174  2.6249271128972396  0.0018124154702755003  16.162158593220852
-1.2890232737135578  576  777  776.5252049947004  2.5199466776123245  -0.035388867181052094  16.08079771524595
-1.2890232737135578  575  805  805.3849216158375  2.535506854015239  0.011143995633748998  16.000330226931936
-1.2890232737135578  574  834  833.7015042035936  2.4533551180504674  -0.010704745745338017  15.92083335712673
-1.2890232737135578  574  862  861.6377642387743  2.444617592699842  0.007596915182477943  15.841890575848382
-1.2890232737135578  573  889  889.0756616063129  2.6150379810169397  0.002077782442377844  15.764109487972428
-1.2890232737135578  572  916  916.0234215525869  2.513727676123608  -0.01119117850157139  15.686793604965871
-1.2890232737135578  571  943  942.5335677493312  2.4693160469016675  -0.0350361851974601  15.610557377671974
-1.2890232737135578  570  969  968.6409870618008  2.498220805732444  -0.027183429006352944  15.534859792547497
-1.2890232737135578  569  994  994.3106493674386  2.4445636503255628  -0.019604574078474053  15.46016712791969
-1.066318273713558  567  37  37.19419545386549  2.697742391031568  -0.012476426766103116  17.983836096925636
-1.066318273713558  569  79  79.44033070093161  2.648910118719755  -0.0034847635710450763  17.88308839342046
-1.066318273713558  571  121  120.84242168912346  2.581174465752383  -0.03768527574432684  17.783133573968403
-1.066318273713558  572  161  161.4194130190529  2.5811380408179048  0.007001247366558427  17.684421147647026
-1.066318273713558  573  201  201.1344423136877  2.5991367498955356  -0.003131690533258885  17.586758582364773
-1.066318273713558  574  240  240.13380615467267  2.484918536803775  -0.010739692334810752  17.49042445217467
-1.066318273713558  575  278  278.39797554997483  2.5050546670780136  -0.03009386586843211  17.394991588320053
-1.066318273713558  576  316  315.98078502763525  2.4788065206172405  -0.02230234678533588  17.300579591226235
-1.066318273713558  577  353  352.86547131119806  2.680038815676312  -0.019373694635993047  17.20729032963816
-1.066318273713558  577  389  388.98164888100996  2.588989961618836  -0.022642403550254403  17.115063856390428
-1.066318273713558  577  424  424.48163176695067  2.448987812822679  -0.023201388804926285  17.0236332081308
-1.066318273713558  578  459  459.4629810650355  2.5294207329224037  0.0019734851657459166  16.93336145884987
-1.066318273713558  578  494  493.6714351838736  2.449019335852199  -0.021494105959883346  16.843992056484296
-1.066318273713558  578  527  527.3681735495228  2.521531344255891  0.020726440199195  16.755532632424014
-1.066318273713558  578  560  560.3637772730148  2.4332711975263237  -0.03247382443758678  16.668111166977404
-1.066318273713558  578  593  592.9096595711725  2.5712281090450233  -0.010531980593861259  16.581521319063913
-1.066318273713558  577  625  624.7129362668496  2.6142782212566544  -0.041518673905187035  16.49588098337365
-1.066318273713558  577  656  656.1655025347197  2.5239648018746266  -0.010423629283021783  16.41109459228241
-1.066318273713558  577  687  687.035468161956  2.642577235614226  -0.0170387209910034  16.327291332783286
-1.066318273713558  576  717  717.334520757614  2.588724852238556  -0.005511902705645725  16.244189672054947
-1.066318273713558  575  747  747.1740084270649  2.5609041511131636  0.00020144531511135573  16.162158593220852
-1.066318273713558  575  776  776.4766066436564  2.5570177558638534  -0.020267988291581728  16.08079771524595
-1.066318273713558  574  805  805.3218685864352  2.572046374516276  0.013177793846707385  16.000330226931936
-1.066318273713558  573  834  833.6383655631199  2.484545760457877  -0.011122167806561193  15.92083335712673
-1.066318273713558  573  862  861.5836810591672  2.494985226034487  -0.00244636736482266  15.841890575848382
-1.066318273713558  572  889  888.9966984533052  2.6054267800914204  -0.008584296359543372  15.764109487972428
-1.066318273713558  571  916  915.9717241130478  2.510756838084717  -0.00924354025156812  15.686793604965871
-1.066318273713558  570  942  942.488477488088  2.468317018524772  -0.0358306891713426  15.610557377671974
-1.066318273713558  569  969  968.6016014703087  2.4555050352086027  -0.030301312971922484  15.534859792547497
-1.066318273713558  568  994  994.2685550146922  2.4546537055507542  -0.013222581176964544  15.46016712791969
-0.843613273713558  566  37  37.0488816121245  2.71916002833359  -0.025822609048083686  17.983836096925636
-0.843613273713558  568  79  79.2885444909378  2.671040556382792  -0.015745584700845524  17.88308839342046
-0.843613273713558  570  121  120.70037399196352  2.577245947377463  -0.043912040311218904  17.783133573968403
-0.843613273713558  571  161  161.2859384220856  2.590508316447142  0.010669611027590235  17.684421147647026
-0.843613273713558  572  201  200.97856044524386  2.611902822509961  -0.018307520213720365  17.586758582364773
-0.843613273713558  573  240  240.01782118058213  2.522645531334433  -0.01216623405616395  17.49042445217467
-0.843613273713558  574  278  278.2797777476502  2.569474965774816  -0.01736425067967695  17.394991588320053
-0.843613273713558  575  316  315.85154442371714  2.4509115682596416  -0.02875733516566562  17.300579591226235
-0.843613273713558  576  353  352.818366969564  2.570788611164062  -0.019087216534467533  17.20729032963816
-0.843613273713558  576  389  388.83086223563987  2.5819991034263694  -0.05545296260198964  17.115063856390428
-0.843613273713558  576  424  424.3720581216141  2.3926418098889712  -0.0308591393278839  17.0236332081308
-0.843613273713558  577  459  459.3696304417625  2.5187248833636886  -0.002791892897777086  16.93336145884987
-0.843613273713558  577  494  493.5712835080401  2.446310032520273  -0.01897556171147188  16.843992056484296
-0.843613273713558  577  527  527.2768518432911  2.5513887802444515  0.014059279395068578  16.755532632424014
-0.843613273713558  577  560  560.2781611630428  2.497135569119564  -0.02699719075003316  16.668111166977404
-0.843613273713558  577  593  592.8043516224645  2.560385232929775  -0.026634045400398352  16.581521319063913
-0.843613273713558  576  625  624.6428277683581  2.5620960815247145  -0.04099119193728095  16.49588098337365
-0.843613273713558  576  656  656.0740162133447  2.5277195170310733  -0.016996537024288508  16.41109459228241
-0.843613273713558  576  687  686.9542915231895  2.6181619484780185  -0.026324887768263135  16.327291332783286
-0.843613273713558  575  717  717.2467485723731  2.5802687583995976  -0.013188370744114464  16.244189672054947
-0.843613273713558  575  747  747.1462229155699  2.63200510473348  0.005609448644549606  16.162158593220852
-0.843613273713558  574  776  776.4093231699892  2.522264077871341  -0.021505281608091772  16.08079771524595
-0.843613273713558  573  805  805.248397756947  2.6017263323828956  0.013589009760827244  16.000330226931936
-0.843613273713558  572  834  833.5975233584887  2.439965588096129  -0.021594146494137795  15.92083335712673
-0.843613273713558  572  862  861.5355208231643  2.502216336775973  0.006141191570470904  15.841890575848382
-0.843613273713558  571  889  888.921243791941  2.58831219871513  -0.025392991301875615  15.764109487972428
-0.843613273713558  570  916  915.9311706279825  2.516603905858119  -0.00782530135924404  15.686793604965871
-0.843613273713558  569  942  942.448839486684  2.4772248755953115  -0.03322491170840991  15.610557377671974
-0.843613273713558  568  969  968.5544897733098  2.431176054102707  -0.019957273754354955  15.534859792547497
-0.843613273713558  567  994  994.2290554055858  2.4301279902488204  -0.016197263213245484  15.46016712791969
-0.6209082737135581  565  37  36.965008535185724  2.8270935428850663  -0.025718563647347016  17.983836096925636
-0.6209082737135581  567  79  79.15928436070092  2.6845483216971786  -0.017646041046349148  17.88308839342046
-0.6209082737135581  569  121  120.56342692856886  2.5535698969777627  -0.03390995602446047  17.783133573968403
-0.6209082737135581  570  161  161.14674445360063  2.6449950795256996  -0.0019492437133229396  17.684421147647026
-0.6209082737135581  571  201  200.82380948507247  2.5931213716066566  -0.04014200890223007  17.586758582364773
-0.6209082737135581  572  240  239.88402830850092  2.484490880470105  -0.019295219763833346  17.49042445217467
-0.6209082737135581  573  278  278.17318897354977  2.5661387341846194  -0.013312382928577343  17.394991588320053
-0.6209082737135581  574  316  315.7140909945714  2.46470557211137  -0.028052141226411562  17.300579591226235
-0.6209082737135581  575  353  352.7048265458875  2.5314884225621768  -0.02562295316121703  17.20729032963816
-0.6209082737135581  575  389  388.743060853238  2.547092764460672  -0.04227648074913075  17.115063856390428
-0.6209082737135581  575  424  424.28851391388656  2.443052048710797  -0.01775009278583356  17.0236332081308
-0.6209082737135581  576  459  459.26371982123806  2.534064373277829  0.0025054328453367664  16.93336145884987
-0.6209082737135581  576  493  493.4829949226345  2.440722603683298  -0.009442651216011719  16.843992056484296
-0.6209082737135581  576  527  527.1564151709407  2.609920875702528  -0.006925548289433675  16.755532632424014
-0.6209082737135581  576  560  560.2036303952628  2.494438203879099  -0.01873639039150865  16.668111166977404
-0.6209082737135581  576  593  592.7122377743652  2.5424292327229523  -0.02322982458310408  16.581521319063913
-0.6209082737135581  575  625  624.5719842135187  2.5332904590724183  -0.031220236791171602  16.49588098337365
-0.6209082737135581  575  656  655.9919601634725  2.514440386643173  -0.022496238468689908  16.41109459228241
-0.6209082737135581  575  687  686.8722225207578  2.6280611536753895  -0.027178190107620976  16.327291332783286
-0.6209082737135581  574  717  717.1827592785829  2.5949247923458643  -0.0055615438962407495  16.244189672054947
-0.6209082737135581  574  747  747.0489981778164  2.6592233214014414  -0.011593010471475998  16.162158593220852
-0.6209082737135581  573  776  776.3365176060267  2.5180155415712306  -0.01759430519792049  16.08079771524595
-0.6209082737135581  572  805  805.1964099109651  2.5913966621267264  0.012938966411870452  16.000330226931936
-0.6209082737135581  572  834  833.5902103089663  2.4607454818924452  0.013862643770725642  15.92083335712673
-0.6209082737135581  571  861  861.478820952483  2.5160023515013563  0.006210699592338509  15.841890575848382
-0.6209082737135581  570  889  888.8570343666411  2.5934909114777156  -0.033035828996260154  15.764109487972428
-0.6209082737135581  569  916  915.8797428651874  2.5005853219490746  -0.00697038064244203  15.686793604965871
-0.6209082737135581  568  942  942.4094824630386  2.4703327629379146  -0.018822008781822677  15.610557377671974
-0.6209082737135581  567  969  968.5103288820915  2.4239865509541687  -0.01764261252389198  15.534859792547497
-0.6209082737135581  566  994  994.1810987294147  2.4328442586013352  -0.012982896583903473  15.46016712791969
-0.3982032737135581  565  37  36.80049812431717  2.8109508928954554  -0.03608283978989371  17.983836096925636
-0.3982032737135581  566  79  79.00638296791325  2.6877002301251025  -0.01450190799871867  17.88308839342046
-0.3982032737135581  568  120  120.4384107867421  2.5528795851008823  -0.023095846516618355  17.783133573968403
-0.3982032737135581  569  161  160.98774295749647  2.5946567788303128  -0.027851926785633457  17.684421147647026
-0.3982032737135581  570  201  200.68460033160352  2.5416921999646718  -0.0436956912388959  17.586758582364773
-0.3982032737135581  571  240  239.74017170178644  2.4721208467469182  -0.024875939986422926  17.49042445217467
-0.3982032737135581  572  278  278.05499825150287  2.561078738701667  -0.01679297014569369  17.394991588320053
-0.3982032737135581  573  316  315.60479130629335  2.460314816576897  -0.01635049877158633  17.300579591226235
-0.3982032737135581  574  353  352.58286005845196  2.4837407175516546  -0.02801756046218566  17.20729032963816
-0.3982032737135581  574  389  388.64592566546344  2.5207459814062645  -0.04078529504831332  17.115063856390428
-0.3982032737135581  575  424  424.2943263405606  2.434698519042513  -0.009620559679761253  17.0236332081308
-0.3982032737135581  575  459  459.1437687280858  2.5553956812061642  -0.01614210379915083  16.93336145884987
-0.3982032737135581  575  493  493.3895838342385  2.4645380704779427  -0.0016835202203476325  16.843992056484296
-0.3982032737135581  575  527  527.045154362943  2.619609182302156  -0.014899501097857936  16.755532632424014
-0.3982032737135581  575  560  560.0969078192326  2.5378401529244456  -0.022347846877622066  16.668111166977404
-0.3982032737135581  575  593  592.6180432156223  2.512329344029581  -0.029883102855731033  16.581521319063913
-0.3982032737135581  574  624  624.4810248210939  2.51492172809958  -0.03900318640725201  16.49588098337365
-0.3982032737135581  574  656  655.9278085183472  2.525064307517823  -0.014844724565788687  16.41109459228241
-0.3982032737135581  574  687  686.7983652051829  2.613719179588543  -0.0230033013137298  16.327291332783286
-0.3982032737135581  573  717  717.1155286178782  2.619224245066789  -0.015442774349421949  16.244189672054947
-0.3982032737135581  573  747  746.9601882161155  2.622020955955122  -0.027383907504505707  16.162158593220852
-0.3982032737135581  572  776  776.276632073166  2.488527905920364  -0.02037789267824795  16.08079771524595
-0.3982032737135581  571  805  805.1201848327034  2.616826276207121  -5.8713316052386255e-06  16.000330226931936
-0.3982032737135581  571  834  833.5323050176477  2.513665290506651  0.0030823590663041087  15.92083335712673
-0.3982032737135581  570  861  861.4377020247629  2.5449564793866557  0.01266388803327421  15.841890575848382
-0.3982032737135581  569  889  888.8186300949619  2.600862898350215  -0.025289638352677394  15.764109487972428
-0.3982032737135581  568  916  915.8236914992867  2.5084118669633426  -0.011013980125280678  15.686793604965871
-0.3982032737135581  567  942  942.3634100239353  2.4768055411188925  -0.017029364048155495  15.610557377671974
-0.3982032737135581  566  968  968.4704788489479  2.419276634798507  -0.014865114573734416  15.534859792547497
-0.3982032737135581  565  994  994.1426119500543  2.4422060532026535  -0.013182046313072706  15.46016712791969
-0.3982032737135581  564  1019  1019.4887375204214  2.5088916156386176  0.05441039418837445  15.386084610113443
-0.1754982737135582  564  37  36.734286244993015  2.6589703199779393  -0.022798763019721127  17.983836096925636
-0.1754982737135582  565  79  78.83746481838844  2.691223400585187  -0.0337198493197463  17.88308839342046
-0.1754982737135582  567  120  120.30868799730976  2.5617561675895217  -0.017930011918080746  17.783133573968403
-0.1754982737135582  568  161  160.8571360545543  2.612622230602767  -0.02498904462129203  17.684421147647026
-0.1754982737135582  569  201  200.55496798302917  2.575842905038485  -0.05584302585226903  17.586758582364773
-0.1754982737135582  571  240  239.6905532371266  2.5826814672424234  -0.004655732059057521  17.49042445217467
-0.1754982737135582  571  278  277.9366032485808  2.596953068690709  -0.015081621653177717  17.394991588320053
-0.1754982737135582  572  316  315.5076819090323  2.4864688766487006  -0.0076675208727794986  17.300579591226235
-0.1754982737135582  573  352  352.45604669919555  2.443812855029819  -0.02959126336155115  17.20729032963816
-0.1754982737135582  573  389  388.53318726356326  2.4984805478574685  -0.03569901210596315  17.115063856390428
-0.1754982737135582  574  424  424.17898803172716  2.447830279693676  -0.015960846061005562  17.0236332081308
-0.1754982737135582  574  459  459.028362794221  2.561114071793668  -0.02284622979550053  16.93336145884987
-0.1754982737135582  574  493  493.31101936932475  2.529457572293495  0.015810781854641943  16.843992056484296
-0.1754982737135582  574  527  526.9626684148088  2.600084223276099  -0.011581969599147389  16.755532632424014
-0.1754982737135582  574  560  560.0072824459315  2.5836013755370004  -0.018885783758529347  16.668111166977404
-0.1754982737135582  574  593  592.5288908192441  2.498940018904136  -0.04038555716783382  16.581521319063913
-0.1754982737135582  574  624  624.4811261138187  2.5155741284763735  -0.03349868016042906  16.49588098337365
-0.1754982737135582  573  656  655.8324173114991  2.547870154287466  -0.02726841178744707  16.41109459228241
-0.1754982737135582  573  687  686.706086368149  2.595548222708203  -0.03752537868451691  16.327291332783286
-0.1754982737135582  572  717  717.0426286298532  2.667197686295367  -0.015217677652770052  16.244189672054947
-0.1754982737135582  572  747  746.8899691476641  2.6062229742142335  -0.02678445202172393  16.162158593220852
-0.1754982737135582  571  776  776.2100185414857  2.5596022818303936  -0.018170517182295363  16.08079771524595
-0.1754982737135582  570  805  805.0593248910376  2.6469207230338725  -0.004880302751067709  16.000330226931936
-0.1754982737135582  570  833  833.4760123814207  2.535008343726986  0.010717637032787513  15.92083335712673
-0.1754982737135582  569  861  861.3868271402225  2.546243270389823  0.012118422601435176  15.841890575848382
-0.1754982737135582  568  889  888.7797040322673  2.5980325454106605  -0.02438607326124634  15.764109487972428
-0.1754982737135582  567  916  915.7732895217406  2.480025098112037  -0.01014507292561199  15.686793604965871
-0.1754982737135582  566  942  942.3231365043374  2.4848689999323597  -0.016207720512352072  15.610557377671974
-0.1754982737135582  565  968  968.4395754478894  2.414237442717649  -0.0029052537969412465  15.534859792547497
-0.1754982737135582  564  994  994.1171246624817  2.4561200322045806  -0.003411875039696974  15.46016712791969
-0.1754982737135582  563  1019  1019.4520243419454  2.536539277407769  0.05519522193285081  15.386084610113443
0.047206726286441736  563  37  36.58094572330722  2.629540625776194  -0.02671454052665628  17.983836096925636
0.047206726286441736  564  79  78.66407074331943  2.6810669261722495  -0.044211810265778397  17.88308839342046
0.047206726286441736  566  120  120.16870628270766  2.5744799885323744  -0.013314175919788292  17.783133573968403
0.047206726286441736  567  161  160.70517724111528  2.5729939348440496  -0.03314603399287182  17.684421147647026
0.047206726286441736  569  201  200.50522317175475  2.675701531598918  -0.0211697884191834  17.586758582364773
0.047206726286441736  570  240  239.62660223420622  2.4785755199463892  0.002256366174733148  17.49042445217467
0.047206726286441736  570  278  277.81848606770035  2.5910164717897715  -0.009424273649102168  17.394991588320053
0.047206726286441736  571  315  315.40289591206704  2.483495416222354  -0.0007895998500531971  17.300579591226235
0.047206726286441736  572  352  352.3437288873027  2.475621383887187  -0.017906635684115237  17.20729032963816
0.047206726286441736  572  388  388.44250707079976  2.498736728139022  -0.02979040810299708  17.115063856390428
0.047206726286441736  573  424  424.07674089212014  2.501075100093999  -0.013615910446823969  17.0236332081308
0.047206726286441736  573  459  458.93356876694077  2.611994492241479  -0.02264339955060089  16.93336145884987
0.047206726286441736  573  493  493.18908784932546  2.5522536287843423  0.001148695550354194  16.843992056484296
0.047206726286441736  573  527  526.8526296551214  2.542429403618371  -0.028383609545317136  16.755532632424014
0.047206726286441736  573  560  559.9164976377533  2.565916318092377  -0.02552111395936335  16.668111166977404
0.047206726286441736  573  592  592.462791030265  2.4777575991961385  -0.022421922213310373  16.581521319063913
0.047206726286441736  573  624  624.3930008701151  2.531693449395334  -0.030038169846032355  16.49588098337365
0.047206726286441736  572  656  655.7539624754816  2.5087299209412777  -0.01724916528794165  16.41109459228241
0.047206726286441736  572  687  686.6521442880015  2.546856998871135  -0.030205482348282485  16.327291332783286
0.047206726286441736  571  717  716.9474012915649  2.638538436131171  -0.029974345971054785  16.244189672054947
0.047206726286441736  571  747  746.8067644439627  2.560100798769099  -0.038021985681405086  16.162158593220852
0.047206726286441736  570  776  776.1334560795062  2.5523311284600823  -0.02104973188278258  16.08079771524595
0.047206726286441736  569  805  805.014036506402  2.5535036421565565  -0.013815418079124066  16.000330226931936
0.047206726286441736  569  833  833.414234740282  2.532344706553431  0.009754734904811232  15.92083335712673
0.047206726286441736  568  861  861.3357262331971  2.544309884383324  0.011566109738222361  15.841890575848382
0.047206726286441736  567  889  888.7190813331226  2.5907961041818908  -0.026797191649314964  15.764109487972428
0.047206726286441736  566  916  915.7307510905007  2.4882518726219587  -0.008232410658179852  15.686793604965871
0.047206726286441736  565  942  942.2886979750849  2.5098189635605195  -0.007506338162569495  15.610557377671974
0.047206726286441736  564  968  968.3990145317117  2.4156239596813975  0.0020639951744849446  15.534859792547497
0.047206726286441736  563  994  994.0764242828158  2.4696086663716414  -0.0011740442547636025  15.46016712791969
0.047206726286441736  562  1019  1019.4156867287761  2.5186983583427036  0.060874491825863984  15.386084610113443
0.26991172628644167  562  36  36.407588215361955  2.6619094172367213  -0.04131948884540341  17.983836096925636
0.26991172628644167  563  79  78.50660337098506  2.6504376194913277  -0.06613218030148887  17.88308839342046
0.26991172628644167  565  120  119.98816685361491  2.579054450706707  -0.02398592669331172  17.783133573968403
0.26991172628644167  566  161  160.56050463535038  2.533919418718142  -0.026553561531760157  17.684421147647026
0.26991172628644167  568  200  200.4481093571771  2.5909808022572633  -0.00540062400268979  17.586758582364773
0.26991172628644167  569  240  239.49744070590776  2.470209945280544  -0.001752550900829032  17.49042445217467
0.26991172628644167  570  278  277.75772338653735  2.666350119275762  -0.016022497909830135  17.394991588320053
0.26991172628644167  570  315  315.28958315420067  2.5604644443654934  0.0034321877835487382  17.300579591226235
0.26991172628644167  571  352  352.23324407210634  2.4902987584904395  -0.008538683378709775  17.20729032963816
0.26991172628644167  571  388  388.33989979804494  2.5238057544510752  -0.02583614443231468  17.115063856390428
0.26991172628644167  572  424  423.9609904851701  2.4709800510515834  -0.013736745859213495  17.0236332081308
0.26991172628644167  572  459  458.8268710443746  2.5571555305593847  -0.025883332860875737  16.93336145884987
0.26991172628644167  572  493  493.06650709842523  2.544177764877759  -0.0198691569143539  16.843992056484296
0.26991172628644167  572  527  526.7457341629902  2.534784990865205  -0.03248579752811094  16.755532632424014
0.26991172628644167  572  560  559.8147093468982  2.538802142049235  -0.02208862147794316  16.668111166977404
0.26991172628644167  572  592  592.3735604980959  2.4693244712536853  -0.022175041295669766  16.581521319063913
0.26991172628644167  572  624  624.3315813243815  2.5502065812388537  -0.014074014247240507  16.49588098337365
0.26991172628644167  571  656  655.6646866680135  2.4925742677985454  -0.02024141245072049  16.41109459228241
0.26991172628644167  571  687  686.5780375658671  2.5865143933424406  -0.02608611606253864  16.327291332783286
0.26991172628644167  570  717  716.8691918301498  2.594284422517603  -0.03583860245247575  16.244189672054947
0.26991172628644167  570  747  746.736452276608  2.552456266063018  -0.03648371111240063  16.162158593220852
0.26991172628644167  569  776  776.0774179623085  2.579734415350458  -0.016648853639860045  16.08079771524595
0.26991172628644167  569  805  804.990982929333  2.6043276015930132  0.014131814544253885  16.000330226931936
0.26991172628644167  568  833  833.3594222156264  2.5713746592500684  0.008587229481878126  15.92083335712673
0.26991172628644167  567  861  861.261475843857  2.5621495229470383  0.006104965753624343  15.841890575848382
0.26991172628644167  566  889  888.6624633547991  2.5809859906426027  -0.027677627294327854  15.764109487972428
0.26991172628644167  565  916  915.6798353366598  2.4888816733575823  -0.0048704154994815285  15.686793604965871
0.26991172628644167  564  942  942.2323069742328  2.530086405059137  -0.007915494686075752  15.610557377671974
0.26991172628644167  563  968  968.3359228998892  2.420229481723254  -0.003911333218367003  15.534859792547497
0.26991172628644167  562  994  994.0311202611705  2.4676906107386003  0.0010835272547199122  15.46016712791969
0.26991172628644167  561  1019  1019.3798468864197  2.5026163404189674  0.058747247468157016  15.386084610113443
0.4926167262864416  561  36  36.261793502245524  2.6144479385407777  -0.022817525644907546  17.983836096925636
0.4926167262864416  562  78  78.45615811267729  2.7631085646086717  -0.020056635946050217  17.88308839342046
0.4926167262864416  564  120  119.83326181103868  2.6004177044175947  -0.035325823776372445  17.783133573968403
0.4926167262864416  565  160  160.43160235314988  2.542805846398977  -0.028364590235133838  17.684421147647026
0.4926167262864416  567  200  200.3107541056541  2.5582680017641053  -0.027169634016585453  17.586758582364773
0.4926167262864416  568  239  239.3867250249347  2.4841434817917047  0.01608254802684142  17.49042445217467
0.4926167262864416  569  278  277.7045441607303  2.5611468163295967  -0.008689669873661942  17.394991588320053
0.4926167262864416  569  315  315.1507610465737  2.590318341756756  -0.007089521218101521  17.300579591226235
0.4926167262864416  570  352  352.11620924203226  2.4964984487205584  -0.010709449843864917  17.20729032963816
0.4926167262864416  570  388  388.2492540006249  2.5392863850526055  -0.007175304445524651  17.115063856390428
0.4926167262864416  571  424  423.84389518230375  2.433594264808562  -0.01908565527057463  17.0236332081308
0.4926167262864416  571  459  458.7214924487618  2.5582276137633357  -0.02857535682625889  16.93336145884987
0.4926167262864416  571  493  492.96223576389235  2.519131255296088  -0.02874268965996806  16.843992056484296
0.4926167262864416  571  527  526.6540326386923  2.4914113879599427  -0.022311496870177132  16.755532632424014
0.4926167262864416  571  560  559.7370345961904  2.5237613726167183  -0.016631660658743375  16.668111166977404
0.4926167262864416  571  592  592.289971522701  2.486937289728303  -0.00998477948918734  16.581521319063913
0.4926167262864416  571  624  624.2642972311694  2.5838742340679346  -0.006471979240479487  16.49588098337365
0.4926167262864416  570  656  655.5803764426274  2.509516502095039  -0.016124466201644365  16.41109459228241
0.4926167262864416  570  686  686.5061958293356  2.555629958874988  -0.02134882684717833  16.327291332783286
0.4926167262864416  569  717  716.7847173178011  2.5435717862519596  -0.06653363562759892  16.244189672054947
0.4926167262864416  569  747  746.6671165885483  2.540854937034055  -0.03726835168589513  16.162158593220852
0.4926167262864416  568  776  776.0283323363561  2.556530829723897  -0.0030704597155154626  16.08079771524595
0.4926167262864416  568  805  804.8928777002802  2.6168224471553003  -0.02464450022290862  16.000330226931936
0.4926167262864416  567  833  833.3057886297555  2.553637953881207  0.016308429704049894  15.92083335712673
0.4926167262864416  566  861  861.2014609953864  2.5899259446562155  0.004202179746279595  15.841890575848382
0.4926167262864416  565  889  888.6042676619933  2.539525595909936  -0.02947472989448343  15.764109487972428
0.4926167262864416  564  916  915.6326472137972  2.463289388439307  0.002613295197174439  15.686793604965871
0.4926167262864416  563  942  942.1889713402905  2.513417580669511  0.001192307266435912  15.610557377671974
0.4926167262864416  562  968  968.2862604936596  2.4339933752750085  -0.006579734661579092  15.534859792547497
0.4926167262864416  561  994  993.9830402254096  2.4904101265640293  0.00023427454150334827  15.46016712791969
0.4926167262864416  560  1019  1019.3182191389319  2.517515713654234  0.051043780302272024  15.386084610113443
0.7153217262864415  560  36  36.096097733736  2.630804316218388  -0.018124017310871692  17.983836096925636
0.7153217262864415  562  78  78.34906381433767  2.8067799790668175  -0.006694560736507046  17.88308839342046
0.7153217262864415  563  120  119.68696678277567  2.5590197626614213  -0.0297745862081283  17.783133573968403
0.7153217262864415  564  160  160.29166718147522  2.6874090712624934  -0.05800083303349878  17.684421147647026
0.7153217262864415  566  200  200.16833907516167  2.6269640961118625  -0.02193292313706232  17.586758582364773
0.7153217262864415  567  239  239.2468806704288  2.5222853070604287  0.005877876341341669  17.49042445217467
0.7153217262864415  568  278  277.5810008338491  2.5726220535003677  -0.008731646184404276  17.394991588320053
0.7153217262864415  568  315  315.0015013776313  2.566645721365319  -0.0252017433057203  17.300579591226235
0.7153217262864415  569  352  352.00422610881105  2.5149653684926534  -0.007127676768441481  17.20729032963816
0.7153217262864415  569  388  388.1190002070877  2.5612579274319387  -0.01478766822145516  17.115063856390428
0.7153217262864415  570  424  423.7367140807872  2.3976483716497796  -0.022088850694505228  17.0236332081308
0.7153217262864415  570  459  458.6131762630742  2.5212461672772974  -0.034789172547921486  16.93336145884987
0.7153217262864415  570  493  492.8476991765721  2.5428923153361893  -0.04006443345752027  16.843992056484296
0.7153217262864415  570  527  526.5576734831612  2.432917403874967  -0.031090849108013806  16.755532632424014
0.7153217262864415  570  560  559.6516313383493  2.510952610037748  -0.005589871951053707  16.668111166977404
0.7153217262864415  570  592  592.2108968798033  2.500117120835739  -0.003925603629534582  16.581521319063913
0.7153217262864415  570  624  624.1734195855448  2.552684046984041  -0.005491797888163332  16.49588098337365
0.7153217262864415  569  656  655.5105134968817  2.4909758979833896  -0.004497906971990414  16.41109459228241
0.7153217262864415  569  686  686.4214945943572  2.53832840813061  -0.011158238844266541  16.327291332783286
0.7153217262864415  569  717  716.7977514100945  2.5910461078073013  -0.029590655361266323  16.244189672054947
0.7153217262864415  568  747  746.5912007537487  2.535887778932988  -0.03775738028158445  16.162158593220852
0.7153217262864415  567  776  775.984765299227  2.5660122681211988  0.04113705502394425  16.08079771524595
0.7153217262864415  567  805  804.8204350906421  2.5735410348870573  -0.026154038675473047  16.000330226931936
0.7153217262864415  566  833  833.2482853652828  2.567102121864309  0.021078514367429805  15.92083335712673
0.7153217262864415  565  861  861.1521733881838  2.5996137304573494  0.0052738811116266725  15.841890575848382
0.7153217262864415  564  889  888.5567247504041  2.523724572840365  -0.02762363712255216  15.764109487972428
0.7153217262864415  563  916  915.5843739291037  2.4617035911630865  0.008734776164328939  15.686793604965871
0.7153217262864415  562  942  942.129165484782  2.5270823962182476  -0.005679550739343042  15.610557377671974
0.7153217262864415  561  968  968.2493908241845  2.435216423327347  0.003108128161377581  15.534859792547497
0.7153217262864415  560  994  993.9346668577541  2.480333029476242  -0.0026284740817108586  15.46016712791969
0.7153217262864415  559  1019  1019.2611094629013  2.5122094739014074  0.03952927196838594  15.386084610113443
0.9380267262864415  559  36  35.92993899725625  2.604380978687125  -0.022468872603794716  17.983836096925636
0.9380267262864415  561  78  78.24821677472158  2.628387130657188  -0.017889773236329672  17.88308839342046
0.9380267262864415  562  120  119.57148335673918  2.5677260168263842  -0.00651452158100609  17.783133573968403
0.9380267262864415  564  160  160.24562131949241  2.7658769063450563  0.01016881486410908  17.684421147647026
0.9380267262864415  565  200  200.03930908306918  2.578504696335017  -0.016991620591706703  17.586758582364773
0.9380267262864415  566  239  239.08527490510178  2.555095215078609  -0.013419058512005595  17.49042445217467
0.9380267262864415  567  277  277.4737222403209  2.544292033443867  0.011237120050069875  17.394991588320053
0.9380267262864415  567  315  314.8903895141483  2.5524424235507013  -0.02942577045257884  17.300579591226235
0.9380267262864415  568  352  351.8705060507917  2.4857807455935017  -0.011249440980920698  17.20729032963816
0.9380267262864415  569  388  388.13004478587914  2.588854223647786  0.012252539986312129  17.115063856390428
0.9380267262864415  569  424  423.6251502792005  2.421493222844333  -0.01312348153301193  17.0236332081308
0.9380267262864415  569  459  458.52891742456166  2.469376321259574  -0.021884798830633535  16.93336145884987
0.9380267262864415  569  493  492.7401373497675  2.5277831219320888  -0.04410235547770209  16.843992056484296
0.9380267262864415  569  526  526.4868712495206  2.4590277415638866  -0.014896334022096062  16.755532632424014
0.9380267262864415  569  560  559.5570790717599  2.493639038236779  -0.010946343542808523  16.668111166977404
0.9380267262864415  569  592  592.1029388713375  2.4940140627616074  -0.008544478230796603  16.581521319063913
0.9380267262864415  569  624  624.0840166806688  2.5457351324660067  -0.004347186884485369  16.49588098337365
0.9380267262864415  569  655  655.4729022806762  2.4463979535937597  -0.0003746537940876235  16.41109459228241
0.9380267262864415  568  686  686.3385009726254  2.5541999272804787  -0.012439360761637883  16.327291332783286
0.9380267262864415  568  717  716.7136750635281  2.572263377097215  -0.034920242713052795  16.244189672054947
0.9380267262864415  567  747  746.5157375657835  2.503837985948394  -0.03803494412229282  16.162158593220852
0.9380267262864415  566  776  775.8875616787108  2.5562427696143004  -0.01586427982266247  16.08079771524595
0.9380267262864415  566  805  804.7694983986225  2.563481925766837  -0.02068162073349763  16.000330226931936
0.9380267262864415  565  833  833.1734253520308  2.616458394518986  0.010524945636139472  15.92083335712673
0.9380267262864415  564  861  861.102666151909  2.638275113152986  0.01088195416875734  15.841890575848382
0.9380267262864415  563  888  888.5017318543537  2.526295802138975  -0.022363248098634138  15.764109487972428
0.9380267262864415  562  916  915.5454132118334  2.4757937212280012  0.010219688566305113  15.686793604965871
0.9380267262864415  561  942  942.0791451694427  2.5206767055281034  -0.010239480727157945  15.610557377671974
0.9380267262864415  560  968  968.1918994814106  2.4122249674655905  -0.008100710134564435  15.534859792547497
0.9380267262864415  559  994  993.9069742962246  2.5168691028914054  0.008561906761412897  15.46016712791969
0.9380267262864415  558  1019  1019.2233669585082  2.5418110899051953  0.04803653355202644  15.386084610113443
1.1607317262864414  558  36  35.77120985331168  2.624186483995544  -0.030442367106710763  17.983836096925636
1.1607317262864414  560  78  78.10358311033949  2.64185652671145  -0.018617817239173114  17.88308839342046
1.1607317262864414  561  119  119.4265336324709  2.5863760698902354  -0.003302971683288824  17.783133573968403
1.1607317262864414  563  160  160.17917797379414  2.5475887376152855  0.013926914395709287  17.684421147647026
1.1607317262864414  564  200  199.918289125064  2.5697172368804218  -0.014111925712174846  17.586758582364773
1.1607317262864414  565  239  238.94410642176686  2.542890657300944  -0.023384920332705006  17.49042445217467
1.1607317262864414  566  277  277.36317936562955  2.5588682927765376  0.017561524165641388  17.394991588320053
1.1607317262864414  566  315  314.71845993203016  2.548040661405821  -0.08821257689572251  17.300579591226235
1.1607317262864414  567  352  351.7636149467113  2.4536709502302756  -0.006186001211543445  17.20729032963816
1.1607317262864414  568  388  388.00801143877464  2.5568471396985615  -0.014968679541897038  17.115063856390428
1.1607317262864414  568  424  423.51721433937746  2.407842229304322  -0.0054601671404461176  17.0236332081308
1.1607317262864414  568  458  458.44256139964995  2.4528842995945297  -0.01403024802273565  16.93336145884987
1.1607317262864414  568  493  492.63942836639535  2.5149455034175503  -0.04707745498026727  16.843992056484296
1.1607317262864414  568  526  526.3973989200878  2.454873737522121  -0.011780999607953016  16.755532632424014
1.1607317262864414  568  559  559.4795746445634  2.491730280838965  -0.003637344351990178  16.668111166977404
1.1607317262864414  568  592  592.0115240998282  2.480969229907714  -0.013586373839419094  16.581521319063913
1.1607317262864414  568  624  623.9920939573713  2.556531350566729  -0.008959680327354481  16.49588098337365
1.1607317262864414  568  655  655.4306025238553  2.4889617091562286  -0.00011485860746861403  16.41109459228241
1.1607317262864414  567  686  686.2644792914165  2.5150781904521864  -0.013822822299075234  16.327291332783286
1.1607317262864414  567  717  716.6386156050576  2.558000199448088  -0.037057025849267414  16.244189672054947
1.1607317262864414  566  746  746.456720325848  2.5217147893865786  -0.025880881833215116  16.162158593220852
1.1607317262864414  565  776  775.8453449832206  2.509109290264405  -0.01648442308671575  16.08079771524595
1.1607317262864414  565  805  804.701236389427  2.5460666843775925  -0.025877080701776824  16.000330226931936
1.1607317262864414  564  833  833.126236182104  2.609206046387726  0.015465021569840316  15.92083335712673
1.1607317262864414  563  861  861.0110355074543  2.612124850274313  -0.010076667760581004  15.841890575848382
1.1607317262864414  562  888  888.4389157074895  2.4904259676411584  -0.019637317011565677  15.764109487972428
1.1607317262864414  561  915  915.4718170779718  2.474316967797222  -0.0011549381642641642  15.686793604965871
1.1607317262864414  560  942  942.0552683055676  2.460316108805955  -0.0002952793069957518  15.610557377671974
1.1607317262864414  559  968  968.1628019339367  2.4052319856157283  -0.004382195727638772  15.534859792547497
1.1607317262864414  558  994  993.853518262091  2.509311569330862  -0.004002133568389901  15.46016712791969
1.1607317262864414  557  1019  1019.1824401393883  2.510215220893201  0.04761247239222336  15.386084610113443
1.3834367262864418  557  36  35.634608945903864  2.619091223304551  -0.02101418331147903  17.983836096925636
1.3834367262864418  559  78  77.9606131215281  2.635521999503112  -0.018539677427673287  17.88308839342046
1.3834367262864418  560  119  119.29158437030794  2.6280471807903325  -0.009031321686430362  17.783133573968403
1.3834367262864418  562  160  160.01132051074097  2.5511587865782417  -0.012828181006356213  17.684421147647026
1.3834367262864418  563  200  199.79840533999433  2.5747421035809452  -0.009660672599933653  17.586758582364773
1.3834367262864418  564  239  238.79669630634916  2.5088435659168624  -0.04125376864330824  17.49042445217467
1.3834367262864418  565  277  277.24564751957195  2.5504344021404677  0.018993914647247267  17.394991588320053
1.3834367262864418  566  315  314.7314275373777  2.606230156111451  -0.02278985136823967  17.300579591226235
1.3834367262864418  566  352  351.6257680483698  2.4264209116164466  -0.013477200709295856  17.20729032963816
1.3834367262864418  567  388  387.8837220414029  2.501334849777436  -0.02772725575477367  17.115063856390428
1.3834367262864418  567  423  423.426661288325  2.4146552908237027  0.017451431929151606  17.0236332081308
1.3834367262864418  567  458  458.3555150021968  2.4504832727928942  -0.0029092903669684245  16.93336145884987
1.3834367262864418  567  493  492.54256837508444  2.460265901940602  -0.03780920498061277  16.843992056484296
1.3834367262864418  567  526  526.3142471098968  2.442383779364718  -0.0012503774257620116  16.755532632424014
1.3834367262864418  567  559  559.4144107630192  2.523669993221347  0.015865913305172386  16.668111166977404
1.3834367262864418  567  592  591.9180554608622  2.4752207215603903  -0.014991138309177194  16.581521319063913
1.3834367262864418  567  624  623.9050755564692  2.5463287768488954  -0.012998889936749301  16.49588098337365
1.3834367262864418  567  655  655.3459227980358  2.521492759421335  -0.001106576148176439  16.41109459228241
1.3834367262864418  566  686  686.198371913083  2.5334875285661838  -0.005441006146279303  16.327291332783286
1.3834367262864418  566  717  716.5674829986382  2.5514959397406756  -0.038711117724283824  16.244189672054947
1.3834367262864418  565  746  746.4011543550477  2.515795567866917  -0.01604176648321477  16.162158593220852
1.3834367262864418  565  776  775.8107827708985  2.546642952702996  -0.0016861105649772412  16.08079771524595
1.3834367262864418  564  805  804.6410961660149  2.5814136925314415  -0.025830648282842483  16.000330226931936
1.3834367262864418  563  833  833.0548483992789  2.5842680671473772  0.01029370202546823  15.92083335712673
1.3834367262864418  562  861  860.9467385284206  2.623020826362108  -0.004729690847466989  15.841890575848382
1.3834367262864418  561  888  888.3888174647675  2.480288264343244  -0.02114346423226966  15.764109487972428
1.3834367262864418  561  915  915.4459615296598  2.429594530754912  0.00755904654411357  15.686793604965871
1.3834367262864418  560  942  942.043776911593  2.491437485090728  0.014056702259212503  15.610557377671974
1.3834367262864418  559  968  968.1098857053382  2.3891601201589765  -0.011368989505111601  15.534859792547497
1.3834367262864418  557  994  993.8327703244779  2.4406074754688234  0.0021021555563559124  15.46016712791969
1.3834367262864418  556  1019  1019.1381671395638  2.522355676725624  0.03780993137806247  15.386084610113443
1.6061417262864413  556  36  35.491015495558855  2.6110076098726864  -0.011946341679098218  17.983836096925636
1.6061417262864413  558  78  77.80874281229424  2.6219728796287427  -0.025547686554485496  17.88308839342046
1.6061417262864413  559  119  119.14380982003681  2.6800155883782395  -0.015848453009046498  17.783133573968403
1.6061417262864413  561  160  159.8707368785275  2.5140612987528357  -0.008123030929119849  17.684421147647026
1.6061417262864413  562  200  199.68229924793465  2.5462701718816447  -0.010668653633932636  17.586758582364773
1.6061417262864413  563  239  238.67070619260735  2.480122689109322  -0.03656497827815816  17.49042445217467
1.6061417262864413  564  277  277.0895992862488  2.585119616198881  -0.0019021353039586505  17.394991588320053
1.6061417262864413  565  315  314.6301594638984  2.5051832405437153  -0.04707919905164746  17.300579591226235
1.6061417262864413  565  352  351.51499481428135  2.4600375324976085  -0.0036735037041496508  17.20729032963816
1.6061417262864413  566  388  387.78318550550125  2.4768694536570592  -0.020878740495554476  17.115063856390428
1.6061417262864413  566  423  423.3078810109043  2.4824768620341047  0.008315970503083747  17.0236332081308
1.6061417262864413  566  458  458.25388648706894  2.4615618443085623  -0.0019121163576489091  16.93336145884987
1.6061417262864413  566  492  492.446851297847  2.4526981645635715  -0.0373301575651866  16.843992056484296
1.6061417262864413  566  526  526.2079218667736  2.4849516287190454  -0.007084150273713867  16.755532632424014
1.6061417262864413  566  559  559.3204277543891  2.5871091731182787  0.012761985734653957  16.668111166977404
1.6061417262864413  566  592  591.8261900595314  2.462336335781629  -0.015461269918413886  16.581521319063913
1.6061417262864413  566  624  623.8225486062483  2.5380276034493363  -0.012358337010914586  16.49588098337365
1.6061417262864413  566  655  655.2826320083517  2.5601649096465735  0.0009995068658610771  16.41109459228241
1.6061417262864413  565  686  686.1154705115925  2.517018219782358  -0.009361002246134634  16.327291332783286
1.6061417262864413  565  716  716.5060809515744  2.541602721279787  -0.03264632411876755  16.244189672054947
1.6061417262864413  564  746  746.3471795361461  2.5035214934503074  -0.01655222187696897  16.162158593220852
1.6061417262864413  564  776  775.7573075062388  2.5278467320365507  -0.008844454043729872  16.08079771524595
1.6061417262864413  563  805  804.58284022199  2.536139622397627  -0.02389950842226325  16.000330226931936
1.6061417262864413  562  833  832.9940846352449  2.6438936567533347  0.0016701920263349382  15.92083335712673
1.6061417262864413  561  861  860.89293239595  2.628700956649709  -0.009127513840259734  15.841890575848382
1.6061417262864413  560  888  888.3565076132681  2.4216257179045897  -0.021629920140727447  15.764109487972428
1.6061417262864413  560  915  915.4379488547804  2.480532921233589  0.021708316853408426  15.686793604965871
1.6061417262864413  559  942  941.9889554295088  2.486271441789995  0.002445438701771127  15.610557377671974
1.6061417262864413  558  968  968.1028664976933  2.4637663500309372  0.0024243075863083683  15.534859792547497
1.6061417262864413  557  994  993.7875692164405  2.4020012974858673  0.00815939424891993  15.46016712791969
1.6061417262864413  555  1019  1019.0855523752996  2.5240299534337964  0.022793655070857736  15.386084610113443
1.8288467262864407  555  35  35.3524448531595  2.6160014933074507  -0.013037686111700527  17.983836096925636
1.8288467262864407  557  78  77.6997362289444  2.6201336426895097  -0.0012019369761680659  17.88308839342046
1.8288467262864407  558  119  118.98841333011597  2.651810225048905  -0.031988826071448505  17.783133573968403
1.8288467262864407  560  160  159.73607016016098  2.5160209266587117  -0.00446199568933074  17.684421147647026
1.8288467262864407  561  200  199.56759452004974  2.5649286494749504  0.005692506010978805  17.586758582364773
1.8288467262864407  562  239  238.54731131090048  2.4366591371244795  -0.037995614993165595  17.49042445217467
1.8288467262864407  563  277  276.95628451771285  2.582170118042427  -0.010372302275078519  17.394991588320053
1.8288467262864407  564  315  314.5231420754385  2.498034202757367  -0.04126281506131933  17.300579591226235
1.8288467262864407  564  351  351.40187514188506  2.476937439194444  0.0011719639084429574  17.20729032963816
1.8288467262864407  565  388  387.68283371170605  2.4694886521779154  -0.012991822699796807  17.115063856390428
1.8288467262864407  565  423  423.19098760526737  2.5075021932844948  -0.006121637030120864  17.0236332081308
1.8288467262864407  565  458  458.1590796682488  2.458250038627739  0.0014552939530958786  16.93336145884987
1.8288467262864407  565  492  492.36759105844106  2.466335501794674  -0.02667085651387138  16.843992056484296
1.8288467262864407  566  526  526.2079218667736  2.4849516287190454  -0.007084150273713867  16.755532632424014
1.8288467262864407  565  559  559.2275448943295  2.5998933275211584  0.004107035995729348  16.668111166977404
1.8288467262864407  565  592  591.726795719324  2.4476294548260285  -0.015003939064619618  16.581521319063913
1.8288467262864407  565  624  623.7443242776186  2.499525803865481  -0.007024010255137919  16.49588098337365
1.8288467262864407  565  655  655.1927989875502  2.578009400609062  -0.007115489889620889  16.41109459228241
1.8288467262864407  564  686  686.0214880460455  2.5203050011803043  -0.022695641745492188  16.327291332783286
1.8288467262864407  564  716  716.4396819708514  2.550158269868234  -0.02350725914208797  16.244189672054947
1.8288467262864407  563  746  746.2730045225063  2.52943979145698  -0.016672932400114037  16.162158593220852
1.8288467262864407  563  776  775.6944799879723  2.5053514456121775  4.8252733119644003e-05  16.08079771524595
1.8288467262864407  562  805  804.5225173726332  2.5358020489061346  -0.02470245697237709  16.000330226931936
1.8288467262864407  561  833  832.9250916028876  2.590795396231897  -0.005905130271227289  15.92083335712673
1.8288467262864407  560  861  860.8346501252867  2.632119250591586  -0.013950290412173954  15.841890575848382
1.8288467262864407  560  888  888.3506049063452  2.4187865749065622  0.008191874124706233  15.764109487972428
1.8288467262864407  559  915  915.3897648161907  2.5302691787389904  0.020185928084271186  15.686793604965871
1.8288467262864407  558  942  941.9465767532822  2.5080304102650643  0.009024866056668815  15.610557377671974
1.8288467262864407  557  968  968.0632165303604  2.4816586664924216  0.0004802166542599003  15.534859792547497
1.8288467262864407  556  994  993.7799673325875  2.449179517775292  0.017921845082461862  15.46016712791969
1.8288467262864407  554  1019  1019.0639251835264  2.5224374024234066  0.03193688320899901  15.386084610113443
2.051551726286441  554  35  35.2208246938325  0.014838417685567151  -0.0961383479840642  17.983836096925636
2.051551726286441  556  78  77.5350560270241  2.62484502139705  -0.00816852950521164  17.88308839342046
2.051551726286441  557  119  118.81867805012537  2.6690306114329303  -0.08007695997687952  17.783133573968403
2.051551726286441  559  160  159.6164082771562  2.472370326804082  0.002036161622676658  17.684421147647026
2.051551726286441  560  199  199.4369803777282  2.6239897408610773  0.005493402321195483  17.586758582364773
2.051551726286441  561  238  238.42810826664828  2.4511211134504265  -0.02538817865454568  17.49042445217467
2.051551726286441  562  277  276.81183786171357  2.5403672164788986  -0.02404163403136055  17.394991588320053
2.051551726286441  563  314  314.41338910662654  2.486180945778983  -0.027302255610772402  17.300579591226235
2.051551726286441  563  351  351.29640747804433  2.508569713521524  0.011723622254654776  17.20729032963816
2.051551726286441  564  388  387.5996657449437  2.4992883031081874  0.0006504429149840601  17.115063856390428
2.051551726286441  564  423  423.07224848335494  2.5341862376425297  -0.017902844750787354  17.0236332081308
2.051551726286441  564  458  458.04381865057013  2.4648132659107205  -0.0030506376906663103  16.93336145884987
2.051551726286441  565  492  492.3673207264028  2.4719966328754026  -0.023165262888319247  16.843992056484296
2.051551726286441  565  526  526.1163473366357  2.4743084940721474  -0.001206343846262123  16.755532632424014
2.051551726286441  565  559  559.2275286606584  2.600502951152521  0.004343009379422323  16.668111166977404
2.051551726286441  564  592  591.6330417914917  2.444155509400616  -0.01776851071013062  16.581521319063913
2.051551726286441  564  624  623.6616923228854  2.4770791422076854  -0.00022949107383555108  16.49588098337365
2.051551726286441  564  655  655.1111917916915  2.6058551633284424  -0.0051941910113978435  16.41109459228241
2.051551726286441  563  686  685.9517161274491  2.5410810312089325  -0.024826636484716405  16.327291332783286
2.051551726286441  563  716  716.3710318342415  2.564106926316299  -0.02241501819593952  16.244189672054947
2.051551726286441  562  746  746.2125911269133  2.5469234397942273  -0.012060035448928365  16.162158593220852
2.051551726286441  562  776  775.6346740026693  2.526005405938804  0.0047249548801006685  16.08079771524595
2.051551726286441  561  804  804.4634573868248  2.5330387832952965  -0.01395000156256305  16.000330226931936
2.051551726286441  560  833  832.8681839201015  2.575984386701748  -0.007428428852792686  15.92083335712673
2.051551726286441  559  861  860.772315675667  2.5500075330239724  -0.02993006343040347  15.841890575848382
2.051551726286441  559  888  888.3037653041716  2.4828906462948908  -0.004483641320790792  15.764109487972428
2.051551726286441  558  915  915.35290515073  2.522767834377646  0.026982404191037725  15.686793604965871
2.051551726286441  557  942  941.8947419710528  2.4939468194147594  0.0030931741576437303  15.610557377671974
2.051551726286441  556  968  968.0309185403703  2.4657451213424793  0.006400914091593967  15.534859792547497
2.051551726286441  555  994  993.7434136809051  2.4436343605602815  0.01232638824758171  15.46016712791969
2.051551726286441  554  1019  1019.0490979092948  2.5454592880331575  0.05029093945966172  15.386084610113443
2.2742567262864415  553  35  35.05390558103883  2.6257331695872352  -0.009280699376546396  17.983836096925636
2.2742567262864415  555  77  77.39392986051054  2.672556347162981  0.007945709985597921  17.88308839342046
2.2742567262864415  556  119  118.74227883569307  2.814443971044298  -0.05041127551911824  17.783133573968403
2.2742567262864415  558  159  159.46308287339338  2.4790113455715073  0.0075826945538270294  17.684421147647026
2.2742567262864415  559  199  199.29112694511883  2.594964160769507  0.008747744872702017  17.586758582364773
2.2742567262864415  560  238  238.29003391084856  2.4513254802419624  -0.02563415447520547  17.49042445217467
2.2742567262864415  561  277  276.6888575875212  2.5150995134497407  -0.0150702485362166  17.394991588320053
2.2742567262864415  562  314  314.29727887623073  2.495920202375146  -0.026632742684203403  17.300579591226235
2.2742567262864415  562  351  351.15931690249744  2.510857601202815  -0.0009779967565659972  17.20729032963816
2.2742567262864415  563  388  387.50905550038647  2.5048647068891796  0.017930575719120757  17.115063856390428
2.2742567262864415  563  423  422.93271553036703  2.510428453892928  -0.029319154831332645  17.0236332081308
2.2742567262864415  563  458  457.9282473339273  2.428868385834619  -0.0016996797589877502  16.93336145884987
2.2742567262864415  564  492  492.28054220279984  2.489413795851192  -0.013489671591252974  16.843992056484296
2.2742567262864415  564  526  526.0118855753476  2.458251950767817  -0.0019747547614123507  16.755532632424014
2.2742567262864415  564  559  559.139934080554  2.6048910734539277  0.00015769913931096077  16.668111166977404
2.2742567262864415  563  592  591.5626179226169  2.4387293665811285  -0.008360342675157787  16.581521319063913
2.2742567262864415  563  624  623.5723168563924  2.463852155268796  -0.0005677813594998286  16.49588098337365
2.2742567262864415  563  655  655.0298403355298  2.605880348080973  -0.009823221723249686  16.41109459228241
2.2742567262864415  562  686  685.8896829035975  2.5153303129459346  -0.01183606189995573  16.327291332783286
2.2742567262864415  562  716  716.3174126869941  2.559760817915958  -0.017573370279115676  16.244189672054947
2.2742567262864415  561  746  746.1681477889011  2.5691513581789422  0.006677119609730616  16.162158593220852
2.2742567262864415  561  776  775.5878919989876  2.4976103659978435  0.015565597901973772  16.08079771524595
2.2742567262864415  560  804  804.3894282858156  2.5359885030363785  -0.0207459473470975  16.000330226931936
2.2742567262864415  559  833  832.7942784280569  2.5646747738996964  -0.01272657247832254  15.92083335712673
2.2742567262864415  559  861  860.7523418679281  2.506421207055155  -0.009740758714168195  15.841890575848382
2.2742567262864415  558  888  888.2664366011246  2.464982497317351  0.005509912911473934  15.764109487972428
2.2742567262864415  557  915  915.2904597781456  2.528974790855955  0.018022988247687236  15.686793604965871
2.2742567262864415  556  942  941.8403414271378  2.4417652006357002  -0.0001189632715452611  15.610557377671974
2.2742567262864415  555  968  967.9845584014955  2.449876669518517  0.005560129807407855  15.534859792547497
2.2742567262864415  554  994  993.7030099217012  2.43276931836931  0.012181991223173344  15.46016712791969
2.2742567262864415  553  1019  1019.0137703143315  2.533975130756062  0.038005468684761755  15.386084610113443
2.496961726286441  552  35  34.836557097212555  2.6294070143598844  -0.03245841546971016  17.983836096925636
2.496961726286441  554  77  77.22264572243277  2.6479983433297605  -0.011523143004186666  17.88308839342046
2.496961726286441  556  119  118.68315779827816  2.7544054936989824  0.003676854071257323  17.783133573968403
2.496961726286441  557  159  159.33061708238512  2.5087828279540076  0.020150990050026078  17.684421147647026
2.496961726286441  558  199  199.15501063831596  2.6055346809343405  0.001309438011212746  17.586758582364773
2.496961726286441  559  238  238.15350718539514  2.4762919073997978  -0.021250446685707518  17.49042445217467
2.496961726286441  560  277  276.5683423541647  2.473564325009079  -0.01954608636300975  17.394991588320053
2.496961726286441  561  314  314.17495372685295  2.550304961827237  -0.020248920079250058  17.300579591226235
2.496961726286441  561  351  351.0229687440775  2.4937400983156977  -0.023162593769588024  17.20729032963816
2.496961726286441  562  387  387.38692776061123  2.5225904747209142  0.011758817795116254  17.115063856390428
2.496961726286441  562  423  422.81640718115244  2.5208068046620156  -0.040379213570977665  17.0236332081308
2.496961726286441  563  458  457.93346232049464  2.428818865324274  0.0009560905498194049  16.93336145884987
2.496961726286441  563  492  492.18188594964596  2.4904752973817494  -0.016754648389905633  16.843992056484296
2.496961726286441  563  526  525.8919030932884  2.448194500135287  -0.01058015685275076  16.755532632424014
2.496961726286441  563  559  559.0345965564698  2.6022843100179216  0.0008829360602934083  16.668111166977404
2.496961726286441  562  592  591.4943626400294  2.442549999260109  0.009127903104059174  16.581521319063913
2.496961726286441  562  624  623.5214583217258  2.447599045890911  0.02437329421801872  16.49588098337365
2.496961726286441  562  655  654.9268754436218  2.643814554811115  -0.02080291094531171  16.41109459228241
2.496961726286441  561  686  685.848026479603  2.447198586494551  -0.007406530389873027  16.327291332783286
2.496961726286441  561  716  716.2470601072333  2.5533155665250433  -0.00806146557827071  16.244189672054947
2.496961726286441  560  746  746.0832370540652  2.5408662545387415  -0.008076320083103848  16.162158593220852
2.496961726286441  560  776  775.5146871522451  2.522482110241299  0.016049378541375427  16.08079771524595
2.496961726286441  559  804  804.3226760189544  2.485116807064287  -0.019118512155692175  16.000330226931936
2.496961726286441  558  833  832.7303666499693  2.558563142167486  -0.017016113873605725  15.92083335712673
2.496961726286441  558  861  860.7136134218047  2.6252440451853545  -0.02049738872499405  15.841890575848382
2.496961726286441  557  888  888.2159281529375  2.4660208328070894  0.012894005122763418  15.764109487972428
2.496961726286441  556  915  915.2384814620576  2.5640942672223446  0.017460973547301622  15.686793604965871
2.496961726286441  555  942  941.7928873754499  2.469216867209525  -0.010038637525740805  15.610557377671974
2.496961726286441  554  968  967.9578292394227  2.466831270641933  0.014404623949771237  15.534859792547497
2.496961726286441  553  994  993.6456119092754  2.4224426146301994  0.011217062488737153  15.46016712791969
2.496961726286441  552  1019  1018.9767475138539  2.508507268267522  0.035523554176276874  15.386084610113443
