# Band 2A   Etalon 1A   Slice 17
# Distortion map version 06.04.00 - date 2018-10-16
# Trace (isoalpha): Take pixel trace along specified slice, specified alpha position trace is built by taking the pixel in every detector row with alpha value closest to the one specified 
# xpos[i] = np.argmin(alpha_img[i,:])+funcs.find_nearest(alpha_img[i,:][(slice_img[i,:]!=0)],alpha_pos)
#    alpha       x  y      center         FWHM          skewness
0.0  951  11  11.4917459171  1.6035886572  0.113903223152
0.0  952  23  23.2461090306  1.66057113068  0.0898989067337
0.0  952  35  34.8511614465  1.67172433947  0.0435164943186
0.0  953  47  46.7621731054  1.64341078304  0.0244520901176
0.0  954  59  58.7775319124  1.8182952519  0.146432534773
0.0  954  71  70.6891805959  1.54697076725  0.0364631089238
0.0  955  83  82.8901442612  1.59693475182  0.0618114098638
0.0  955  95  95.0030528011  1.58770323941  0.0964080317715
0.0  956  107  107.418393227  1.43394413875  0.142820056827
0.0  956  120  119.635648143  1.42862390445  0.0424481558925
0.0  957  132  132.277743913  1.52526214845  0.113328017815
0.0  957  145  144.699207402  1.503007309  0.0230170144089
0.0  958  158  157.513874184  1.50462033372  0.0565478501065
0.0  958  170  170.220953674  1.59180632378  0.0933006513456
0.0  959  183  183.185583487  1.59512956796  0.0620359076512
0.0  959  196  196.088913591  1.62160382575  0.0838995031387
0.0  960  209  209.278311376  1.54819829101  0.0914054549482
0.0  960  222  222.391367983  1.45773239369  0.134325656711
0.0  961  236  235.713531029  1.54524529199  0.0334803787367
0.0  961  249  249.071570448  1.57621343249  0.0892555162563
0.0  961  262  262.494901417  1.26157528251  0.10966846367
0.0  962  276  276.242253861  1.53183648987  0.0999977780604
0.0  962  290  289.822755904  1.59363026503  0.0122962641484
0.0  963  304  303.672077227  1.66158627473  0.0025054886806
0.0  963  318  317.649473709  1.55055326856  0.0156358203545
0.0  963  332  331.64306856  1.59564126678  0.0347595208385
0.0  963  346  345.746379871  1.62087337085  0.0334825672848
0.0  964  360  360.212366676  1.60334867803  0.110311508703
0.0  964  375  374.518410615  1.51146845162  0.0721273346067
0.0  964  389  389.007875478  1.65881297264  0.089576522336
0.0  964  404  403.580826504  1.46619970986  0.0598227396462
0.0  965  418  418.496087061  1.34969615701  0.0806758454589
0.0  965  433  433.383051228  1.49169842791  0.0960284426291
0.0  965  448  448.354020638  1.56784318257  0.0755500986646
0.0  965  463  463.450641145  1.51979602312  0.054493910682
0.0  965  479  478.642393384  1.60910400648  -0.0042969046392
0.0  965  494  494.049035674  1.69739441921  0.040772482958
0.0  965  510  509.545060534  1.66815889467  0.0452692920372
0.0  965  525  525.210609248  1.71577765922  0.0709385662818
0.0  965  541  540.960902883  1.75471293578  0.0562693044424
0.0  965  557  556.871947452  1.75377441211  0.0547599726448
0.0  965  573  572.964697137  1.76922938669  0.0719989277219
0.0  965  589  589.193576759  1.72528904507  0.0783850293542
0.0  965  606  605.543982794  1.6223442275  0.0528289246543
0.0  965  622  622.061277672  1.7917887718  0.0314588792411
0.0  965  639  638.675606227  1.72390468334  -0.024538721636
0.0  965  656  655.515856834  1.74259322329  0.00596404535999
0.0  965  672  672.475324796  1.7765509472  0.0124400979426
0.0  964  689  689.4350662  1.84070401196  0.0206895713811
0.0  964  707  706.674357918  1.84291957094  -0.032087808699
0.0  964  724  724.156213134  1.92459610058  0.0601219075725
0.0  963  742  741.560596746  1.79262095349  -0.0174425083784
0.0  963  759  759.358195669  1.89653708641  0.10324861551
0.0  963  777  777.308721331  1.90974545493  0.11400762501
0.0  962  795  795.267719106  1.95388193466  0.0998538188694
0.0  962  814  813.522500616  1.87359119167  0.0544903654879
0.0  961  832  831.848979892  1.97988022954  0.0327646099848
0.0  961  850  850.489717845  1.8700973534  0.0222936306129
0.0  960  869  869.223254369  2.07665003017  0.0407247058265
0.0  959  888  888.137280815  1.91668654775  0.0146119064471
0.0  959  907  907.297322587  2.1258298443  0.0252147494976
0.0  958  927  926.518634495  2.04944565416  -0.027186963369
0.0  957  946  945.984357085  2.20248489077  -0.00469848835133
0.0  956  966  965.685514085  2.13014129965  -0.016856762063
0.0  956  986  985.61055717  2.2367907886  0.0131889895865
0.0  955  1006  1005.62561459  2.29165128785  0.0056959103958
-1.30741615522  957  13  12.7277717488  1.63098793329  0.0474647609808
-1.30741615522  958  24  24.5066198537  1.57950421346  0.0940547376762
-1.30741615522  959  36  36.3273141755  1.86574621701  0.148035315819
-1.30741615522  959  48  48.0902245623  1.66931356818  0.0990857948319
-1.30741615522  960  60  60.1173356716  1.64170772235  0.107037595663
-1.30741615522  960  72  71.999045537  1.63819889199  0.104185084783
-1.30741615522  961  84  84.2129654784  1.55110831158  0.155350601427
-1.30741615522  961  96  96.2657306747  1.50940531394  0.0715962525447
-1.30741615522  962  109  108.593684048  1.35665763756  0.0601817859674
-1.30741615522  963  121  121.15081197  1.54529189288  0.198261152936
-1.30741615522  963  133  133.483521632  1.46304793011  0.121073373522
-1.30741615522  964  146  146.196415506  1.56850914152  0.131678863628
-1.30741615522  964  159  158.70611996  1.5666252501  0.043483478685
-1.30741615522  965  172  171.607323528  1.60009343039  0.0957319654238
-1.30741615522  965  184  184.401027095  1.52221182278  0.0941374071922
-1.30741615522  966  197  197.475583914  1.77880615081  0.15680513104
-1.30741615522  966  210  210.465262876  1.45701597642  0.0919237216657
-1.30741615522  966  224  223.529590299  1.48411846492  0.0611387576797
-1.30741615522  967  237  236.933974246  1.58975675715  0.0808565360562
-1.30741615522  967  250  250.285954218  1.49325128108  0.154204913205
-1.30741615522  968  264  263.833560121  1.58243734344  0.0525981395133
-1.30741615522  968  277  277.390103792  1.50582992332  0.105288366707
-1.30741615522  968  291  291.003936483  1.61874033625  0.057418357399
-1.30741615522  969  305  304.93561815  1.62628706613  0.0282840376662
-1.30741615522  969  319  318.795498762  1.62957057839  0.0214824606756
-1.30741615522  969  333  332.785588878  1.61964645793  0.0425473564468
-1.30741615522  970  347  347.10690182  1.66263101373  0.0777301495092
-1.30741615522  970  361  361.342502216  1.60503179512  0.103236122642
-1.30741615522  970  376  375.633733605  1.61043671015  0.0613430232936
-1.30741615522  970  390  390.143608641  1.6359360769  0.128876983249
-1.30741615522  971  405  404.865833426  1.62079658385  0.0623831141195
-1.30741615522  971  420  419.58314286  1.50647424832  0.0425362523729
-1.30741615522  971  434  434.462291785  1.43611361923  0.0802610073217
-1.30741615522  971  449  449.439560344  1.52998956568  0.0756667969084
-1.30741615522  971  465  464.511234246  1.54716992451  0.0310179960697
-1.30741615522  971  480  479.717554146  1.64443529541  0.00510222397941
-1.30741615522  972  495  495.270768405  1.93927469311  0.0874968146623
-1.30741615522  972  511  510.76374297  1.71412372518  0.0171243668786
-1.30741615522  972  526  526.437741108  1.66794172492  0.0712437386399
-1.30741615522  972  542  542.227081925  1.72821044405  0.109472076336
-1.30741615522  972  558  558.146736941  1.76149289233  0.11647678479
-1.30741615522  972  574  574.206337239  1.72492833838  0.120872810399
-1.30741615522  972  590  590.400819558  1.64009821997  0.10229427486
-1.30741615522  971  607  606.551707897  1.63507848589  0.0438427174751
-1.30741615522  971  623  623.055281804  1.82443035773  0.023611340818
-1.30741615522  971  640  639.687128038  1.75340320586  -0.00807568433456
-1.30741615522  971  657  656.503401168  1.74618927405  -0.000561657524171
-1.30741615522  971  673  673.466675769  1.79351777291  0.0174352575633
-1.30741615522  971  691  690.564477807  1.84978969763  0.0166600472518
-1.30741615522  970  708  707.662831793  1.87350494905  0.0202342738452
-1.30741615522  970  725  725.112222964  1.96809550378  0.051745361835
-1.30741615522  970  743  742.677715188  1.90572695201  0.043705711368
-1.30741615522  969  760  760.308989545  1.90719725856  0.0958074161573
-1.30741615522  969  778  778.245789384  1.94158924351  0.109069272011
-1.30741615522  968  796  796.195551333  1.97877628836  0.0967933072468
-1.30741615522  968  814  814.468935112  1.88153250485  0.0723172577692
-1.30741615522  967  833  832.749526311  1.97547567527  0.0227474759119
-1.30741615522  967  851  851.4347385  1.93929855263  0.045861057677
-1.30741615522  966  870  870.126075466  2.04907514085  0.0360178188627
-1.30741615522  966  889  889.134250048  2.12239696133  0.0210311755006
-1.30741615522  965  908  908.191913131  2.09817183823  0.0119257974171
-1.30741615522  964  927  927.425966294  2.1111030043  0.00412358966936
-1.30741615522  963  947  946.827724708  2.1395855245  -0.076199678373
-1.30741615522  963  967  966.623658434  2.19743429963  -0.0213526353539
-1.30741615522  962  986  986.461239375  2.20698216147  -0.000848731565426
-1.30741615522  961  1007  1006.50286337  2.27517054829  0.0165395056248
-1.11337615522  956  13  12.5384788661  1.57952061465  0.0712401875137
-1.11337615522  957  24  24.3145012699  1.60079071476  0.107997521011
-1.11337615522  958  36  36.172757292  1.63034240388  0.120437241104
-1.11337615522  958  48  47.855923895  1.67113702862  0.0658819127915
-1.11337615522  959  60  59.8716609517  1.64492901719  0.0743418281256
-1.11337615522  959  72  71.7220890786  1.56100519775  0.0207888430477
-1.11337615522  960  84  83.9742351005  1.63074786616  0.107912381399
-1.11337615522  961  96  96.193175304  1.79083862911  0.146812398185
-1.11337615522  961  108  108.445910889  1.3801744414  0.172651255469
-1.11337615522  962  121  120.872030611  1.56123810013  0.0684563595748
-1.11337615522  962  133  133.292844243  1.53836322011  0.116074193625
-1.11337615522  963  146  145.95163227  1.59865959946  0.0796110708752
-1.11337615522  963  159  158.524342295  1.47654793348  0.0771396616763
-1.11337615522  964  171  171.428839436  1.51101414601  0.15031900852
-1.11337615522  964  184  184.222685276  1.58381605899  0.10856185675
-1.11337615522  965  197  197.283330757  1.55244002757  0.100566372578
-1.11337615522  965  210  210.289561448  1.52896685674  0.127771270916
-1.11337615522  966  224  223.546969522  1.6920772116  0.168670236843
-1.11337615522  966  237  236.701626551  1.54355137702  0.0351009520465
-1.11337615522  966  250  250.076656289  1.56253565607  0.125430620519
-1.11337615522  967  264  263.615777612  1.46338368486  0.0365169265837
-1.11337615522  967  277  277.188501325  1.56074974081  0.0886848806007
-1.11337615522  967  291  290.864521  1.83727387591  -0.00131502070656
-1.11337615522  968  305  304.726643578  1.55225988483  0.0162468152668
-1.11337615522  968  319  318.603712651  1.54896765693  0.0210005109919
-1.11337615522  968  333  332.581198894  1.54157184119  0.018005695557
-1.11337615522  969  347  346.887469462  1.67442480659  0.0499389644489
-1.11337615522  969  361  361.126430428  1.64580201667  0.0907129715745
-1.11337615522  969  375  375.455530643  1.54122681897  0.0804475085774
-1.11337615522  970  390  390.038930986  1.86384185589  0.0880670392344
-1.11337615522  970  405  404.66679336  1.54807332753  0.0459860036686
-1.11337615522  970  419  419.431001843  1.47986935989  0.0953606727808
-1.11337615522  970  434  434.295720497  1.54577928565  0.0963403410926
-1.11337615522  970  449  449.258632105  1.61539013284  0.070245953072
-1.11337615522  970  464  464.355805053  1.58833049955  0.0682894997869
-1.11337615522  971  480  479.636135129  1.7282616999  0.0109393831356
-1.11337615522  971  495  495.121677625  1.72981463268  0.041726828941
-1.11337615522  971  511  510.604652834  1.6652610667  0.0369214961117
-1.11337615522  971  526  526.26076487  1.70210034168  0.0870093414399
-1.11337615522  971  542  542.021705803  1.76194512112  0.0801356560269
-1.11337615522  971  558  557.934306104  1.75922654013  0.0809658545379
-1.11337615522  971  574  574.00452199  1.75527328547  0.0872161489217
-1.11337615522  971  590  590.239389689  1.71468165293  0.107010928436
-1.11337615522  971  607  606.551751784  1.63662648342  0.0443092317994
-1.11337615522  970  623  622.856227408  1.79372741168  -0.00570222063714
-1.11337615522  970  640  639.537677039  1.67707460331  0.0160431334486
-1.11337615522  970  656  656.352137823  1.78028470747  0.0294219559928
-1.11337615522  970  673  673.30052984  1.85162697799  0.0253458567869
-1.11337615522  970  690  690.424641553  1.82440460982  0.0357458158676
-1.11337615522  969  708  707.504066672  1.87638145401  0.0277746348373
-1.11337615522  969  725  724.928321254  1.95597778113  0.0354042926594
-1.11337615522  969  743  742.518700039  1.87538265328  0.0564017434849
-1.11337615522  968  760  760.152786243  1.96604391865  0.100266435522
-1.11337615522  968  778  778.072268561  1.99311496622  0.0824533357265
-1.11337615522  968  796  796.214545305  1.92459544807  0.166360287614
-1.11337615522  967  814  814.332875664  1.91464571135  0.0963101553553
-1.11337615522  967  833  832.702376526  1.75675040481  0.0618428384482
-1.11337615522  966  851  851.297053953  2.01158474048  0.0563176682007
-1.11337615522  965  870  869.940364243  2.05563811108  0.0111340148597
-1.11337615522  965  889  888.955035359  2.11595434065  -0.00436775345308
-1.11337615522  964  908  908.04044343  2.12376382812  0.0114765405449
-1.11337615522  963  927  927.281647943  2.16276790971  0.011237696375
-1.11337615522  963  947  946.77915323  1.97599723692  -0.00616918755854
-1.11337615522  962  966  966.481917336  2.2060141486  -0.000112311856932
-1.11337615522  961  986  986.325111798  2.23972570762  0.0163722054952
-1.11337615522  960  1006  1006.35331511  2.28546446352  0.023870807606
-0.919336155225  955  12  12.3124651769  1.71435240541  -0.0377493696649
-0.919336155225  956  24  24.1040599775  1.68052838479  0.0997060985477
-0.919336155225  957  36  35.9212854407  1.68914016761  0.0728845161095
-0.919336155225  957  48  47.6199086296  1.61514065444  0.0416870136704
-0.919336155225  958  60  59.645943567  1.58137561923  0.0443819600723
-0.919336155225  959  72  71.6201880949  1.68883316822  0.0212283484035
-0.919336155225  959  84  83.7107275789  1.54557366906  0.0485508638304
-0.919336155225  960  96  96.0669088604  1.58204220704  0.137113319668
-0.919336155225  960  108  108.252356293  1.50140530138  0.161383653469
-0.919336155225  961  121  120.64200331  1.3888954955  0.0368205764677
-0.919336155225  961  133  133.059314631  1.56637340041  0.0846058863202
-0.919336155225  962  146  145.725973101  1.5642779582  0.0476539395397
-0.919336155225  962  158  158.35170852  1.51505771258  0.120360386905
-0.919336155225  963  171  171.20911492  1.59416378887  0.0810323727247
-0.919336155225  963  184  183.98067244  1.63405379748  0.0688364772879
-0.919336155225  964  197  197.072277176  1.6039123759  0.0841730279151
-0.919336155225  964  210  210.070550208  1.62441608656  0.0962618262037
-0.919336155225  965  223  223.369077571  1.45523040028  0.136522242592
-0.919336155225  965  237  236.518278245  1.36668416623  0.0763354956493
-0.919336155225  965  250  249.80958114  1.54553091478  0.0484589210609
-0.919336155225  966  263  263.471952614  1.38928449002  0.119125925922
-0.919336155225  966  277  276.969284001  1.5931648406  0.0583367518395
-0.919336155225  967  291  290.771282107  1.55200271513  0.0254778946365
-0.919336155225  967  305  304.546895165  1.48637957549  0.0375001996879
-0.919336155225  967  318  318.449742805  1.53760354809  0.0758229962603
-0.919336155225  968  333  332.582015871  1.56314829922  0.0332425789979
-0.919336155225  968  347  346.690190346  1.62192974678  0.0390801174455
-0.919336155225  968  361  360.914493822  1.65462694564  0.0613874919361
-0.919336155225  968  375  375.294807207  1.58711236432  0.113868080726
-0.919336155225  969  390  389.918104081  1.67249441136  0.0787188703055
-0.919336155225  969  405  404.510930546  1.45062984759  0.0828714191733
-0.919336155225  969  419  419.261137562  1.57909722747  0.112807633279
-0.919336155225  969  434  434.077030851  1.6307033967  0.0543279378492
-0.919336155225  969  449  449.048881666  1.66606980205  0.0529775370733
-0.919336155225  969  464  464.168283512  1.65283266541  0.0500969078257
-0.919336155225  970  480  479.553887501  1.6142657698  0.0241888388101
-0.919336155225  970  495  494.910690906  1.7208171533  0.0172451482977
-0.919336155225  970  510  510.436915733  1.65386626328  0.0633065278592
-0.919336155225  970  526  526.075863618  1.75719791502  0.0791947151122
-0.919336155225  970  542  541.822210076  1.74698272  0.0503626062248
-0.919336155225  970  558  557.737495172  1.73747240499  0.0412269054138
-0.919336155225  970  574  573.805233476  1.74205967194  0.0588168990302
-0.919336155225  970  590  590.034414861  1.75863627876  0.0687914485354
-0.919336155225  970  606  606.407942365  1.6347916761  0.0917813365634
-0.919336155225  969  623  622.66419736  1.68194836749  -0.0863819090106
-0.919336155225  969  639  639.373241599  1.7481582359  0.0294289810955
-0.919336155225  969  656  656.175981633  1.83524838733  0.0187720861097
-0.919336155225  969  673  673.132009521  1.89634393224  0.0203954769947
-0.919336155225  969  690  690.258265767  1.87665418327  0.0412188438828
-0.919336155225  968  707  707.344545465  1.9055905019  0.0207888304565
-0.919336155225  968  725  724.749697304  1.92318722167  0.0109930072041
-0.919336155225  968  742  742.377502933  1.87690961966  0.0765602453068
-0.919336155225  967  760  759.970505786  1.97848509729  0.0451957772466
-0.919336155225  967  778  777.891660124  1.98745723878  0.0699635442179
-0.919336155225  967  796  796.016571041  1.99831374571  0.07088358454
-0.919336155225  966  814  814.167192873  1.97452587748  0.082290167922
-0.919336155225  966  833  832.609427191  1.90083346303  0.03835810525
-0.919336155225  965  851  851.124029071  2.05316524151  0.0383964785395
-0.919336155225  964  870  869.756939956  1.99626046313  -0.0661923432546
-0.919336155225  964  889  888.786044204  2.07919040047  -0.0240772668391
-0.919336155225  963  908  907.857104047  2.10671373743  -0.0149257734621
-0.919336155225  962  927  927.102589659  2.20357948082  -0.0143883842619
-0.919336155225  962  947  946.684062068  2.15049101341  -0.0199366110201
-0.919336155225  961  966  966.347517913  2.20497488937  0.0117809667397
-0.919336155225  960  986  986.193377031  2.26097789337  0.0262097830792
-0.919336155225  959  1006  1006.21221869  2.33028787882  0.0235792885482
-0.725296155225  955  12  12.2942731722  1.89822142249  0.143670301917
-0.725296155225  955  24  23.8560442329  1.66684303221  0.0652170315755
-0.725296155225  956  36  35.6960676152  1.65695022845  0.0560151934375
-0.725296155225  956  47  47.4405753692  1.58329545777  0.0861683331494
-0.725296155225  957  59  59.4415154975  1.52050664905  0.0976810410594
-0.725296155225  958  72  71.5571340163  1.72581919765  0.173871846393
-0.725296155225  958  84  83.5315140123  1.45473130185  0.0930237517611
-0.725296155225  959  96  95.7980425913  1.55748231505  0.0592947523186
-0.725296155225  959  108  108.014077849  1.57120447956  0.112277130167
-0.725296155225  960  120  120.496986639  1.34136914193  0.150519753166
-0.725296155225  960  133  132.822496823  1.54732436814  0.0416887478964
-0.725296155225  961  146  145.534253484  1.51608008775  0.0767675653994
-0.725296155225  961  158  158.132549149  1.60853109009  0.0931695284499
-0.725296155225  962  171  170.990066898  1.63230605966  0.0575623667871
-0.725296155225  962  184  183.771576373  1.61921265158  0.0428090580165
-0.725296155225  963  197  196.85488029  1.6056492052  0.0545238136395
-0.725296155225  963  210  209.823575161  1.62374324284  0.0350686021338
-0.725296155225  964  223  223.17012636  1.57814659233  0.115997450674
-0.725296155225  964  236  236.378418668  1.43132288017  0.153198199078
-0.725296155225  965  250  249.689637773  1.642575053  0.0071416075704
-0.725296155225  965  263  263.287112236  1.5267036711  0.114437827007
-0.725296155225  965  277  276.740143319  1.50660497208  0.00623631301274
-0.725296155225  966  291  290.58723041  1.46071594833  0.0237909729715
-0.725296155225  966  304  304.391092165  1.51712292733  0.075962809358
-0.725296155225  966  318  318.266982088  1.59006109758  0.0746665032731
-0.725296155225  967  332  332.411834823  1.54485433758  0.0589190569932
-0.725296155225  967  346  346.504005504  1.55909298624  0.0567472497626
-0.725296155225  967  361  360.704275139  1.61444976157  0.0277280389385
-0.725296155225  967  375  375.103995184  1.65145100349  0.101555657098
-0.725296155225  968  390  389.720159329  1.60147534047  0.0694345494092
-0.725296155225  968  404  404.358568597  1.52301099359  0.130218169255
-0.725296155225  968  419  419.052853415  1.64024960816  0.0750693883827
-0.725296155225  968  434  433.867943797  1.62755837507  0.0188035004927
-0.725296155225  968  449  448.830844418  1.62449943664  -0.0034677637592
-0.725296155225  969  464  464.167635693  1.65502915514  0.0484593326595
-0.725296155225  969  479  479.387798526  1.62217302426  0.0412098315629
-0.725296155225  969  495  494.718001727  1.69626911106  0.0106946736776
-0.725296155225  969  510  510.275121112  1.70555406091  0.0846524201997
-0.725296155225  969  526  525.873481077  1.7542703002  0.0503611181889
-0.725296155225  969  542  541.636280738  1.69098698492  0.0552314395096
-0.725296155225  969  558  557.560169439  1.6746172323  0.0631445630051
-0.725296155225  969  574  573.622653336  1.664353009  0.0397853000758
-0.725296155225  969  590  589.833387025  1.74295960644  0.033218675033
-0.725296155225  969  606  606.242521258  1.70526417519  0.0865627140366
-0.725296155225  969  623  622.67724571  1.71974992094  -0.0144649905266
-0.725296155225  968  639  639.206669266  1.79331386125  0.0298591704567
-0.725296155225  968  656  655.996084244  1.876332078  0.000332978775966
-0.725296155225  968  673  672.93663111  1.89066399122  -0.0136967310383
-0.725296155225  968  690  690.077355616  1.89986342015  0.021335835665
-0.725296155225  968  707  707.354140136  1.88148313929  0.044252439356
-0.725296155225  967  725  724.582367293  1.79134837083  -0.088106071928
-0.725296155225  967  742  742.237556972  1.92711162888  0.0947692617006
-0.725296155225  967  760  759.988993983  1.98890048303  0.0867011120175
-0.725296155225  966  778  777.726885445  1.95332400149  0.0531666568975
-0.725296155225  966  796  795.846092154  1.98533965831  0.0551995509694
-0.725296155225  965  814  813.994387533  2.01144532539  0.0568566381362
-0.725296155225  965  832  832.476801657  1.90173668249  0.0733330860142
-0.725296155225  964  851  850.942877134  2.03516231099  0.010549598855
-0.725296155225  964  870  869.78090999  2.04561227195  0.0234495312326
-0.725296155225  963  889  888.620866871  2.01102445013  -0.0267752487621
-0.725296155225  962  908  907.705639021  2.08363659374  -0.0180682336563
-0.725296155225  962  927  927.015454143  2.05070356893  -0.0237039017845
-0.725296155225  961  947  946.547853316  2.12148007314  -0.00752550860274
-0.725296155225  960  966  966.200437755  2.25432554179  0.0171363596904
-0.725296155225  959  986  986.037757229  2.28282792101  0.0189393421371
-0.725296155225  958  1006  1006.07332875  2.33700040926  0.0264338691077
-0.531256155225  954  12  12.1586363728  1.61962054059  0.18454995769
-0.531256155225  954  24  23.6448420011  1.66025356542  0.0597412666202
-0.531256155225  955  35  35.4954661906  1.61667339823  0.0757724875699
-0.531256155225  955  47  47.1871904737  1.6994992349  -0.051164447541
-0.531256155225  956  59  59.2468945772  1.59865916782  0.0924155314329
-0.531256155225  957  71  71.36255254  1.50720428208  0.133582741513
-0.531256155225  957  83  83.3469539547  1.49650385698  0.140277032097
-0.531256155225  958  96  95.5904188145  1.46082835169  0.0544334910283
-0.531256155225  958  108  107.777834973  1.53967818749  0.0622045851862
-0.531256155225  959  120  120.307532534  1.50037301645  0.133687990488
-0.531256155225  959  133  132.616740737  1.38605255964  0.043948743883
-0.531256155225  960  145  145.35357284  1.5556497748  0.102162195326
-0.531256155225  960  158  157.874608337  1.59720303718  -0.00922737180588
-0.531256155225  961  171  170.754158578  1.57284041747  0.025878850176
-0.531256155225  961  184  183.557560411  1.56436550121  0.0302607266577
-0.531256155225  962  197  196.639729385  1.5586268493  0.0329706208992
-0.531256155225  962  210  209.625504283  1.56573364979  0.0292845282341
-0.531256155225  963  223  222.932393161  1.6023128269  0.0681126420198
-0.531256155225  963  236  236.18445749  1.55233064084  0.125313612884
-0.531256155225  964  250  249.611312063  1.46585710359  0.0370987734926
-0.531256155225  964  263  263.072472223  1.58516751071  0.0792444616349
-0.531256155225  964  277  276.571497363  1.38033490917  0.0440258075847
-0.531256155225  965  290  290.440752989  1.4469116908  0.0925201394116
-0.531256155225  965  304  304.194269773  1.58295834264  0.0689563015743
-0.531256155225  965  318  318.054967127  1.62211461243  0.0556454472212
-0.531256155225  966  332  332.247134984  1.59689174509  0.0851941280192
-0.531256155225  966  346  346.34593456  1.58228763112  0.0893180252446
-0.531256155225  966  361  360.5398127  1.55203008785  0.0518702448799
-0.531256155225  967  375  374.982279029  1.85548374457  0.0546305570895
-0.531256155225  967  390  389.537503193  1.53423556489  0.0722936573247
-0.531256155225  967  404  404.176513431  1.58257013354  0.117020476598
-0.531256155225  967  419  418.834896368  1.60044998871  0.0234594561851
-0.531256155225  967  434  433.675994334  1.52560946147  0.00736894621553
-0.531256155225  967  449  448.708992915  1.8062621048  -0.0598227741752
-0.531256155225  968  464  463.95537174  1.68387459528  0.0103288699364
-0.531256155225  968  479  479.22019084  1.67761971292  0.0570706961198
-0.531256155225  968  495  494.557236814  1.63708624105  0.0172966112813
-0.531256155225  968  510  510.095881855  1.74422098622  0.068441360289
-0.531256155225  968  526  525.705128403  1.72509860317  0.0456932746636
-0.531256155225  968  541  541.49248245  1.67646958262  0.0779136037816
-0.531256155225  968  557  557.419893264  1.65163523054  0.100898508579
-0.531256155225  968  573  573.478589514  1.64131176283  0.0919769411744
-0.531256155225  968  590  589.652892952  1.67787717633  0.022543955553
-0.531256155225  968  606  606.064903124  1.74846762382  0.0643057675177
-0.531256155225  968  623  622.535809413  1.64014925223  0.0149246470775
-0.531256155225  968  639  639.107058432  1.67146650247  0.0144304626757
-0.531256155225  967  656  655.810455609  1.80257206315  -0.025539694782
-0.531256155225  967  673  672.770214982  1.83984591322  -0.0200794542089
-0.531256155225  967  690  689.90452915  1.89680483995  0.00605604935459
-0.531256155225  967  707  707.175621447  1.90963847027  0.0304376942243
-0.531256155225  966  724  724.465457896  1.80437902906  0.0354521622908
-0.531256155225  966  742  742.060792675  1.93600299592  0.0773935606687
-0.531256155225  966  760  759.806232687  1.96388081831  0.0612585150915
-0.531256155225  965  778  777.573526562  1.88685390881  0.0613921306033
-0.531256155225  965  796  795.681292146  1.93598079792  0.0479861872397
-0.531256155225  964  814  813.822893091  1.98873357464  0.0373458417784
-0.531256155225  964  832  832.330469059  1.94573535172  0.0794853880611
-0.531256155225  963  851  850.767761976  2.01251353481  -0.0087942439583
-0.531256155225  963  870  869.623047087  1.97772687173  -0.00439546403583
-0.531256155225  962  889  888.509119195  1.96242779043  0.0121971487226
-0.531256155225  961  908  907.566673026  2.02310645643  -0.00134069698861
-0.531256155225  961  927  926.947970163  2.18972814621  -0.0205317065661
-0.531256155225  960  946  946.429694428  2.10930110192  0.0214561949286
-0.531256155225  959  966  966.064058415  2.28706294629  0.0134590612614
-0.531256155225  958  986  985.875886973  2.29796220127  -0.000547586915172
-0.531256155225  957  1006  1005.91808166  2.3234497702  0.0156191577279
-0.337216155225  953  12  11.8953450811  1.66984888228  0.0837854433967
-0.337216155225  953  23  23.4438582866  1.6005008156  0.101444702493
-0.337216155225  954  35  35.3047792347  1.65258550117  0.0951724655636
-0.337216155225  955  47  47.1262632419  1.9224667861  0.0762958891595
-0.337216155225  955  59  59.0217625053  1.65967933175  0.0901893383873
-0.337216155225  956  71  71.152462661  1.59733409193  0.112534082087
-0.337216155225  956  83  83.1389610906  1.59618782185  0.114847722734
-0.337216155225  957  95  95.4286394156  1.4224160562  0.141878797064
-0.337216155225  957  108  107.555629044  1.25423958086  0.0404837973343
-0.337216155225  958  120  120.087280873  1.5734241394  0.102956325261
-0.337216155225  958  132  132.445118544  1.5889776348  -0.0125566311548
-0.337216155225  959  145  145.134198087  1.59866541991  0.0697884794917
-0.337216155225  960  158  157.788981547  1.74579746355  0.0190414229355
-0.337216155225  960  171  170.566420341  1.53095965802  0.0330079175519
-0.337216155225  960  183  183.348343147  1.70664346175  -0.0774391469369
-0.337216155225  961  196  196.464153356  1.50118761266  0.0733091273355
-0.337216155225  961  209  209.453923033  1.46305137628  0.0769101065543
-0.337216155225  962  223  222.723062771  1.56088653932  0.0362160388591
-0.337216155225  962  236  235.953786872  1.61306992139  0.0804314514393
-0.337216155225  963  249  249.463748709  1.39694613895  0.133926176438
-0.337216155225  963  263  262.841618611  1.55732529699  0.0361479799271
-0.337216155225  963  276  276.420765097  1.42667188583  0.105045463495
-0.337216155225  964  290  290.263590178  1.55212559277  0.0954365245119
-0.337216155225  964  304  303.99037231  1.62190296827  0.0421425197201
-0.337216155225  964  318  317.820666222  1.59265146189  -0.0176521508686
-0.337216155225  965  332  332.028023686  1.66385288164  0.0508781009681
-0.337216155225  965  346  346.159704274  1.63036685387  0.0829303892276
-0.337216155225  965  360  360.385076258  1.5477554262  0.0962722690847
-0.337216155225  966  375  374.880273448  1.65328332957  0.0576275651197
-0.337216155225  966  389  389.389379988  1.54267007862  0.118184087523
-0.337216155225  966  404  403.965389542  1.63880147216  0.0777835330171
-0.337216155225  966  419  418.641447152  1.52206455912  0.0114281166858
-0.337216155225  966  434  433.527128078  1.40193883933  0.0462592884839
-0.337216155225  967  449  448.662900092  1.54054459589  0.00118409130562
-0.337216155225  967  464  463.76006968  1.65134227973  -0.0133061371817
-0.337216155225  967  479  479.011993848  1.70501425322  0.0313682525877
-0.337216155225  967  494  494.409120231  1.63348401099  0.056392458044
-0.337216155225  967  510  509.887055546  1.74809975458  0.0334530974344
-0.337216155225  967  526  525.533227349  1.68734433846  0.0528082138598
-0.337216155225  967  541  541.34133678  1.70876458666  0.09980663007
-0.337216155225  967  557  557.257541711  1.72113249051  0.108311833349
-0.337216155225  967  573  573.329623655  1.6910307047  0.123500950147
-0.337216155225  967  590  589.50644138  1.62162062863  0.0574052257404
-0.337216155225  967  606  605.854751491  1.74594581307  0.0247415594243
-0.337216155225  967  622  622.395279348  1.66284027742  0.0471670713907
-0.337216155225  967  639  639.022375382  1.80406866789  -0.000985880663145
-0.337216155225  966  656  655.654344259  1.79007635155  -0.0212851133984
-0.337216155225  966  673  672.613817719  1.7930865158  -0.00740860691546
-0.337216155225  966  690  689.735253117  1.87867223694  0.0013211804777
-0.337216155225  966  707  707.005666766  1.91379525849  0.0215673362843
-0.337216155225  965  724  724.315268033  1.87070697437  0.0722086538086
-0.337216155225  965  742  741.87633873  1.96566748136  0.0480958836962
-0.337216155225  965  760  759.64442737  1.90577917442  0.0628571973451
-0.337216155225  964  777  777.446620398  1.88035697842  0.0978218176451
-0.337216155225  964  796  795.544185434  1.91967983626  0.0619745440024
-0.337216155225  963  814  813.659334956  1.91739670338  0.0413296022956
-0.337216155225  963  832  832.169631808  2.03362070979  0.0738219992405
-0.337216155225  962  851  850.622839257  1.9386047036  -0.00637239727151
-0.337216155225  962  869  869.495709079  1.95104367777  0.0275204340162
-0.337216155225  961  888  888.369310871  2.01501171424  0.0213974940318
-0.337216155225  960  907  907.437537146  2.08065865027  0.0164358397103
-0.337216155225  960  927  926.78570284  2.15247292256  -0.0387001882375
-0.337216155225  959  946  946.294549947  2.14821720066  0.0243669691979
-0.337216155225  958  966  965.895210203  2.24722397336  -0.0102285893144
-0.337216155225  957  986  985.747924559  2.24807805311  0.00550227978603
-0.337216155225  956  1006  1005.76560741  2.3385478761  0.0048184642728
-0.143176155225  952  12  11.6770755244  1.64483791541  0.07853781527
-0.143176155225  952  23  23.2460164946  1.6604608784  0.0835592989188
-0.143176155225  953  35  35.0796242598  1.68458554378  0.0829878453956
-0.143176155225  954  47  47.0281939079  1.67130697147  0.148583210491
-0.143176155225  954  59  58.8603218451  1.73755947626  0.175474192865
-0.143176155225  955  71  70.9134539731  1.62937168871  0.0726473590916
-0.143176155225  955  83  82.8907186265  1.59828500766  0.0633188909806
-0.143176155225  956  95  95.2365820394  1.54068893224  0.142144167787
-0.143176155225  956  107  107.401453465  1.50364375943  0.0148497246293
-0.143176155225  957  120  119.842983811  1.55448068815  0.0655786437246
-0.143176155225  958  132  132.45290048  1.68813246123  0.183190438155
-0.143176155225  958  145  144.913650705  1.58815768519  0.0487893013183
-0.143176155225  959  158  157.69261415  1.53852606487  0.0441773186292
-0.143176155225  959  170  170.408677528  1.52709205532  0.093172193733
-0.143176155225  960  183  183.347830243  1.81600625872  0.108058615479
-0.143176155225  960  196  196.310075736  1.53864392812  0.107953064506
-0.143176155225  960  209  209.25390359  1.58400475136  -0.00482158060708
-0.143176155225  961  223  222.540177751  1.44883967512  0.0657635392745
-0.143176155225  961  236  235.7134794  1.54500469259  0.0322970831845
-0.143176155225  962  249  249.291618391  1.51169678753  0.127021034691
-0.143176155225  962  263  262.638632668  1.44105934295  0.0202862663236
-0.143176155225  962  276  276.350567207  1.60448181353  0.122276745059
-0.143176155225  963  290  290.038748652  1.59369379492  0.0573457068294
-0.143176155225  963  304  303.769082276  1.57227675668  0.0212634828388
-0.143176155225  964  318  317.865583479  1.64988205791  0.109786583427
-0.143176155225  964  332  331.827093823  1.65844672828  0.0328493795652
-0.143176155225  964  346  345.95429389  1.65902281189  0.0623608168216
-0.143176155225  964  360  360.212074212  1.6040432289  0.108527507161
-0.143176155225  965  375  374.682016334  1.59038299693  0.0417673542026
-0.143176155225  965  389  389.212067964  1.61410825749  0.124164613838
-0.143176155225  965  404  403.743641042  1.58142838644  0.0347015392474
-0.143176155225  965  418  418.496087061  1.34969615701  0.0806758454589
-0.143176155225  965  433  433.366533349  1.53895276493  -0.0115538456267
-0.143176155225  966  448  448.501344259  1.4109619722  0.046677834586
-0.143176155225  966  464  463.589118645  1.55906637109  0.00445081600783
-0.143176155225  966  479  478.818167274  1.68019132328  0.00856988423257
-0.143176155225  966  494  494.244005543  1.67155430645  0.0639858842174
-0.143176155225  966  510  509.711526587  1.70936884956  0.0361093749321
-0.143176155225  966  525  525.385349935  1.70247741666  0.0760777890828
-0.143176155225  966  541  541.162461187  1.74209149999  0.092568279416
-0.143176155225  966  557  557.071646723  1.7632894729  0.084960329684
-0.143176155225  966  573  573.163285753  1.75551609988  0.103698485518
-0.143176155225  966  589  589.361524163  1.662732717  0.0919260676747
-0.143176155225  966  606  605.679114169  1.68507062655  0.0162540082345
-0.143176155225  966  622  622.235794309  1.72552107188  0.0536318036001
-0.143176155225  966  639  638.843064994  1.78946248832  -0.0227127619183
-0.143176155225  965  656  655.510789524  1.63406385174  -0.0690521613937
-0.143176155225  965  672  672.475459509  1.77032706164  0.012610245224
-0.143176155225  965  690  689.577080698  1.82456638548  0.00137806174535
-0.143176155225  965  707  706.837222274  1.88963609659  0.00989504351918
-0.143176155225  964  724  724.217447399  1.71825391662  0.050230307008
-0.143176155225  964  742  741.719437598  1.93558223815  0.0403812126663
-0.143176155225  964  759  759.503405543  1.88004763934  0.0853522057402
-0.143176155225  963  777  777.308670413  1.91015310176  0.113679062572
-0.143176155225  963  795  795.410934207  1.91817490016  0.0966449337813
-0.143176155225  962  814  813.519763511  1.76201077021  -0.0191437063138
-0.143176155225  962  832  832.005770423  2.02047195304  0.053789187909
-0.143176155225  961  850  850.489761258  1.87297304428  0.0213374789141
-0.143176155225  961  869  869.367537994  2.01039497175  0.0439198937334
-0.143176155225  960  888  888.227440776  2.0397973561  0.0191030162769
-0.143176155225  960  907  907.355098633  2.00540577815  0.0187522352713
-0.143176155225  959  927  926.638111171  2.11082928714  -0.0428506551571
-0.143176155225  958  946  946.145075394  2.18855972389  0.0192363774675
-0.143176155225  957  966  965.747849256  2.22562170106  -0.0222295592148
-0.143176155225  956  986  985.610377666  2.23099536947  0.00814173613933
-0.143176155225  955  1006  1005.61712042  2.29243795014  -0.00294179521275
0.0508638447751  951  11  11.4917469461  1.60314002196  0.114098845676
0.0508638447751  951  23  22.9808848631  1.66859241551  -0.0259819188317
0.0508638447751  952  35  34.8513838032  1.6722572624  0.0444437951029
0.0508638447751  953  47  46.762076472  1.64296965091  0.0251337084023
0.0508638447751  953  59  58.584867465  1.33044966231  0.177641956832
0.0508638447751  954  71  70.6891805959  1.54697076725  0.0364631089238
0.0508638447751  954  83  82.6716358233  1.45200763326  0.00579512554385
0.0508638447751  955  95  95.0030528011  1.58770323941  0.0964080317715
0.0508638447751  956  107  107.388987153  1.71372242986  0.165308765513
0.0508638447751  956  120  119.63574508  1.42944288002  0.0428389088286
0.0508638447751  957  132  132.278952417  1.51995463914  0.119041855546
0.0508638447751  957  145  144.700200217  1.50834814465  0.0268904986816
0.0508638447751  958  158  157.513748122  1.49683889932  0.0584046126911
0.0508638447751  958  170  170.22063835  1.59255810654  0.0909474054091
0.0508638447751  959  183  183.193616775  1.59053461799  0.0692022143308
0.0508638447751  959  196  196.088913591  1.62160382575  0.0838995031387
0.0508638447751  960  209  209.198960834  1.81758337199  0.0856140657736
0.0508638447751  960  222  222.391367983  1.45773239369  0.134325656711
0.0508638447751  960  236  235.546192271  1.41742285584  0.0512368435882
0.0508638447751  961  249  249.071570448  1.57621343249  0.0892555162563
0.0508638447751  961  262  262.494941835  1.25646758163  0.113204616071
0.0508638447751  962  276  276.244684617  1.52290671886  0.111407158662
0.0508638447751  962  290  289.822755904  1.59363026503  0.0122962641484
0.0508638447751  962  304  303.589248315  1.48524184641  0.0165926482651
0.0508638447751  963  318  317.649523778  1.55093000122  0.0158757727207
0.0508638447751  963  332  331.64306856  1.59564126678  0.0347595208385
0.0508638447751  963  346  345.75510952  1.63013225529  0.0419234846548
0.0508638447751  963  360  359.977212334  1.64385247421  0.00330277550656
0.0508638447751  964  375  374.518410615  1.51146845162  0.0721273346067
0.0508638447751  964  389  389.007875478  1.65881297264  0.089576522336
0.0508638447751  964  404  403.580798726  1.46573785889  0.0596507821499
0.0508638447751  964  418  418.361430426  1.49687218361  0.119911933389
0.0508638447751  965  433  433.382916143  1.49294389973  0.0951295650553
0.0508638447751  965  448  448.354020638  1.56784318257  0.0755500986646
0.0508638447751  965  463  463.450641145  1.51979602312  0.054493910682
0.0508638447751  965  479  478.642393384  1.60910400648  -0.0042969046392
0.0508638447751  965  494  494.049035674  1.69739441921  0.040772482958
0.0508638447751  965  510  509.545060534  1.66815889467  0.0452692920372
0.0508638447751  965  525  525.210609248  1.71577765922  0.0709385662818
0.0508638447751  965  541  540.960902883  1.75471293578  0.0562693044424
0.0508638447751  965  557  556.871947452  1.75377441211  0.0547599726448
0.0508638447751  965  573  572.964697137  1.76922938669  0.0719989277219
0.0508638447751  965  589  589.193576759  1.72528904507  0.0783850293542
0.0508638447751  965  606  605.543982794  1.6223442275  0.0528289246543
0.0508638447751  965  622  622.061277672  1.7917887718  0.0314588792411
0.0508638447751  965  639  638.675606227  1.72390468334  -0.024538721636
0.0508638447751  965  656  655.515852085  1.74318044064  0.00629213860624
0.0508638447751  964  672  672.329971637  1.80317773087  0.0304260231322
0.0508638447751  964  689  689.435067979  1.84065929746  0.0207199197961
0.0508638447751  964  707  706.674357918  1.84291957094  -0.032087808699
0.0508638447751  964  724  724.156452772  1.92455919355  0.0627869152452
0.0508638447751  963  742  741.575015106  1.90051064524  0.0582457800074
0.0508638447751  963  759  759.358195669  1.89653708641  0.10324861551
0.0508638447751  962  777  777.143340723  1.98065833273  0.0605602765886
0.0508638447751  962  795  795.267723561  1.95385663263  0.0998835952127
0.0508638447751  962  814  813.529947433  1.89882330527  0.0619528977869
0.0508638447751  961  832  831.848957933  1.97983830301  0.0325701770954
0.0508638447751  960  850  850.406094182  1.6810936976  0.0156513808117
0.0508638447751  960  869  869.223254369  2.07665003017  0.0407247058265
0.0508638447751  959  888  888.075487034  2.07046754835  0.00596872133055
0.0508638447751  959  907  907.305128567  2.12890020155  0.028818800495
0.0508638447751  958  927  926.518634495  2.04944565416  -0.027186963369
0.0508638447751  957  946  945.984299869  2.20257596628  -0.00513133994183
0.0508638447751  956  966  965.610160707  2.21437740055  -0.0192672404358
0.0508638447751  955  985  985.496179287  2.25039798716  0.0267205643874
0.0508638447751  954  1006  1005.50896444  2.17935992213  -0.034847238425
0.244903844775  950  11  11.2815673898  1.66544992766  0.0971393468324
0.244903844775  951  23  22.8933763956  1.85812339322  0.0315050329496
0.244903844775  951  35  34.6357011009  1.58898928329  0.0358787943933
0.244903844775  952  47  46.5698950295  1.59706668964  0.0321776071154
0.244903844775  952  58  58.4287798519  1.50843219663  0.114810865627
0.244903844775  953  71  70.5082521202  1.44473343214  0.0758574330579
0.244903844775  954  83  82.5845051892  1.59624871771  0.0316638587669
0.244903844775  954  95  94.7703103834  1.53466363053  0.0400852696752
0.244903844775  955  107  107.224375281  1.52094524263  0.14234772487
0.244903844775  955  119  119.471222954  1.42218528015  0.108603537651
0.244903844775  956  132  132.062742833  1.57262943248  0.0766615354557
0.244903844775  956  145  144.533029851  1.40806648511  0.0640134262239
0.244903844775  957  157  157.335055081  1.54580258145  0.0761325760094
0.244903844775  957  170  170.004950581  1.62881412433  0.0569531923156
0.244903844775  958  183  182.985578194  1.62729007671  0.0422761507206
0.244903844775  958  196  195.875964156  1.64304339743  0.0461117182389
0.244903844775  959  209  209.070371421  1.59923037339  0.0757495454418
0.244903844775  959  222  222.200245077  1.55277802754  0.117607121449
0.244903844775  959  235  235.372341004  1.49886367144  -0.0171108093893
0.244903844775  960  249  248.854667824  1.55276982655  0.0468567720564
0.244903844775  960  262  262.337141334  1.46554332974  0.12900039121
0.244903844775  961  276  276.020729447  1.59085746162  0.0664216665636
0.244903844775  961  290  289.636751765  1.50017516521  0.00657792144629
0.244903844775  961  303  303.435840766  1.5183417642  0.0711199217329
0.244903844775  962  317  317.482023942  1.53748528833  0.0345200657375
0.244903844775  962  331  331.477454651  1.58693532037  0.0528728780645
0.244903844775  962  346  345.578360055  1.5977886695  0.0441142391266
0.244903844775  963  360  360.005324371  1.65402142925  0.0837859353376
0.244903844775  963  374  374.369184121  1.54384146972  0.116443477202
0.244903844775  963  389  388.805703581  1.61515882956  0.067339042532
0.244903844775  963  403  403.445169449  1.45585240285  0.113256711457
0.244903844775  963  418  418.180119712  1.59378723838  0.0988802011335
0.244903844775  964  433  433.200286824  1.59211829257  0.0857225295423
0.244903844775  964  448  448.16990972  1.62542732623  0.0625965827801
0.244903844775  964  463  463.28786094  1.63974434139  0.0492091837322
0.244903844775  964  478  478.495762645  1.56961676138  0.031485837568
0.244903844775  964  494  493.858059265  1.68294150016  0.016626053331
0.244903844775  964  509  509.41322667  1.69640772332  0.0762957024989
0.244903844775  964  525  525.035723396  1.74021201393  0.0644367607823
0.244903844775  964  541  540.789565433  1.71963601398  0.0470694427682
0.244903844775  964  557  556.701901589  1.68558905156  0.0442904124124
0.244903844775  964  573  572.782886115  1.72617811454  0.0440919890463
0.244903844775  964  589  589.021443099  1.76642014624  0.0598709742641
0.244903844775  964  605  605.401975972  1.64903895458  0.0751420675078
0.244903844775  964  622  621.868657645  1.79094593571  -0.00659389474279
0.244903844775  964  639  638.526792663  1.67675779158  -0.00428761057738
0.244903844775  964  655  655.377178611  1.79364689866  0.0279365972609
0.244903844775  963  672  672.180067219  1.84988424139  0.0283023974968
0.244903844775  963  689  689.274993449  1.86132155516  0.0264495020632
0.244903844775  963  707  706.540981131  1.84021538725  0.00387939357482
0.244903844775  963  724  723.98681987  1.95389809571  0.0521344146941
0.244903844775  962  741  741.440256851  1.89267646811  0.0738390652935
0.244903844775  962  759  759.212087586  1.95965238833  0.0925494380312
0.244903844775  962  777  777.154376633  1.97552140456  0.104883001075
0.244903844775  961  795  795.111583392  2.01261939395  0.0932920611741
0.244903844775  961  813  813.394471852  1.89909561645  0.0834998398364
0.244903844775  960  832  831.693555756  1.94287433261  0.0231315362451
0.244903844775  960  850  850.384761103  1.93334196027  0.0645524348942
0.244903844775  959  869  869.052793268  2.08400582961  0.019332087334
0.244903844775  958  888  887.922708278  2.06776060711  -0.0061019497184
0.244903844775  958  907  907.151090931  2.1736224923  0.00782517010934
0.244903844775  957  926  926.39878161  2.0596174089  -0.000500485689226
0.244903844775  956  946  945.844175253  2.19142507103  -0.0176982136303
0.244903844775  955  965  965.491912705  2.20046939344  -0.00105138539239
0.244903844775  954  985  985.386656882  2.1253701989  -0.00767184916589
0.244903844775  954  1006  1005.51152736  2.18412311444  0.0774739173097
0.438943844775  949  11  11.0452507581  1.6884215088  0.0623965800236
0.438943844775  950  23  22.8414282428  1.72522718151  0.161679031069
0.438943844775  950  34  34.4738363943  1.54195859934  0.0920815801869
0.438943844775  951  46  46.3970328768  1.54928901024  0.0887091011379
0.438943844775  951  58  58.2362485292  1.58575435256  0.11170742495
0.438943844775  952  70  70.3555183486  1.50260808591  0.146148527918
0.438943844775  953  82  82.517703553  1.65384556239  0.204271080922
0.438943844775  953  95  94.575251291  1.37644937399  0.0421761876531
0.438943844775  954  107  106.995714987  1.56657010723  0.0801938794371
0.438943844775  954  119  119.305368878  1.51711253907  0.12014465106
0.438943844775  955  132  131.814825773  1.52300072416  0.0198407956819
0.438943844775  955  144  144.358459389  1.50297422966  0.103878273494
0.438943844775  956  157  157.126956703  1.59442599076  0.0571885063538
0.438943844775  956  170  169.795177758  1.61437514685  0.0323107039761
0.438943844775  957  183  182.762168246  1.57689892235  0.016962783826
0.438943844775  957  196  195.664769926  1.57485955067  0.0227204704501
0.438943844775  958  209  208.860372384  1.59493390923  0.0366554525278
0.438943844775  958  222  221.987540623  1.6133897841  0.0802668448355
0.438943844775  959  235  235.355714816  1.71192840959  0.15008887797
0.438943844775  959  249  248.642606006  1.42051154028  0.0294894306673
0.438943844775  959  262  262.141493441  1.55493989105  0.1078705391
0.438943844775  960  276  275.804342025  1.54854551959  0.021261801668
0.438943844775  960  289  289.485079503  1.45432964711  0.0608281411023
0.438943844775  960  303  303.251990157  1.58763997469  0.0529761247039
0.438943844775  961  317  317.316189494  1.59134911913  0.0564560397104
0.438943844775  961  331  331.303973594  1.6136843059  0.0595783086649
0.438943844775  961  345  345.414190324  1.58007662394  0.0615054341551
0.438943844775  962  360  359.806302213  1.6443870012  0.0538264083486
0.438943844775  962  374  374.204112153  1.60398270716  0.130616322853
0.438943844775  962  389  388.619708687  1.53396182097  0.050127591682
0.438943844775  962  403  403.280397254  1.56303065156  0.116059553755
0.438943844775  963  418  418.200929896  1.57073919309  0.148440348495
0.438943844775  963  433  432.999727731  1.63443500388  0.0401158781795
0.438943844775  963  448  447.972188085  1.64703671055  0.0183443616312
0.438943844775  963  463  463.094179639  1.66178266642  0.0240674341267
0.438943844775  963  478  478.350730304  1.61511569595  0.0506914188812
0.438943844775  963  494  493.687682851  1.6394525751  0.016162233069
0.438943844775  963  509  509.236417919  1.73345543494  0.0633133535728
0.438943844775  963  525  524.848357469  1.74150524162  0.0316748307315
0.438943844775  963  541  540.628707476  1.68688009262  0.0509365765561
0.438943844775  963  557  556.552963391  1.62213466175  0.0617474339557
0.438943844775  963  573  572.618497332  1.65158688205  0.0388642531463
0.438943844775  963  589  588.827148129  1.74417795656  0.0235154233074
0.438943844775  963  605  605.247192316  1.73225512574  0.0773720206889
0.438943844775  963  622  621.704227655  1.70901912154  -0.0227386491855
0.438943844775  963  638  638.403943642  1.69310962976  0.0322275472171
0.438943844775  963  655  655.213495875  1.82906392898  0.0209725473895
0.438943844775  963  672  672.197250337  1.8317705912  0.0788246050285
0.438943844775  962  689  689.113274511  1.89861477425  0.00813462160084
0.438943844775  962  706  706.417022745  1.82412423866  0.0450595778408
0.438943844775  962  724  723.828207246  1.92115110503  0.0375648602969
0.438943844775  961  741  741.295407525  1.9331485004  0.0801397260287
0.438943844775  961  759  759.036711478  1.98387686137  0.0717369096805
0.438943844775  961  777  776.979556713  1.9665827239  0.0765902636439
0.438943844775  960  795  794.945123427  1.99769899595  0.0608834925616
0.438943844775  960  813  813.269792414  1.94694852047  0.0905646811204
0.438943844775  959  832  831.55345573  1.90585471111  0.0364227181278
0.438943844775  959  850  850.234269975  1.98831887903  0.0494185704176
0.438943844775  958  869  868.88966693  2.0840567906  -0.0110928724225
0.438943844775  957  888  887.767579356  2.03635419929  -0.0243431533911
0.438943844775  957  907  906.988626912  2.18031237557  -0.0127254180838
0.438943844775  956  926  926.282230926  2.11039188619  0.00818449311274
0.438943844775  955  946  945.705827613  2.17681570521  -0.0241144659622
0.438943844775  954  965  965.370904152  2.23797561301  -0.00675480780521
0.438943844775  954  985  985.373790691  2.21682110306  0.0903904847434
0.438943844775  953  1005  1005.37389881  2.31094483911  0.0223353072479
0.632983844775  948  11  10.8334950057  1.65664350258  0.0487380884218
0.632983844775  949  23  22.5925780186  1.56380250642  0.0604473503297
0.632983844775  949  34  34.2611628476  1.58327010841  0.0960503604065
0.632983844775  950  46  46.216897675  1.6233365696  0.106780914809
0.632983844775  950  58  58.0092082912  1.64044100878  0.0249900344606
0.632983844775  951  70  70.1520585796  1.58727024247  0.133792816635
0.632983844775  952  82  82.3565046271  1.46746637271  0.158539309298
0.632983844775  952  94  94.4345745599  1.37743824318  0.143998806738
0.632983844775  953  107  106.759188228  1.48176086018  0.0424722733916
0.632983844775  953  119  119.084069854  1.58223255768  0.0844307246932
0.632983844775  954  132  131.62461899  1.42361856539  0.0184082415181
0.632983844775  954  144  144.168529503  1.56929399653  0.0787564315033
0.632983844775  955  157  156.915920244  1.58269127244  0.0382163865978
0.632983844775  955  170  169.610058847  1.54043956977  0.0395858752241
0.632983844775  956  183  182.583054259  1.51531271496  0.0253989080491
0.632983844775  956  195  195.493842976  1.53960919327  0.0512891987646
0.632983844775  957  209  208.661577364  1.53700339988  0.0228076671814
0.632983844775  957  222  221.760235422  1.58271075218  0.0356446520063
0.632983844775  958  235  235.22347275  1.5270859229  0.122299117895
0.632983844775  958  248  248.507088421  1.26382594274  0.108184738692
0.632983844775  958  262  261.92221727  1.58986425151  0.0514282708509
0.632983844775  959  276  275.618430335  1.41411241126  0.019339872342
0.632983844775  959  289  289.329639271  1.52638611718  0.0874082189981
0.632983844775  959  303  303.029291173  1.60446352063  -0.046516393249
0.632983844775  960  317  317.132349054  1.62216038302  0.0467809241471
0.632983844775  960  331  331.120557104  1.64086238499  0.0549457792463
0.632983844775  960  345  345.257905201  1.6188938527  0.0748691966366
0.632983844775  961  360  359.628970178  1.60841422666  0.0535100918819
0.632983844775  961  374  374.003953527  1.65686260561  0.0924959873786
0.632983844775  961  388  388.475503991  1.46057016766  0.114101276678
0.632983844775  961  403  403.089116902  1.62802419193  0.0959523165788
0.632983844775  962  418  417.972825085  1.62124533336  0.0610129903566
0.632983844775  962  433  432.803695194  1.56995918653  0.00293318868367
0.632983844775  962  448  447.780780884  1.61873935035  -0.00176616476933
0.632983844775  962  463  462.897421759  1.6649512096  -0.01677992315
0.632983844775  962  478  478.179098765  1.68180285374  0.0359441152679
0.632983844775  962  494  493.538357248  1.61483846595  0.0341239046919
0.632983844775  962  509  509.057777177  1.7454505531  0.0510400173562
0.632983844775  962  525  524.679933703  1.70502769935  0.0373848723305
0.632983844775  962  540  540.48839176  1.65473154444  0.0749621203643
0.632983844775  962  556  556.421998068  1.62992521273  0.0992207424502
0.632983844775  962  572  572.494705413  1.61087970137  0.090265661536
0.632983844775  962  589  588.665493327  1.66730493683  0.0121720422564
0.632983844775  962  605  605.080094269  1.78039526803  0.0511045380002
0.632983844775  962  622  621.554497652  1.61731717288  -0.0109336489857
0.632983844775  962  638  638.261040988  1.76630442715  0.03211979868
0.632983844775  962  655  655.02911766  1.82870838663  -0.0230692270282
0.632983844775  962  672  671.998405919  1.87404548511  -0.00196771931779
0.632983844775  961  689  688.945166965  1.90136535198  -0.0107169116807
0.632983844775  961  706  706.266224289  1.87242537878  0.0481101990439
0.632983844775  961  724  723.676289869  1.89806464759  0.0375485032985
0.632983844775  960  741  741.142304099  1.95299234868  0.0420499696162
0.632983844775  960  759  758.885548948  1.96802403577  0.0595213498603
0.632983844775  960  777  776.82359815  1.93667533198  0.0606645757324
0.632983844775  959  795  794.784114551  1.96518839878  0.0463373712271
0.632983844775  959  813  813.119473083  1.96753292641  0.084019911025
0.632983844775  958  831  831.442551624  1.94003342676  0.0637118012762
0.632983844775  958  850  850.096814739  2.01447744667  0.0422490369719
0.632983844775  957  869  868.747299341  2.04834592081  -0.0196950743201
0.632983844775  956  888  887.7057048  1.92011909019  -0.0179007671748
0.632983844775  956  907  906.840672677  2.13987333054  -0.0313933555249
0.632983844775  955  926  926.137034036  2.14748739657  -0.000589295878958
0.632983844775  954  946  945.573770633  2.15464412546  -0.015122621312
0.632983844775  954  965  965.30196593  2.14866718662  0.00351483569938
0.632983844775  953  985  985.246270254  2.33540903828  0.0403515273257
0.632983844775  952  1005  1005.26319264  2.32933367552  0.0272528332968
0.827023844775  947  11  10.6442429138  1.61253419476  0.0705050495519
0.827023844775  948  22  22.4362454259  1.58377163822  0.109292390392
0.827023844775  948  34  34.0718271546  1.67453498329  0.082176718511
0.827023844775  949  46  45.9946768309  1.68100530645  0.0768693446654
0.827023844775  950  58  57.9066323383  1.83396224216  0.0355592712536
0.827023844775  950  70  69.9270799466  1.64184996614  0.0742533248846
0.827023844775  951  82  82.1502442966  1.5853920492  0.135236554651
0.827023844775  951  94  94.2548032916  1.50504617712  0.152751381446
0.827023844775  952  107  106.569561232  1.29691633664  0.0612646045396
0.827023844775  952  119  118.854631393  1.54441045494  0.0329056091787
0.827023844775  953  131  131.479614711  1.43903852004  0.113918029473
0.827023844775  953  144  143.934047014  1.59260383558  0.0213649162765
0.827023844775  954  157  156.70414366  1.51460260445  0.023007349272
0.827023844775  954  169  169.431152725  1.5371657578  0.055245298494
0.827023844775  955  182  182.426174124  1.5083869606  0.0839766609573
0.827023844775  955  195  195.331151023  1.54452705298  0.0851524305744
0.827023844775  956  209  208.505143224  1.46931897718  0.0659502246407
0.827023844775  956  222  221.57138166  1.48875227789  0.0234469097191
0.827023844775  957  235  235.006830301  1.57746129935  0.0842640374625
0.827023844775  957  248  248.363538934  1.42568648868  0.141893010502
0.827023844775  957  262  261.694315584  1.44613304432  -0.020014577906
0.827023844775  958  275  275.478742267  1.37511427198  0.0867446501901
0.827023844775  958  289  289.123076561  1.58391709063  0.0566484443347
0.827023844775  959  303  303.078552019  1.5909966697  0.102381575757
0.827023844775  959  317  316.922857704  1.64029692167  0.0155982276151
0.827023844775  959  331  330.931705402  1.64751098527  0.0348347108837
0.827023844775  959  345  345.036046515  1.64615248385  -0.025358075038
0.827023844775  960  359  359.474869545  1.59233051996  0.0699234645439
0.827023844775  960  374  373.808619672  1.65190604592  0.0684413075954
0.827023844775  960  388  388.328429716  1.54120929115  0.141536653574
0.827023844775  960  403  402.879170513  1.6267678709  0.0458931358086
0.827023844775  961  418  417.774764902  1.56559702294  0.0234208177958
0.827023844775  961  433  432.612369135  1.4570842257  -0.0176574724599
0.827023844775  961  448  447.606558642  1.49843676145  -0.00631304902852
0.827023844775  961  463  462.723033097  1.57617530951  -0.012632513924
0.827023844775  961  478  477.985765428  1.69251630075  0.0135594465263
0.827023844775  961  493  493.389285485  1.6586606921  0.0505769168015
0.827023844775  961  509  508.875350707  1.72466540317  0.0295003760644
0.827023844775  961  525  524.526228373  1.6756577485  0.0345550881695
0.827023844775  961  540  540.346521996  1.68276176454  0.0988064359875
0.827023844775  961  556  556.283054167  1.70141090178  0.111728836156
0.827023844775  961  572  572.357158334  1.66451452033  0.119527733263
0.827023844775  961  589  588.530793586  1.58705371625  0.0461962207961
0.827023844775  961  605  604.889465291  1.7483717664  0.0247589263136
0.827023844775  961  621  621.437098037  1.67955429997  0.0407383688758
0.827023844775  961  638  638.08879201  1.81319013485  0.0170526546662
0.827023844775  961  655  654.851867199  1.8160810831  -0.0430166478973
0.827023844775  961  672  671.841356893  1.85264049796  -0.0201473985227
0.827023844775  960  689  688.798850774  1.86433521432  -0.0161744620938
0.827023844775  960  706  706.114961502  1.91982030802  0.0459303496615
0.827023844775  960  724  723.535556898  1.91619047189  0.0475208300125
0.827023844775  960  741  741.172115619  0.023220413702  0.131902526973
0.827023844775  959  759  758.733871737  1.93496944574  0.051478189739
0.827023844775  959  777  776.677700537  1.8915781989  0.0741858675732
0.827023844775  958  795  794.633989092  1.90839555175  0.0435585468374
0.827023844775  958  813  812.951106203  2.00067467443  0.0527044727061
0.827023844775  957  831  831.310814951  1.97795460368  0.0765409305518
0.827023844775  957  850  849.928593042  2.00918413565  0.0208570907225
0.827023844775  956  869  868.615911829  1.96293354712  -0.0272077215915
0.827023844775  956  888  887.650715927  2.01975601828  0.00662781605038
0.827023844775  955  907  906.70724416  2.08760805167  -0.033548431004
0.827023844775  954  926  926.006651871  2.17075038905  -0.0123438806256
0.827023844775  953  945  945.45177571  2.13651111727  -0.00661711440445
0.827023844775  953  965  965.267623084  2.19718449617  0.0535341211918
0.827023844775  952  985  985.103555039  2.34186837398  0.0160378687094
0.827023844775  951  1005  1005.11256538  2.33612544519  0.012170641376
1.02106384478  946  10  10.4713876072  1.59885267387  0.110121201402
1.02106384478  947  22  22.2292543828  1.67157320638  0.095694867719
1.02106384478  947  34  33.8361013138  1.68040772962  0.0295153263944
1.02106384478  948  46  45.7768561601  1.65543739364  0.0339830620866
1.02106384478  949  58  57.8288365653  1.70656164359  0.159187036085
1.02106384478  949  70  69.690740186  1.58624822146  0.0291862006602
1.02106384478  950  82  81.9260215317  1.62230922684  0.0761830728663
1.02106384478  950  94  94.044345194  1.58740911543  0.10996332007
1.02106384478  951  106  106.42908294  1.39551633329  0.131370196273
1.02106384478  951  119  118.644388841  1.38107790351  0.0147418702097
1.02106384478  952  131  131.303163063  1.51891916901  0.103278064561
1.02106384478  952  144  143.719906218  1.49678031548  -0.0162580934627
1.02106384478  953  157  156.538352028  1.44208990816  0.0423203818685
1.02106384478  953  169  169.222124245  1.63120310175  -0.0518273615055
1.02106384478  954  182  182.251388291  1.59506387849  0.084827745061
1.02106384478  954  195  195.142305446  1.58900551036  0.0701302802387
1.02106384478  955  208  208.334932481  1.50927844525  0.108283276264
1.02106384478  955  221  221.428876611  1.43724188991  0.0973025586205
1.02106384478  956  235  234.791463017  1.54291171488  0.0383022005824
1.02106384478  956  248  248.176803591  1.54637330723  0.116097507963
1.02106384478  957  262  261.607598413  1.56664277944  -0.00210086605957
1.02106384478  957  275  275.317800656  1.49295812001  0.0989780433528
1.02106384478  957  289  288.910852098  1.58062705138  0.0105814364834
1.02106384478  958  303  302.85764025  1.59156756365  0.00658372349639
1.02106384478  958  317  316.736957157  1.58610483179  0.00225513916496
1.02106384478  958  331  330.736339282  1.61522369072  0.0255681776444
1.02106384478  959  345  345.088173743  1.63321847491  0.131040680421
1.02106384478  959  359  359.310057462  1.61837948502  0.0916482881571
1.02106384478  959  374  373.630889756  1.58492371812  0.0472977063219
1.02106384478  959  388  388.156845062  1.61369370646  0.125358582011
1.02106384478  960  403  402.899370612  1.64304443113  0.11174867408
1.02106384478  960  418  417.605055514  1.4616346746  0.0295238329114
1.02106384478  960  432  432.494578955  1.36340510932  0.0534939308647
1.02106384478  960  447  447.481615751  1.4817656058  0.04210480542
1.02106384478  960  463  462.577738921  1.50921945318  0.00471559482104
1.02106384478  960  478  477.812999662  1.65733852347  0.00401667138492
1.02106384478  960  493  493.220525938  1.68704782804  0.0499171317462
1.02106384478  960  509  508.711221183  1.6827370668  0.0297113828235
1.02106384478  961  525  524.524704049  1.63182196513  0.0446782297122
1.02106384478  961  540  540.346521996  1.68276176454  0.0988064359875
1.02106384478  961  556  556.283054167  1.70141090178  0.111728836156
1.02106384478  960  572  572.203805865  1.72269434431  0.111488709747
1.02106384478  960  588  588.408097861  1.59758839936  0.0928658918692
1.02106384478  960  605  604.718258175  1.70625941517  -0.000917565251967
1.02106384478  960  621  621.296509985  1.73653670279  0.0490851011866
1.02106384478  960  638  637.920737956  1.79345976957  -0.00711342530117
1.02106384478  960  655  654.704859168  1.7623192717  -0.041330573335
1.02106384478  960  672  671.695817081  1.78958944859  -0.00451449486541
1.02106384478  959  689  688.631486301  1.7763813801  -0.0857874011868
1.02106384478  959  706  705.968398754  1.91676950389  0.034560163124
1.02106384478  959  723  723.409559842  1.86359610118  0.0974324187672
1.02106384478  959  741  740.978588879  1.97032400175  0.0516242338882
1.02106384478  958  759  758.589637415  1.90251188158  0.0462984265171
1.02106384478  958  777  776.551455914  1.86311955417  0.0832209674885
1.02106384478  957  795  794.523265087  1.86409771716  0.067817464837
1.02106384478  957  813  812.782970418  1.96773720356  0.0245939938807
1.02106384478  956  831  831.152169363  2.00194266641  0.0517461174462
1.02106384478  956  850  849.7808269  1.99917357607  -0.00348529109399
1.02106384478  955  869  868.50690469  1.94545976685  0.00199093980301
1.02106384478  955  888  887.529491023  1.9862316693  1.04873638784e-05
1.02106384478  954  907  906.593175633  2.02240497704  -0.020557986982
1.02106384478  953  926  925.856920548  2.12131491888  -0.0204090001249
1.02106384478  952  945  945.373101999  2.03733024954  -0.0364003189048
1.02106384478  952  965  965.122278368  2.26873206313  0.00155230177675
1.02106384478  951  985  984.942825267  2.33081577443  -0.00942990183502
1.02106384478  950  1005  1005.00491007  2.34852686242  0.00833976121422
1.21510384478  945  10  10.2688381002  1.63347607159  0.0946287443787
1.21510384478  946  22  22.0227841648  1.69128866737  0.0757975684958
1.21510384478  946  34  33.6383580096  1.56608733796  0.00884310802713
1.21510384478  947  46  45.5777219838  1.61410557892  0.0472329265154
1.21510384478  948  58  57.5974763583  1.56155699726  0.0361384145062
1.21510384478  948  70  69.5164564959  1.53298592317  0.0465796389922
1.21510384478  949  82  81.6976794904  1.53381077901  0.0397320427168
1.21510384478  949  94  93.8001844121  1.54997752049  0.0459171434361
1.21510384478  950  106  106.252326088  1.51534236802  0.132396971232
1.21510384478  950  118  118.495733173  1.5783307539  -0.0318647690773
1.21510384478  951  131  131.078807278  1.57285529919  0.0666392902995
1.21510384478  952  144  143.633330274  1.6239644059  -0.00502755753546
1.21510384478  952  156  156.384540969  1.49064853495  0.100744352157
1.21510384478  952  169  169.166104006  1.77803590846  0.0602711046071
1.21510384478  953  182  182.037165585  1.62133597485  0.0517559464918
1.21510384478  953  195  194.90609103  1.58556768019  -0.0198090136798
1.21510384478  954  208  208.161800749  1.59407934988  0.098638859611
1.21510384478  954  221  221.262456575  1.541279325  0.0958568879994
1.21510384478  955  235  234.614230109  1.426315788  0.0431415758325
1.21510384478  955  248  247.954005035  1.56317353373  0.0610243441828
1.21510384478  956  262  261.541043822  1.2827656214  0.0452330741132
1.21510384478  956  275  275.121185045  1.54948284625  0.0617753603255
1.21510384478  956  289  288.720983613  1.51584902178  -0.00558860525341
1.21510384478  957  303  302.663297647  1.51255919125  -0.00552418985045
1.21510384478  957  317  316.569872938  1.52492324553  0.0134884241792
1.21510384478  957  331  330.57124499  1.5526244177  0.0296315282575
1.21510384478  958  345  344.876686097  1.6517147337  0.0456955030451
1.21510384478  958  359  359.131836382  1.64821667115  0.0846230934965
1.21510384478  958  373  373.48450597  1.5483724254  0.08044728438
1.21510384478  958  388  387.97136077  1.62674390634  0.0888534579091
1.21510384478  959  403  402.704205775  1.54777534042  0.0402459639559
1.21510384478  959  417  417.474796516  1.42972315888  0.0976787229723
1.21510384478  959  432  432.356967857  1.50271610745  0.0843645475219
1.21510384478  959  447  447.326080619  1.56329766401  0.0495225684293
1.21510384478  959  462  462.445872891  1.5049162154  0.0614877301334
1.21510384478  959  478  477.643469114  1.61179967276  -0.00218006748357
1.21510384478  959  493  493.045036973  1.70768595138  0.0302724428303
1.21510384478  960  509  508.719135942  1.68879747336  0.0328081215421
1.21510384478  960  524  524.390933563  1.66439420823  0.0757902159075
1.21510384478  960  540  540.192145714  1.73288474733  0.100827119707
1.21510384478  960  556  556.127321149  1.73270420165  0.0957702989345
1.21510384478  960  572  572.203992647  1.72210871426  0.112476001654
1.21510384478  959  588  588.265248627  1.68154342949  0.0869730643486
1.21510384478  959  605  604.584120724  1.61894079474  0.0108263577091
1.21510384478  959  621  621.127256235  1.76121533893  0.0245893340076
1.21510384478  959  638  637.774734902  1.77104149578  0.00838955096589
1.21510384478  959  655  654.576104639  1.69942059135  -0.0237753206181
1.21510384478  959  672  671.555016598  1.78696162442  0.00177420960265
1.21510384478  959  689  688.643808893  1.82887740705  -0.0205318356816
1.21510384478  958  706  705.807879303  1.88718109887  0.0214943022499
1.21510384478  958  723  723.263605122  1.89174900015  0.0863349804955
1.21510384478  958  741  740.836480267  1.95336166712  0.0527294995224
1.21510384478  957  758  758.47360991  1.86752335544  0.0779610045668
1.21510384478  957  776  776.426664754  1.88001057799  0.102517741235
1.21510384478  956  794  794.421610249  1.67613959884  0.0534712968946
1.21510384478  956  813  812.657632132  1.90192310159  0.0319324612332
1.21510384478  955  831  831.069610588  1.90248057037  0.0502769876233
1.21510384478  955  850  849.669244246  1.92126425149  0.0179623257901
1.21510384478  954  868  868.399950209  1.96768734641  0.0296372904339
1.21510384478  954  887  887.40262142  2.00379873003  0.016633253449
1.21510384478  953  906  906.471152049  2.0143550442  -0.000423644597502
1.21510384478  952  926  925.72653807  2.10024194853  -0.0103295060135
1.21510384478  952  945  945.257335636  2.11321927434  -0.00684635051191
1.21510384478  951  965  964.980746836  2.25072000283  -0.0117625444268
1.21510384478  950  985  984.817954312  2.31951784995  -0.0142104802446
1.21510384478  949  1005  1004.86755755  2.34152517514  -0.00162474399904
1.40914384478  944  10  10.0631421915  1.67057250239  0.0735406511734
1.40914384478  945  22  21.7982146927  1.6907163388  0.0463937562893
1.40914384478  945  33  33.4549585759  1.83557826321  -0.0564412348981
1.40914384478  946  45  45.4063752284  1.61179264483  0.0693826562428
1.40914384478  947  57  57.4289364001  1.5721703867  0.0892971570981
1.40914384478  947  69  69.3442716005  1.54321726574  0.106109290852
1.40914384478  948  82  81.5228905378  1.44119580986  0.0662177730445
1.40914384478  948  94  93.596038881  1.37168679758  0.0206210141828
1.40914384478  949  106  106.02129419  1.57332833982  0.0635816073113
1.40914384478  949  118  118.448921186  1.53654447836  0.124264569329
1.40914384478  950  131  130.86091013  1.54884705517  0.0166652433081
1.40914384478  951  144  143.577758079  1.67891939858  0.160554368394
1.40914384478  951  156  156.193834496  1.58051396064  0.0807032297774
1.40914384478  952  169  169.071336338  1.62168956865  0.104357888179
1.40914384478  952  182  181.837153346  1.62650576792  0.0256436850511
1.40914384478  953  195  194.807510908  1.73606913141  -0.00315728631009
1.40914384478  953  208  207.944075449  1.6167597006  0.0545506620926
1.40914384478  953  221  221.058241662  1.58516693699  0.0578490871182
1.40914384478  954  234  234.471742035  1.36352091178  0.108936550419
1.40914384478  954  248  247.741705556  1.51707917705  0.0257933073708
1.40914384478  955  261  261.413496454  1.44004432969  0.112710908118
1.40914384478  955  275  274.905318375  1.55695506214  0.0115971094437
1.40914384478  955  289  288.557920137  1.36918083857  0.010398633766
1.40914384478  956  303  302.524142455  1.47338750409  0.030682600031
1.40914384478  956  316  316.428735224  1.55041753846  0.0617221613551
1.40914384478  956  330  330.429575186  1.56793486572  0.0646277808809
1.40914384478  957  345  344.695707368  1.60698147114  0.0358693231461
1.40914384478  957  359  358.939594538  1.65710098839  0.0587383768688
1.40914384478  957  373  373.322810438  1.59305030422  0.10322832289
1.40914384478  957  388  387.765408077  1.61683592258  0.0495661192466
1.40914384478  958  403  402.553688131  1.42410885374  0.0584281999052
1.40914384478  958  417  417.326165774  1.53966729537  0.0891715881478
1.40914384478  958  432  432.194896323  1.59984581691  0.0778549286335
1.40914384478  958  447  447.14431752  1.65340277629  0.0263364522752
1.40914384478  958  462  462.288385538  1.60737785877  0.0498775120152
1.40914384478  958  478  477.505201476  1.58587042957  0.012664279708
1.40914384478  959  493  493.052979547  1.70587450339  0.0360030303594
1.40914384478  959  509  508.56550503  1.67657925311  0.037759530868
1.40914384478  959  524  524.246600108  1.72778437687  0.0824820277239
1.40914384478  959  540  540.009506376  1.7627941964  0.0742241269315
1.40914384478  959  556  555.937703029  1.74899646423  0.0732252124559
1.40914384478  959  572  572.031354562  1.76423870133  0.0836389118706
1.40914384478  959  588  588.275785449  1.66218739441  0.110777028152
1.40914384478  958  604  604.467088069  1.61594118933  0.0616326362232
1.40914384478  958  621  620.951399806  1.77634393499  -0.00468617037895
1.40914384478  958  638  637.621459214  1.68645710931  -0.0226709226269
1.40914384478  958  654  654.455671218  1.71485677159  0.00587879555462
1.40914384478  958  671  671.439478504  1.82697824045  0.031991114897
1.40914384478  958  689  688.509808153  1.80204872428  -0.00591851222756
1.40914384478  957  706  705.651990717  1.86737594742  0.00828942835264
1.40914384478  957  723  723.083488175  1.89317072836  0.0369276581103
1.40914384478  957  741  740.697185689  1.91110162409  0.0449486393605
1.40914384478  956  758  758.349321092  1.90872990383  0.090484780035
1.40914384478  956  776  776.302148995  1.91629210729  0.111945317458
1.40914384478  956  794  794.416730077  1.79646362938  0.177383181533
1.40914384478  955  813  812.54710871  1.85561048477  0.0651033145351
1.40914384478  955  831  831.018200504  2.02332216158  0.0620454906143
1.40914384478  954  850  849.557647373  1.89814436284  0.042047087059
1.40914384478  953  868  868.272330773  2.0347095119  0.0351952248002
1.40914384478  953  887  887.285728036  2.04600476897  0.0154225927865
1.40914384478  952  906  906.369366083  2.04525222813  0.0134647149045
1.40914384478  951  926  925.616679639  2.05895181066  0.00335309025497
1.40914384478  951  945  945.210584325  2.22498745968  -0.00017423547841
1.40914384478  950  965  964.83427297  2.21071672454  -0.0285095733469
1.40914384478  949  985  984.688721795  2.28435590314  -0.0164770570372
1.40914384478  948  1005  1004.73735011  2.32084463424  -0.00667078704513
1.60318384478  943  10  9.83842008565  1.6480054656  0.0413806979066
1.60318384478  944  22  21.6092978475  1.65948418754  0.052132870188
1.60318384478  945  33  33.4618816221  1.88282107932  0.156358290261
1.60318384478  945  45  45.2174752607  1.6605053704  0.0764318734568
1.60318384478  946  57  57.2398155202  1.63708615717  0.0816632699691
1.60318384478  946  69  69.1586737249  1.63025943874  0.0852604818335
1.60318384478  947  81  81.3722644781  1.51598872949  0.112484124947
1.60318384478  947  93  93.427765067  1.61301368283  -0.0354552139932
1.60318384478  948  106  105.810583294  1.55375265817  0.0370714873288
1.60318384478  949  118  118.36242111  1.43788512443  0.163463571605
1.60318384478  949  131  130.66197152  1.43228393084  0.00106015747755
1.60318384478  950  143  143.406551776  1.52196807272  0.0882005186006
1.60318384478  950  156  155.986373788  1.61181187878  0.0356579355946
1.60318384478  951  169  168.840969717  1.58830424267  0.021612888161
1.60318384478  951  182  181.643184344  1.55946641372  0.0243908546062
1.60318384478  952  195  194.761794583  1.64028979147  0.134023173454
1.60318384478  952  208  207.738518218  1.58005329816  0.0238197069716
1.60318384478  952  221  220.832259655  1.54875846823  -0.0222443841804
1.60318384478  953  234  234.307815721  1.49169089972  0.122009816167
1.60318384478  953  248  247.569122661  1.35026352474  0.035336401462
1.60318384478  954  261  261.244167634  1.53023223198  0.100893587662
1.60318384478  954  275  274.71143003  1.47454927565  -0.00460832390734
1.60318384478  954  288  288.429896456  1.46490299282  0.0809423263604
1.60318384478  955  302  302.376173095  1.52904917812  0.0646608627411
1.60318384478  955  316  316.253358325  1.58550044955  0.0496169880574
1.60318384478  955  330  330.257670474  1.61845723105  0.050673667859
1.60318384478  956  345  344.534149587  1.59933710444  0.0435702285584
1.60318384478  956  359  358.768651737  1.63888349269  0.0470933183108
1.60318384478  956  373  373.155035126  1.64513142765  0.0931971624918
1.60318384478  956  388  387.603896215  1.5075593529  0.0411624831561
1.60318384478  957  402  402.429364166  1.48978548135  0.122891870659
1.60318384478  957  417  417.153736266  1.60628213903  0.072026009582
1.60318384478  957  432  431.980494327  1.63629491113  0.0240083707359
1.60318384478  957  447  446.959288744  1.63974186013  -0.000469884027398
1.60318384478  957  462  462.108526283  1.64220626217  0.0270320290367
1.60318384478  957  477  477.361710836  1.62494162589  0.0335286727259
1.60318384478  958  493  492.865995006  1.69385566982  -0.000506142681537
1.60318384478  958  508  508.421570055  1.67865192134  0.0647340737131
1.60318384478  958  524  524.075833395  1.74914760369  0.0453931034262
1.60318384478  958  540  539.837705585  1.76098654431  0.0493195091539
1.60318384478  958  556  555.772226995  1.7100927353  0.0579221127387
1.60318384478  958  572  571.854113732  1.74717826604  0.0516558202509
1.60318384478  958  588  588.109028274  1.7330417132  0.0752474803003
1.60318384478  958  604  604.467096058  1.61320148836  0.0638218854209
1.60318384478  957  621  620.787381937  1.7324171754  -0.0229333506811
1.60318384478  957  637  637.498434676  1.69913631677  0.0266874829139
1.60318384478  957  654  654.312078482  1.78479153764  0.00682980608513
1.60318384478  957  671  671.283169388  1.85589069319  0.012199407476
1.60318384478  957  688  688.39242662  1.82812719104  0.00801311613048
1.60318384478  956  706  705.527097393  1.87660722176  0.0209191494165
1.60318384478  956  723  722.924327753  1.88077232284  0.0161627941353
1.60318384478  956  741  740.568184801  1.89041386515  0.0606556694528
1.60318384478  955  758  758.206579845  1.95543935403  0.0898965247914
1.60318384478  955  776  776.154958271  1.96576696621  0.103292718556
1.60318384478  955  794  794.268259021  1.9365938153  0.101657857551
1.60318384478  954  812  812.441489828  1.87516953354  0.101224097583
1.60318384478  954  831  830.855303937  2.00739897498  0.0144451215698
1.60318384478  953  849  849.44038041  1.93471036628  0.0658216222957
1.60318384478  952  868  868.191765306  1.8628579361  0.015633736182
1.60318384478  952  887  887.149874923  2.08164454316  0.0145864415078
1.60318384478  951  906  906.234278381  2.09661473339  0.00800112414456
1.60318384478  950  926  925.498000402  2.10774978053  -0.0174354158342
1.60318384478  950  945  945.069925785  2.25664316829  -0.0184033267193
1.60318384478  949  965  964.709117878  2.18804185452  -0.0315905157167
1.60318384478  948  985  984.567333683  2.27060761299  -0.014856903071
1.60318384478  947  1005  1004.61981191  2.26734873399  -0.00543783047271
1.79722384478  942  10  9.65789366915  1.63317991184  0.0649841578335
1.79722384478  943  21  21.4327368728  1.64121427216  0.0752723466642
1.79722384478  944  33  33.2822513362  1.64936700903  0.0892652829576
1.79722384478  944  45  45.0045375208  1.66996366279  0.0358427893117
1.79722384478  945  57  57.021174225  1.6743138978  0.0478485374646
1.79722384478  945  69  68.9391092443  1.62161587647  0.046861397832
1.79722384478  946  81  81.1637679356  1.59069091423  0.0865658107826
1.79722384478  946  93  93.3606812699  1.6113155681  0.102157746958
1.79722384478  947  106  105.602373117  1.35985465787  0.0182810597675
1.79722384478  948  118  118.154367447  1.56660435617  0.0941783319052
1.79722384478  948  131  130.51121586  1.35329246398  0.0532797010355
1.79722384478  949  143  143.212231833  1.57824292104  0.0598955692
1.79722384478  949  156  155.780461338  1.55499450623  0.0123606586689
1.79722384478  950  169  168.648044536  1.50158978194  0.00855973451003
1.79722384478  950  181  181.48934373  1.54888086337  0.046476613004
1.79722384478  951  195  194.561163977  1.49105601005  0.0388092582753
1.79722384478  951  208  207.568433185  1.528866961  0.0353435689962
1.79722384478  952  221  220.749199928  1.68437277169  0.000662639513844
1.79722384478  952  234  234.120094362  1.57017321189  0.0947001728381
1.79722384478  952  247  247.438387377  1.42216528606  0.0990886448404
1.79722384478  953  261  261.030283185  1.56443031986  0.0510497622701
1.79722384478  953  275  274.553686045  1.34815478913  0.0411370014693
1.79722384478  953  288  288.248076115  1.56468593366  0.0040834248471
1.79722384478  954  302  302.208348918  1.58993582822  0.0573567068316
1.79722384478  954  316  316.071743153  1.63111956957  0.0331607102465
1.79722384478  954  330  330.080100478  1.64546297496  0.0377944865459
1.79722384478  955  344  344.381557079  1.59417974029  0.0662597870409
1.79722384478  955  359  358.596401955  1.59040837249  0.0430027662145
1.79722384478  955  373  372.961162427  1.6624573369  0.0637307560004
1.79722384478  956  388  387.628846001  1.67615128718  0.153384856079
1.79722384478  956  402  402.274897233  1.56700982036  0.115570684695
1.79722384478  956  417  416.962837135  1.62246454967  0.0496262663913
1.79722384478  956  432  431.786739369  1.57495717058  -0.0233186759126
1.79722384478  956  447  446.780373565  1.59268324298  -0.0333267673252
1.79722384478  956  462  461.92711036  1.67646710513  -0.00831885203993
1.79722384478  957  477  477.368067437  1.62596375502  0.0344534235828
1.79722384478  957  493  492.706847495  1.66277509155  -0.00273532072622
1.79722384478  957  508  508.262691683  1.70972377218  0.0461817195115
1.79722384478  957  524  523.88493262  1.73405235123  0.012754025044
1.79722384478  957  540  539.676393363  1.70511049295  0.0352126595082
1.79722384478  957  556  555.615234688  1.6928643707  0.0491467522543
1.79722384478  957  572  571.691330992  1.69552805724  0.0405660264325
1.79722384478  957  588  587.931616965  1.73655640537  0.0358891428436
1.79722384478  957  604  604.334697207  1.65820405099  0.0739461100433
1.79722384478  956  621  620.636392909  1.65514430042  -0.02682000205
1.79722384478  956  637  637.367201028  1.757274299  0.0329053941451
1.79722384478  956  654  654.148784206  1.82417461343  -0.00625164843508
1.79722384478  956  671  671.127084358  1.88566061369  -0.00312069131469
1.79722384478  956  688  688.250346602  1.86464501236  0.0134353227587
1.79722384478  955  705  705.383102186  1.9172410594  0.00615887815069
1.79722384478  955  723  722.781459402  1.81770733938  0.021180391668
1.79722384478  955  740  740.440861329  1.88291057563  0.0744292193866
1.79722384478  954  758  758.13369063  1.79402590468  0.0836734692315
1.79722384478  954  776  776.017664724  1.98698056377  0.0846441450239
1.79722384478  954  794  794.124903687  1.98918667085  0.0761049286269
1.79722384478  953  812  812.30754273  1.95959024482  0.103042586091
1.79722384478  953  831  830.72024828  1.97191663317  0.015925245331
1.79722384478  952  849  849.313383402  1.99814834105  0.0659014757351
1.79722384478  952  868  868.050321189  1.94506341639  0.0167687761348
1.79722384478  951  887  887.003889036  2.10878828785  -0.00132877858199
1.79722384478  950  906  906.080382311  2.13758658645  -0.000528525425015
1.79722384478  950  925  925.445034966  2.01494888247  0.00572121508201
1.79722384478  949  945  944.925736826  2.2431686547  -0.0367234990354
1.79722384478  948  965  964.611389779  2.16647705201  -0.00985115857578
1.79722384478  947  984  984.455809863  2.25121041521  -0.00404206121112
1.79722384478  946  1005  1004.51670785  2.22822744788  0.00348979028062
1.99126384478  941  9  9.48358956258  1.63786581938  0.0895225050373
1.99126384478  942  21  21.240793539  1.66962031805  0.0546261346869
1.99126384478  943  33  33.0646654092  1.69822707307  0.0336126493908
1.99126384478  943  45  44.7874929463  1.63454199414  0.00311847285074
1.99126384478  944  57  56.8118307838  1.63841248633  0.0208662119941
1.99126384478  944  69  68.7260288503  1.54772376035  -0.0212732177225
1.99126384478  945  81  80.9527922907  1.59855196133  0.0464588823217
1.99126384478  946  93  93.2867335234  1.51997192976  0.132165483185
1.99126384478  946  105  105.469236493  1.37104048465  0.0981554840627
1.99126384478  947  118  117.920694238  1.55967509879  0.037624394187
1.99126384478  947  130  130.365319189  1.47735836057  0.0985352963913
1.99126384478  948  143  143.001631678  1.57227180336  0.0230446827425
1.99126384478  948  156  155.602330184  1.49433228014  0.00688937891069
1.99126384478  949  168  168.502468454  1.49505231075  0.0535254360131
1.99126384478  949  181  181.309362614  1.57956133016  0.0389019117887
1.99126384478  950  194  194.41400156  1.52011590451  0.0737903674587
1.99126384478  950  207  207.417559153  1.50581578328  0.0735170465781
1.99126384478  951  221  220.694196474  1.56524475654  0.113922298735
1.99126384478  951  234  233.905091681  1.57550397358  0.0544529986232
1.99126384478  951  247  247.284741768  1.50003163065  0.106049152145
1.99126384478  952  261  260.826619445  1.54484615065  0.0137430676014
1.99126384478  952  274  274.427368639  1.44469183605  0.104770948997
1.99126384478  953  288  288.196855564  1.76575978528  0.074411133295
1.99126384478  953  302  302.004309816  1.60477157829  0.0268487659986
1.99126384478  953  316  315.883078967  1.63015132733  7.99918356033e-05
1.99126384478  954  330  329.99023941  1.80498218351  0.0237580046037
1.99126384478  954  344  344.218578178  1.64228932988  0.0608562238253
1.99126384478  954  358  358.446343414  1.57206384248  0.0652751129706
1.99126384478  954  373  372.790341755  1.62670936167  0.0334602114131
1.99126384478  955  387  387.46489141  1.4953695231  0.0997909999556
1.99126384478  955  402  402.08452927  1.6202098646  0.0802076580774
1.99126384478  955  417  416.773712685  1.56005918341  0.00657545242067
1.99126384478  955  432  431.630060848  1.47079526351  -0.0177880644672
1.99126384478  955  447  446.630102478  1.50214347194  -0.0223264327308
1.99126384478  955  462  461.749000733  1.5940575159  -0.0411292864228
1.99126384478  956  477  477.199985148  1.68972480635  0.0248314261296
1.99126384478  956  493  492.572599409  1.61790436218  0.0228207491846
1.99126384478  956  508  508.103089988  1.74857801987  0.0438512039419
1.99126384478  956  524  523.714126484  1.69666637909  0.00974766670718
1.99126384478  956  540  539.531633205  1.70051221496  0.0501999570801
1.99126384478  956  555  555.493959853  1.6636696976  0.0822773778156
1.99126384478  956  572  571.553149322  1.66415392684  0.0633327926907
1.99126384478  956  588  587.767868472  1.70299566147  0.0251328253232
1.99126384478  956  604  604.169033718  1.7411668959  0.0559648912586
1.99126384478  956  621  620.637036553  1.66253497317  -0.0183766665388
1.99126384478  955  637  637.210608146  1.7788103915  0.00174524986122
1.99126384478  955  654  653.991275711  1.81078584128  -0.028735844779
1.99126384478  955  671  670.973974282  1.87055138985  -0.0271514012306
1.99126384478  955  688  688.108679819  1.88447156008  0.00627868649272
1.99126384478  955  705  705.382753752  1.91256327931  0.0191448193489
1.99126384478  954  723  722.673432639  1.87346875566  0.0251907972047
1.99126384478  954  740  740.310830003  1.91391519211  0.0788443007937
1.99126384478  954  758  758.066317901  1.95964995915  0.0823634803326
1.99126384478  953  776  775.869727609  1.98670993882  0.0660736886918
1.99126384478  953  794  793.982657908  1.98761580512  0.0649846992747
1.99126384478  952  812  812.182212526  1.99208237349  0.0894180057759
1.99126384478  952  831  830.583650728  1.92872349524  0.00517478940905
1.99126384478  951  849  849.17007296  2.05136704492  0.0479450076847
1.99126384478  951  868  867.972479148  2.08347710283  0.00883010926608
1.99126384478  950  887  886.850588364  2.07100364911  -0.0336669277533
1.99126384478  949  906  905.963869394  2.13285171645  -0.015313780371
1.99126384478  949  925  925.393250729  2.05686004307  0.0611931698312
1.99126384478  948  945  944.782699326  2.21754686827  -0.0517725279334
1.99126384478  947  964  964.488544668  2.16095104283  -0.0173536150705
1.99126384478  946  984  984.360850345  2.24327994289  0.012352773643
1.99126384478  945  1004  1004.40966254  2.24816744308  0.00541229064399
2.18530384478  940  9  9.27436960964  1.72492149132  0.0441859207289
2.18530384478  941  21  21.0184313116  1.74818406798  0.0143569957651
2.18530384478  942  33  32.8564273137  1.68332221998  -0.000622768937857
2.18530384478  942  45  44.597301863  1.55933315831  -0.00408771482481
2.18530384478  943  57  56.6297467714  1.56495697004  0.00198224246145
2.18530384478  943  69  68.5652156824  1.93368555415  -0.148244436706
2.18530384478  944  81  80.7378432157  1.52659813068  0.00475177357494
2.18530384478  945  93  93.0718772751  1.60377378857  0.0485562164498
2.18530384478  945  105  105.303335481  1.49250896576  0.117416225775
2.18530384478  946  118  117.711980036  1.48223555223  -0.00175775733816
2.18530384478  946  130  130.175664766  1.56980506928  0.0721915248607
2.18530384478  947  143  142.802603958  1.5401902669  0.00307013945781
2.18530384478  947  155  155.442917424  1.50768336495  0.060758421302
2.18530384478  948  168  168.34791153  1.55358059771  0.0678436304679
2.18530384478  948  181  181.125749251  1.63289164531  0.0294116902711
2.18530384478  949  194  194.245307554  1.58140615309  0.0743040502384
2.18530384478  949  207  207.242327076  1.59004053723  0.0703274632627
2.18530384478  950  221  220.530533915  1.42353616942  0.0533357782841
2.18530384478  950  234  233.71525859  1.51894570762  0.0211698926638
2.18530384478  950  247  247.091683032  1.56273091202  0.0633971692308
2.18530384478  951  261  260.649033832  1.41645778937  0.00529447903592
2.18530384478  951  274  274.279194581  1.51647265498  0.0982754850853
2.18530384478  952  288  288.068074562  1.59935042865  0.024162986643
2.18530384478  952  302  301.827984982  1.5784150681  0.00675896601474
2.18530384478  952  316  315.705448804  1.57083479551  -0.00936035892101
2.18530384478  953  330  329.886336979  1.641499811  0.0152521832407
2.18530384478  953  344  344.049322113  1.64057325237  0.0427373381616
2.18530384478  953  358  358.313858059  1.57668068619  0.0961512758091
2.18530384478  953  373  372.6343948  1.55692187993  0.0383865525344
2.18530384478  954  387  387.334916405  1.55522878811  0.122864252956
2.18530384478  954  402  401.902983126  1.63206262595  0.0477971018636
2.18530384478  954  417  416.616229642  1.470946293  -0.00533341201129
2.18530384478  954  432  431.517434831  1.37680127109  0.0270886065029
2.18530384478  954  447  446.512808216  1.43798832396  0.0108902736345
2.18530384478  955  462  461.750471575  1.60013251459  -0.0352083202462
2.18530384478  955  477  477.025045875  1.70635644055  -0.00069939864332
2.18530384478  955  492  492.441745982  1.61443762915  0.0344247056338
2.18530384478  955  508  507.932892316  1.73415774429  0.0226242170132
2.18530384478  955  524  523.586689442  1.69827278406  0.030743994153
2.18530384478  955  539  539.407416596  1.71496098007  0.075971242737
2.18530384478  955  555  555.362242232  1.68250058765  0.085882696303
2.18530384478  955  571  571.434891029  1.66763599779  0.089611232655
2.18530384478  955  588  587.625218594  1.61131022679  0.00417755554027
2.18530384478  955  604  604.009856994  1.75990797065  0.0272980033209
2.18530384478  955  621  620.524404286  1.57456439201  0.0140627541385
2.18530384478  954  637  637.09829567  1.79773659585  -0.00835841391605
2.18530384478  954  654  653.877419909  1.81626338036  -0.0342335635051
2.18530384478  954  671  670.839483014  1.85542628504  -0.0411059091618
2.18530384478  954  688  687.966099962  1.91143184143  -0.00689675345461
2.18530384478  954  705  705.275375262  1.92339565667  0.032678126043
2.18530384478  953  723  722.570215776  1.8516613947  0.0256888896518
2.18530384478  953  740  740.190689923  1.95645941128  0.0759491154286
2.18530384478  953  758  757.931535391  1.95285216813  0.0623412356159
2.18530384478  952  776  775.75024618  1.95162965613  0.0532499658053
2.18530384478  952  794  793.856484683  1.96034768019  0.0511678725321
2.18530384478  951  812  812.090574948  2.01150483732  0.0756509766889
2.18530384478  951  830  830.492655821  1.8714462687  0.0276273995514
2.18530384478  950  849  849.08541552  2.06513779252  0.0256947843833
2.18530384478  950  868  867.854537486  2.03699560342  -0.0131044069396
2.18530384478  949  887  886.777603888  2.03267029702  -0.0370299883466
2.18530384478  948  906  905.889200828  2.11791452211  -0.0405853291991
2.18530384478  948  925  925.28652846  2.16710207747  0.0169814488666
2.18530384478  947  945  944.706742626  2.18829685589  -0.0454008381267
2.18530384478  946  964  964.440488617  2.15408120118  0.00105535875153
2.18530384478  945  984  984.296260129  2.23732648178  0.00496269858577
2.18530384478  944  1004  1004.35804702  2.25650405752  0.0213421979931
