# Band 3C   Etalon 2A   Slice 2
# Distortion map version 7B.05.00 - date 2019-03-22
# Trace (isoalpha): Take pixel trace along specified slice, specified alpha position trace is built by taking the pixel in every detector row with alpha value closest to the one specified 
# xpos[i] = np.argmin(alpha_img[i,:])+funcs.find_nearest(alpha_img[i,:][(slice_img[i,:]!=0)],alpha_pos)
#    alpha       x  y      center         FWHM          skewness        wavelength
0.0  934  16  15.989196098997628  2.6588241958452308  -0.035686057338051407  18.085727135373546
0.0  936  58  57.53521074697643  2.655879788356586  0.00535361746679011  17.983836096925636
0.0  938  98  98.09324989821343  2.6095576811671037  -0.03977031148005226  17.88308839342046
0.0  939  138  137.93517270683796  2.5160992179545474  -0.027904021012774474  17.783133573968403
0.0  941  177  176.9878946704744  2.5478028149217664  -0.03699000346113776  17.684421147647026
0.0  942  215  215.23538027991367  2.5305289079714157  -0.01184252591983271  17.586758582364773
0.0  943  253  252.74328978034814  2.4205996501047196  -0.04396235172139977  17.49042445217467
0.0  944  290  289.6067561015861  2.423140150828317  0.001767299629697692  17.394991588320053
0.0  945  326  325.644664504404  2.3467977687714097  -0.04981653109218691  17.300579591226235
0.0  945  361  361.20511826449837  2.4503854193899315  0.01671753251864551  17.20729032963816
0.0  946  396  395.8825396983459  2.3694497220275252  -0.03182103768314525  17.115063856390428
0.0  946  430  430.11531125497004  2.3351608063693448  -0.009641486005204033  17.0236332081308
0.0  946  464  463.67654564494205  2.3700323953065663  -0.012219484969118786  16.93336145884987
0.0  946  497  496.5841801858833  2.3414201915081776  -0.05874823990551331  16.843992056484296
0.0  946  529  529.0213969340897  2.465060528386175  -0.014996830091947458  16.755532632424014
0.0  946  561  560.7746578151459  2.439502604070867  -0.047118979261221446  16.668111166977404
0.0  946  592  592.0509529542417  2.3803954722166054  -0.02186665966537615  16.581521319063913
0.0  946  623  622.7081442474354  2.4304181201802066  -0.04262091773113325  16.49588098337365
0.0  945  653  652.9826278015022  2.521733711871093  -0.012258645708371742  16.41109459228241
0.0  945  683  682.6014631962298  2.4496765186273706  -0.03861490484098229  16.327291332783286
0.0  945  712  711.7669000491518  2.572904154616708  -0.027503001191528622  16.244189672054947
0.0  944  740  740.4505355372319  2.4102644757740563  -0.03913315794603244  16.162158593220852
0.0  943  769  768.6777548459048  2.483502840075971  -0.04305624346460057  16.08079771524595
0.0  943  796  796.3796554063189  2.5075501410485685  -0.041647570174708916  16.000330226931936
0.0  942  824  823.6781447203072  2.4345521951688625  -0.00874823877371762  15.92083335712673
0.0  941  851  850.5226057792529  2.4876681997996  -0.021923242059760276  15.841890575848382
0.0  940  877  876.9255127334764  2.5541692558731484  -0.027189699468799674  15.764109487972428
0.0  939  903  902.9285446721251  2.538485470632395  -0.017579732005474812  15.686793604965871
0.0  938  928  928.4478475057665  2.4423394692821603  -0.04228897246044166  15.610557377671974
0.0  937  954  953.6354400958979  2.4314416966622048  -0.00507747500425404  15.534859792547497
0.0  936  978  978.3056583288632  2.416035625988343  -0.04082823017505275  15.46016712791969
0.0  935  1003  1002.6529452550658  2.477211020047548  -0.03569771933574113  15.386084610113443
-2.307071431527991  942  16  15.696742684338048  2.6217624856653803  -0.0029156828777607414  18.085727135373546
-2.307071431527991  944  57  57.12586678454755  2.672500899442028  -0.0037359040858804633  17.983836096925636
-2.307071431527991  946  98  97.6745060968343  2.5194359265354223  -0.026511305124267845  17.88308839342046
-2.307071431527991  947  138  137.56378790847467  2.4660344742410985  0.0014797908622734123  17.783133573968403
-2.307071431527991  949  176  176.47081194829894  2.499619864043808  -0.03581178522426738  17.684421147647026
-2.307071431527991  950  215  214.70222631886418  2.4148638495846058  -0.04299393212081407  17.586758582364773
-2.307071431527991  951  252  252.2969703221651  2.3752518832204714  0.004736028918118904  17.49042445217467
-2.307071431527991  952  289  289.04323443642954  2.5003383948692317  -0.006564354040234692  17.394991588320053
-2.307071431527991  953  325  325.10977149523194  2.3993619150411405  -0.0042012199796007685  17.300579591226235
-2.307071431527991  953  361  360.54665333899294  2.3779369559603083  -0.03860686256120139  17.20729032963816
-2.307071431527991  954  395  395.2791341833527  2.3918713621459347  0.005999279116406727  17.115063856390428
-2.307071431527991  954  429  429.4761148474136  2.311836734927283  0.018626643621614026  17.0236332081308
-2.307071431527991  954  463  462.96868467656543  2.441448623271981  -0.02019694639741081  16.93336145884987
-2.307071431527991  955  496  495.8193845070282  2.3058619095949098  -0.020759400813473685  16.843992056484296
-2.307071431527991  955  528  528.1815760395511  2.3606067954422087  -0.016225778461854638  16.755532632424014
-2.307071431527991  954  560  560.040513659607  2.3932585364916577  -0.01797291025758297  16.668111166977404
-2.307071431527991  954  591  591.2784256377998  2.445397593934331  0.01249359238086029  16.581521319063913
-2.307071431527991  954  622  621.8979310984971  2.374496836833032  -0.01223640395616731  16.49588098337365
-2.307071431527991  954  652  652.052474719491  2.4085002639278628  -0.010827340784094194  16.41109459228241
-2.307071431527991  953  682  681.7656868952621  2.429334054223773  -0.005583180741654127  16.327291332783286
-2.307071431527991  953  711  710.8311986012404  2.50310175173081  -0.02656096890911906  16.244189672054947
-2.307071431527991  952  740  739.557734042701  2.4164459729261125  -0.008265284607604952  16.162158593220852
-2.307071431527991  951  768  767.7843643767055  2.505839087153845  0.011841232977258469  16.08079771524595
-2.307071431527991  951  795  795.4319474891591  2.4334899524903904  0.014118823213481686  16.000330226931936
-2.307071431527991  950  823  822.6867451047066  2.466893991265124  -0.026651033280279877  15.92083335712673
-2.307071431527991  949  850  849.5690906466996  2.4558153704522283  0.005565974106666544  15.841890575848382
-2.307071431527991  948  876  875.9262298755109  2.4515735451907403  -0.012116014461567563  15.764109487972428
-2.307071431527991  947  902  901.9024294187781  2.461618283192365  -0.006827334758262805  15.686793604965871
-2.307071431527991  946  927  927.4335502218332  2.4135795152305946  0.0010519891894559632  15.610557377671974
-2.307071431527991  945  953  952.5321067843904  2.472244803718013  -0.018227284368069772  15.534859792547497
-2.307071431527991  944  977  977.2616265918451  2.4748943864572084  0.00646050757977196  15.46016712791969
-2.307071431527991  943  1002  1001.5731182973364  2.4829899474232207  0.000764574858754432  15.386084610113443
-2.0348764315279912  941  16  15.695236422829483  2.664250244924153  -0.020861869782762  18.085727135373546
-2.0348764315279912  943  57  57.18133750561729  2.6608774551782375  -0.004237036686369404  17.983836096925636
-2.0348764315279912  945  98  97.73098154905728  2.5536941517734846  -0.025653115221289643  17.88308839342046
-2.0348764315279912  946  138  137.61233802411454  2.4746109025925307  8.340611365924951e-05  17.783133573968403
-2.0348764315279912  948  177  176.51938477552653  2.5108761885323077  -0.03724213476088629  17.684421147647026
-2.0348764315279912  949  215  214.75038501302416  2.4570750011164932  -0.044381990494979276  17.586758582364773
-2.0348764315279912  950  252  252.3591466669538  2.4051970920480414  6.675781484669392e-05  17.49042445217467
-2.0348764315279912  951  289  289.086510494279  2.469811942122874  -0.017653554993011685  17.394991588320053
-2.0348764315279912  952  325  325.1916290547024  2.421142068188601  0.00733164331230675  17.300579591226235
-2.0348764315279912  952  361  360.62153326433145  2.420280966498808  -0.04292924021440145  17.20729032963816
-2.0348764315279912  953  395  395.36384415373027  2.347616356915637  0.002938604967277044  17.115063856390428
-2.0348764315279912  953  430  429.549568884406  2.304842486973371  0.004231863934490504  17.0236332081308
-2.0348764315279912  953  463  463.05458017121583  2.4393706452829065  -0.017874924467289485  16.93336145884987
-2.0348764315279912  954  496  495.90963392679373  2.2960880509560866  -0.01843732227717521  16.843992056484296
-2.0348764315279912  954  528  528.2684805807448  2.397645177821687  -0.015984114016764767  16.755532632424014
-2.0348764315279912  954  560  560.0405183414009  2.3940075398616045  -0.01948007264341627  16.668111166977404
-2.0348764315279912  953  591  591.3681455280753  2.3890139928494136  0.010618580688481406  16.581521319063913
-2.0348764315279912  953  622  622.017065413651  2.386553424226804  -0.01533551196406441  16.49588098337365
-2.0348764315279912  953  652  652.1495592605128  2.3891257452412447  -0.013684565955349894  16.41109459228241
-2.0348764315279912  952  682  681.8798573284614  2.410198932897856  -0.0077866052697843  16.327291332783286
-2.0348764315279912  952  711  710.9598041732004  2.5542393837047257  -0.02074872034985374  16.244189672054947
-2.0348764315279912  951  740  739.6598194307693  2.4576125847258936  -0.014855011986175453  16.162158593220852
-2.0348764315279912  951  768  767.8213280862436  2.6152503016144237  -0.02171089649733126  16.08079771524595
-2.0348764315279912  950  796  795.5316965308247  2.457967117635235  -5.497463302181705e-06  16.000330226931936
-2.0348764315279912  949  823  822.8043196120149  2.5126552049664497  -0.02442900778228956  15.92083335712673
-2.0348764315279912  948  850  849.6823758124392  2.4837913554949864  -0.004477466145669197  15.841890575848382
-2.0348764315279912  947  876  876.0689693683192  2.4554639286068323  -0.004279398295679254  15.764109487972428
-2.0348764315279912  946  902  902.0265953671941  2.4472777116425277  -0.0073749008081471995  15.686793604965871
-2.0348764315279912  945  928  927.5618852595301  2.4000590741959513  -0.008301113022862955  15.610557377671974
-2.0348764315279912  944  953  952.6594130871157  2.514813208998021  -0.02536749140000904  15.534859792547497
-2.0348764315279912  943  977  977.4047624617675  2.463123828575135  0.006440741378073613  15.46016712791969
-2.0348764315279912  942  1002  1001.7223112125357  2.5098361261116224  0.010976298222425369  15.386084610113443
-1.7626814315279913  940  16  15.741712853271292  2.6634571938993243  -0.012846811695716378  18.085727135373546
-1.7626814315279913  942  57  57.243191486991634  2.6911169032257334  -0.004148042024043051  17.983836096925636
-1.7626814315279913  944  98  97.79165640863404  2.585098108717119  -0.01938391311335219  17.88308839342046
-1.7626814315279913  945  138  137.67710029391662  2.4686230791917296  -0.0045779382959379505  17.783133573968403
-1.7626814315279913  947  177  176.5864129409188  2.4840535531543537  -0.02290047403521203  17.684421147647026
-1.7626814315279913  948  215  214.8137811520892  2.466911875095576  -0.04595694950986688  17.586758582364773
-1.7626814315279913  949  252  252.41699943721133  2.400436882989567  -0.010114792984095886  17.49042445217467
-1.7626814315279913  950  289  289.1493135240293  2.508721622392386  -0.01075748546319322  17.394991588320053
-1.7626814315279913  951  325  325.2628919768548  2.396520507829223  0.007468073879180728  17.300579591226235
-1.7626814315279913  951  361  360.7114869580719  2.417482584797199  -0.03271089870171431  17.20729032963816
-1.7626814315279913  952  395  395.4466494203865  2.322740200555927  0.008334573318700564  17.115063856390428
-1.7626814315279913  952  430  429.61685155416853  2.3183122672010086  -0.004518845179091289  17.0236332081308
-1.7626814315279913  952  463  463.0913041344713  2.3632150920607273  -0.015112487989091213  16.93336145884987
-1.7626814315279913  953  496  496.0083359317942  2.3579092141696947  -0.011625864930423738  16.843992056484296
-1.7626814315279913  953  528  528.3601457141701  2.363922085590957  -0.0278512689696  16.755532632424014
-1.7626814315279913  953  560  560.1336052080561  2.387738868643737  -0.020543098939776645  16.668111166977404
-1.7626814315279913  952  591  591.4564090165314  2.3482019268615204  0.004146809639289709  16.581521319063913
-1.7626814315279913  952  622  622.1241143361531  2.417867402289403  -0.010166351553976018  16.49588098337365
-1.7626814315279913  952  652  652.2500550676482  2.3707089680190165  -0.02070682159229855  16.41109459228241
-1.7626814315279913  951  682  681.983599425907  2.4572765448679093  -0.004611004282175538  16.327291332783286
-1.7626814315279913  951  711  711.0684195908251  2.5254514522239333  -0.011302093428694164  16.244189672054947
-1.7626814315279913  950  740  739.7746579996385  2.4638507003379573  -0.01301354817149754  16.162158593220852
-1.7626814315279913  950  768  767.8855187116819  2.4675436420770893  -0.039850481444073105  16.08079771524595
-1.7626814315279913  949  796  795.6548641562605  2.460840061949966  -0.004673802265215726  16.000330226931936
-1.7626814315279913  948  823  822.9348660357517  2.5480913047867944  -0.013570253948405298  15.92083335712673
-1.7626814315279913  947  850  849.7995014790442  2.4648991879271307  -0.00818991983251497  15.841890575848382
-1.7626814315279913  946  876  876.1979410002218  2.439631157441454  -0.007460331885526811  15.764109487972428
-1.7626814315279913  945  902  902.1588687980712  2.4722976217199175  -0.011579857074427663  15.686793604965871
-1.7626814315279913  944  928  927.6929706794058  2.4040373977036325  -0.006126984785666552  15.610557377671974
-1.7626814315279913  943  953  952.8085142055639  2.534465707956997  -0.014541891857691077  15.534859792547497
-1.7626814315279913  942  978  977.5278255068459  2.449905288848413  -0.005776951926275361  15.46016712791969
-1.7626814315279913  941  1002  1001.8559312284444  2.521216164560201  0.0030013962712505463  15.386084610113443
-1.4904864315279913  939  16  15.811502656248859  2.696961262086587  -0.006600343342790252  18.085727135373546
-1.4904864315279913  941  57  57.30536512956164  2.663388177356964  0.003415200716656929  17.983836096925636
-1.4904864315279913  943  98  97.83517087078101  2.5881781232959185  -0.025527133512292428  17.88308839342046
-1.4904864315279913  944  138  137.71333861928383  2.451775763750561  -0.003343458124117581  17.783133573968403
-1.4904864315279913  946  177  176.64619951806876  2.513988650860256  -0.03433040544840993  17.684421147647026
-1.4904864315279913  947  215  214.8815899690026  2.4827233072609545  -0.042572525404057655  17.586758582364773
-1.4904864315279913  948  252  252.4724636352792  2.3732540568731793  -0.0150890369119702  17.49042445217467
-1.4904864315279913  949  289  289.23647783876635  2.490572236162052  0.004191476531663144  17.394991588320053
-1.4904864315279913  950  325  325.3332481244394  2.414905236116738  0.008764404601603016  17.300579591226235
-1.4904864315279913  950  361  360.7870739378575  2.4198112874854587  -0.024820538414655674  17.20729032963816
-1.4904864315279913  951  396  395.5062109475068  2.329313102992387  -0.002071847310800337  17.115063856390428
-1.4904864315279913  951  430  429.6956959733239  2.3094199545104175  -0.006298418887013837  17.0236332081308
-1.4904864315279913  952  463  463.15096225988566  2.4438495716764237  -0.005559059121532104  16.93336145884987
-1.4904864315279913  952  496  496.10105473761075  2.366427914823248  -0.0065500479649653375  16.843992056484296
-1.4904864315279913  952  528  528.446993268637  2.371342367083116  -0.02551491626760747  16.755532632424014
-1.4904864315279913  952  560  560.2433197886141  2.3776463862557193  -0.012396565583090567  16.668111166977404
-1.4904864315279913  951  592  591.5486166882623  2.3545006847634795  -0.005916796474936629  16.581521319063913
-1.4904864315279913  951  622  622.2155249335378  2.4172785301725526  -0.01984392128941132  16.49588098337365
-1.4904864315279913  951  652  652.3339371772743  2.3402423842408098  -0.03089982664825887  16.41109459228241
-1.4904864315279913  950  682  682.0844400270435  2.439440182736007  -0.007801165074350243  16.327291332783286
-1.4904864315279913  950  711  711.1860087216571  2.50465174989381  -0.0034339161685410704  16.244189672054947
-1.4904864315279913  949  740  739.9003835983531  2.4625896480529263  -0.013643092697978367  16.162158593220852
-1.4904864315279913  949  768  768.0087081146891  2.481877712037658  -0.011564353259281807  16.08079771524595
-1.4904864315279913  948  796  795.7613321480172  2.4725941249423613  -0.015889516439742676  16.000330226931936
-1.4904864315279913  947  823  823.0728747790654  2.5367589231850616  0.0056854616470028135  15.92083335712673
-1.4904864315279913  946  850  849.9214876565537  2.4533669367904167  -0.010924725312182935  15.841890575848382
-1.4904864315279913  945  876  876.307820277559  2.404705653512565  -0.013075922175934923  15.764109487972428
-1.4904864315279913  944  902  902.2900016170119  2.469755133467743  -0.013575970167199502  15.686793604965871
-1.4904864315279913  943  928  927.8114470793357  2.4077697033060304  -0.013749073032507017  15.610557377671974
-1.4904864315279913  942  953  952.9367632197539  2.562303052013476  -0.012111061506033059  15.534859792547497
-1.4904864315279913  941  978  977.6514322086899  2.4407822653129188  -0.012591975879009535  15.46016712791969
-1.4904864315279913  940  1002  1001.9763247959966  2.4922661932932897  -0.0015235262922758761  15.386084610113443
-1.2182914315279914  938  16  15.848317079874413  2.667924125685193  -0.009664202227627088  18.085727135373546
-1.2182914315279914  940  57  57.35517406507691  2.6648586183681076  0.0041172945034854535  17.983836096925636
-1.2182914315279914  942  98  97.89064761155429  2.586293452166643  -0.020401443643302552  17.88308839342046
-1.2182914315279914  943  138  137.7253549393711  2.423059528365229  -0.017150887630477476  17.783133573968403
-1.2182914315279914  945  177  176.71377596809666  2.5331094143052724  -0.03397676008486789  17.684421147647026
-1.2182914315279914  946  215  214.9316285920378  2.5120206710268462  -0.04715361637274353  17.586758582364773
-1.2182914315279914  947  253  252.5195934209973  2.3907065301143575  -0.02042446385420831  17.49042445217467
-1.2182914315279914  948  289  289.30661720208667  2.4908338706723043  0.0022254387291208563  17.394991588320053
-1.2182914315279914  949  325  325.41158027049903  2.3626370154393044  0.01104761862083402  17.300579591226235
-1.2182914315279914  949  361  360.82780027527815  2.356371955283066  -0.026778310350828515  17.20729032963816
-1.2182914315279914  950  396  395.57028632853417  2.3178573943228002  -0.006769906853930979  17.115063856390428
-1.2182914315279914  950  430  429.78012911215086  2.3254594604119347  -0.01406173539862125  17.0236332081308
-1.2182914315279914  951  463  463.2464727019361  2.424343660288855  0.0008876571064995965  16.93336145884987
-1.2182914315279914  951  496  496.1825126565411  2.348099044180117  -0.015658917714833114  16.843992056484296
-1.2182914315279914  951  529  528.5167324676687  2.346945650383759  -0.04625098972951041  16.755532632424014
-1.2182914315279914  951  560  560.3366838133996  2.354145469260402  -0.011940186630592124  16.668111166977404
-1.2182914315279914  950  592  591.6483047183964  2.342597588769877  -0.015411599246098182  16.581521319063913
-1.2182914315279914  950  622  622.3094435381036  2.3701008583391285  -0.030694404666000354  16.49588098337365
-1.2182914315279914  950  652  652.4214560620507  2.3767518010606636  -0.040287006565822694  16.41109459228241
-1.2182914315279914  949  682  682.1861109720721  2.4295670906294617  -0.01144243359594954  16.327291332783286
-1.2182914315279914  949  711  711.3116344025237  2.4789457106569444  0.009350582562819492  16.244189672054947
-1.2182914315279914  948  740  740.0048011986305  2.4701187579044017  -0.020202972554326508  16.162158593220852
-1.2182914315279914  948  768  768.1293544455604  2.479139600315648  -0.010836714212647619  16.08079771524595
-1.2182914315279914  947  796  795.8857129102348  2.4899716690827063  -0.012176484045120655  16.000330226931936
-1.2182914315279914  946  823  823.2003162196397  2.5370280239806107  0.005598682449821032  15.92083335712673
-1.2182914315279914  945  850  850.0419654263343  2.4750414051973166  -0.01542765856223919  15.841890575848382
-1.2182914315279914  944  876  876.423950513407  2.395268804026955  -0.025750044038793846  15.764109487972428
-1.2182914315279914  943  902  902.4152824437788  2.45420937884046  -0.015752624362050466  15.686793604965871
-1.2182914315279914  942  928  927.9300262598449  2.4267402711386694  -0.022111856445274816  15.610557377671974
-1.2182914315279914  941  953  953.089343803517  2.5355599315475956  0.0003949385062518554  15.534859792547497
-1.2182914315279914  940  978  977.7842152215234  2.438988489162057  -0.01644211168713644  15.46016712791969
-1.2182914315279914  939  1002  1002.1124074179827  2.503440805181981  -0.003597981853848631  15.386084610113443
-0.9460964315279914  937  16  15.889266599391037  2.6640569091902364  -0.018770152394915068  18.085727135373546
-0.9460964315279914  939  57  57.38078392847017  2.688017318448587  0.0044022341769056755  17.983836096925636
-0.9460964315279914  941  98  97.93890412323216  2.5857444044453644  -0.023697474629329213  17.88308839342046
-0.9460964315279914  943  138  137.78661981345482  2.441909550769708  -0.011155121704620253  17.783133573968403
-0.9460964315279914  944  177  176.76710089889775  2.5528310153734424  -0.04160405340490001  17.684421147647026
-0.9460964315279914  945  215  215.01688347334465  2.523378006014468  -0.028320750324647186  17.586758582364773
-0.9460964315279914  946  253  252.5582489031939  2.3705939199936665  -0.043992154595975504  17.49042445217467
-0.9460964315279914  947  289  289.3664771075257  2.465032558685607  -0.005574433274070253  17.394991588320053
-0.9460964315279914  948  325  325.4825339749926  2.3386927304036362  0.017663594235002394  17.300579591226235
-0.9460964315279914  949  361  360.85571403175953  2.4043057892225193  -0.04990772373266418  17.20729032963816
-0.9460964315279914  949  396  395.6502880991356  2.3652480273552783  -0.01382059023674622  17.115063856390428
-0.9460964315279914  949  430  429.8723997135391  2.335620057429196  -0.005475274434149567  17.0236332081308
-0.9460964315279914  950  463  463.3381162338157  2.427090454052859  0.0076727564609148  16.93336145884987
-0.9460964315279914  950  496  496.25754301427554  2.362849939580542  -0.02669435482717999  16.843992056484296
-0.9460964315279914  950  529  528.5977656169047  2.394372728989879  -0.0530848021225412  16.755532632424014
-0.9460964315279914  950  560  560.4114432446287  2.3769770912963395  -0.030874338716124616  16.668111166977404
-0.9460964315279914  949  592  591.7611548854458  2.3628598830644023  -0.011488986954200898  16.581521319063913
-0.9460964315279914  949  622  622.4113367599206  2.3928858946223954  -0.030662218888210337  16.49588098337365
-0.9460964315279914  949  653  652.5236576051227  2.3905921826941494  -0.046443792332423704  16.41109459228241
-0.9460964315279914  948  682  682.2873074054756  2.404556063012933  -0.018434575190004198  16.327291332783286
-0.9460964315279914  948  711  711.4335460602399  2.4275315192924154  0.013211174172030857  16.244189672054947
-0.9460964315279914  947  740  740.1223529587601  2.478576103739897  -0.021153778686721247  16.162158593220852
-0.9460964315279914  947  768  768.2519878537504  2.445477966330145  -0.0064535684080218245  16.08079771524595
-0.9460964315279914  946  796  796.0212078005688  2.432599199466722  -0.004607943893720688  16.000330226931936
-0.9460964315279914  945  823  823.3235905114988  2.4987486288478067  -0.0013572791970053954  15.92083335712673
-0.9460964315279914  944  850  850.1683528560684  2.4561720138206056  -0.0156952304445506  15.841890575848382
-0.9460964315279914  943  877  876.5353904254576  2.458858220748425  -0.0354956689427475  15.764109487972428
-0.9460964315279914  942  903  902.5247312993174  2.465111781321866  -0.0270678697034731  15.686793604965871
-0.9460964315279914  941  928  928.070675617782  2.4521054634531083  -0.015233429422102932  15.610557377671974
-0.9460964315279914  940  953  953.2374092413222  2.5139200825294665  0.010273240724305873  15.534859792547497
-0.9460964315279914  939  978  977.9040540607216  2.4788157320003847  -0.026064506942782135  15.46016712791969
-0.9460964315279914  938  1002  1002.2467196572039  2.4597671002854895  -0.005745314020211278  15.386084610113443
-0.6739014315279914  936  16  15.943353260770976  2.6633009588165635  -0.01271014197665067  18.085727135373546
-0.6739014315279914  938  57  57.4108083607263  2.6710943228940778  -0.006319708110054026  17.983836096925636
-0.6739014315279914  940  98  97.99504420797112  2.6049060179881565  -0.022512638984976095  17.88308839342046
-0.6739014315279914  942  138  137.79202615643013  2.473261025532622  -0.038806661193182136  17.783133573968403
-0.6739014315279914  943  177  176.83558905157324  2.5762473966529456  -0.03625315031710218  17.684421147647026
-0.6739014315279914  944  215  215.09828574646735  2.5181495055107916  -0.013395718616336432  17.586758582364773
-0.6739014315279914  945  253  252.61865160401564  2.3958979248905052  -0.043351661331436586  17.49042445217467
-0.6739014315279914  946  289  289.4432035275035  2.4401681408298828  -0.0018991628165303568  17.394991588320053
-0.6739014315279914  947  326  325.53951164067485  2.3993652953799938  -0.002178648787320476  17.300579591226235
-0.6739014315279914  948  361  360.94129838793145  2.4750986820315575  -0.018340223448002776  17.20729032963816
-0.6739014315279914  948  396  395.7439830634757  2.374158221372795  -0.014589812372440092  17.115063856390428
-0.6739014315279914  948  430  429.95787103824966  2.349106613930644  -0.007289642038832012  17.0236332081308
-0.6739014315279914  949  463  463.42373441632213  2.3789708052838705  0.005312613110300472  16.93336145884987
-0.6739014315279914  949  496  496.3563055058875  2.323091949540185  -0.02884298585505501  16.843992056484296
-0.6739014315279914  949  529  528.7005112139472  2.3983839990422666  -0.05038101253663688  16.755532632424014
-0.6739014315279914  949  560  560.4849153781297  2.36862542707388  -0.054109251293730294  16.668111166977404
-0.6739014315279914  949  592  591.7491996975261  2.351628688734422  -0.04089338567064457  16.581521319063913
-0.6739014315279914  948  622  622.4939404465244  2.381002441996884  -0.039534545478566746  16.49588098337365
-0.6739014315279914  948  653  652.6194172239512  2.4209730776896095  -0.0545274521614902  16.41109459228241
-0.6739014315279914  947  682  682.3902727302245  2.398712413726116  -0.025758639718180338  16.327291332783286
-0.6739014315279914  947  712  711.5316588566948  2.4263342301555895  -0.0016452508725775653  16.244189672054947
-0.6739014315279914  946  740  740.230972166983  2.4879016186571334  -0.024609801477856415  16.162158593220852
-0.6739014315279914  946  768  768.3586858230506  2.414827695227359  -0.02193392482368531  16.08079771524595
-0.6739014315279914  945  796  796.1282399873452  2.441182428024831  -0.013884074218159834  16.000330226931936
-0.6739014315279914  944  823  823.4389037122728  2.495710315485894  -0.0016599410862794043  15.92083335712673
-0.6739014315279914  943  850  850.2819302736076  2.4680105917930177  -0.019252966354735068  15.841890575848382
-0.6739014315279914  942  877  876.6742448698462  2.4845486556750984  -0.030957606432937136  15.764109487972428
-0.6739014315279914  941  903  902.653805648968  2.484622957061447  -0.020772528649603095  15.686793604965871
-0.6739014315279914  940  928  928.2097193308172  2.42197691443198  -0.01564601235336677  15.610557377671974
-0.6739014315279914  939  953  953.3817461475535  2.5041112594367405  0.011949997796648848  15.534859792547497
-0.6739014315279914  938  978  978.0469643956876  2.4321920531992873  -0.024836999592724045  15.46016712791969
-0.6739014315279914  937  1002  1002.3802737759913  2.4799325175997637  -0.013646579781179008  15.386084610113443
-0.40170643152799146  935  16  15.976846992534796  2.649906279024714  -0.014021005577780599  18.085727135373546
-0.40170643152799146  937  57  57.46468892954175  2.6284678294528234  -0.008628174552297899  17.983836096925636
-0.40170643152799146  939  98  98.04062552921309  2.632882488922945  -0.028076461397100353  17.88308839342046
-0.40170643152799146  941  138  137.85786586545535  2.5304001649928978  -0.018053606767242315  17.783133573968403
-0.40170643152799146  942  177  176.90657977354542  2.549245986011613  -0.023596107989459925  17.684421147647026
-0.40170643152799146  943  215  215.18564726682388  2.5055977467930006  0.001567250484577185  17.586758582364773
-0.40170643152799146  944  253  252.6719273787615  2.413978212056179  -0.04992289725068933  17.49042445217467
-0.40170643152799146  945  290  289.53172674973774  2.425791336475413  0.006710090993670979  17.394991588320053
-0.40170643152799146  946  326  325.59960372255966  2.3766212666917  -0.016477143151602515  17.300579591226235
-0.40170643152799146  947  361  361.0356510173378  2.48319911863382  -0.005490745553657017  17.20729032963816
-0.40170643152799146  947  396  395.80887294532175  2.379398172270953  -0.020251533229141513  17.115063856390428
-0.40170643152799146  947  430  430.0331130726506  2.3532416774079365  -0.0013781271248610623  17.0236332081308
-0.40170643152799146  948  464  463.5015501600157  2.3455736201298123  -0.00625104767452174  16.93336145884987
-0.40170643152799146  948  496  496.42538133165397  2.32290364116551  -0.04358411984120075  16.843992056484296
-0.40170643152799146  948  529  528.8007880776664  2.467675832332475  -0.04483074293388619  16.755532632424014
-0.40170643152799146  948  561  560.5870195041523  2.3847573345052524  -0.049015629787429696  16.668111166977404
-0.40170643152799146  948  592  591.8539278189165  2.3728317054028594  -0.021592507138185717  16.581521319063913
-0.40170643152799146  947  623  622.5922858854726  2.393132739083967  -0.0441882539145553  16.49588098337365
-0.40170643152799146  947  653  652.7326193596728  2.4345045840153716  -0.05061110230159154  16.41109459228241
-0.40170643152799146  946  682  682.4985417627495  2.4218210109279426  -0.02121273760073393  16.327291332783286
-0.40170643152799146  946  712  711.6214178501414  2.456927864987165  -0.013466442145321  16.244189672054947
-0.40170643152799146  945  740  740.3540837832295  2.4802269772794716  -0.013122316254350213  16.162158593220852
-0.40170643152799146  945  768  768.4693339342947  2.419381156523741  -0.025576026728345552  16.08079771524595
-0.40170643152799146  944  796  796.2479553544722  2.4144826713927614  -0.01487138432758173  16.000330226931936
-0.40170643152799146  943  824  823.5652455243787  2.433716782115198  0.00045525032096065875  15.92083335712673
-0.40170643152799146  942  850  850.3949920417851  2.3879650575552205  -0.005565900907238799  15.841890575848382
-0.40170643152799146  941  877  876.7945600785735  2.5514812708063346  -0.029367374190995495  15.764109487972428
-0.40170643152799146  940  903  902.7825449357389  2.6052175730683302  0.01765806047837974  15.686793604965871
-0.40170643152799146  939  928  928.346870049508  2.424454336069175  -0.0008300446343755846  15.610557377671974
-0.40170643152799146  938  954  953.514581815953  2.4460582645349405  0.010911759280067797  15.534859792547497
-0.40170643152799146  937  978  978.194763278435  2.4352369687385362  -0.021636548834630346  15.46016712791969
-0.40170643152799146  936  1002  1002.5029613823548  2.4602767253505817  -0.03759407023991785  15.386084610113443
-0.1295114315279915  934  16  15.989942963774842  2.660545095207011  -0.03132448672111928  18.085727135373546
-0.1295114315279915  936  58  57.53526205042329  2.655394399618949  0.005674169707087184  17.983836096925636
-0.1295114315279915  938  98  98.10179805542086  2.6388233769637566  -0.020384318259439135  17.88308839342046
-0.1295114315279915  940  138  137.8774142503843  2.502171482325025  -0.03054310418975882  17.783133573968403
-0.1295114315279915  941  177  176.99543891136466  2.585428011266117  -0.013867908616984762  17.684421147647026
-0.1295114315279915  942  215  215.24074637974203  2.530696927423719  -0.009773238454098332  17.586758582364773
-0.1295114315279915  943  253  252.7432882517173  2.4210669651812395  -0.04408491493277878  17.49042445217467
-0.1295114315279915  944  290  289.60675552643585  2.42315599079393  0.0017567062443681128  17.394991588320053
-0.1295114315279915  945  326  325.64804726649265  2.3973401919437265  -0.026156735227691283  17.300579591226235
-0.1295114315279915  946  361  361.0996175119567  2.4383968799703553  -0.002598508512245233  17.20729032963816
-0.1295114315279915  946  396  395.88267619083604  2.3693912786933424  -0.030912263132704645  17.115063856390428
-0.1295114315279915  946  430  430.1154598056463  2.3355448731583692  -0.008335688441853978  17.0236332081308
-0.1295114315279915  947  464  463.59394251013316  2.3739369485779207  -0.00921842375931236  16.93336145884987
-0.1295114315279915  947  496  496.49581177680125  2.297908508374576  -0.054560405824961675  16.843992056484296
-0.1295114315279915  947  529  528.9217051871269  2.4645970062290417  -0.027656243618686214  16.755532632424014
-0.1295114315279915  947  561  560.6753334091243  2.3923521501432106  -0.047118903912829094  16.668111166977404
-0.1295114315279915  947  592  591.9559527158884  2.348582916845089  -0.014413787842799152  16.581521319063913
-0.1295114315279915  946  623  622.7081442474354  2.4304181201802066  -0.04262091773113325  16.49588098337365
-0.1295114315279915  946  653  652.8480987279994  2.469314739359561  -0.040520923481258984  16.41109459228241
-0.1295114315279915  945  683  682.5376443983273  2.501688213828629  -0.04067278240354766  16.327291332783286
-0.1295114315279915  945  712  711.7351925971649  2.4500086057576027  -0.01779006925540561  16.244189672054947
-0.1295114315279915  944  740  740.4505565756297  2.4097357506800563  -0.038580193515037775  16.162158593220852
-0.1295114315279915  944  769  768.5751598277477  2.4562713800340816  -0.04009064506914691  16.08079771524595
-0.1295114315279915  943  796  796.3766854649637  2.4161527001485865  -0.005408575054663415  16.000330226931936
-0.1295114315279915  942  824  823.6781037730378  2.434157770877164  -0.00919093188847447  15.92083335712673
-0.1295114315279915  941  851  850.5226024567579  2.487443169811513  -0.02180392312493722  15.841890575848382
-0.1295114315279915  940  877  876.9306974425208  2.5517272023714668  -0.018092838035881565  15.764109487972428
-0.1295114315279915  939  903  902.9354350051158  2.582343207996928  0.019082827399279086  15.686793604965871
-0.1295114315279915  938  928  928.4550707369294  2.444120429505574  -0.020264553838957703  15.610557377671974
-0.1295114315279915  937  954  953.6351899592555  2.4263471302338075  -0.001960933364796188  15.534859792547497
-0.1295114315279915  936  978  978.3056996231151  2.415516868321788  -0.04057814867336524  15.46016712791969
-0.1295114315279915  935  1003  1002.6585316495601  2.486641976553642  -0.028632942569079563  15.386084610113443
0.14268356847200847  933  16  16.00592341492868  2.6955547439307175  -0.04672947498596457  18.085727135373546
0.14268356847200847  935  58  57.575972744140536  2.6249715432847367  0.005367265529600324  17.983836096925636
0.14268356847200847  937  98  98.1500304640511  2.600615858831304  -0.029328457125499502  17.88308839342046
0.14268356847200847  939  138  137.93530745693587  2.515394085497036  -0.027139101148474582  17.783133573968403
0.14268356847200847  940  177  177.0585435765859  2.5815935598086526  -0.009055703831990863  17.684421147647026
0.14268356847200847  941  215  215.30477960906043  2.5073597513147092  -0.0009238992016900149  17.586758582364773
0.14268356847200847  942  253  252.8164704098379  2.475830224851677  -0.04117728579639101  17.49042445217467
0.14268356847200847  943  290  289.65329750206587  2.421939256531118  -0.01352110444660831  17.394991588320053
0.14268356847200847  944  326  325.70793561561953  2.360635781159317  -0.02404038717598154  17.300579591226235
0.14268356847200847  945  361  361.20513768377145  2.450296263935911  0.016810045342325063  17.20729032963816
0.14268356847200847  945  396  395.9607504700682  2.3850889588045447  -0.02553693654152402  17.115063856390428
0.14268356847200847  945  430  430.1980086996254  2.3335942192941275  -0.013067445316493924  17.0236332081308
0.14268356847200847  946  464  463.67654564494205  2.3700323953065663  -0.012219484969118786  16.93336145884987
0.14268356847200847  946  497  496.5841801858833  2.3414201915081776  -0.05874823990551331  16.843992056484296
0.14268356847200847  946  529  529.0213969340897  2.465060528386175  -0.014996830091947458  16.755532632424014
0.14268356847200847  946  561  560.7746578151459  2.439502604070867  -0.047118979261221446  16.668111166977404
0.14268356847200847  946  592  592.0509692281207  2.380404889285046  -0.02175562497402045  16.581521319063913
0.14268356847200847  945  623  622.8088511505971  2.489023678554986  -0.042735592144327844  16.49588098337365
0.14268356847200847  945  653  652.9822196568649  2.524317731411429  -0.01978209872625852  16.41109459228241
0.14268356847200847  945  683  682.6261841120877  2.590673763220366  -0.05408928710387776  16.327291332783286
0.14268356847200847  944  712  711.839461335052  2.461624406791998  -0.024206213876344328  16.244189672054947
0.14268356847200847  943  741  740.5582623608774  2.418414625396622  -0.04466748822478235  16.162158593220852
0.14268356847200847  943  769  768.6777261934899  2.483303659664216  -0.04330516562888259  16.08079771524595
0.14268356847200847  942  796  796.470410836199  2.4472065206020943  -0.02477914639595254  16.000330226931936
0.14268356847200847  941  824  823.7928002767181  2.4602826701338927  -0.01559352218808746  15.92083335712673
0.14268356847200847  940  851  850.6538697634613  2.4922002980329125  -0.027152543259915563  15.841890575848382
0.14268356847200847  939  877  877.0847129904153  2.5680973151061153  0.023179044110153087  15.764109487972428
0.14268356847200847  938  903  903.0196693163244  2.6819516192620085  0.0008219212419492174  15.686793604965871
0.14268356847200847  937  929  928.5795597094924  2.6187321186803274  -0.0002904538591783654  15.610557377671974
0.14268356847200847  936  954  953.7659225260134  2.4303328647361013  0.005359732402708445  15.534859792547497
0.14268356847200847  935  978  978.4552730111626  2.426713069066409  -0.036837706450486445  15.46016712791969
0.14268356847200847  934  1003  1002.7880260077554  2.534861514459635  -0.022077443610883717  15.386084610113443
0.41487856847200844  932  16  16.03799357524813  2.682844442159631  -0.04337215201823506  18.085727135373546
0.41487856847200844  934  58  57.59752044521379  2.6176578867389253  -0.01303600335452743  17.983836096925636
0.41487856847200844  936  98  98.1961106257932  2.5879967039492016  -0.025757098228545678  17.88308839342046
0.41487856847200844  938  138  137.99499871428486  2.496450398647255  -0.02802065068305692  17.783133573968403
0.41487856847200844  939  177  177.1215644144032  2.5484348501050818  0.005188204159745302  17.684421147647026
0.41487856847200844  940  215  215.35978097813947  2.510802708615188  -0.0029739304208432674  17.586758582364773
0.41487856847200844  941  253  252.90162203956766  2.4391202947257966  -0.028506725247823585  17.49042445217467
0.41487856847200844  942  290  289.7253320294885  2.4268047658064233  -0.017475290738471427  17.394991588320053
0.41487856847200844  943  326  325.78521832186567  2.3579344937843416  -0.03348302454370979  17.300579591226235
0.41487856847200844  944  361  361.28851737617475  2.424810378824077  0.020785827938513694  17.20729032963816
0.41487856847200844  944  396  396.06137607411796  2.3548247020587496  -0.01705986939649806  17.115063856390428
0.41487856847200844  944  430  430.2894066583672  2.2664544193834217  0.016773012198528652  17.0236332081308
0.41487856847200844  945  464  463.7583739736935  2.397215910356067  -0.016881783415593793  16.93336145884987
0.41487856847200844  945  497  496.68562626599373  2.3757248468509147  -0.04835982054603638  16.843992056484296
0.41487856847200844  945  529  529.139112496596  2.4434602482383525  0.0036807340185166593  16.755532632424014
0.41487856847200844  945  561  560.8874274497435  2.4592652603664646  -0.03305904805593805  16.668111166977404
0.41487856847200844  945  592  592.1360636618846  2.3748305640210674  -0.030688392599410183  16.581521319063913
0.41487856847200844  944  623  622.9153356829295  2.4794468189397776  -0.030091015007012476  16.49588098337365
0.41487856847200844  944  653  653.083296881232  2.5536944561547443  -0.01241820591347001  16.41109459228241
0.41487856847200844  944  683  682.6942253049677  2.5058750265329763  -0.06310208934494907  16.327291332783286
0.41487856847200844  943  712  711.9513280391961  2.4861118243591136  -0.024123638251485297  16.244189672054947
0.41487856847200844  942  741  740.6587915034519  2.4871054806853863  -0.04294578713674048  16.162158593220852
0.41487856847200844  942  769  768.8114412933804  2.537264909516466  -0.030688193220330843  16.08079771524595
0.41487856847200844  941  797  796.5921066678374  2.4187424065263485  -0.03452306913798618  16.000330226931936
0.41487856847200844  940  824  823.9223387121252  2.4365956146573353  -0.01805181601491578  15.92083335712673
0.41487856847200844  939  851  850.7841314239442  2.5164834683207573  -0.024412768373319533  15.841890575848382
0.41487856847200844  938  877  877.139636854349  2.702300964948563  -0.0012170013445921878  15.764109487972428
0.41487856847200844  937  903  903.1730179709467  2.6662110311717697  0.014841924357202335  15.686793604965871
0.41487856847200844  936  929  928.6492768262226  2.580972554234336  -0.042978545157897834  15.610557377671974
0.41487856847200844  935  954  953.9088159118388  2.39832030358275  0.007889210535119566  15.534859792547497
0.41487856847200844  934  979  978.5989156456069  2.4559872534853184  -0.043882017557932064  15.46016712791969
0.41487856847200844  933  1003  1002.9522593777102  2.54162445824295  -0.011051290332580168  15.386084610113443
0.6870735684720084  931  16  16.103772545292664  2.6810341278113796  -0.0290966104933784  18.085727135373546
0.6870735684720084  933  58  57.646526455733664  2.596095696532359  -0.019927792260401738  17.983836096925636
0.6870735684720084  935  98  98.24389097067795  2.638190295650489  -0.027231682300372175  17.88308839342046
0.6870735684720084  937  138  138.06025099326683  2.533861136120237  -0.023787434969263475  17.783133573968403
0.6870735684720084  938  177  177.17006499359363  2.5771517889881466  0.0010571647040618969  17.684421147647026
0.6870735684720084  939  215  215.41717755562445  2.500702065744065  -0.004623008481402488  17.586758582364773
0.6870735684720084  940  253  252.97162067381015  2.4685210395454646  -0.023019393308519782  17.49042445217467
0.6870735684720084  941  290  289.7891870003111  2.4258225978206838  -0.025479530443554242  17.394991588320053
0.6870735684720084  942  326  325.8692173933262  2.37446908194363  -0.02387984350745442  17.300579591226235
0.6870735684720084  943  361  361.3599195401684  2.3753817683544867  0.014361556014408562  17.20729032963816
0.6870735684720084  943  396  396.150425221305  2.3798622884738734  -0.009776352119355413  17.115063856390428
0.6870735684720084  944  430  430.27647304134246  2.3022393994345407  -0.03171511837410832  17.0236332081308
0.6870735684720084  944  464  463.85077885663793  2.3858446097752903  -0.011696183266281607  16.93336145884987
0.6870735684720084  944  497  496.7781986235225  2.415596043998562  -0.04970179773158729  16.843992056484296
0.6870735684720084  944  529  529.2244715914094  2.43830302899255  0.0031391891002843226  16.755532632424014
0.6870735684720084  944  561  560.9903005434967  2.467358720130619  -0.027777318612091532  16.668111166977404
0.6870735684720084  944  592  592.2426943488756  2.3576930202848416  -0.020699368719670402  16.581521319063913
0.6870735684720084  943  623  623.0267332014353  2.491248870218442  -0.023320496853659476  16.49588098337365
0.6870735684720084  943  653  653.1904728656837  2.4989368014998945  -0.00754024665939594  16.41109459228241
0.6870735684720084  943  683  682.8178236658964  2.478169818640481  -0.03302086342151195  16.327291332783286
0.6870735684720084  942  712  712.057834286572  2.4806166427758853  -0.025472608561446498  16.244189672054947
0.6870735684720084  941  741  740.7694994477563  2.5161267519333705  -0.03236275038601506  16.162158593220852
0.6870735684720084  941  769  768.9325978231784  2.523553959540209  -0.029369622213327493  16.08079771524595
0.6870735684720084  940  797  796.7078926304977  2.4771526640485035  -0.034129782537545526  16.000330226931936
0.6870735684720084  939  824  824.0519439315768  2.4514755115935714  -0.012842939603742103  15.92083335712673
0.6870735684720084  938  851  850.9051434631912  2.5763969407043987  -0.021724534951217695  15.841890575848382
0.6870735684720084  937  877  877.3122911566393  2.691221535437535  0.019934491514584096  15.764109487972428
0.6870735684720084  937  903  903.2725906777981  2.5704798306073826  0.006717486034787381  15.686793604965871
0.6870735684720084  935  929  928.7884843686799  2.637391026698083  -0.04761252934742682  15.610557377671974
0.6870735684720084  934  954  954.0656842186968  2.403110243953961  0.03937940905223671  15.534859792547497
0.6870735684720084  933  979  978.7407888751055  2.509045925040027  -0.034454194968324414  15.46016712791969
0.6870735684720084  932  1003  1003.1261487768203  2.5556365862153143  0.008500104016446935  15.386084610113443
0.9592685684720084  930  16  16.14370540192317  2.7329215172989745  -0.026688030348141073  18.085727135373546
0.9592685684720084  932  58  57.70273717128553  2.5916215206345967  -0.019119575615249795  17.983836096925636
0.9592685684720084  934  98  98.31903471304089  2.593482432790765  -0.028482329928101808  17.88308839342046
0.9592685684720084  936  138  138.0836078457679  2.5182683710480944  -0.03392047639842288  17.783133573968403
0.9592685684720084  937  177  177.2222107958238  2.522826940086361  -0.0012515728004404306  17.684421147647026
0.9592685684720084  938  215  215.47791317964084  2.516226459559448  -0.01043046398521042  17.586758582364773
0.9592685684720084  939  253  253.0230597422374  2.4785553860421317  -0.02099631360699888  17.49042445217467
0.9592685684720084  940  290  289.8773477242296  2.428319819529861  -0.01801533677492249  17.394991588320053
0.9592685684720084  941  326  325.929748235122  2.3631174735215836  -0.029288345489283208  17.300579591226235
0.9592685684720084  942  361  361.4283502261704  2.3484169836942783  0.010488937183796605  17.20729032963816
0.9592685684720084  942  396  396.23189639819  2.3646233857058405  -0.014218685554253128  17.115063856390428
0.9592685684720084  943  430  430.36520505982344  2.2932673034475783  -0.011240872021598965  17.0236332081308
0.9592685684720084  943  464  463.95331006036434  2.3999792442085663  -0.005564717781681267  16.93336145884987
0.9592685684720084  943  497  496.8607246410013  2.439018535032403  -0.04371646004535513  16.843992056484296
0.9592685684720084  943  529  529.3125623485145  2.392661889016381  -0.0007030403149257924  16.755532632424014
0.9592685684720084  943  561  561.0918667240535  2.4873385601160862  -0.016089447677087365  16.668111166977404
0.9592685684720084  943  592  592.329939964031  2.3691956402672076  -0.02872514616947911  16.581521319063913
0.9592685684720084  942  623  623.1631909814345  2.4889347944720157  0.002164614508859845  16.49588098337365
0.9592685684720084  942  653  653.3040166253652  2.428751397024371  0.001987541752252954  16.41109459228241
0.9592685684720084  942  683  682.9170835522405  2.5169630979189606  -0.03920456133262451  16.327291332783286
0.9592685684720084  941  712  712.1754232236158  2.472879940339908  -0.021677126600034055  16.244189672054947
0.9592685684720084  940  741  740.9119036433276  2.529538722045345  -0.01749552573274625  16.162158593220852
0.9592685684720084  940  769  769.0599686514342  2.573174675887003  -0.016826751194391695  16.08079771524595
0.9592685684720084  939  797  796.8454243658158  2.536388528092175  -0.027480727890205385  16.000330226931936
0.9592685684720084  938  824  824.1906932112342  2.4938141144928068  -0.007666536615623717  15.92083335712673
0.9592685684720084  937  851  851.0544936217317  2.5619876541368285  -0.0001138175413872984  15.841890575848382
0.9592685684720084  937  877  877.403933502598  2.582926961734074  0.0018199590372939985  15.764109487972428
0.9592685684720084  936  903  903.3435112333658  2.564272474728682  -0.036452923313761244  15.686793604965871
0.9592685684720084  935  929  928.9225161142965  2.6725859985414218  -0.030237002487961604  15.610557377671974
0.9592685684720084  933  954  954.2019779464359  2.4213767812525475  0.03722463705465789  15.534859792547497
0.9592685684720084  932  979  978.8818762423654  2.5393916725091685  -0.02748070464469315  15.46016712791969
0.9592685684720084  931  1003  1003.2707824260588  2.4916466854347163  0.005857077989792572  15.386084610113443
1.2314635684720083  929  16  16.162232945767162  2.721506857870107  -0.045477443028833324  18.085727135373546
1.2314635684720083  931  58  57.74741341577678  2.581279353425984  -0.023689778215876287  17.983836096925636
1.2314635684720083  933  98  98.4098600203622  2.5671225593016516  -0.02959286381483372  17.88308839342046
1.2314635684720083  935  138  138.15558078459406  2.5335365529819  -0.02108965512000847  17.783133573968403
1.2314635684720083  936  177  177.27181123194526  2.523647384396213  -0.0043928646998072675  17.684421147647026
1.2314635684720083  937  216  215.54325951435112  2.503278151727045  -0.016220340340170707  17.586758582364773
1.2314635684720083  938  253  253.06956188081756  2.478706967967014  -0.023509087433268735  17.49042445217467
1.2314635684720083  939  290  289.9468929764015  2.4068280524708143  -0.02010590040108776  17.394991588320053
1.2314635684720083  940  326  325.98440433003714  2.3747675181064665  -0.03679149087171341  17.300579591226235
1.2314635684720083  941  362  361.4986251152947  2.3310900274836968  0.009382374116075927  17.20729032963816
1.2314635684720083  941  396  396.3192461385807  2.3717832060023056  -0.022365372533535478  17.115063856390428
1.2314635684720083  942  430  430.4249781530235  2.2408482266592955  -0.03198723229644897  17.0236332081308
1.2314635684720083  942  464  464.0192198247336  2.3795196566557024  -0.015265034216380988  16.93336145884987
1.2314635684720083  942  497  496.956019152504  2.454571234115008  -0.03998918823266403  16.843992056484296
1.2314635684720083  942  529  529.4141220608199  2.3560413139925913  0.004795530983707799  16.755532632424014
1.2314635684720083  942  561  561.2044867809701  2.4476835050882073  -0.006435324620571515  16.668111166977404
1.2314635684720083  942  592  592.4031382749001  2.330271320650695  -0.04781527321469519  16.581521319063913
1.2314635684720083  941  623  623.2708893057699  2.4296696164160494  0.002939810787402528  16.49588098337365
1.2314635684720083  941  653  653.4135262788249  2.414733115070021  -0.004728399774160453  16.41109459228241
1.2314635684720083  941  683  683.0668073626084  2.550262742517134  -0.007630028234346312  16.327291332783286
1.2314635684720083  940  712  712.2909399406009  2.455974733178209  -0.029755216877736315  16.244189672054947
1.2314635684720083  939  741  741.0422584624771  2.5788817515519895  0.013223073250011524  16.162158593220852
1.2314635684720083  939  769  769.1971476389112  2.5547947376010143  -0.0015900469441041177  16.08079771524595
1.2314635684720083  938  797  796.9842650183666  2.586438854211792  -0.01264410374446307  16.000330226931936
1.2314635684720083  937  824  824.3061970536141  2.4463708102923647  -0.0161345319399422  15.92083335712673
1.2314635684720083  936  851  851.1965057349771  2.5157706490642795  0.00907173902811737  15.841890575848382
1.2314635684720083  935  878  877.5235461849087  2.5609589291327666  -0.007709184757160268  15.764109487972428
1.2314635684720083  935  903  903.4714279464943  2.552937040498591  -0.046845680717316464  15.686793604965871
1.2314635684720083  934  929  929.0819296293683  2.695732299025167  -0.016675308434653403  15.610557377671974
1.2314635684720083  932  954  954.2710308269692  2.6170271116207005  0.01337946636682926  15.534859792547497
1.2314635684720083  931  979  979.0329546667842  2.5804574568660428  -0.018402313003415306  15.46016712791969
1.2314635684720083  930  1003  1003.4026407135971  2.499820894106506  0.010535768605198384  15.386084610113443
1.5036585684720083  928  16  16.214191021149993  2.70580667982731  -0.04054493935314975  18.085727135373546
1.5036585684720083  930  58  57.78758165077489  2.5878011073442693  -0.01554797174655665  17.983836096925636
1.5036585684720083  932  98  98.45101852614359  2.604926162055733  -0.027570508028214646  17.88308839342046
1.5036585684720083  934  138  138.2359882924222  2.540591195764989  -0.02087298538763218  17.783133573968403
1.5036585684720083  935  177  177.324215785078  2.479301804598947  -0.004857516214271624  17.684421147647026
1.5036585684720083  936  216  215.5927429093207  2.495743087978923  -0.02886569088372045  17.586758582364773
1.5036585684720083  937  253  253.14144777476042  2.427656131232993  -0.008817553278097549  17.49042445217467
1.5036585684720083  938  290  290.01476269513313  2.4062663835453577  -0.007640351729195662  17.394991588320053
1.5036585684720083  939  326  326.05445191504765  2.34627954924008  -0.04203209152442222  17.300579591226235
1.5036585684720083  940  362  361.57209119260904  2.2836806930862394  -0.006058665953741612  17.20729032963816
1.5036585684720083  940  396  396.3824740507281  2.3772502001544353  -0.025221508337451206  17.115063856390428
1.5036585684720083  941  430  430.4933234784436  2.2745331565542983  -0.03786802917188604  17.0236332081308
1.5036585684720083  941  464  464.11982196987145  2.3809463501848995  -0.00527708742485976  16.93336145884987
1.5036585684720083  941  497  497.0746853920196  2.459651897802928  -0.019087388780365817  16.843992056484296
1.5036585684720083  941  530  529.4947016353576  2.3521524901234443  -0.0009414783233148983  16.755532632424014
1.5036585684720083  941  561  561.3133659536142  2.4487461162580075  0.0003897724540768905  16.668111166977404
1.5036585684720083  941  592  592.500583144295  2.3666349415448167  -0.05645698527311397  16.581521319063913
1.5036585684720083  940  623  623.3674423157186  2.417661832356089  0.00017762938306466539  16.49588098337365
1.5036585684720083  940  654  653.5262304257193  2.4343417100349143  -0.0008946565796477541  16.41109459228241
1.5036585684720083  940  683  683.1731213281981  2.5024135730004673  -0.004574440682995058  16.327291332783286
1.5036585684720083  939  712  712.3979387045108  2.4600266195616314  -0.02868206618227365  16.244189672054947
1.5036585684720083  938  741  741.0939989139085  2.6748454987200603  -0.013091928049060364  16.162158593220852
1.5036585684720083  938  769  769.318286821347  2.5099161816942797  0.00568648282880593  16.08079771524595
1.5036585684720083  937  797  797.1089873505671  2.5278939771937985  -0.00319328477273482  16.000330226931936
1.5036585684720083  936  824  824.4042018391441  2.422799159080114  -0.038741176072785655  15.92083335712673
1.5036585684720083  935  851  851.3376885905803  2.4744230863391294  0.03071198086770251  15.841890575848382
1.5036585684720083  935  878  877.6177130577643  2.62041542346401  -0.03981312910499493  15.764109487972428
1.5036585684720083  934  904  903.6371577653349  2.5861554829673423  -0.0238768625392422  15.686793604965871
1.5036585684720083  933  929  929.2227045065263  2.633955440250702  -0.0025159778846200933  15.610557377671974
1.5036585684720083  931  954  954.4077746170486  2.575944194875774  0.008890866610306107  15.534859792547497
1.5036585684720083  930  979  979.1938819968951  2.5416071263632602  -0.008654053390069133  15.46016712791969
1.5036585684720083  929  1004  1003.5384355553159  2.4757594999373396  0.008623927697810582  15.386084610113443
1.7758535684720083  927  16  16.264524926186603  2.69263076671006  -0.04450043584502706  18.085727135373546
1.7758535684720083  929  58  57.81003322070697  2.5434125936461456  -0.03789628278502238  17.983836096925636
1.7758535684720083  931  98  98.49483432547882  2.6147746912366188  -0.013961655010210744  17.88308839342046
1.7758535684720083  933  138  138.30487426276594  2.5366847217882196  -0.015273672681678592  17.783133573968403
1.7758535684720083  934  177  177.39128525593082  2.4833467067307424  -0.0036888971499882796  17.684421147647026
1.7758535684720083  935  216  215.67764049490916  2.46015513828371  -0.01324056626754253  17.586758582364773
1.7758535684720083  936  253  253.23151259129918  2.4084595124234625  0.0020853688981780144  17.49042445217467
1.7758535684720083  937  290  290.0909853308921  2.4027153683261986  -0.008776155856506535  17.394991588320053
1.7758535684720083  938  326  326.125679023917  2.352869295160758  -0.037419248555237615  17.300579591226235
1.7758535684720083  939  362  361.6476462944904  2.283490877923896  -0.00991766168280278  17.20729032963816
1.7758535684720083  939  396  396.4556419484349  2.3331812777266236  -0.03188613075704297  17.115063856390428
1.7758535684720083  940  431  430.5704601090298  2.2902048016821936  -0.045100406646604405  17.0236332081308
1.7758535684720083  940  464  464.201390900304  2.360320553250858  -0.01903872015799528  16.93336145884987
1.7758535684720083  940  497  497.17489779152845  2.428800709213533  -0.008693150272065141  16.843992056484296
1.7758535684720083  940  530  529.5709315588533  2.3248624663167448  -0.019117580598876478  16.755532632424014
1.7758535684720083  940  561  561.4065968008734  2.386827775607344  -0.0015211997001564742  16.668111166977404
1.7758535684720083  940  593  592.6002249168378  2.4130081675529027  -0.046838806260709916  16.581521319063913
1.7758535684720083  939  623  623.4599300544901  2.3886522016023264  -0.0033670083248910727  16.49588098337365
1.7758535684720083  939  654  653.6225762481636  2.3990731029689414  -0.01818318826731308  16.41109459228241
1.7758535684720083  939  683  683.3092766808132  2.427256429138879  0.014682157994544101  16.327291332783286
1.7758535684720083  938  712  712.4960015522814  2.418655487792307  -0.04693229936528634  16.244189672054947
1.7758535684720083  937  741  741.2389243830589  2.6848834512850317  0.008960325045492323  16.162158593220852
1.7758535684720083  937  769  769.4471064026716  2.4767218222009433  0.005216536433178061  16.08079771524595
1.7758535684720083  936  797  797.2301448236367  2.502441096436769  0.0063123542047671625  16.000330226931936
1.7758535684720083  935  825  824.526584028176  2.4215802284053325  -0.04065361220418016  15.92083335712673
1.7758535684720083  934  851  851.4535505660009  2.4351284587139617  0.02176756588339163  15.841890575848382
1.7758535684720083  934  878  877.7675248887031  2.6739801319965864  -0.030206045135697517  15.764109487972428
1.7758535684720083  933  904  903.7288025325776  2.452061901566367  -0.03254917312835177  15.686793604965871
1.7758535684720083  932  929  929.2976875587418  2.590908516673153  -0.044908498660918554  15.610557377671974
1.7758535684720083  930  955  954.5467657989691  2.5636835747966416  0.0012039914906214943  15.534859792547497
1.7758535684720083  929  979  979.3426664993243  2.516592512035686  0.006289481294071958  15.46016712791969
1.7758535684720083  928  1004  1003.6642036257833  2.446134761967187  -0.005260343467685149  15.386084610113443
2.0480485684720082  926  16  16.34099909190559  2.6928099350621686  -0.024514550532726612  18.085727135373546
2.0480485684720082  928  58  57.85180791461559  2.593891422660306  -0.03129737841094288  17.983836096925636
2.0480485684720082  930  99  98.51819900964855  2.5662631546347257  -0.03236337280064323  17.88308839342046
2.0480485684720082  932  138  138.31934816335064  2.521030092528406  -0.03419307548123884  17.783133573968403
2.0480485684720082  933  177  177.44130917570737  2.4251218512731043  -0.018861726848008402  17.684421147647026
2.0480485684720082  934  216  215.73237059299134  2.446443506117504  -0.02528845351488706  17.586758582364773
2.0480485684720082  935  253  253.29150817898352  2.3953069608816975  0.008856317296002144  17.49042445217467
2.0480485684720082  936  290  290.16816663610547  2.403738148532284  -0.007813132249640593  17.394991588320053
2.0480485684720082  937  326  326.2095775110711  2.3999778903161655  -0.03451365958272108  17.300579591226235
2.0480485684720082  938  362  361.709742521069  2.337013883805298  -0.012779127105430804  17.20729032963816
2.0480485684720082  938  397  396.52856527829056  2.3568407951694326  -0.04515054505645016  17.115063856390428
2.0480485684720082  939  431  430.64879777699804  2.2755137902799447  -0.057644984987111826  17.0236332081308
2.0480485684720082  939  464  464.2963574369657  2.3350634425305543  -0.018953950399558918  16.93336145884987
2.0480485684720082  939  497  497.2901195422762  2.4424717432971192  0.006239870240850005  16.843992056484296
2.0480485684720082  939  530  529.6781924580683  2.321698403347227  -0.023274681681656657  16.755532632424014
2.0480485684720082  939  561  561.4938570326017  2.346887399348816  -0.009132120068525927  16.668111166977404
2.0480485684720082  939  593  592.705727425902  2.4136369294927817  -0.047378721178391495  16.581521319063913
2.0480485684720082  938  624  623.5685099805924  2.3433426004246485  -0.004906816156483959  16.49588098337365
2.0480485684720082  938  654  653.7135742452375  2.4213557038933686  -0.029917714688536965  16.41109459228241
2.0480485684720082  938  683  683.4081069274147  2.4199912309570664  0.006819589399256558  16.327291332783286
2.0480485684720082  937  713  712.6191331878969  2.4452483362601924  -0.0417536382648485  16.244189672054947
2.0480485684720082  937  741  741.3360969080056  2.55868154987229  -0.0013315269656669923  16.162158593220852
2.0480485684720082  936  770  769.5480704177523  2.4411608127848012  -0.0074033812948609175  16.08079771524595
2.0480485684720082  935  797  797.3464507780284  2.479662537281456  0.007336239298099201  16.000330226931936
2.0480485684720082  934  825  824.6410936521352  2.466584871369605  -0.04889863076632643  15.92083335712673
2.0480485684720082  933  852  851.570774155212  2.442697629064014  0.004443555813240006  15.841890575848382
2.0480485684720082  933  878  877.9024855720871  2.64364258512569  -0.018057750783247034  15.764109487972428
2.0480485684720082  932  904  903.8436887483834  2.4642895171539294  -0.04642794952709635  15.686793604965871
2.0480485684720082  931  929  929.4338028680072  2.5658753943389456  -0.04272533044087315  15.610557377671974
2.0480485684720082  929  955  954.6950764691106  2.5650657962237347  0.007876775168221247  15.534859792547497
2.0480485684720082  928  979  979.4641707452092  2.4738574154266644  -0.0051351338441222635  15.46016712791969
2.0480485684720082  927  1004  1003.8046142741648  2.4597546570703344  -0.014696188207965394  15.386084610113443
2.320243568472008  925  16  16.398280607710156  2.704861245911072  -0.037204080955331675  18.085727135373546
2.320243568472008  927  58  57.92335428009551  2.581636631702196  -0.02584484548042872  17.983836096925636
2.320243568472008  929  99  98.55242453046539  2.57624326240726  -0.04980842635060631  17.88308839342046
2.320243568472008  931  138  138.37179785837856  2.5397446279176847  -0.048254709897723784  17.783133573968403
2.320243568472008  932  178  177.52288017910254  2.424823929383308  -0.000608670874807574  17.684421147647026
2.320243568472008  933  216  215.81792658703608  2.4305283411804055  -0.026385782231458148  17.586758582364773
2.320243568472008  934  253  253.3262020743183  2.387047168623212  -0.006453421073613547  17.49042445217467
2.320243568472008  935  290  290.24004950485676  2.3715297996350273  -0.00570998874344873  17.394991588320053
2.320243568472008  936  326  326.2922132942708  2.3776990098571105  -0.028096977048138398  17.300579591226235
2.320243568472008  937  362  361.76305705948045  2.3104254669196393  -0.03261074386465491  17.20729032963816
2.320243568472008  937  397  396.60778646511795  2.367141875921334  -0.04926719445481404  17.115063856390428
2.320243568472008  938  431  430.7326988589923  2.335642277095019  -0.05479693065819093  17.0236332081308
2.320243568472008  938  464  464.37299085836753  2.3232314969939125  -0.029563599539775557  16.93336145884987
2.320243568472008  938  497  497.36034518223533  2.3711434051371043  -0.005415429088836571  16.843992056484296
2.320243568472008  938  530  529.7728706763841  2.3248592232748706  -0.019865932929509226  16.755532632424014
2.320243568472008  938  562  561.591742642654  2.3370659460654224  -0.015083034889595696  16.668111166977404
2.320243568472008  938  593  592.8231217881723  2.4475031678836103  -0.03204199314388324  16.581521319063913
2.320243568472008  937  624  623.6658629976171  2.345608022363649  -0.024893928408737106  16.49588098337365
2.320243568472008  937  654  653.8238100029624  2.4453177763637086  -0.029677640931826253  16.41109459228241
2.320243568472008  937  684  683.507092569295  2.4047629171982408  -0.0035534263580718132  16.327291332783286
2.320243568472008  936  713  712.7215416657689  2.4875532160617695  -0.043453236348064375  16.244189672054947
2.320243568472008  936  741  741.4542869712182  2.5090566927576674  -0.0012095718788108574  16.162158593220852
2.320243568472008  935  770  769.6529064342914  2.4346884117062473  -0.0209844112736965  16.08079771524595
2.320243568472008  934  797  797.4669055844083  2.4315187009271995  6.317293230485713e-05  16.000330226931936
2.320243568472008  933  825  824.7795974932062  2.524619661434258  -0.040813409628149326  15.92083335712673
2.320243568472008  932  852  851.6829957485706  2.565644201108398  0.025648570209825756  15.841890575848382
2.320243568472008  932  878  878.0745480611646  2.640547586299135  -0.004160434884982141  15.764109487972428
2.320243568472008  931  904  903.9785940834414  2.469585295662455  -0.049037733619852274  15.686793604965871
2.320243568472008  930  930  929.5987927310463  2.6611041809198923  -0.03937385428412813  15.610557377671974
2.320243568472008  928  955  954.750576040504  2.586125711801742  -0.043304678936610025  15.534859792547497
2.320243568472008  927  980  979.6205736913788  2.4736841691371865  -0.0030430922356624573  15.46016712791969
2.320243568472008  926  1004  1003.938378308367  2.4483076892395275  -0.018819428047343368  15.386084610113443
