# Band 4A   Etalon 2A   Slice 10
# Distortion map version 7B.05.01 - date 2019-03-22
# Trace (isoalpha): Take pixel trace along specified slice, specified alpha position trace is built by taking the pixel in every detector row with alpha value closest to the one specified 
# xpos[i] = np.argmin(alpha_img[i,:])+funcs.find_nearest(alpha_img[i,:][(slice_img[i,:]!=0)],alpha_pos)
#    alpha       x  y      center         FWHM          skewness
0.0  193  44  44.163081273207055  3.90850586742409  -0.03333911218183226
0.0  193  90  89.70182191565135  3.6969013183765185  0.005328787754364217
0.0  194  134  134.01273295792203  3.6336069222898857  -0.017668436279774
0.0  194  177  177.37113634493997  3.271667639842377  -0.02497312520604156
0.0  195  220  219.94266906776627  3.233559495205668  0.032591444010634296
0.0  195  261  261.42948740015856  3.0791471157571095  0.017446806193638215
0.0  195  302  302.1166316417029  2.9700442403700436  -0.004431206335129027
0.0  195  342  341.95286214296027  2.9731548804828662  -0.0014925591244564563
0.0  195  381  380.8715444487273  2.949089950598477  -0.04528968290707383
0.0  196  419  419.1684787895581  2.8612068991598107  -0.013275057666232172
0.0  196  457  456.5710606321841  2.764650702266863  -0.0359062593287617
0.0  196  493  493.3460475123313  2.7332686589471678  0.008603529623858587
0.0  196  529  529.3023884280334  2.715047991090387  -0.010294420584151228
0.0  196  565  564.610760435782  2.6442040969261598  -0.002325180252767968
0.0  196  599  599.2193145965042  2.6276300380011435  -0.0003608382645114521
0.0  195  633  633.1517752495223  2.543579375666013  -0.0035729445523266256
0.0  195  666  666.4736265449336  2.5072924361832065  -0.007337936385448233
0.0  195  699  699.1152480129442  2.5470231556225826  -0.003186203260612166
0.0  195  731  731.2206792310504  2.497453443090535  0.014373319622676189
0.0  195  763  762.6416120344816  2.4396475206333434  -0.017903893603387778
0.0  195  794  793.5636440007269  2.4158910054813987  0.010600480179102062
0.0  194  824  823.9382757004136  2.386449438694399  0.030404064472823282
0.0  194  854  853.7054929768935  2.386553994865608  0.011647280906327048
0.0  194  883  882.9316513431066  2.445927390826  -0.010085703190586383
0.0  194  912  911.6649955059617  2.341690527933679  -0.006402887430593784
0.0  193  940  939.9660984549944  2.3124960060097237  0.01357804362725902
0.0  193  968  967.6746599681187  2.316146511554507  0.00045937044913833277
0.0  193  995  994.8865837640581  2.343990525517029  -0.007438934950622386
-2.7241926763854356  183  44  43.703370789318406  3.8229581216586226  -0.02990672736600381
-2.7241926763854356  183  89  89.23016825679004  4.112838017259293  0.007492224175243951
-2.7241926763854356  184  134  133.55837755382265  3.6677457959853257  -0.017728524122985128
-2.7241926763854356  184  177  177.00431447620085  3.2910361937200605  -0.003420517549799112
-2.7241926763854356  184  220  219.50466810517378  3.3523396845623665  -0.01224008132438017
-2.7241926763854356  185  261  261.0731129371408  3.177028980524028  -0.004420480019860282
-2.7241926763854356  185  302  301.8259735040385  3.0575932087699584  -0.004148131009151155
-2.7241926763854356  185  342  341.69299981535164  3.0067715869529366  0.003384241330323532
-2.7241926763854356  185  381  380.6436097931895  2.8849685312172824  -0.04113058966020021
-2.7241926763854356  185  419  418.9466122258036  2.8386633571232665  -0.030492323314437256
-2.7241926763854356  185  456  456.4628028140528  2.7279253690795713  -0.006600705121735303
-2.7241926763854356  186  493  493.2026360225553  2.6823671375507274  0.002073934101648148
-2.7241926763854356  186  529  529.1948219082292  2.747339252453685  -0.010487741211100852
-2.7241926763854356  185  565  564.5521907997944  2.614044129766853  0.005845470851586492
-2.7241926763854356  185  599  599.1612434083372  2.681222662336495  0.0032350803846867655
-2.7241926763854356  185  633  633.1519458965172  2.585937861465709  0.0031608625557951985
-2.7241926763854356  185  666  666.4762775865598  2.564004299480075  -0.00761585605006455
-2.7241926763854356  185  699  699.1793828055709  2.5528411047214377  0.02466169626863839
-2.7241926763854356  185  731  731.2956439153354  2.5203775902523375  0.02097690186973252
-2.7241926763854356  185  763  762.7447361760004  2.47366687442468  -0.0075705777490728855
-2.7241926763854356  185  794  793.6677645815702  2.419094062645172  -0.002640906170134181
-2.7241926763854356  184  824  824.0783987879537  2.4710954938932446  0.019447370246843683
-2.7241926763854356  184  854  853.8478831955191  2.4274314226149727  -0.013760338466309393
-2.7241926763854356  184  883  883.1444452731249  2.4262197912855754  -0.003428530669899905
-2.7241926763854356  184  912  911.9225933261185  2.3701220913822  0.009515280991797348
-2.7241926763854356  183  940  940.2120733114257  2.36424677218497  0.0121196749956341
-2.7241926763854356  183  968  967.968118217909  2.3268249333079893  0.016896045916162523
-2.7241926763854356  183  995  995.2770010214663  2.338445694246616  0.04803964459612869
-2.4585636763854355  184  44  43.72967506592084  3.9224194060303077  -0.029276941123300815
-2.4585636763854355  184  89  89.32361714667661  3.8541319090067674  0.020969072613111064
-2.4585636763854355  185  134  133.60308345665217  3.576628688873484  -0.011789894339933875
-2.4585636763854355  185  177  177.05830282084867  3.3289904123845986  -0.002510422321871946
-2.4585636763854355  185  220  219.50922053225798  3.331494089395221  -0.017932541371787944
-2.4585636763854355  186  261  261.1438054374491  3.123476448096824  0.0011279606660316455
-2.4585636763854355  186  302  301.89433450315994  3.0300987763943112  0.002559673796020948
-2.4585636763854355  186  342  341.6911982797893  2.96939349447689  -0.0049019874334161944
-2.4585636763854355  186  381  380.66963946380685  2.882626366019281  -0.039262445981945185
-2.4585636763854355  186  419  418.9852979090622  2.938941242412511  -0.004770151759702309
-2.4585636763854355  186  456  456.43357446310245  2.7869619572023794  -0.019081368734523266
-2.4585636763854355  187  493  493.2281325596747  2.7465409260989873  7.865760038522747e-05
-2.4585636763854355  186  529  529.2012589347828  2.7407209393809353  -0.005926965921608631
-2.4585636763854355  186  565  564.5419329378178  2.6157365895653584  -0.009607722989181658
-2.4585636763854355  186  599  599.1986053580139  2.675233841673844  0.012625119608956438
-2.4585636763854355  186  633  633.1299550917586  2.6253946340927996  -0.00395459742976616
-2.4585636763854355  186  666  666.4782702589164  2.5400339760077486  -0.024727941311518495
-2.4585636763854355  186  699  699.1720013914268  2.5775625613705415  0.013536881713549156
-2.4585636763854355  186  731  731.2920360982715  2.4942721812954005  0.02548386400246687
-2.4585636763854355  186  763  762.7503644366207  2.500992999760001  -0.007534097153383952
-2.4585636763854355  186  794  793.6722593436131  2.4235378931648484  0.013406210998578475
-2.4585636763854355  185  824  824.0484782421797  2.406864784821664  0.007442702599696206
-2.4585636763854355  185  854  853.854025230126  2.381506330496677  0.008520211557274506
-2.4585636763854355  185  883  883.1288385082324  2.4323540886093724  0.009152170000818496
-2.4585636763854355  185  912  911.8859485915904  2.350846098546299  -0.004368996506566415
-2.4585636763854355  184  940  940.1816387762262  2.2925104459345675  0.01036021611683696
-2.4585636763854355  184  968  967.9513586615325  2.3246406586101784  0.021969486609431203
-2.4585636763854355  184  995  995.2263088257898  2.3760959122861323  0.028484973879643626
-2.1929346763854354  185  44  43.78933858410552  3.9690111194873907  -0.03084814646365049
-2.1929346763854354  185  89  89.29634648567084  3.8993979190160815  0.0014419866815705057
-2.1929346763854354  186  134  133.66240311703478  3.5948302579782876  -0.020594024667089112
-2.1929346763854354  186  177  177.10372200020976  3.3449285139460585  -0.004076492670082127
-2.1929346763854354  186  220  219.57873990678075  3.4100068007020354  0.0020184008198670896
-2.1929346763854354  187  261  261.1865470066923  3.14030260087236  0.0101006349386732
-2.1929346763854354  187  302  301.90901743080184  3.0081919191258066  -0.016471951201134608
-2.1929346763854354  187  342  341.69913066059604  2.964563548071851  -0.009985886506613641
-2.1929346763854354  187  381  380.74711223639116  2.86362801945927  -0.019777493424655353
-2.1929346763854354  187  419  419.0091315309913  2.9212356919714466  -0.014870652381899918
-2.1929346763854354  187  456  456.4378007315538  2.7312465780688626  -0.02370059979703649
-2.1929346763854354  187  493  493.2287802949202  2.7226432514181624  -0.0021586123651743784
-2.1929346763854354  187  529  529.2105329491785  2.727041323611047  -0.011618088235499079
-2.1929346763854354  187  565  564.5337113557173  2.609534540298  -0.017182249153269432
-2.1929346763854354  187  599  599.1935805625831  2.6671176406896393  -0.004428090891043257
-2.1929346763854354  187  633  633.1321355379218  2.679196353669795  -0.0017984630463800473
-2.1929346763854354  187  666  666.4653983313322  2.536082215998249  -0.02167421205544817
-2.1929346763854354  187  699  699.1777804948009  2.5897743792834262  0.006326963225039456
-2.1929346763854354  187  731  731.2505392303804  2.4539226662716374  -0.0008725940515017062
-2.1929346763854354  187  763  762.73506500077  2.516078135149428  -0.010246667242694452
-2.1929346763854354  187  794  793.679766603366  2.4433237559467216  0.010754008056889194
-2.1929346763854354  186  824  824.047750256326  2.3946192936105035  0.02100813584360251
-2.1929346763854354  186  854  853.8608747275656  2.360732862875693  0.011944090847399391
-2.1929346763854354  186  883  883.1021718487656  2.415410822305148  0.0022369524654248813
-2.1929346763854354  186  912  911.8803736984789  2.3090947681082525  0.00415997955991833
-2.1929346763854354  185  940  940.1601305135483  2.3208334242078763  0.014946795670102304
-2.1929346763854354  185  968  967.9102925468861  2.3385864235397094  0.02042877802169546
-2.1929346763854354  185  995  995.2056008033024  2.3637140507108825  0.03759431795971593
-1.9273056763854353  186  44  43.915542779305824  3.8363341901548864  -0.01655993643900499
-1.9273056763854353  186  89  89.3186458860823  3.836135403873641  -0.007960547657171788
-1.9273056763854353  187  134  133.67627719421282  3.5228150505232634  -0.02420513218589252
-1.9273056763854353  187  177  177.13378286987663  3.421689632212235  -0.004069558526518897
-1.9273056763854353  187  220  219.65255780877615  3.4444697617635143  0.010281880943787503
-1.9273056763854353  188  261  261.2030225874202  3.174809905872621  -0.0043349831054705495
-1.9273056763854353  188  302  301.9055674134227  2.9597621730983974  -0.012071992653298485
-1.9273056763854353  188  342  341.77531225183833  2.963374460737782  0.009851500879473863
-1.9273056763854353  188  381  380.7523119588588  2.850109382151686  -0.03297093914863923
-1.9273056763854353  188  419  419.0475705298353  2.8592474627112097  -0.003904577543470629
-1.9273056763854353  188  456  456.4482667259975  2.666833745454994  -0.02599677377525858
-1.9273056763854353  188  493  493.2807881816845  2.7702345455001023  0.026435537678957503
-1.9273056763854353  188  529  529.2170936134523  2.692373210558344  -0.013954286899847429
-1.9273056763854353  188  565  564.5532949890609  2.6127729664317485  -0.00306592665201074
-1.9273056763854353  188  599  599.202414094546  2.642088961664058  0.011915976460392488
-1.9273056763854353  188  633  633.1639587776785  2.672423795259192  0.007576054029070565
-1.9273056763854353  188  666  666.4614699697411  2.537871103244015  -0.01818667603436836
-1.9273056763854353  188  699  699.1998961053489  2.581247030963482  0.023196032236005186
-1.9273056763854353  188  731  731.2768320311343  2.4547297400745265  0.026663098874089183
-1.9273056763854353  188  763  762.7280250060572  2.459296435181386  -0.008634115711545364
-1.9273056763854353  188  794  793.6607825441959  2.4071009262943335  0.005362053634273383
-1.9273056763854353  187  824  824.0292297056885  2.4147583208750802  0.014846094220271605
-1.9273056763854353  187  854  853.820086717014  2.3945108032614826  -0.0016787278146153178
-1.9273056763854353  187  883  883.0930443526491  2.4409830575664273  9.2290200004477e-05
-1.9273056763854353  187  912  911.8611978541877  2.352614366239095  0.003886743781479039
-1.9273056763854353  186  940  940.1549684177647  2.3140409967461437  0.022226532958014623
-1.9273056763854353  186  968  967.8727875439645  2.323343322510709  0.013777181456243603
-1.9273056763854353  186  995  995.1633226251525  2.3643329973307345  0.023871120490533353
-1.6616766763854351  187  44  43.99615410181278  3.8531263232028863  -0.010943137274222085
-1.6616766763854351  187  89  89.38403881858021  3.849664330708862  0.0018222848778004083
-1.6616766763854351  188  134  133.72478193003164  3.5758313548302  -0.01666598944548326
-1.6616766763854351  188  177  177.1331594892477  3.3847954207123507  -0.004317462674987767
-1.6616766763854351  188  220  219.7161494490721  3.4212135250965616  0.012886013965726698
-1.6616766763854351  189  261  261.24526435615576  3.2351171186948022  -0.011961223868213059
-1.6616766763854351  189  302  301.9381929333386  2.911530031463826  -0.007740958557205439
-1.6616766763854351  189  342  341.75110945008885  3.03291474432433  -0.011978457925187131
-1.6616766763854351  189  381  380.75943936517706  2.8631327545018053  -0.03385629689976067
-1.6616766763854351  189  419  419.0721827233956  2.8945995844554773  0.008177515007274
-1.6616766763854351  189  456  456.4479429094123  2.658082285111618  -0.03108341250766193
-1.6616766763854351  189  493  493.26391881032447  2.7759164098845304  0.012868780658183782
-1.6616766763854351  189  529  529.2492037454236  2.7267369110909385  -0.0037093651134106655
-1.6616766763854351  189  565  564.5573626231328  2.67469016453515  -0.0057049157840794165
-1.6616766763854351  189  599  599.1660599575432  2.6514601587387006  -0.00882059898687754
-1.6616766763854351  189  633  633.1825966221699  2.5913229584451756  0.02318400182477341
-1.6616766763854351  189  666  666.4611974762391  2.5037989047984865  -0.013051266658659693
-1.6616766763854351  189  699  699.1368395699715  2.5790829089517047  -0.01696048620010863
-1.6616766763854351  189  731  731.2526515106517  2.466796332340209  0.008021596984174078
-1.6616766763854351  189  763  762.6962361300015  2.440257135909633  -0.006992861746356701
-1.6616766763854351  189  794  793.6347444745197  2.4153668821982137  -0.0036907361432249965
-1.6616766763854351  188  824  823.9966816076516  2.4004080234312823  0.013856358088239373
-1.6616766763854351  188  854  853.7928778253319  2.3725702047504456  0.0004335768252054681
-1.6616766763854351  188  883  883.0966022337965  2.486669422090472  0.018385034756740436
-1.6616766763854351  188  912  911.8359099839204  2.3675750570725995  0.008810399513104765
-1.6616766763854351  187  940  940.0914616631883  2.3596627652759707  0.00011479616557745434
-1.6616766763854351  187  968  967.8220153603265  2.3434808122599406  -0.0012665560791039496
-1.6616766763854351  187  995  995.1037512843706  2.359251546407222  0.007746961413053978
-1.396047676385435  188  44  44.003774261474845  3.8101554149393024  -0.015472976686758837
-1.396047676385435  188  90  89.47262479176011  3.860826720026722  0.012654809401086696
-1.396047676385435  189  134  133.80118131582108  3.6280996697832393  -0.01586062972923768
-1.396047676385435  189  177  177.162805205077  3.3338287863268192  -0.011601614816311372
-1.396047676385435  189  220  219.70924180573053  3.309582170215549  -0.006549868782826212
-1.396047676385435  190  261  261.27895352372815  3.1728934459893594  -0.010175574913892852
-1.396047676385435  190  302  301.9893888488506  3.0199358875225926  0.005361916032320064
-1.396047676385435  190  342  341.76338393842747  3.0935267292421713  -0.017137689962049025
-1.396047676385435  190  381  380.7723248803212  2.8812422886009585  -0.04143585011152436
-1.396047676385435  190  419  419.0905826949751  2.8413047246931455  -0.008586496356376663
-1.396047676385435  190  456  456.50182949894963  2.6747721505297477  -0.015164457154822444
-1.396047676385435  190  493  493.27155115042547  2.754729554294272  0.01782129836151807
-1.396047676385435  190  529  529.2796842595164  2.6767098530187923  0.012033584102851045
-1.396047676385435  190  565  564.5487997400214  2.624449502650805  -0.0024295796556066127
-1.396047676385435  190  599  599.1897980231932  2.6704246691738263  0.0009971521660654492
-1.396047676385435  190  633  633.1465236166301  2.6507457959714884  0.0018134238258080897
-1.396047676385435  190  666  666.4613266701188  2.4919850998255697  -0.01009744891622411
-1.396047676385435  190  699  699.108982205061  2.514104045261547  -0.019885812840013145
-1.396047676385435  190  731  731.2642053739721  2.5032710621676415  0.0138490845902281
-1.396047676385435  190  763  762.685865376113  2.4844682083707994  -0.01350286878064596
-1.396047676385435  189  794  793.6413327864609  2.441927344228361  0.01270111293450233
-1.396047676385435  189  824  823.9728407606464  2.423585057748369  0.007850285449078098
-1.396047676385435  189  854  853.7911026164611  2.3813686670052903  0.011087742077720892
-1.396047676385435  189  883  883.0794690992418  2.4420129507452657  0.01792530156113582
-1.396047676385435  189  912  911.8059917495416  2.3646550320729602  -0.0015988124601237824
-1.396047676385435  188  940  940.0827292199943  2.350372202630979  0.0243213203440045
-1.396047676385435  188  968  967.8057812730559  2.3050601331042344  0.004760734166864425
-1.396047676385435  188  995  995.0851269070357  2.413194365383333  0.01409196372427775
-1.130418676385435  189  44  44.01887057005318  3.98985196281744  -0.024023353191196233
-1.130418676385435  189  90  89.55125622827431  3.7790023681010183  0.028814451699645895
-1.130418676385435  190  134  133.84054584109433  3.7003204724285865  -0.01781634605901612
-1.130418676385435  190  177  177.23394415246474  3.2677773049222765  -0.012459871183187046
-1.130418676385435  190  220  219.73487602045353  3.272480882753655  -0.0035042464666191595
-1.130418676385435  191  261  261.26885657037946  3.224828272267132  -0.01290337446586444
-1.130418676385435  191  302  301.966349645942  2.8720196391357717  -0.03897063041137161
-1.130418676385435  191  342  341.8121528712664  3.047972241115076  0.0019720509361683238
-1.130418676385435  191  381  380.83694795466846  2.8412155468427613  -0.03274844607086869
-1.130418676385435  191  419  419.10033018469153  2.8705271535159227  -7.052292384203178e-05
-1.130418676385435  191  457  456.5082009241255  2.6574591366006644  -0.03600021164277425
-1.130418676385435  191  493  493.2671428608003  2.7318611646240925  0.017177761094409657
-1.130418676385435  191  529  529.2987715200121  2.688280576033776  0.01488307541689883
-1.130418676385435  191  565  564.5691159430983  2.630567651175852  -0.0017437888964666347
-1.130418676385435  191  599  599.2063891886572  2.6858942110902717  0.0030568980380766414
-1.130418676385435  191  633  633.1557822695071  2.655557801640043  0.0011811342303175135
-1.130418676385435  191  666  666.4565682670053  2.4776866353042806  -0.0070905449130793715
-1.130418676385435  191  699  699.0486279808279  1.6305754246634478  -0.07516756523522392
-1.130418676385435  191  731  731.2467692037218  2.503724336098685  0.010847909207383955
-1.130418676385435  191  763  762.6797795668886  2.459621305869746  -0.025881915849532647
-1.130418676385435  190  794  793.6361113851148  2.4052181766530794  0.019700694763849936
-1.130418676385435  190  824  823.9687149024265  2.427183845883974  0.01776406854326576
-1.130418676385435  190  854  853.789114375009  2.369460231835319  0.015004749737762894
-1.130418676385435  190  883  883.029003496161  2.428732474305889  -0.010145401377897312
-1.130418676385435  190  912  911.8071939837542  2.382992174472747  0.004510941280683956
-1.130418676385435  189  940  940.0340619228226  2.3367568156540983  0.0007091960904359292
-1.130418676385435  189  968  967.7783401641016  2.3008830178096105  0.0008090642841387406
-1.130418676385435  189  995  995.0355211856212  2.374641036303501  0.0005181161994167342
-0.8647896763854348  190  44  44.048910834886165  3.9495287955927623  -0.03765987325248185
-0.8647896763854348  190  90  89.59285650843309  3.7708791369695973  0.008440099450179013
-0.8647896763854348  191  134  133.87803776695233  3.681299308067281  -0.014207969837163898
-0.8647896763854348  191  177  177.30445356056282  3.3302381232895186  0.006592595880188057
-0.8647896763854348  191  220  219.76581152983223  3.4544435452571634  -0.0019795136742848545
-0.8647896763854348  192  261  261.2287521122714  3.276642062333565  -0.028993434400645182
-0.8647896763854348  192  302  302.0342765775084  2.96615845631527  -0.004046850699862177
-0.8647896763854348  192  342  341.84489945263107  3.04279778731933  -0.0008258521353995972
-0.8647896763854348  192  381  380.861763295625  2.900986439183953  -0.016796363091159748
-0.8647896763854348  192  419  419.1321120392738  2.744038772560657  0.011767589495828179
-0.8647896763854348  192  457  456.5291734270579  2.684170543220148  -0.02483051675861172
-0.8647896763854348  192  493  493.2677147856981  2.7650655576599092  0.0068963113624621215
-0.8647896763854348  192  529  529.2958172514792  2.666918841096958  0.00583444196726727
-0.8647896763854348  192  565  564.5678553888456  2.6532233410678145  -0.0006430529085675213
-0.8647896763854348  192  599  599.2182551106982  2.656264406222135  0.012949878008098728
-0.8647896763854348  192  633  633.1355411535192  2.6852891205439846  0.007664157066687983
-0.8647896763854348  192  666  666.4575848340075  2.5027066147654295  -0.011100973953847435
-0.8647896763854348  192  699  699.1237513865293  2.5227360694395884  -0.00541650003138148
-0.8647896763854348  192  731  731.2298305190311  2.4519644821523343  0.010826189905663617
-0.8647896763854348  192  763  762.6504501628658  2.48714975160658  -0.024915538239696847
-0.8647896763854348  191  794  793.6165047731929  2.3903416649275187  0.00964051746226139
-0.8647896763854348  191  824  823.9450015878033  2.423421668482888  0.008156159574122123
-0.8647896763854348  191  854  853.7444913341047  2.3879153584068717  0.0076362994958386705
-0.8647896763854348  191  883  883.0185784980658  2.4183390158159455  -6.359014785574084e-07
-0.8647896763854348  190  912  911.8006711201991  2.359920400121837  0.026009395596846566
-0.8647896763854348  190  940  940.0135160663148  2.2947448440593234  0.006568271966925688
-0.8647896763854348  190  968  967.7568413615525  2.2914419628320957  0.02008201144252673
-0.8647896763854348  190  995  994.9914507460911  2.35671466647932  -0.001114868605232764
-0.5991606763854347  191  44  44.08336636285276  3.895084368925822  -0.030603949415715558
-0.5991606763854347  191  90  89.62505712401637  3.850714576017012  0.017929952966659793
-0.5991606763854347  192  134  134.00536585922796  3.67840776605442  0.01658241234927669
-0.5991606763854347  192  177  177.34064975635584  3.386371235501315  0.00039499003387614696
-0.5991606763854347  192  220  219.82041143463294  3.3540212384470465  0.012450057649678024
-0.5991606763854347  193  261  261.3038134081114  3.249384249967875  -0.015478298697023808
-0.5991606763854347  193  302  302.07656155507743  2.987974326966082  -0.004619637278202592
-0.5991606763854347  193  342  341.89361028426373  2.9627488235867077  -0.004426136514662595
-0.5991606763854347  193  381  380.86483525567274  2.9743519801052685  -0.02831193305673754
-0.5991606763854347  193  419  419.1008487088176  2.839092240805485  -0.001959480903838691
-0.5991606763854347  193  457  456.5728448020821  2.7674444156801883  -0.013735630060728914
-0.5991606763854347  193  493  493.27188609197225  2.7998624959519702  -0.008347418067898835
-0.5991606763854347  193  529  529.2945302899603  2.676025004795747  -0.004759839950127333
-0.5991606763854347  193  565  564.5806401576508  2.665495794253502  -0.006362119273207278
-0.5991606763854347  193  599  599.2114242585844  2.661501435233731  0.008416986746194252
-0.5991606763854347  193  633  633.1457250526827  2.6687133734019426  0.000612023518181131
-0.5991606763854347  193  666  666.4685113815559  2.5527972905631486  0.010419964444630975
-0.5991606763854347  193  699  699.1251603432437  2.556700770387124  -0.0029630933372837747
-0.5991606763854347  193  731  731.2068749662623  2.4763830243791745  0.00537917136833668
-0.5991606763854347  193  763  762.6334856725086  2.4519761639221542  -0.03618491059259685
-0.5991606763854347  192  794  793.5861017322613  2.429358762540005  0.00029893344053634696
-0.5991606763854347  192  824  823.9477938925774  2.3886451777686943  0.015321844165138269
-0.5991606763854347  192  854  853.7149168991525  2.3606255564779985  -0.0012061805782717652
-0.5991606763854347  192  883  882.9917260464576  2.414837001164642  -0.0010516321753627248
-0.5991606763854347  191  912  911.7538293271056  2.358257300417563  0.0022202528665641133
-0.5991606763854347  191  940  939.9917005710221  2.333155891950355  0.021468028093863896
-0.5991606763854347  191  968  967.7358102172321  2.3167099780839635  0.011539270462097318
-0.5991606763854347  191  995  994.9728798517411  2.3525954923227346  0.0067255439987875375
-0.3335316763854346  192  44  44.103207848074085  3.895618857236748  -0.043716148631782394
-0.3335316763854346  192  90  89.66992835270062  3.7338549315585396  0.009019059062694028
-0.3335316763854346  193  134  133.96601433662036  3.546739049983586  -0.013581262515466482
-0.3335316763854346  193  177  177.343682235369  3.3700794773955067  -0.005833831112230256
-0.3335316763854346  193  220  219.853023382264  3.338463131156743  0.013690289155203941
-0.3335316763854346  194  261  261.3833371859995  3.1561076508534143  -0.0008455945448817259
-0.3335316763854346  194  302  302.0751050301879  2.964467024265957  -0.02909137687855074
-0.3335316763854346  194  342  341.95549812374986  2.9414257315345367  0.00915513598898765
-0.3335316763854346  194  381  380.8943602047043  2.9775059989631245  -0.025647302016827016
-0.3335316763854346  194  419  419.14872737952777  2.836545477527352  0.01684997812552948
-0.3335316763854346  194  457  456.55444752183297  2.7836937829950443  -0.03871738307274174
-0.3335316763854346  194  493  493.335452224249  2.7572546618295064  0.019741982336726808
-0.3335316763854346  194  529  529.3027122119314  2.7109149469242766  -0.0008479457941006401
-0.3335316763854346  194  565  564.5683128466025  2.6833669479224227  -0.017515935290797282
-0.3335316763854346  194  599  599.2073810395189  2.6897067050945225  -0.007543301533052748
-0.3335316763854346  194  633  633.1715852078669  2.578915334532894  0.009083870471692042
-0.3335316763854346  194  666  666.4460057642638  2.50814110696183  -0.02167975285428418
-0.3335316763854346  194  699  699.1314871542692  2.550620617300865  -0.007973233415364954
-0.3335316763854346  194  731  731.2157796392747  2.5025617358769523  0.0025967166217216228
-0.3335316763854346  194  763  762.6386850875829  2.4198042614925726  -0.024289815950018844
-0.3335316763854346  193  794  793.5573996081001  2.4566811651829994  -0.010449948280214526
-0.3335316763854346  193  824  823.9566821559195  2.385763201367581  0.02254057542470118
-0.3335316763854346  193  854  853.7070772761255  2.386362174398755  0.004284626768480466
-0.3335316763854346  193  883  882.95823748554  2.4339844937903763  -0.0038093323961404615
-0.3335316763854346  192  912  911.7362287128868  2.354957105922267  0.017427213637506957
-0.3335316763854346  192  940  939.9796466392653  2.2877983477653743  0.013231361289494101
-0.3335316763854346  192  968  967.7059892500669  2.3336796010428316  0.018431778646147867
-0.3335316763854346  192  995  994.9226059043236  2.358719714915651  -0.011801645133897748
-0.06790267638543446  193  44  44.16304682317497  3.9085901008888086  -0.03347808394937709
-0.06790267638543446  193  90  89.70681713452974  3.7038012943563956  0.010700670363743123
-0.06790267638543446  194  134  134.01282015923226  3.633365567591511  -0.017307894430160686
-0.06790267638543446  194  177  177.37113634493997  3.271667639842377  -0.02497312520604156
-0.06790267638543446  194  220  219.86175980099836  3.235478084633769  0.007072682816211459
-0.06790267638543446  195  261  261.42948740015856  3.0791471157571095  0.017446806193638215
-0.06790267638543446  195  302  302.1166316417029  2.9700442403700436  -0.004431206335129027
-0.06790267638543446  195  342  341.95286214296027  2.9731548804828662  -0.0014925591244564563
-0.06790267638543446  195  381  380.87130824093026  2.946109432211699  -0.04646842132530319
-0.06790267638543446  195  419  419.1417375029642  2.8452367651982513  -0.008004745895211492
-0.06790267638543446  195  457  456.5565142477829  2.749686047652972  -0.0431985692194382
-0.06790267638543446  195  493  493.35686115137645  2.7188355416830063  0.020971175992613632
-0.06790267638543446  195  529  529.3180349602437  2.7235541309019027  -0.0012573680096268933
-0.06790267638543446  195  565  564.5848490507354  2.638097900243565  -0.013911328179515053
-0.06790267638543446  195  599  599.2303454901366  2.667400013575161  0.0009566876513180912
-0.06790267638543446  195  633  633.1338020768991  2.5702723100598632  -0.010949360891722689
-0.06790267638543446  195  666  666.4736265449336  2.5072924361832065  -0.007337936385448233
-0.06790267638543446  195  699  699.1152480129442  2.5470231556225826  -0.003186203260612166
-0.06790267638543446  195  731  731.2206792310504  2.497453443090535  0.014373319622676189
-0.06790267638543446  195  763  762.6416120344816  2.4396475206333434  -0.017903893603387778
-0.06790267638543446  194  794  793.5558973589756  2.390682287238633  0.001999067973391177
-0.06790267638543446  194  824  823.9382395653166  2.3870926205688647  0.027614222820545327
-0.06790267638543446  194  854  853.7054929768935  2.386553994865608  0.011647280906327048
-0.06790267638543446  194  883  882.9316513431066  2.445927390826  -0.010085703190586383
-0.06790267638543446  193  912  911.7030033897651  2.329899586881538  0.008581738015902054
-0.06790267638543446  193  940  939.9662096690645  2.3121163688961133  0.014294329093542599
-0.06790267638543446  193  968  967.6746599681187  2.316146511554507  0.00045937044913833277
-0.06790267638543446  193  995  994.886186662926  2.342172096918148  -0.009377879649666946
0.19772632361456566  194  44  44.24856009958064  3.9928196653552632  -0.0387764934698579
0.19772632361456566  194  90  89.73441290539166  3.5838094627928854  -0.00538593537742604
0.19772632361456566  195  134  134.07080810521165  3.7559577189762763  -0.006073531278172726
0.19772632361456566  195  177  177.43778338957222  3.2997670387916287  0.009867924598041884
0.19772632361456566  195  220  219.9492431133988  3.232965551921012  0.03295800618484254
0.19772632361456566  196  261  261.4638193863209  3.0884498053977154  0.003924201128414046
0.19772632361456566  196  302  302.12735066076647  2.9772040675195512  -0.010983920506453745
0.19772632361456566  196  342  341.9527898022269  2.9447827803858218  -0.000715315029725259
0.19772632361456566  196  381  380.8932617431838  2.9639047964185465  -0.04279620302304475
0.19772632361456566  196  419  419.1684787895581  2.8612068991598107  -0.013275057666232172
0.19772632361456566  196  457  456.5710606321841  2.764650702266863  -0.0359062593287617
0.19772632361456566  196  493  493.3460475123313  2.7332686589471678  0.008603529623858587
0.19772632361456566  196  529  529.3023884280334  2.715047991090387  -0.010294420584151228
0.19772632361456566  196  565  564.610760435782  2.6442040969261598  -0.002325180252767968
0.19772632361456566  196  599  599.2193145965042  2.6276300380011435  -0.0003608382645114521
0.19772632361456566  196  633  633.1494326290026  2.6241639997706443  0.00755135659952222
0.19772632361456566  196  666  666.4597733098424  2.5622789964259027  -0.013641728703497898
0.19772632361456566  196  699  699.13566422912  2.543944692139803  0.0009264779864921788
0.19772632361456566  196  731  731.1851372243382  2.5063418414324588  0.003085819417803401
0.19772632361456566  196  763  762.6055014548808  2.4122026292336614  -0.022597299617450942
0.19772632361456566  195  794  793.5588113832931  2.416135228492294  0.010480390567786154
0.19772632361456566  195  824  823.9001347767569  2.3966086624729996  0.013000193109771558
0.19772632361456566  195  854  853.6766736697906  2.4148931078436817  0.004432162379060218
0.19772632361456566  195  883  882.9340554348122  2.4185738392736766  -0.004102572798285934
0.19772632361456566  194  912  911.6649572928881  2.342773170336386  -0.007255428643689487
0.19772632361456566  194  940  939.927846138575  2.3475412446928203  0.007067216408716897
0.19772632361456566  194  968  967.6366976683744  2.298785089290959  -0.0005260525308854803
0.19772632361456566  194  995  994.8672012341567  2.374125019773146  -0.0034299845288830503
0.4633553236145662  194  3  2.5229603944355286  2.210187223066116  0.2814267335947341
0.4633553236145662  195  44  44.321760010198155  4.074798193087538  -0.02916543622812058
0.4633553236145662  195  90  89.79444118870542  3.6273547867522353  0.0009390361612140866
0.4633553236145662  196  134  134.07621059710925  3.636136292082597  -0.03624741771564993
0.4633553236145662  196  177  177.4635198888538  3.309952874490648  -0.0026924415089051557
0.4633553236145662  196  220  219.9693107439047  3.1485378472177104  0.0018544011385265469
0.4633553236145662  197  262  261.50738287655713  3.191770713283063  0.002249579200895432
0.4633553236145662  197  302  302.1407066642241  3.060412783294737  -0.01244043405141288
0.4633553236145662  197  342  341.9837748131068  3.0300772809731598  0.0031014204411972824
0.4633553236145662  197  381  380.9189008414854  2.9452561963569224  -0.054996975967270934
0.4633553236145662  197  419  419.23769430556337  2.841450774973282  0.02341883992810712
0.4633553236145662  197  457  456.61367483467916  2.859139247312214  -0.015000907870497175
0.4633553236145662  197  493  493.35543004159314  2.7554854667611153  0.015616000249797762
0.4633553236145662  197  529  529.31611361735  2.674583212938842  0.0004317850880773162
0.4633553236145662  197  565  564.6183586644199  2.647001467107202  -0.008027076416212862
0.4633553236145662  197  599  599.2350037922555  2.6741343097944537  0.008045043621920284
0.4633553236145662  197  633  633.1324686572633  2.6277969989309895  -0.0015601906865279473
0.4633553236145662  197  666  666.4436199985394  2.570065529366275  -0.009582296559887753
0.4633553236145662  197  699  699.145052495309  2.551715848725962  0.006789516799055297
0.4633553236145662  197  731  731.1778760187611  2.483081536312966  2.2017276523426115e-05
0.4633553236145662  197  763  762.6083419103018  2.513535282558223  -0.010366340334396963
0.4633553236145662  196  794  793.5519860518464  2.4328735280397495  0.006339920733288638
0.4633553236145662  196  824  823.8826612291867  2.365285558007372  0.007966123741320412
0.4633553236145662  196  854  853.6502885883864  2.3805588747989077  -0.006496275605799105
0.4633553236145662  196  883  882.892827648327  2.3986295833412896  -0.011397200231763913
0.4633553236145662  195  912  911.6454004321123  2.3348901675897196  -0.011239766527976721
0.4633553236145662  195  940  939.8857947706919  2.3392895935721754  0.00544215974107718
0.4633553236145662  195  968  967.6108223342895  2.303744552944181  0.021909408237771166
0.4633553236145662  195  995  994.8499511449877  2.342169831809315  -0.002614732963428725
0.7289843236145659  196  44  44.32101997056043  4.0614954513396455  -0.03263084587939126
0.7289843236145659  196  90  89.85422881694166  3.66128221584907  0.01755037152955863
0.7289843236145659  197  134  134.1462254413006  3.7056790090138065  -0.01681323096123441
0.7289843236145659  197  178  177.48480064325435  3.366410824129389  0.0018351132470246507
0.7289843236145659  197  220  219.9660234498412  3.246083676379385  -0.013431156725780264
0.7289843236145659  198  262  261.51988591683437  3.188749985033269  -0.012413511360288289
0.7289843236145659  198  302  302.1584212827892  2.9410567446055893  -0.01215395106267086
0.7289843236145659  198  342  341.9687952670953  2.9081784906659323  -0.02561275234870653
0.7289843236145659  198  381  380.9489959243926  2.931890744023576  -0.04478080684043888
0.7289843236145659  198  419  419.2186353947018  2.8259326027423413  -0.01725192757501198
0.7289843236145659  198  457  456.65189544203673  2.743653075078555  -0.021769792587231912
0.7289843236145659  198  493  493.39219337584746  2.814937260613533  0.012465982729882938
0.7289843236145659  198  529  529.2975856248025  2.6360441348858785  -0.016106426462030556
0.7289843236145659  198  565  564.6312334506057  2.6523721338287487  -0.0065199832391627036
0.7289843236145659  198  599  599.2110854886236  2.6756180202457926  -0.0007885957863428887
0.7289843236145659  198  633  633.1393176142424  2.6243812221207463  0.006159497430073401
0.7289843236145659  198  666  666.3974921261312  2.5459498904083375  -0.027300489544333315
0.7289843236145659  198  699  699.1141473318876  2.5994191775434956  0.0027410622645778226
0.7289843236145659  198  731  731.1661300781715  2.498547786923382  -0.003045509629048034
0.7289843236145659  198  763  762.5904350390167  2.4180875867018585  -0.023003134468222962
0.7289843236145659  197  794  793.5380879498863  2.4229608612308766  -0.011254141885895278
0.7289843236145659  197  824  823.8606761642203  2.4128458369862074  0.005511989396123451
0.7289843236145659  197  854  853.6561030668078  2.364890255663795  0.02401356597122749
0.7289843236145659  197  883  882.8587736268386  2.400311973276075  -0.022687376708782465
0.7289843236145659  196  912  911.6355827410298  2.3499498071291782  0.0027818867133756176
0.7289843236145659  196  940  939.8569008882004  2.3119440041925827  0.008345410075113127
0.7289843236145659  196  968  967.590344632528  2.3291767661849008  0.008825110515544722
0.7289843236145659  196  995  994.8243197039804  2.408668129634407  -0.01866609495426055
0.9946133236145656  197  44  44.41501149878863  3.9661998638759997  -0.01978062824407858
0.9946133236145656  197  90  89.8528932189638  4.039189290846679  0.009379787919309072
0.9946133236145656  198  134  134.19851845435116  3.639850066275642  0.004059436240841996
0.9946133236145656  198  178  177.53849813465519  3.330349961364675  -0.0026043110083223465
0.9946133236145656  198  220  219.85381995430404  2.939812595562813  -0.05175044662242678
0.9946133236145656  199  262  261.5842848872194  3.2907549794339275  0.004292575797199796
0.9946133236145656  199  302  302.19214053680304  2.989216390434251  -0.02127336801444323
0.9946133236145656  199  342  342.0248124133889  2.929146551689769  -0.006315420651245168
0.9946133236145656  199  381  380.9366427669668  2.869388061397899  -0.054868160454509575
0.9946133236145656  199  419  419.20133775689794  2.889203998830908  -0.009325916960554613
0.9946133236145656  199  457  456.6536553389682  2.777243306393075  -0.034503239389141675
0.9946133236145656  199  493  493.3832234456724  2.768943100165984  0.007004261967124819
0.9946133236145656  199  529  529.2981920033225  2.680267360503649  -0.013122304258355586
0.9946133236145656  199  565  564.6058275534589  2.6385470853176685  -0.012324683007707674
0.9946133236145656  199  599  599.2296615303736  2.658541341991395  0.0012271113368050434
0.9946133236145656  199  633  633.1550449392005  2.607050861161497  0.013457015297795865
0.9946133236145656  199  666  666.4072138791198  2.540138503273738  -0.011920838618909461
0.9946133236145656  199  699  699.0855355452296  2.575977051719292  -0.0076356269400610745
0.9946133236145656  199  731  731.1676952323547  2.537267632369776  0.0037403790798308818
0.9946133236145656  199  763  762.5881500740452  2.47690333380001  -0.01127387481178408
0.9946133236145656  198  794  793.5524778365454  2.4608201788660153  0.013690690620970234
0.9946133236145656  198  824  823.8303822873643  2.4031149239285696  0.004749757963273079
0.9946133236145656  198  854  853.6180843088681  2.4108230326592093  0.008235849590393382
0.9946133236145656  198  883  882.8394827277294  2.427425358516757  -0.015060897400729436
0.9946133236145656  197  912  911.6142779826882  2.347898433151613  0.01070337983520014
0.9946133236145656  197  940  939.8211175929623  2.3592475695588746  -0.0015686622738821754
0.9946133236145656  197  968  967.5729015435252  2.3014990733720424  0.02066327501876466
0.9946133236145656  196  995  994.7734873614991  2.366016923479492  -0.024679880900157894
1.2602423236145661  198  44  44.4755497787759  4.071300535914929  -0.02164883138386488
1.2602423236145661  198  90  90.00147900750294  3.984381472101475  0.07068043571503521
1.2602423236145661  199  134  134.26109548772598  3.725049100824208  0.010951568261601381
1.2602423236145661  199  178  177.54880626212847  3.343087432461175  -0.008748402754233728
1.2602423236145661  199  220  220.05809381772687  3.2563398074330507  0.007364383058921969
1.2602423236145661  200  262  261.5855564507519  3.2463650961630606  0.004016261733972032
1.2602423236145661  200  302  302.19406898097543  3.0344018806752047  -0.03850977598673421
1.2602423236145661  200  342  342.06216741395383  2.9656916926319354  0.011760861009897644
1.2602423236145661  200  381  380.9955337593134  2.88301652791165  -0.03587849133907301
1.2602423236145661  200  419  419.24221595449177  2.806509424269393  -0.00280643138255947
1.2602423236145661  200  457  456.6715814062416  2.8017230747684607  -0.02447461439414097
1.2602423236145661  200  493  493.4092827910942  2.7601473724745347  0.015113144359066504
1.2602423236145661  200  529  529.3208254076659  2.7032830912503414  -0.009752157617376692
1.2602423236145661  200  565  564.5873412148774  2.6043025103338096  -0.015566540692282973
1.2602423236145661  200  599  599.2287072835962  2.650833284732016  0.007793939912233988
1.2602423236145661  200  633  633.1455370211215  2.6191089234066567  0.007530585003548386
1.2602423236145661  200  666  666.4186496462777  2.5084347971958323  -0.01371119894599064
1.2602423236145661  200  699  699.0981613616356  2.528230070999598  0.003862560122911237
1.2602423236145661  200  731  731.1460464317302  2.5057898420229776  0.005847445801234176
1.2602423236145661  200  763  762.5949450643865  2.437972556463137  -0.001671579877721178
1.2602423236145661  199  794  793.5089687719271  2.4634284969677083  0.008656235160441209
1.2602423236145661  199  824  823.8044468683744  2.4167125945418775  0.005265505012630165
1.2602423236145661  199  854  853.6007306621996  2.3793969387493235  0.020048236463162842
1.2602423236145661  199  883  882.797413162513  2.408344035894288  -0.033360311386258286
1.2602423236145661  198  912  911.5983736847571  2.3269809313640053  0.02080368319643689
1.2602423236145661  198  940  939.7888015758136  2.3569974449969777  -0.0010527175352100366
1.2602423236145661  198  968  967.5406763815298  2.336495131563197  0.02207278143585062
1.2602423236145661  197  995  994.7786463447152  2.3506561899166627  -0.010401487528058544
1.5258713236145667  199  44  44.553553587582535  4.101062170377581  -0.022849129215270027
1.5258713236145667  199  90  90.10951131787223  3.598822959648942  0.20094582520639404
1.5258713236145667  200  134  134.3195582353776  3.6172601540895357  -0.00458775967937338
1.5258713236145667  200  178  177.58867245662344  3.309537556498242  -0.01340866685002141
1.5258713236145667  200  220  220.10291198274052  3.237405534343509  0.008430725619656635
1.5258713236145667  201  262  261.59973293013417  3.1465751867970084  -0.006597931464015352
1.5258713236145667  201  302  302.2464733323794  3.0675677228885547  -0.02454505481040009
1.5258713236145667  201  342  342.0622239294178  3.017467392274284  -0.013515671018458025
1.5258713236145667  201  381  381.01898451426104  2.937647061813948  -0.031919118633985645
1.5258713236145667  201  419  419.2464671169697  2.8286865829044245  -0.013759175414860447
1.5258713236145667  201  457  456.6642406620167  2.801847022892332  -0.042535768801302824
1.5258713236145667  201  493  493.3985597481348  2.7314688401817193  -0.00040266994657523636
1.5258713236145667  201  529  529.3623524136965  2.706067492163811  0.01943270732854382
1.5258713236145667  201  565  564.5901028258191  2.618529940201597  -0.018099684543804187
1.5258713236145667  201  599  599.2471736880351  2.647836881807052  0.01825490920957277
1.5258713236145667  201  633  633.137608991929  2.57601502181501  0.005782328046426187
1.5258713236145667  201  666  666.4267509587498  2.5299537648952537  0.0017218398624540157
1.5258713236145667  201  699  699.0967221231344  2.5681103464985426  -0.0034918045521126376
1.5258713236145667  201  731  731.1424449640821  2.5105619630467118  0.0071149707374738545
1.5258713236145667  201  763  762.5758335059865  2.4514894563158123  -0.00537585599480949
1.5258713236145667  200  793  793.478227016798  2.4252364342476085  -0.0043276820439818505
1.5258713236145667  200  824  823.798109039296  2.376932821945502  0.01748651084937566
1.5258713236145667  200  854  853.5915304296252  2.377912519225106  0.02813264072239182
1.5258713236145667  200  883  882.7804808399079  2.406164201986485  -0.02161258894315753
1.5258713236145667  199  912  911.5678933483293  2.3375646228914775  0.01746992495313842
1.5258713236145667  199  940  939.7764969259498  2.3491288397535754  0.01345529559989614
1.5258713236145667  199  968  967.5266010670488  2.3080173408312703  0.04001457707260245
1.5258713236145667  198  995  994.7239633602818  2.3310694381231087  -0.03433734700961961
1.7915003236145663  200  45  44.60015069434037  4.025621306874967  -0.016022198939405624
1.7915003236145663  200  90  90.00471338399564  3.5642093785406104  0.025476680603156977
1.7915003236145663  201  134  134.3764780441582  3.635763120522313  0.002292366009126264
1.7915003236145663  201  178  177.63332506046922  3.3957991279444286  -0.02172167487103585
1.7915003236145663  201  220  220.12366895429946  3.1898955815067325  -0.008305805340518984
1.7915003236145663  202  262  261.6547214275667  3.1605993864525317  0.008199542612813205
1.7915003236145663  202  302  302.27251277321596  3.035846059493906  -0.01835809399583073
1.7915003236145663  202  342  342.1123032016847  3.0023855019904886  -0.0059939402094199585
1.7915003236145663  202  381  381.03635092831405  2.964462878773645  -0.03814037428619952
1.7915003236145663  202  419  419.28422404689616  2.799865565311734  -0.0072307180423350804
1.7915003236145663  202  457  456.64002391909065  2.777191094761463  -0.04512520408392894
1.7915003236145663  202  493  493.4446741570358  2.7011164624771027  0.019615609359287446
1.7915003236145663  202  529  529.3744977225953  2.6669698599373532  0.013362472855980535
1.7915003236145663  202  565  564.5865032340391  2.624465097559437  -0.02335963867072679
1.7915003236145663  202  599  599.2347259852861  2.6256453352839344  0.010317163059330265
1.7915003236145663  202  633  633.1418802427519  2.602428903119062  0.009453766061376375
1.7915003236145663  202  666  666.4272422841525  2.567396029606016  -0.009648617283697354
1.7915003236145663  202  699  699.0717855097245  2.528638469927955  -0.00606331419487995
1.7915003236145663  202  731  731.1254449105787  2.511096757881205  0.0012594481331208453
1.7915003236145663  202  763  762.543093157186  2.37277006217505  -0.0139592725901113
1.7915003236145663  201  793  793.4703139803129  2.4127516591247513  0.019175259423750115
1.7915003236145663  201  824  823.75326232683  2.3825249006954436  -0.005546999370471527
1.7915003236145663  201  854  853.5783662949386  2.3617423858960365  0.027034865337028195
1.7915003236145663  201  883  882.7678839385986  2.4429609853332295  -0.011213326196750226
1.7915003236145663  200  912  911.5399827119047  2.3572459000852177  0.017785415534195565
1.7915003236145663  200  940  939.7391847384848  2.3496346447436736  0.013729405474479792
1.7915003236145663  200  967  967.4967225164211  2.3432973018065013  0.02917107202106802
1.7915003236145663  199  995  994.6896886087457  2.2873775788204966  -0.015211345670246202
2.057129323614566  201  45  44.59939783588153  4.063497809600314  -0.0203058939903028
2.057129323614566  201  90  89.99504666752712  3.2045082333326604  -0.012406543439322166
2.057129323614566  202  134  134.40524877988105  3.6461707307373956  0.007470333559620996
2.057129323614566  202  178  177.69478902360234  3.3629697440590007  -0.005777945445097159
2.057129323614566  202  220  220.13630901193375  3.17882222885504  0.004448793843620072
2.057129323614566  203  262  261.6828405424518  3.156311409141722  -0.0006757002545367072
2.057129323614566  203  302  302.2990145230226  3.0124440369044123  -0.025193688731202684
2.057129323614566  203  342  342.1275327867934  2.90340004617417  -0.009534803282733623
2.057129323614566  203  381  381.0429006015885  2.807154050551219  -0.08322240831579254
2.057129323614566  203  419  419.2784198014897  2.8411076285747185  -0.006801972262837094
2.057129323614566  203  457  456.670129932786  2.810357188647174  -0.02715864638829815
2.057129323614566  203  493  493.43386810213195  2.768483145292521  0.002889795642720825
2.057129323614566  203  529  529.3679355775263  2.656615291228718  0.0008071342892914123
2.057129323614566  203  565  564.5910456825326  2.629510852705721  -0.02190272865872922
2.057129323614566  203  599  599.2487757283945  2.600508269028637  0.027675264535399934
2.057129323614566  203  633  633.1518414247957  2.604325954160231  0.025036975487533055
2.057129323614566  203  666  666.4145413535081  2.5283746998654806  -0.009605949613593784
2.057129323614566  203  699  699.0638635397711  2.548339176098125  0.002564733441797287
2.057129323614566  203  731  731.0958380016513  2.5426659404388374  -0.0010608973537612526
2.057129323614566  203  763  762.5166366923086  2.3878539651302617  -0.04041351524370863
2.057129323614566  202  793  793.4590989166655  2.455384560717903  0.015110528155858291
2.057129323614566  202  824  823.7432944491935  2.3796551096543226  0.0012649715133072148
2.057129323614566  202  854  853.53031693954  2.390919824142884  0.004539531398235851
2.057129323614566  202  883  882.7331755917774  2.4242517112022597  -0.015250239572312177
2.057129323614566  201  912  911.5123587881461  2.3693797672910932  0.021985847333136042
2.057129323614566  201  940  939.7159761832824  2.334044158193592  0.005611669076662428
2.057129323614566  201  967  967.4555989077658  2.3353453145577987  0.023180549786560114
2.057129323614566  200  995  994.6538852479543  2.311773550029102  -0.019486734872969022
2.057129323614566  200  1021  1021.5740590334028  1.6859371513982069  0.6384337572362473
2.3227583236145666  202  45  44.597296697755155  4.0269412500930954  -0.028341992834044573
2.3227583236145666  202  90  90.03907355939015  3.5813414914992734  -0.010051207993054742
2.3227583236145666  203  134  134.43304957013504  3.655488993307358  -0.003593870140201382
2.3227583236145666  203  178  177.72584537396645  3.308331758432132  0.002340926072247862
2.3227583236145666  203  220  220.13711082952247  3.142599303880104  -0.0014460282950742973
2.3227583236145666  204  262  261.7316264144748  3.1148427860665606  0.002198274684842731
2.3227583236145666  204  302  302.30530834867545  3.0499700480208958  -0.01725774559161589
2.3227583236145666  204  342  342.14146467179273  2.992463716201428  -0.014706394281430188
2.3227583236145666  204  381  381.09548248411585  2.9759205872851453  -0.04517273480107708
2.3227583236145666  204  419  419.32352323964676  2.854893131224685  0.006820205829367144
2.3227583236145666  204  457  456.6871271482542  2.795014880282622  -0.035777034740438925
2.3227583236145666  204  493  493.43229381749734  2.742393486937658  0.010003973441868529
2.3227583236145666  204  529  529.3431046991543  2.7175903723523334  -0.010148067347688939
2.3227583236145666  204  565  564.6223011615058  2.6569293281993396  -0.018878584370280574
2.3227583236145666  204  599  599.2423839822143  2.6373488178240905  0.02614473226128882
2.3227583236145666  204  633  633.1303697683088  2.6840718608077623  -0.0017693443922596464
2.3227583236145666  204  666  666.3995105307558  2.5101833673213605  -0.0202014828099871
2.3227583236145666  204  699  699.0623692374242  2.573131626715849  0.009311882027138547
2.3227583236145666  204  731  731.0930580310295  2.574175096459385  0.0077114331040696125
2.3227583236145666  204  763  762.5264772721434  2.394834787018908  -0.008288946993013465
2.3227583236145666  203  793  793.4370738697479  2.468160193118365  0.012191779142424732
2.3227583236145666  203  824  823.7279204860337  2.3937251112702143  -0.011970951224685387
2.3227583236145666  203  854  853.521652697017  2.3692209392465884  0.018918050200211697
2.3227583236145666  203  883  882.6963127424016  2.404924932231552  -0.030584358723742166
2.3227583236145666  202  911  911.4945534344489  2.302508703966055  0.02663655300359808
2.3227583236145666  202  940  939.6765366896435  2.331645513213971  0.004512193159811484
2.3227583236145666  202  967  967.4286680113116  2.2988156690596497  0.025434339466189598
2.3227583236145666  201  995  994.6495630114282  2.295641848150808  -0.011350504572772976
2.3227583236145666  201  1021  1021.5381622282761  0.010847376899846495  0.6143723249999329
2.588387323614567  203  45  44.70751093695192  4.063054408278603  -0.02974088570061283
2.588387323614567  203  90  90.11567104303967  3.7498610925636626  -0.0005935118240985185
2.588387323614567  204  134  134.47287123185006  3.682320849830944  0.0004793638102467089
2.588387323614567  204  178  177.70636068683538  3.4046176104614005  -0.010582190780972464
2.588387323614567  204  220  220.2136196769052  3.1754633687461933  -0.004070016571072083
2.588387323614567  205  262  261.76042449700054  3.4507912613470353  0.01689660599847428
2.588387323614567  205  302  302.3418974559573  2.9661871293903914  -0.023664328011558412
2.588387323614567  205  342  342.1992372693285  2.9646561295135143  0.004667325659983098
2.588387323614567  205  381  381.10974442606306  2.9435467717208326  -0.044822865235637305
2.588387323614567  205  419  419.3294217069499  2.8439291932627384  -0.014640522099027721
2.588387323614567  205  457  456.6991878279689  2.714131742355221  -0.03781901266299242
2.588387323614567  205  493  493.4194075930558  2.7376009150318623  -0.0030860136616581656
2.588387323614567  205  529  529.3524775850138  2.6950712189354817  -0.015193435869065105
2.588387323614567  205  565  564.6210654764247  2.620584666784225  -0.019640539926066784
2.588387323614567  205  599  599.2458369856912  2.6048970462366015  0.017931703758578936
2.588387323614567  205  633  633.1562284056312  2.6515743211962217  0.017445640823288408
2.588387323614567  205  666  666.4175823649417  2.5180986373795804  -0.00555904610060464
2.588387323614567  205  699  699.0613412903275  2.5920491886968193  0.0029062152419879815
2.588387323614567  205  731  731.0878835896921  2.5270847337465057  -0.004543418487018477
2.588387323614567  205  763  762.5045345431461  2.4173932920682546  0.00019763458520618058
2.588387323614567  204  793  793.415891096729  2.472482408119049  0.007834083751897754
2.588387323614567  204  824  823.7534830935971  2.382265672511039  0.027933746949851408
2.588387323614567  204  854  853.5321657267592  2.3793284450813417  0.032453405111310125
2.588387323614567  204  883  882.6994256984802  2.395536488567359  -0.012392743859041837
2.588387323614567  203  911  911.4603792408271  2.3381771955369004  0.0140799950443229
2.588387323614567  203  940  939.6624546401885  2.3470990592763883  0.008023300401299435
2.588387323614567  203  967  967.3953345635174  2.2894042437278586  0.029510014056537633
2.588387323614567  202  995  994.6149374418054  2.270740239596307  -0.012623743635406293
2.588387323614567  202  1021  1021.5425503029744  0.011127532128966777  0.6021174371727299
