# Band 3B   Etalon 2A   Slice 5
# Distortion map version 7B.05.01 - date 2019-03-21
# Trace (isoalpha): Take pixel trace along specified slice, specified alpha position trace is built by taking the pixel in every detector row with alpha value closest to the one specified 
# xpos[i] = np.argmin(alpha_img[i,:])+funcs.find_nearest(alpha_img[i,:][(slice_img[i,:]!=0)],alpha_pos)
#    alpha       x  y      center         FWHM          skewness
0.0  756  39  39.42995051690772  3.034049352641759  0.020291728902234553
0.0  758  75  75.17675793646214  3.1421965443068274  -0.0301223764720115
0.0  759  111  110.51486945747425  2.893960498240233  0.016994182409914002
0.0  761  145  145.01790202619827  2.914423876658276  -0.024918152068154016
0.0  762  179  179.11135589062516  2.9432869515936773  0.0289101029749827
0.0  763  212  212.39016925627408  2.6989074275341522  -0.023970506945510114
0.0  764  245  245.23509031815584  2.9335656174948213  0.000899552648920589
0.0  764  278  277.4878371552735  2.657268000166482  0.021524644901208666
0.0  765  309  309.0816731932496  2.816519464618068  -0.03312171839167911
0.0  766  340  340.33456464209786  2.693006208645386  0.0020796590742382763
0.0  766  371  370.8697460345658  2.7142786163868777  -0.03851971153828989
0.0  767  401  401.0153212951763  2.82868684717738  -0.02373222337861005
0.0  767  431  430.64926035820037  2.703279024326889  -0.01429392866235702
0.0  767  460  459.7436876178771  2.658712946490027  -0.018826937574173058
0.0  767  488  488.42039526880814  2.716188488906937  -0.01484788405306347
0.0  767  517  516.5910007938887  2.7918113181799527  -0.016304191192021582
0.0  767  544  544.2864287323338  2.7231349058590695  -0.02153143501036273
0.0  767  572  571.6117456739863  2.854923718922464  -0.007453190926248767
0.0  767  598  598.433726715668  2.899406386650412  -0.02831890865115238
0.0  767  625  624.8751566582757  2.9635040051527994  -0.02517596607851835
0.0  766  651  650.8918493854655  3.012053542654826  -0.011121444013253573
0.0  766  676  676.4665701098503  2.9514380171845005  -0.03198076973128051
0.0  766  702  701.7489859571258  3.0530803190385996  0.008192154395253925
0.0  765  727  726.5920722693161  3.080856219978614  -0.012714270918285009
0.0  765  751  751.0491616094913  3.1107810980909107  -0.006329460270942377
0.0  764  775  775.2071221643412  3.1053680615998474  -0.004264341120484759
0.0  764  799  798.9276898204924  3.1496902050118933  -0.024823344671131974
0.0  763  822  822.427339718366  3.085073685888119  -0.01652417598890524
0.0  762  846  845.6034505958685  3.0644411954303905  -0.005948108623168147
0.0  762  868  868.3972453294176  3.0793866289673133  -0.02622248452983195
0.0  761  891  890.9534117302409  3.0953047452405826  -0.013476405781978923
0.0  760  913  913.1972045871136  2.9815223894008795  -0.00721639477173944
0.0  759  935  935.1654897001499  2.9625917668511192  -0.001911594193066329
0.0  758  957  956.8542300451816  2.945434067670476  -0.007446436703373529
0.0  758  978  978.2430478854991  2.8745473930014214  -0.021711062301975528
0.0  757  999  999.4053610050773  2.9019093564884315  -0.016330342099690365
-2.4595192345927486  766  40  39.935419177862116  3.2050651616201975  0.01614015857725498
-2.4595192345927486  768  76  75.70522282100993  2.9285937296435804  -0.008313094664166893
-2.4595192345927486  769  111  110.88510313322837  3.2455227621662743  -0.007291580783451317
-2.4595192345927486  770  145  145.47249082451034  2.7910238061629684  0.013253455371942204
-2.4595192345927486  771  179  179.3210592622778  3.0383315005320526  -0.027314008389055643
-2.4595192345927486  773  213  212.81420622140777  2.8716116628794452  0.017907798628664436
-2.4595192345927486  773  245  245.45943030640163  2.775510200686597  -0.014552754886056668
-2.4595192345927486  774  278  277.749366193549  2.8269956642885745  0.009688536956343748
-2.4595192345927486  775  309  309.3939734669837  2.6384668510515894  0.007024121804462848
-2.4595192345927486  775  340  340.4584757642775  2.758146748729075  -0.034731659309719796
-2.4595192345927486  776  371  371.134902917252  2.7760123427411827  0.005848589901466562
-2.4595192345927486  776  401  401.1297194500725  2.707560916794023  -0.03260236095059431
-2.4595192345927486  777  431  430.7559294323272  2.8149700515272684  -0.023867348463142812
-2.4595192345927486  777  460  459.87179205697123  2.6840478353969957  -0.005223176678261147
-2.4595192345927486  777  488  488.4498517368986  2.6635546471734415  -0.02572988659857373
-2.4595192345927486  777  517  516.5973364156093  2.8513348315132134  -0.026774307629533006
-2.4595192345927486  777  544  544.3359497353496  2.7788323826473516  -0.010974955016927414
-2.4595192345927486  777  572  571.594991557842  2.8330408560623255  -0.005676412840328289
-2.4595192345927486  777  598  598.3996480202961  2.84340457275448  -0.02361351360885108
-2.4595192345927486  777  625  624.802326824916  2.99492593452635  -0.025137056378686698
-2.4595192345927486  776  651  650.8017338100077  2.9916743844873963  -0.01263837543981953
-2.4595192345927486  776  676  676.3669951127804  2.9780510109771967  -0.01316924051174522
-2.4595192345927486  776  702  701.57490186223  3.07967791861779  -0.004294295996686547
-2.4595192345927486  775  726  726.389676914484  3.084926536704188  -0.013306847178279907
-2.4595192345927486  775  751  750.8742045330172  3.154173069993476  -0.009331295495937017
-2.4595192345927486  774  775  774.987087144164  3.1634464455883062  -0.0031423460163166744
-2.4595192345927486  773  799  798.7309130915478  3.14192018147196  -0.015964644713664725
-2.4595192345927486  773  822  822.1959997772539  3.0996303373699448  -0.0035489164888758635
-2.4595192345927486  772  845  845.3387066505694  3.1233305515399934  0.0025265477368377263
-2.4595192345927486  771  868  868.1198170373934  3.013333968664483  -0.016949051627580394
-2.4595192345927486  771  891  890.5952789111053  3.0456236837272854  -0.02932111583779663
-2.4595192345927486  770  913  912.8375238280152  3.042229870663732  -0.012451033138920117
-2.4595192345927486  769  935  934.7994938553234  2.95414606365307  -0.003967478534651026
-2.4595192345927486  768  956  956.448085638174  2.90415017361056  -0.011357287046320826
-2.4595192345927486  767  978  977.8458160187508  2.9270601046617912  -0.023112685420893675
-2.4595192345927486  766  999  999.0081581098335  2.925624841123181  -0.015487033271780826
-2.212069234592749  765  40  39.88637825666801  3.1833071741290837  0.011550671525758218
-2.212069234592749  767  76  75.61598152587831  2.8810174141412688  -0.026349395720411613
-2.212069234592749  768  111  110.86334687784917  3.1776701188175593  0.0036196581593126065
-2.212069234592749  769  145  145.4138933961086  2.7974735721719526  0.0030819542263042115
-2.212069234592749  770  179  179.31917066098296  3.050077023721826  -0.013610508117065314
-2.212069234592749  772  213  212.78111056833927  2.8292074525139697  0.0229846018772584
-2.212069234592749  772  245  245.43111478314304  2.7796306677433904  -0.017210854573121822
-2.212069234592749  773  278  277.7297626770111  2.7948877053562455  0.011800948389881381
-2.212069234592749  774  309  309.3661732398592  2.657186294715302  0.007848888873720813
-2.212069234592749  774  340  340.455838203461  2.818123780329529  -0.03482421650152849
-2.212069234592749  775  371  371.11201445997455  2.7518844892828156  0.004017396339889619
-2.212069234592749  775  401  401.1340578476732  2.7201006176657643  -0.026213911731304773
-2.212069234592749  776  431  430.73829304007273  2.7723023510860116  -0.02407847318185444
-2.212069234592749  776  460  459.8754986882567  2.6534131608793814  -0.0011628114074285097
-2.212069234592749  776  488  488.4318560636145  2.6865023800898484  -0.031844638237977195
-2.212069234592749  776  517  516.6045018568296  2.8178639416807982  -0.02130183814079721
-2.212069234592749  776  544  544.336317618635  2.793029958236275  -0.010600492109366824
-2.212069234592749  776  572  571.594739625417  2.8379985834910713  -0.004991730006390725
-2.212069234592749  776  598  598.3895309951702  2.8948080673902723  -0.03258373383416832
-2.212069234592749  776  625  624.7857824207402  2.9572131831996558  -0.03060277983791786
-2.212069234592749  775  651  650.8010384954407  2.958412807759487  -0.018097878860718477
-2.212069234592749  775  676  676.362521688566  2.9507377897340348  -0.021932062647928338
-2.212069234592749  775  702  701.5937153557746  3.0341709032097697  -0.00134552430948406
-2.212069234592749  774  726  726.4147231580544  3.0592352339117497  -0.01601281670887208
-2.212069234592749  774  751  750.8986275769324  3.158172850079154  -0.012419884445963533
-2.212069234592749  773  775  775.0108836613716  3.187946265489245  -0.0053369808087323604
-2.212069234592749  772  799  798.7412119585034  3.114493863801613  -0.02081557811544184
-2.212069234592749  772  822  822.2281894129163  3.1283091847187734  -0.004514810780201651
-2.212069234592749  771  845  845.340870709264  3.131643173855309  -0.0008992418640093693
-2.212069234592749  770  868  868.1554473994217  3.03192806502193  -0.012628572642756259
-2.212069234592749  770  891  890.6181923055858  3.0434304714093514  -0.028723810263132848
-2.212069234592749  769  913  912.8727312427505  3.0147489185583254  -0.006095437056166653
-2.212069234592749  768  935  934.8452951515416  2.992494693265371  -0.0020333470646552785
-2.212069234592749  767  956  956.4930204482233  2.9520256953751414  -0.010072086273843895
-2.212069234592749  766  978  977.8923271112435  2.8662169202677887  -0.01156670386644497
-2.212069234592749  765  999  999.0567224315545  2.9531233691316174  -0.011412993790543799
-1.9646192345927491  764  40  39.84285942349643  3.190702502613618  0.013568035041101096
-1.9646192345927491  766  76  75.57088865008755  2.90996572272428  -0.025547923411520866
-1.9646192345927491  767  111  110.8183939650612  3.2044937129442985  0.0005938392409557237
-1.9646192345927491  768  145  145.37645350848484  2.818673617730326  0.0020434487533364885
-1.9646192345927491  770  179  179.2676776302121  3.0712851031289006  -0.01569983600773702
-1.9646192345927491  771  213  212.72773371957703  2.813580798147825  0.0015140719215648677
-1.9646192345927491  771  245  245.3945770996215  2.8204121794654498  -0.022938792348438354
-1.9646192345927491  772  278  277.6922858793849  2.7396189092385725  -0.016461337474272288
-1.9646192345927491  773  309  309.3172227183567  2.682680251489728  -0.007814751592785116
-1.9646192345927491  773  340  340.44005952519024  2.842751234889306  -0.022422635781089932
-1.9646192345927491  774  371  371.08755763340565  2.7441376020435655  0.00661561655553066
-1.9646192345927491  774  401  401.12384105356597  2.7218248129449876  -0.025444037491813433
-1.9646192345927491  775  431  430.7509178365075  2.7595796303432962  -0.008232063934062764
-1.9646192345927491  775  460  459.8636442216742  2.6621126504903714  -0.0035849291809449094
-1.9646192345927491  775  488  488.4275926306432  2.71371299401261  -0.029269074248594203
-1.9646192345927491  775  517  516.5963342198438  2.813995782962593  -0.020662924661300753
-1.9646192345927491  775  544  544.3391354858813  2.752997511587864  -0.011232646059772264
-1.9646192345927491  775  572  571.587790177961  2.844492213695048  -0.008216706506468881
-1.9646192345927491  775  598  598.3735027270378  2.8557867265424193  -0.036629437100189184
-1.9646192345927491  775  625  624.8166243665797  2.974293349517552  -0.0248694751165874
-1.9646192345927491  774  651  650.8208531835795  2.992093914798261  -0.015606940976888835
-1.9646192345927491  774  676  676.3762403794606  2.9649407428751147  -0.020496872958406232
-1.9646192345927491  774  702  701.6067150991503  3.023544236833004  -0.0013192938951996382
-1.9646192345927491  773  726  726.4245813299414  3.037966973467519  -0.022031635918928906
-1.9646192345927491  773  751  750.8953292741886  3.1282447530361424  -0.011359244487234176
-1.9646192345927491  772  775  775.026257887863  3.1819110047792947  -0.005958004025839508
-1.9646192345927491  771  799  798.7481529330025  3.0989846391132687  -0.02691949561960528
-1.9646192345927491  771  822  822.220060849151  3.1363256919612468  -0.018329405948062892
-1.9646192345927491  770  845  845.3515242931502  3.12724466786176  -0.004049922839482868
-1.9646192345927491  769  868  868.1815254413694  3.079689503837926  -0.015753344058672413
-1.9646192345927491  769  891  890.6531641007941  3.015585851845117  -0.02614709763540158
-1.9646192345927491  768  913  912.9000057655546  3.0265019381538423  -0.01253432289877564
-1.9646192345927491  767  935  934.8790433066458  2.99964379100129  -0.0023167452329614963
-1.9646192345927491  766  957  956.5314797344704  2.890440576988567  -0.010276351846722766
-1.9646192345927491  765  978  977.9360958738775  2.891759068322017  -0.0130063381245344
-1.9646192345927491  764  999  999.0972303756075  2.910648582619615  -0.014362892698476818
-1.7171692345927494  763  40  39.77624698989435  3.1957876055983547  0.013462626502246175
-1.7171692345927494  765  76  75.54188678421214  2.9428293440337825  -0.018432654496771724
-1.7171692345927494  766  111  110.78512381672995  3.1610462026815753  0.001866374917615844
-1.7171692345927494  767  145  145.32038164516774  2.815695395107184  0.0012086944364664905
-1.7171692345927494  769  179  179.2598332131438  3.034730542692614  -0.008244499584806072
-1.7171692345927494  770  213  212.66967428411846  2.7755720471997165  -0.000977418801115667
-1.7171692345927494  770  245  245.37934158033227  2.8797784541420413  -0.026718408964198078
-1.7171692345927494  771  278  277.6847677972007  2.7294642354294183  -0.028751080362645138
-1.7171692345927494  772  309  309.2888532331315  2.7316694284191954  -0.011127753808952149
-1.7171692345927494  773  340  340.4477272084308  2.8388893953069783  -0.018698618734219515
-1.7171692345927494  773  371  371.0660004058898  2.731308586466298  0.0015313741577652321
-1.7171692345927494  773  401  401.1178695406767  2.7562750300975267  -0.014711363979958217
-1.7171692345927494  774  431  430.730310292475  2.7702846513330996  -0.021807953950174923
-1.7171692345927494  774  460  459.8386079922429  2.6706410874428457  -0.009848527193881535
-1.7171692345927494  774  488  488.43478463279774  2.701924161480349  -0.031878859424496774
-1.7171692345927494  774  517  516.6094484129721  2.835868272871039  -0.0156002832168508
-1.7171692345927494  774  544  544.3257315978273  2.7537282492355644  -0.016161187455098147
-1.7171692345927494  774  572  571.5985884929833  2.803174580181576  -0.005151798752271584
-1.7171692345927494  774  598  598.3842231590853  2.8565677324687613  -0.03041112505958083
-1.7171692345927494  774  625  624.8278724319524  2.972564362423782  -0.020276893412633213
-1.7171692345927494  773  651  650.8143741325392  2.9846042994769277  -0.020006679036246717
-1.7171692345927494  773  676  676.393720706289  2.9468875425880015  -0.017445735184734797
-1.7171692345927494  773  702  701.5982365386786  3.02903175350707  -0.01344393509649307
-1.7171692345927494  772  726  726.4701657263831  3.112765890414039  -0.014569628221111882
-1.7171692345927494  772  751  750.8987272338628  3.102527217097304  -0.02142047863736762
-1.7171692345927494  771  775  775.0609676989816  3.168780812795603  -0.005118347777979034
-1.7171692345927494  770  799  798.7736850403642  3.132672011351133  -0.03064537547378241
-1.7171692345927494  770  822  822.2368481782268  3.062963884690589  -0.021791381273100544
-1.7171692345927494  769  845  845.4039118615237  3.0834425238342646  0.0016537381147606028
-1.7171692345927494  768  868  868.2156318753364  3.057097529752582  -0.016411322402156772
-1.7171692345927494  768  891  890.7054253588683  3.048881489886753  -0.018700142352735694
-1.7171692345927494  767  913  912.9453290659159  3.019860723568172  -0.002246903272925653
-1.7171692345927494  766  935  934.9120811399248  2.987040249226766  -0.005822678188610265
-1.7171692345927494  765  957  956.5677438539608  2.9201738281074086  -0.010673978174369908
-1.7171692345927494  764  978  977.9515144566263  2.8692333668965375  -0.022321086699473056
-1.7171692345927494  763  999  999.1399646334797  2.917419237423246  -0.008306533234593447
-1.4697192345927497  762  40  39.736988980671164  3.157287878547109  0.01825781982795778
-1.4697192345927497  764  76  75.48281945750094  2.9594394507751076  -0.019921404658889294
-1.4697192345927497  765  111  110.74200719762246  3.1491840049744724  0.004707415494673763
-1.4697192345927497  766  145  145.25636647005553  2.832270735548377  -0.008818015851160425
-1.4697192345927497  768  179  179.25365115410128  3.05538220080399  0.0012283067143116545
-1.4697192345927497  769  213  212.6144970971519  2.7113897929340283  -0.01182768225748189
-1.4697192345927497  769  245  245.35137653938997  2.8974985094851036  -0.01195377486716618
-1.4697192345927497  770  278  277.6862789560639  2.7512125196266197  0.021975643141231196
-1.4697192345927497  771  309  309.2507596561314  2.7503611548206663  -0.020990232948404915
-1.4697192345927497  772  340  340.43057410153676  2.7909439262374462  -0.011463845068647378
-1.4697192345927497  772  371  371.0377387777497  2.7240215760717774  -0.009781668562895397
-1.4697192345927497  772  401  401.0982157483669  2.811490659160313  -0.01995269708727958
-1.4697192345927497  773  431  430.73675367735115  2.780152872153849  -0.011128697327500133
-1.4697192345927497  773  460  459.8092571334341  2.667595525511274  -0.01960805189758547
-1.4697192345927497  773  488  488.41042471129276  2.7047175245180597  -0.038297452580803075
-1.4697192345927497  773  517  516.5936812068263  2.8138087787407358  -0.016238812758711935
-1.4697192345927497  773  544  544.3025829336815  2.7789343950707917  -0.02416594375723212
-1.4697192345927497  773  572  571.5878815586296  2.826333498057693  -0.011668953195479845
-1.4697192345927497  773  598  598.4071911682182  2.9044833076369514  -0.02473572652504195
-1.4697192345927497  773  625  624.8213365551275  2.9816076609382662  -0.02664276520080823
-1.4697192345927497  772  651  650.8486938611503  3.018387616644759  -0.012531163729933646
-1.4697192345927497  772  676  676.3980278906035  2.9443806081683306  -0.024474272577425907
-1.4697192345927497  772  702  701.6169586484618  3.0141102140983094  -0.003666554173517501
-1.4697192345927497  771  726  726.4770376559964  3.092929559489903  -0.011486634510658626
-1.4697192345927497  771  751  750.943893122384  3.161983946522696  -0.012897303380038245
-1.4697192345927497  770  775  775.057340128509  3.1801410193208994  -0.006970554182225565
-1.4697192345927497  770  799  798.7961463020855  3.1421349383028883  -0.028191761622640636
-1.4697192345927497  769  822  822.2690144497581  3.0821330903099806  -0.01712975310905312
-1.4697192345927497  768  845  845.4412761834507  3.0883434331774424  0.0009370244617746855
-1.4697192345927497  767  868  868.2361448677511  3.0699977774089575  -0.019243632863808754
-1.4697192345927497  767  891  890.7450197774018  3.045709992112961  -0.013729941211515113
-1.4697192345927497  766  913  913.0013951065584  3.0094363234718458  0.002823918529079337
-1.4697192345927497  765  935  934.9485262239849  2.978974631046185  -0.0059067349628478425
-1.4697192345927497  764  957  956.6105862965734  2.94543123398239  -0.01627174757691802
-1.4697192345927497  763  978  978.0221394580552  2.9230730613203377  -0.017311246357141694
-1.4697192345927497  762  999  999.196207600644  2.8901886180849488  -0.0019456047313120776
-1.22226923459275  761  40  39.703959704016015  3.142284389775419  0.02138153167449635
-1.22226923459275  763  75  75.43265477728121  2.940028190145341  -0.029189545831020767
-1.22226923459275  764  111  110.70217239580819  3.147606953261686  0.006397624808386688
-1.22226923459275  765  145  145.20133199192634  2.8280692186751253  -0.008527202298086099
-1.22226923459275  767  179  179.23307620578163  3.039710530424202  0.0001962377074630319
-1.22226923459275  768  213  212.59685408699443  2.713209543454866  -0.008184092951058751
-1.22226923459275  769  245  245.35088655409479  2.884629042807717  -0.009102669230104653
-1.22226923459275  769  278  277.63903765108415  2.7314217949748354  0.01635042637320292
-1.22226923459275  770  309  309.22386384942104  2.785555754129973  -0.020243396242772216
-1.22226923459275  771  340  340.4297512882438  2.792485381065262  -0.005531390429557855
-1.22226923459275  771  371  371.01796816604934  2.6899120980797306  -0.010951661191064228
-1.22226923459275  771  401  401.0734382307697  2.784097418377769  -0.021046037017667097
-1.22226923459275  772  431  430.71917444728126  2.7677087815270625  -0.01746561825507864
-1.22226923459275  772  460  459.80627599826124  2.6767838102305177  -0.010902563653582525
-1.22226923459275  772  488  488.4058614900981  2.6995067873676817  -0.036669414109024724
-1.22226923459275  772  517  516.5883320325293  2.7807970268747795  -0.01930889854500404
-1.22226923459275  772  544  544.3179582077493  2.7961815014368767  -0.014314511952938556
-1.22226923459275  772  572  571.5868123178648  2.8172144043060143  -0.01063953436533894
-1.22226923459275  772  598  598.4071831221  2.9242318656725956  -0.028236509450944892
-1.22226923459275  772  625  624.8436872067838  2.9557732267311394  -0.023277001015614703
-1.22226923459275  771  651  650.8427819930051  3.004750345520506  -0.022203293429233485
-1.22226923459275  771  676  676.431555439079  2.961190793623018  -0.014902531133303566
-1.22226923459275  771  702  701.6282393533289  3.0037671911074995  -0.0061271490054238915
-1.22226923459275  770  726  726.4696382701865  3.0950191864583303  -0.01791641068025071
-1.22226923459275  770  751  750.9685922912582  3.1816106989892887  -0.00993017484865669
-1.22226923459275  769  775  775.0644244164489  3.109098724278283  -0.009197367373510179
-1.22226923459275  769  799  798.7913841882774  3.134128790728937  -0.03450107967103325
-1.22226923459275  768  822  822.29099175923  3.13369892255389  -0.02176853855895227
-1.22226923459275  767  845  845.4559709343681  3.093775520626764  -0.008400924655701877
-1.22226923459275  767  868  868.2519846628174  3.0944728834947455  -0.018368605552243098
-1.22226923459275  766  891  890.7556889248693  3.0204867933863397  -0.020240261838400515
-1.22226923459275  765  913  913.0240231458558  3.0327713476099234  -0.0072540751224004635
-1.22226923459275  764  935  934.9802922067515  2.9955103948761916  -0.005939697163191431
-1.22226923459275  763  957  956.6253865281715  2.9283536463422024  -0.027289521510745738
-1.22226923459275  762  978  978.0757422113813  2.887252572473244  -0.011212522287487163
-1.22226923459275  761  999  999.2424062792502  2.8805865712313334  0.0032734927292652383
-0.9748192345927502  760  40  39.6575248403445  3.091584164983402  0.024004137780643836
-0.9748192345927502  762  75  75.38597682332085  2.954169316546981  -0.038184351115791736
-0.9748192345927502  763  111  110.66806236584246  3.092901215929629  0.01151698245400061
-0.9748192345927502  764  145  145.1556264926415  2.870948931742703  -0.023568714775326325
-0.9748192345927502  766  179  179.21369635856203  3.054347505681818  0.010117834540161246
-0.9748192345927502  767  213  212.57253631031926  2.6960132626518316  -0.00737704203255166
-0.9748192345927502  768  245  245.31089785265544  2.921758733422962  -0.006179984690564761
-0.9748192345927502  768  278  277.59399852881603  2.6931680438119656  0.016906213562243904
-0.9748192345927502  769  309  309.21908066461083  2.7873368096038575  -0.015893300112233513
-0.9748192345927502  770  340  340.41749547262634  2.7703809527284875  -0.0030602578436028267
-0.9748192345927502  770  371  370.99434785540086  2.6825354286193033  -0.012901710383864557
-0.9748192345927502  770  401  401.0664135377777  2.7926292314409693  -0.019265841299754345
-0.9748192345927502  771  431  430.710548951957  2.750745294118701  -0.009202994824267625
-0.9748192345927502  771  460  459.78847159513  2.663837530991259  -0.020865080938243127
-0.9748192345927502  771  488  488.4100261745376  2.729152156838495  -0.03338877253810021
-0.9748192345927502  771  517  516.5987785262934  2.7728027460252633  -0.023310261787064846
-0.9748192345927502  771  544  544.3245956401674  2.792299196710701  -0.01246325667557785
-0.9748192345927502  771  572  571.5884212330642  2.8469795197615895  -0.011937335638706104
-0.9748192345927502  771  598  598.4095101943232  2.9125067662163246  -0.03157194759920339
-0.9748192345927502  771  625  624.8514914758734  2.984283935117446  -0.018439749471239435
-0.9748192345927502  770  651  650.8364231903062  3.003010409653484  -0.023928630986301845
-0.9748192345927502  770  676  676.4597540113236  2.9850168258860776  -0.005910367336680551
-0.9748192345927502  770  702  701.6370584804214  2.9826846945913985  -0.007585685747916493
-0.9748192345927502  769  726  726.4921382134745  3.068997229647721  -0.014756493514072672
-0.9748192345927502  769  751  750.9537485222405  3.1488000740801  -0.01372432464489815
-0.9748192345927502  768  775  775.1005356532412  3.137097945517553  -0.007938869311803773
-0.9748192345927502  768  799  798.8437736465697  3.1396961683327618  -0.02849643012034094
-0.9748192345927502  767  822  822.3348545678646  3.124770003954154  -0.013509546543349836
-0.9748192345927502  766  845  845.4860926675913  3.10492479187792  -0.007659508140876084
-0.9748192345927502  766  868  868.2947104880393  3.1002343150839806  -0.017066371259328587
-0.9748192345927502  765  891  890.8056306459505  3.0718166677488625  -0.012214668619842542
-0.9748192345927502  764  913  913.0659264089503  3.013590010603366  -0.005679754970970816
-0.9748192345927502  763  935  935.0223430806857  2.986967948397705  -0.00626801073193584
-0.9748192345927502  762  957  956.6473309986928  2.9344460656099045  -0.030775126702503406
-0.9748192345927502  761  978  978.1146284652494  2.889315982479957  -0.012891283738507184
-0.9748192345927502  760  999  999.2826969585194  2.8761392854285077  0.00677307718404698
-0.7273692345927505  759  40  39.61094852213174  3.0521328986338148  0.02661578733193726
-0.7273692345927505  761  75  75.31046514102955  3.027439935793126  -0.03740739072048122
-0.7273692345927505  762  111  110.60877638165003  3.032776623502855  0.00366680441504746
-0.7273692345927505  763  145  145.11219456317295  2.8992382546852014  -0.02252528898804636
-0.7273692345927505  765  179  179.20622917598385  3.044248825829584  0.019229709664026262
-0.7273692345927505  766  213  212.54344414766481  2.7143619244050115  -0.008030368239154184
-0.7273692345927505  767  245  245.3026032948235  2.898432105538916  -0.0035327740924597085
-0.7273692345927505  767  278  277.57193099637055  2.655513684349785  0.015991534701710126
-0.7273692345927505  768  309  309.1768778291949  2.7711528408201502  -0.026238450275055888
-0.7273692345927505  769  340  340.41022046961575  2.7312576487868228  0.005356364206013115
-0.7273692345927505  769  371  370.95242670165834  2.67015956397438  -0.023595190363212004
-0.7273692345927505  769  401  401.05983636962844  2.812565877926545  -0.01716789917528151
-0.7273692345927505  770  431  430.69360852898126  2.7404688054831468  -0.017272481348535616
-0.7273692345927505  770  460  459.76212478638433  2.6602648286379917  -0.02073051404907292
-0.7273692345927505  770  488  488.4193006583241  2.749278440059868  -0.025161011511421305
-0.7273692345927505  770  517  516.6129780164875  2.772592702861175  -0.012091952756985295
-0.7273692345927505  770  544  544.322807645791  2.7822642375335818  -0.014483831046211953
-0.7273692345927505  770  572  571.5843696164821  2.83407806212017  -0.020236847465338617
-0.7273692345927505  770  598  598.4323913677342  2.8958972574127984  -0.0246662986592425
-0.7273692345927505  770  625  624.8532227873076  2.994263603531408  -0.022200878889593424
-0.7273692345927505  769  651  650.8388325136036  3.0038014029084934  -0.027427238673744078
-0.7273692345927505  769  676  676.4397105079428  2.9859922700666175  -0.02077453770965393
-0.7273692345927505  769  702  701.6627249019755  3.0202334607126886  -0.007292835944664377
-0.7273692345927505  768  727  726.5298756101007  3.0744396982495346  -0.0022400956162731034
-0.7273692345927505  768  751  750.961065982509  3.128168373997255  -0.020460345045296032
-0.7273692345927505  767  775  775.0975363346334  3.145095365824318  -0.017684632189475025
-0.7273692345927505  767  799  798.8742948359642  3.136694829960902  -0.02286175922019007
-0.7273692345927505  766  822  822.3536517879116  3.101007777901941  -0.014915098859867268
-0.7273692345927505  765  845  845.4907037739533  3.129788831864971  -0.013779946828237322
-0.7273692345927505  765  868  868.3037496705866  3.1043746581273126  -0.026461939632799462
-0.7273692345927505  764  891  890.8299418925652  3.030541170726906  -0.023486281844898874
-0.7273692345927505  763  913  913.1066309770526  2.9928375280178443  5.3383342839821786e-05
-0.7273692345927505  762  935  935.0632061742235  2.981104260410575  -0.006553577745914752
-0.7273692345927505  761  957  956.7044937209251  2.9402510985273693  -0.02672948890098903
-0.7273692345927505  760  978  978.1673051124402  2.9073916366012327  -0.004492541383603555
-0.7273692345927505  759  999  999.317109955761  2.888753110188418  -0.001735193386106895
-0.47991923459275077  758  40  39.54504384145754  3.009281409086242  0.024234214268837654
-0.47991923459275077  760  75  75.26489178795414  3.0796232920398126  -0.03473103800894516
-0.47991923459275077  761  111  110.57060653517706  2.986378983789564  -0.00185242037280024
-0.47991923459275077  762  145  145.09405298306478  2.9510491942958197  -0.01888516605443825
-0.47991923459275077  764  179  179.1680419783795  3.050888671908467  0.014036327944307677
-0.47991923459275077  765  212  212.47309268869714  2.717233814124768  -0.02369382217960761
-0.47991923459275077  766  245  245.28893609882047  2.9074647189419807  0.00026585405501589624
-0.47991923459275077  766  278  277.55685822833993  2.638492293407694  0.021351171583302124
-0.47991923459275077  767  309  309.1511027099095  2.7557387493033048  -0.028110069969618016
-0.47991923459275077  768  340  340.3820921998555  2.7114675623641915  0.008359349451635245
-0.47991923459275077  768  371  370.9477489345787  2.6982688483403763  -0.012104339505940821
-0.47991923459275077  768  401  401.05031318728163  2.825003600602031  -0.01820268598184103
-0.47991923459275077  769  431  430.6872966017681  2.7425950178093217  -0.015288651938616124
-0.47991923459275077  769  460  459.7583336100259  2.688756552354789  -0.0208278655518796
-0.47991923459275077  769  488  488.407019887433  2.752102531058199  -0.02490329816249318
-0.47991923459275077  769  517  516.5962800167192  2.795852161683797  -0.013465721564272979
-0.47991923459275077  769  544  544.3185949696557  2.7765955084521465  -0.014458921178301483
-0.47991923459275077  769  572  571.5883481773462  2.8016464241816266  -0.022954520538899785
-0.47991923459275077  769  598  598.4305717580064  2.9199192770547597  -0.021444684951282194
-0.47991923459275077  769  625  624.8725455285685  3.0038660595769215  -0.01776666823623948
-0.47991923459275077  768  651  650.8685173432877  2.9850621707196296  -0.016633428036884817
-0.47991923459275077  768  676  676.4292110330961  2.9760983558377347  -0.027894793316947934
-0.47991923459275077  768  702  701.6903745815604  3.021291042205007  -0.00283913122821348
-0.47991923459275077  767  727  726.5476592334724  3.1104652494923357  -0.00980779135252545
-0.47991923459275077  767  751  751.0127293600696  3.150050581274627  -0.010887261276968018
-0.47991923459275077  766  775  775.1085820025104  3.1370902702606145  -0.021786159700726716
-0.47991923459275077  766  799  798.8846754921987  3.181178455763643  -0.02635438955556766
-0.47991923459275077  765  822  822.359216259719  3.102081062365187  -0.022950245430679455
-0.47991923459275077  764  846  845.5187470774212  3.104561408859581  -0.011015911003016559
-0.47991923459275077  764  868  868.3353653308453  3.0526610366713385  -0.028265984658008836
-0.47991923459275077  763  891  890.8647206481431  3.0549231818270073  -0.022158906897793564
-0.47991923459275077  762  913  913.1493649952158  2.9838031267318  0.0028054630945569315
-0.47991923459275077  761  935  935.1165774864849  2.995772295865436  0.0013827588924897162
-0.47991923459275077  760  957  956.7568109986164  2.9282782096474875  -0.024378913390868666
-0.47991923459275077  759  978  978.1932389049555  2.866434078036491  -0.01224976255518105
-0.47991923459275077  758  999  999.3629017134291  2.9200605612600157  0.009175521370211475
-0.23246923459275104  757  40  39.495425305847505  3.020835395316425  0.024339656217703173
-0.23246923459275104  759  75  75.24494015704208  3.103573784390221  -0.023058715140677945
-0.23246923459275104  760  111  110.53914736776635  2.942254847663378  0.006663396570216925
-0.23246923459275104  761  145  145.0389132348645  2.968743687550159  -0.023367906426758064
-0.23246923459275104  763  179  179.14140918774078  3.0277921220421433  0.02226398337151712
-0.23246923459275104  764  212  212.42600436576535  2.706352211346598  -0.025533847333882132
-0.23246923459275104  765  245  245.264440648031  2.9270500067420926  0.004412054470638993
-0.23246923459275104  765  278  277.52624166991103  2.637213942402582  0.026162256349527197
-0.23246923459275104  766  309  309.1092564909349  2.7885140288155412  -0.028560427038621085
-0.23246923459275104  767  340  340.3547961593143  2.7273464389145374  0.007475836007350413
-0.23246923459275104  767  371  370.9114475703382  2.693015617774847  -0.029231069579445285
-0.23246923459275104  767  401  401.0160475789376  2.8314985805008064  -0.024485135360203938
-0.23246923459275104  768  431  430.6505201978978  2.7589165929969113  -0.02043022281514473
-0.23246923459275104  768  460  459.746922572753  2.656228287604563  -0.02287992169195499
-0.23246923459275104  768  488  488.40124536824476  2.724702425314149  -0.025060614059350592
-0.23246923459275104  768  517  516.5913143877335  2.7891691459617505  -0.021037837028530532
-0.23246923459275104  768  544  544.3129769503805  2.7802073436739647  -0.012204892260093905
-0.23246923459275104  768  572  571.6030569773554  2.8674327870862726  -0.010535403610821932
-0.23246923459275104  768  598  598.4160426377525  2.8849909240918805  -0.021944794597929907
-0.23246923459275104  768  625  624.8795553457539  2.9789841743677243  -0.019680131493032015
-0.23246923459275104  767  651  650.890175197997  2.981153355377046  -0.016540772113482025
-0.23246923459275104  767  676  676.4606611536824  2.9878667330344797  -0.025471567255804375
-0.23246923459275104  767  702  701.7090673656174  3.0252041371613814  -0.002254873920758493
-0.23246923459275104  766  727  726.5658873210696  3.0792504519033628  -0.01567188982263288
-0.23246923459275104  766  751  751.0225770103749  3.10715989711548  -0.008910029120881166
-0.23246923459275104  765  775  775.1680013663962  3.1326290928216167  -0.0013576290595222094
-0.23246923459275104  765  799  798.8995114658393  3.1686918386265006  -0.022653132047429494
-0.23246923459275104  764  822  822.3849187878553  3.0714681124259187  -0.020736290653363326
-0.23246923459275104  763  846  845.5621977518817  3.080598022908589  -0.008957614871712826
-0.23246923459275104  763  868  868.3708688997176  3.059294021042433  -0.02574169569893519
-0.23246923459275104  762  891  890.9156815830081  3.0751249078284673  -0.01583385142646607
-0.23246923459275104  761  913  913.1804235658378  2.996003571690835  0.00019060985990947466
-0.23246923459275104  760  935  935.1398373981624  2.9790307881612534  0.0029182339715326747
-0.23246923459275104  759  957  956.803192383806  2.946241474704493  -0.014712907949999887
-0.23246923459275104  758  978  978.2343520746799  2.8635760255756395  -0.0038352306095237854
-0.23246923459275104  758  999  999.4007274153886  2.914738036169183  0.0047383552353958405
0.014980765407248686  756  39  39.42991533562294  3.0359158217308106  0.02128846557624205
0.014980765407248686  758  75  75.1767463677468  3.1420897545898754  -0.030195851454048718
0.014980765407248686  759  111  110.51486935531058  2.893861267892703  0.016957618113803155
0.014980765407248686  761  145  144.99041889136996  2.952260613621746  -0.029740153802230995
0.014980765407248686  762  179  179.11143524471055  2.9423996243456543  0.029450845672198585
0.014980765407248686  763  212  212.3901618638622  2.698977807775009  -0.02404639028814641
0.014980765407248686  764  245  245.23516861747507  2.9325295998949628  0.0014507489011664808
0.014980765407248686  764  278  277.4877737918946  2.659748950332414  0.02281743553539581
0.014980765407248686  765  309  309.0816731932496  2.816519464618068  -0.03312171839167911
0.014980765407248686  766  340  340.33457879265444  2.692884373648212  0.002184564331137911
0.014980765407248686  766  371  370.8697460345658  2.7142786163868777  -0.03851971153828989
0.014980765407248686  766  401  401.0280313204964  2.8637942316855742  -0.01991843493558867
0.014980765407248686  767  431  430.64926035820037  2.703279024326889  -0.01429392866235702
0.014980765407248686  767  460  459.7436876178771  2.658712946490027  -0.018826937574173058
0.014980765407248686  767  488  488.42039526880814  2.716188488906937  -0.01484788405306347
0.014980765407248686  767  517  516.5910007938887  2.7918113181799527  -0.016304191192021582
0.014980765407248686  767  544  544.2864287323338  2.7231349058590695  -0.02153143501036273
0.014980765407248686  767  572  571.6117456739863  2.854923718922464  -0.007453190926248767
0.014980765407248686  767  598  598.433726715668  2.899406386650412  -0.02831890865115238
0.014980765407248686  767  625  624.8751566582757  2.9635040051527994  -0.02517596607851835
0.014980765407248686  766  651  650.8893746909788  2.9777200589700215  -0.019759874289905815
0.014980765407248686  766  676  676.4665701098503  2.9514380171845005  -0.03198076973128051
0.014980765407248686  766  702  701.7489774408676  3.053036533814293  0.008157329439605327
0.014980765407248686  765  727  726.5921129202231  3.080586811104922  -0.012506590207095198
0.014980765407248686  765  751  751.0491616094913  3.1107810980909107  -0.006329460270942377
0.014980765407248686  764  775  775.2071142271847  3.1054143813889823  -0.004293740855968316
0.014980765407248686  764  799  798.9275858546566  3.148353416482223  -0.025369346312294018
0.014980765407248686  763  822  822.427339718366  3.085073685888119  -0.01652417598890524
0.014980765407248686  762  846  845.6034533978628  3.0645930696719006  -0.006021008304997805
0.014980765407248686  762  868  868.3972441825836  3.0793736911866745  -0.026269531241823994
0.014980765407248686  761  891  890.9533869752073  3.095157986756476  -0.013568783355232221
0.014980765407248686  760  913  913.1972334088674  2.9813959616958527  -0.007110188633300692
0.014980765407248686  759  935  935.1654874404724  2.962674342770697  -0.0019291827357584587
0.014980765407248686  758  957  956.8483572913943  2.944320233304552  -0.012670019824726014
0.014980765407248686  757  978  978.2686688996778  2.885665862343103  -0.012229613970439548
0.014980765407248686  757  999  999.427076902537  2.881207210692537  -0.0021122834421332067
0.2624307654072484  755  39  39.359027405344094  3.043798066438299  0.012053092345071022
0.2624307654072484  757  75  75.15556601770696  3.1386438868099873  -0.02305185101797367
0.2624307654072484  758  110  110.45309465628014  2.897416360542593  0.007989043309914219
0.2624307654072484  760  145  144.9233971987793  2.995803364776833  -0.03330755549366039
0.2624307654072484  761  179  179.04465681552674  2.962320634097466  0.01382035002889847
0.2624307654072484  762  212  212.35909094229075  2.695991405675244  -0.022217544716915436
0.2624307654072484  763  245  245.20639782147606  2.9327914334492675  -0.00041104694118136866
0.2624307654072484  763  277  277.451976351102  2.6898357552489642  0.015699936955032117
0.2624307654072484  764  309  309.0753033984481  2.8316670919511466  -0.021857687775612474
0.2624307654072484  765  340  340.3188502897806  2.6872459994542623  0.0035891822226612807
0.2624307654072484  765  371  370.83974527474913  2.7290494396015106  -0.04169310405434912
0.2624307654072484  766  401  401.01260893093047  2.8353149596426874  -0.01645223111897988
0.2624307654072484  766  431  430.62964475856  2.7107497763549873  -0.01863358444028843
0.2624307654072484  766  460  459.7403367367813  2.683593741488039  -0.018146829294331777
0.2624307654072484  766  488  488.4007954037727  2.749331122943204  -0.011059068302758835
0.2624307654072484  766  517  516.5815499523269  2.7733726411643147  -0.017913756990329918
0.2624307654072484  766  544  544.3053362117573  2.744902059134347  -0.016967417606605993
0.2624307654072484  766  572  571.6277823101617  2.8664830528803122  -0.0021251173882460635
0.2624307654072484  766  598  598.455750894991  2.9059041642183274  -0.028698815629008955
0.2624307654072484  766  625  624.8758900915403  2.9677994522011204  -0.021681373633655555
0.2624307654072484  765  651  650.9023631179355  2.970747892355007  -0.019794345927264177
0.2624307654072484  765  676  676.4880477128547  2.968880549440996  -0.03403780367687779
0.2624307654072484  765  702  701.7667259996567  3.0342960915129424  0.006090308015805724
0.2624307654072484  764  727  726.6117255678666  3.095680484952709  -0.00824217776904898
0.2624307654072484  764  751  751.079249118873  3.1208838701352306  -0.0048781482486346655
0.2624307654072484  763  775  775.2110660442582  3.127912690846415  -0.011784363171716477
0.2624307654072484  763  799  798.9891123772138  3.1592140233574355  -0.018817724253757506
0.2624307654072484  762  822  822.467103773885  3.1176997941472564  -0.01609820271432072
0.2624307654072484  761  846  845.6301675330807  3.059987158282638  -0.009141975427078076
0.2624307654072484  761  868  868.4405113198428  3.074136551331435  -0.018758115136988295
0.2624307654072484  760  891  890.9915396758036  3.0633725745749416  -0.015519181503700208
0.2624307654072484  759  913  913.2544456132865  2.956904977130989  0.009851375509647795
0.2624307654072484  758  935  935.2061988623448  2.9506102273926444  0.0013547024624372304
0.2624307654072484  757  957  956.8800323288369  2.9457728926211075  -0.013931633645808543
0.2624307654072484  756  978  978.3129249053642  2.9468439478191613  -0.007659413423661422
0.2624307654072484  756  999  999.4635957021418  2.8973262693659763  -0.004210925756008107
0.5098807654072481  754  39  39.30299892452604  3.007400590588361  0.015682333024453796
0.5098807654072481  756  75  75.11956979831409  3.1878949638631298  -0.01794299967296666
0.5098807654072481  757  110  110.41608785016761  2.879206930889012  0.018044024888721887
0.5098807654072481  759  145  144.91035868153241  2.974586804045714  -0.024346289136403375
0.5098807654072481  760  179  179.02131324194397  2.954009724422292  0.023172414734516332
0.5098807654072481  761  212  212.31761736877695  2.7166871444223943  -0.022016741521345973
0.5098807654072481  762  245  245.19960122480018  2.929482670469838  0.008888711230588946
0.5098807654072481  762  277  277.4085687260939  2.699208294411733  0.006296623010024696
0.5098807654072481  763  309  309.0502604777096  2.8082457558866736  -0.025297251647401396
0.5098807654072481  764  340  340.2920517005582  2.696247238922524  0.007712083621138823
0.5098807654072481  764  371  370.8233566899095  2.7027637038693797  -0.03482030365258097
0.5098807654072481  765  401  401.0051250662372  2.8302394144254777  -0.018282181532558985
0.5098807654072481  765  431  430.61836775775896  2.6893694353244655  -0.021662184794856564
0.5098807654072481  765  460  459.7296295787637  2.7389587109546483  -0.02103702189795226
0.5098807654072481  765  488  488.3804484289384  2.74847563503306  -0.02162422048547792
0.5098807654072481  765  517  516.5760705230824  2.77694369304038  -0.024893467941893076
0.5098807654072481  765  544  544.3015310471801  2.7793909588147017  -0.017661854279839607
0.5098807654072481  765  572  571.6311278699451  2.890206606728043  -0.008441067867730443
0.5098807654072481  765  598  598.4762695567618  2.900373037706572  -0.02099481553371284
0.5098807654072481  765  625  624.8737279373622  3.0393822343918373  -0.0494342643779321
0.5098807654072481  764  651  650.9086777169455  2.9728963518331284  -0.022266063194876683
0.5098807654072481  764  676  676.5095277967599  2.9977259268202943  -0.025438410112685446
0.5098807654072481  764  702  701.7803378727007  3.0587807807814897  0.0035046305866110097
0.5098807654072481  763  727  726.6207510934117  3.081344409739586  -0.007568570396231092
0.5098807654072481  763  751  751.0817130212733  3.1142467959746227  -0.010896904640029037
0.5098807654072481  762  775  775.2406558824164  3.099001871338487  -0.006514929190025953
0.5098807654072481  762  799  799.0167054513341  3.1548960062750666  -0.016431532538448184
0.5098807654072481  761  822  822.47173348754  3.1035213465006564  -0.02794396338768626
0.5098807654072481  760  846  845.6571728416181  3.0593205711932114  -0.011367261576931981
0.5098807654072481  760  868  868.44989661259  3.0632098433088686  -0.031255745817177716
0.5098807654072481  759  891  891.0178148844434  3.0742875441758315  -0.010105401821824884
0.5098807654072481  758  913  913.262893071446  2.971457840438802  -0.0025473490624421495
0.5098807654072481  757  935  935.253605930579  2.9645679817745076  0.0037323349153141547
0.5098807654072481  756  957  956.9502384375236  2.963864526885345  -0.007902234376628361
0.5098807654072481  755  978  978.3719561994435  2.941820654401681  -0.00539768666615831
0.5098807654072481  755  1000  999.5277723519388  2.8777119213361857  -0.00025394374023933485
0.7573307654072479  753  39  39.24619896301391  2.996210853432622  0.017108264805429707
0.7573307654072479  755  75  75.08141862295813  3.221922319613043  -0.02019856144766985
0.7573307654072479  756  110  110.38480332344162  2.843986206852236  0.017896255277751405
0.7573307654072479  758  145  144.85343640213583  2.9966852060112217  -0.03220410352255712
0.7573307654072479  759  179  178.99395874851098  2.9176559009454763  0.02327305182393285
0.7573307654072479  760  212  212.2783715611691  2.731747255146047  -0.012624961857429985
0.7573307654072479  761  245  245.18208471111512  2.9548743950531957  0.013308588401901708
0.7573307654072479  761  277  277.36779056297223  2.663547305461634  -0.0009602144025872099
0.7573307654072479  762  309  309.02980026432334  2.836794831265081  -0.022904315063276393
0.7573307654072479  763  340  340.27173069363107  2.6746573690654714  0.002228223144624663
0.7573307654072479  763  371  370.8195887677007  2.7465800183005626  -0.03450817773248986
0.7573307654072479  764  401  400.98898154829874  2.83762993888638  -0.013331006529357634
0.7573307654072479  764  431  430.6284966694852  2.67810596948118  -0.012956153314058964
0.7573307654072479  764  460  459.70853221382583  2.6962885205454086  -0.022853339358415648
0.7573307654072479  764  488  488.37350808740246  2.7375161713565603  -0.0209388697276373
0.7573307654072479  764  517  516.5859249294028  2.802279223518667  -0.018044936637133652
0.7573307654072479  764  544  544.3010500100299  2.760973834330798  -0.02207031259432361
0.7573307654072479  764  572  571.6175928111529  2.870348068324347  -0.01562216042741948
0.7573307654072479  764  598  598.4689031211282  2.908287987820245  -0.026751447093691413
0.7573307654072479  764  625  624.8745892592756  2.954192767779091  -0.03768347287126055
0.7573307654072479  763  651  650.906528454486  2.9845751327259222  -0.025068185818103435
0.7573307654072479  763  676  676.5099664491247  2.999479786753227  -0.020026679145828275
0.7573307654072479  763  702  701.7965825029247  3.040493943355159  5.618298104601948e-05
0.7573307654072479  762  727  726.6303629393714  3.085554057493482  -0.012196300951471605
0.7573307654072479  762  751  751.1206291377915  3.0913155282821663  -0.0021924819208953912
0.7573307654072479  761  775  775.2550889939048  3.142635245545307  -0.010291056626797695
0.7573307654072479  761  799  799.0472409808275  3.152390491476808  -0.008558367297997116
0.7573307654072479  760  822  822.4864608314454  3.089760234308301  -0.03351835933227846
0.7573307654072479  759  846  845.6881334300595  3.085011085737733  -0.008920568817657014
0.7573307654072479  759  868  868.4662485000492  3.0857543883050766  -0.03351502563300318
0.7573307654072479  758  891  891.0741554593885  3.057328016203428  0.007267153135466264
0.7573307654072479  757  913  913.3153390902883  2.966690850176974  -0.0024558687162223175
0.7573307654072479  756  935  935.3029628325987  2.9763129636394297  0.0005534938197711976
0.7573307654072479  755  957  957.0111954853148  3.0031084161021226  0.0024554244974667712
0.7573307654072479  754  978  978.4153901318431  2.95930430603903  -0.005496955915927413
0.7573307654072479  754  1000  999.5761809340098  2.92262580316833  -0.011206912104952315
1.0047807654072476  752  39  39.172012329935434  2.9862795646321487  -0.0031759853750392606
1.0047807654072476  754  75  75.02537287402623  3.221241341665859  -0.020678328693643926
1.0047807654072476  755  110  110.33085384228559  2.834943127197249  0.006220048670878576
1.0047807654072476  757  145  144.82621470413957  2.964994811692975  -0.03707909661102115
1.0047807654072476  758  179  178.9641427477277  2.8735439556981532  0.024496188426203675
1.0047807654072476  759  212  212.21921428150108  2.703832468245821  -0.030036135750331566
1.0047807654072476  760  245  245.14838437370815  2.9481966729289297  0.009257868876022285
1.0047807654072476  760  277  277.32751321550927  2.662744127566384  -0.009005152058087652
1.0047807654072476  761  309  309.0129277831978  2.8340855835496086  -0.023429891303686865
1.0047807654072476  762  340  340.2580008875732  2.6486644632941534  0.00797054689693093
1.0047807654072476  762  371  370.79075198314473  2.729331931075251  -0.04443843567793726
1.0047807654072476  763  401  400.9845651543415  2.8035178846126882  -0.008882771208666398
1.0047807654072476  763  431  430.60588243707866  2.6339487892655598  -0.017306108860621
1.0047807654072476  763  460  459.6907322507642  2.6995687064954836  -0.025428161096974183
1.0047807654072476  763  488  488.393898562346  2.761619218834653  -0.009635772539359561
1.0047807654072476  763  517  516.5741617225721  2.7534095350104053  -0.020982716553911207
1.0047807654072476  763  544  544.293724089716  2.74127973220493  -0.026767373077147754
1.0047807654072476  763  572  571.6289206149897  2.87745986659138  -0.008595656966400243
1.0047807654072476  763  598  598.4587038123274  2.934193009774731  -0.026976104426249606
1.0047807654072476  763  625  624.8918482138885  2.9146835569861196  -0.02885707205698083
1.0047807654072476  762  651  650.9005804471809  3.0130382186204088  -0.026187467751255453
1.0047807654072476  762  676  676.5154727758791  3.006852296332454  -0.02811055476084288
1.0047807654072476  762  702  701.821744749754  3.0354221733251734  0.007842979911318677
1.0047807654072476  761  727  726.6497316920635  3.0985970968026777  -0.013138028225695169
1.0047807654072476  761  751  751.1330097628776  3.1371544907767657  -0.01022145022373202
1.0047807654072476  760  775  775.2682992523429  3.1581147172100827  -0.01171740921923314
1.0047807654072476  760  799  799.0631815556908  3.1808675217571363  -0.013933533488534664
1.0047807654072476  759  822  822.5334496732219  3.1189177077045542  -0.026141540562453866
1.0047807654072476  758  846  845.7333992541942  3.1106001729708623  -0.007052186716979931
1.0047807654072476  758  868  868.5383195983894  3.0713993237189925  -0.022655535446329964
1.0047807654072476  757  891  891.162301803753  3.0864843777982287  0.07346889343673924
1.0047807654072476  756  913  913.3761844400099  2.9660109911849304  0.004889436574003734
1.0047807654072476  755  935  935.3373922178728  2.960159251342702  0.005151574787478699
1.0047807654072476  754  957  957.0335517395781  3.00481033166011  -0.003058809400408881
1.0047807654072476  754  978  978.440734298608  2.9102556291720703  -0.018747592749234175
1.0047807654072476  753  1000  999.6330325081221  2.85077974425144  -0.0050974137350727755
1.2522307654072473  751  39  39.10375572123994  2.9965038471164007  -0.010083221924376577
1.2522307654072473  753  75  74.99698842698002  3.196573011174735  -0.015257015645679498
1.2522307654072473  754  110  110.26899133111571  2.7702173999935553  0.008531050822810495
1.2522307654072473  756  145  144.79491405283903  3.0379134435058006  -0.031015782371485986
1.2522307654072473  757  179  178.91033511863034  2.8878992133989527  0.016510774712383137
1.2522307654072473  758  212  212.19098875062448  2.7236710231331926  -0.03002525749547268
1.2522307654072473  759  245  245.1186644248496  2.891238377793229  0.014423664656764321
1.2522307654072473  759  277  277.2996436379574  2.6660233603327015  -0.00911759285675328
1.2522307654072473  760  309  308.9988273460487  2.843376113753152  -0.022209100846690775
1.2522307654072473  761  340  340.22784323115434  2.6369993683688335  -0.0019678254133494635
1.2522307654072473  761  371  370.7529633736921  2.7232380742368036  -0.050544837532211194
1.2522307654072473  762  401  400.9758603642291  2.804637105388281  -0.005565289612088265
1.2522307654072473  762  431  430.5655016098739  2.643177268490888  -0.02880122747317822
1.2522307654072473  762  460  459.6788015648424  2.692715583207189  -0.02726393715573192
1.2522307654072473  762  488  488.3862787240337  2.7763722365007197  -0.011710099232869442
1.2522307654072473  762  517  516.5876311964445  2.7760396236297993  -0.01772008274759217
1.2522307654072473  762  544  544.2767521139451  2.780010615873607  -0.035221531781026764
1.2522307654072473  762  572  571.607906857314  2.8386404578300244  -0.024006121696968967
1.2522307654072473  762  598  598.4732013234744  2.91178187444541  -0.025161678314627185
1.2522307654072473  762  625  624.904442853503  2.927792208864389  -0.02402599139671043
1.2522307654072473  761  651  650.8886396141851  3.0080632071220634  -0.03538485662513399
1.2522307654072473  761  677  676.566707931957  3.0337717088140153  -0.019776684697498714
1.2522307654072473  761  702  701.8142127756628  3.0387387746873173  -0.004548148751499806
1.2522307654072473  760  727  726.6697246568096  3.087862921345504  -0.008379352638411677
1.2522307654072473  760  751  751.11981904845  3.144140549300232  -0.022728386986858102
1.2522307654072473  759  775  775.2720459888585  3.136801182131876  -0.02043718258827485
1.2522307654072473  759  799  799.0904177157465  3.1313453310169734  -0.01571293814487278
1.2522307654072473  758  823  822.5839659041833  3.1223480821514613  -0.02103939281928173
1.2522307654072473  757  846  845.7573170370304  3.100096454021923  -0.010809120617734504
1.2522307654072473  757  868  868.5364893624455  3.0449418905441235  -0.030957559127444027
1.2522307654072473  756  891  891.1613502234909  3.0528334859473034  0.014769760924768699
1.2522307654072473  755  913  913.4005981617676  3.0076787545212937  0.00010393343947411989
1.2522307654072473  754  935  935.3765167739036  2.966744949904978  0.008297030162548598
1.2522307654072473  753  957  957.1016831374725  2.9786040459466676  0.005718772791798327
1.2522307654072473  753  978  978.4749758653165  2.921355914976175  -0.02525996961549683
1.2522307654072473  752  1000  999.6571770981336  2.8213022420545713  -0.0029335925018995077
1.499680765407247  750  39  39.038334869213685  3.0190355052289846  -0.018684112960956525
1.499680765407247  752  75  74.94273825550043  3.218260147359757  -0.018125591155887397
1.499680765407247  753  110  110.22122773415096  2.767090114001462  0.009393020694037153
1.499680765407247  755  145  144.75175378589955  3.054011537858713  -0.038298221391077775
1.499680765407247  756  179  178.87772097675796  2.8875544869216014  0.020583061483615706
1.499680765407247  757  212  212.1467011335321  2.7687549024536793  -0.030439679364319176
1.499680765407247  758  245  245.09631200033863  2.883119419343757  0.018422314947620706
1.499680765407247  758  277  277.262165390303  2.7115701180518954  -0.011568215892085986
1.499680765407247  759  309  309.01103868763767  2.872088485967879  -0.0055098083107555105
1.499680765407247  760  340  340.2225935499357  2.6256307405038797  0.0009943519456276433
1.499680765407247  760  371  370.7540996719671  2.7298871341367317  -0.04708974156535125
1.499680765407247  761  401  400.9715767044154  2.796394562895671  -0.0003576428235349891
1.499680765407247  761  431  430.54502037512236  2.646461324262475  -0.03746555351317008
1.499680765407247  761  460  459.68252735498925  2.7139101848745213  -0.024453789271092347
1.499680765407247  761  488  488.38413141535716  2.7867295445519176  -0.010461398414621266
1.499680765407247  761  517  516.5828784129865  2.7925728284008073  -0.015246345537649409
1.499680765407247  761  544  544.2653253040442  2.7684515848279716  -0.03640383267798996
1.499680765407247  761  572  571.6141570704144  2.8565229757641646  -0.019717852403212378
1.499680765407247  761  598  598.4812008993603  2.8873237595530554  -0.020538131754293167
1.499680765407247  761  625  624.9172493299882  2.9492554873089603  -0.024959917625097725
1.499680765407247  760  651  650.8956285424512  3.0424859440196315  -0.039387772479473004
1.499680765407247  760  677  676.5846187341385  3.0115141644477035  -0.021663300264703766
1.499680765407247  760  702  701.8494557607554  3.061992868281095  6.438935268562935e-05
1.499680765407247  759  727  726.6569031140597  3.056097610116808  -0.018929603770287667
1.499680765407247  759  751  751.1918291226091  3.1656509794431713  0.0018006580150650973
1.499680765407247  758  775  775.3134834041186  3.1252280696458  -0.016456738200696278
1.499680765407247  758  799  799.1042546504145  3.128990585862084  -0.018618561915655786
1.499680765407247  757  823  822.5886818529077  3.1329979975167817  -0.024861170233049155
1.499680765407247  756  846  845.7780523990125  3.1058990765843646  -0.009996629813809398
1.499680765407247  756  869  868.5467128217421  3.0233125688334894  -0.0424361565101637
1.499680765407247  755  891  891.1579694825573  3.1042202648809507  -0.012660248003926915
1.499680765407247  754  913  913.462098787477  2.9778837975638908  0.005349459481284265
1.499680765407247  753  935  935.4174654653353  2.9729336190439426  0.0009148029452774782
1.499680765407247  752  957  957.1426533449188  3.012676025475912  0.015968353117461028
1.499680765407247  752  978  978.5100628312038  2.92068938927423  -0.026160721557444176
1.499680765407247  751  1000  999.7159305728062  2.8256512077039133  -0.005839844446555537
1.7471307654072468  749  39  38.967225668980106  3.049321546852113  -0.02044422881824824
1.7471307654072468  751  75  74.91696104849467  3.2535852723320318  -0.009870438999879372
1.7471307654072468  752  110  110.16620312022928  2.749093027225058  0.006238822871598555
1.7471307654072468  754  145  144.7080602558239  3.0385264271530446  -0.044245042143827476
1.7471307654072468  755  179  178.8246364415867  2.809744761326556  0.006765755661472867
1.7471307654072468  756  212  212.10206284190429  2.7637294273456234  -0.03733587684149174
1.7471307654072468  757  245  245.08285396553217  2.8707035579348883  0.022359555823048636
1.7471307654072468  757  277  277.2307775520431  2.736713991284091  -0.017179455539869777
1.7471307654072468  758  309  308.9786462256063  2.841476160065554  -0.01181386323141197
1.7471307654072468  759  340  340.18725868127274  2.6157738780613045  -0.0004037405893790998
1.7471307654072468  759  371  370.72169903546774  2.74423279841335  -0.05021087300950062
1.7471307654072468  760  401  400.9559442830113  2.7852612237584253  -0.008900506593390485
1.7471307654072468  760  431  430.5423317405703  2.652823157247724  -0.039527465334700314
1.7471307654072468  760  460  459.6937181919417  2.7449599278205596  -0.013528756300834827
1.7471307654072468  760  488  488.3942589322102  2.758567688308176  -0.005082258674555207
1.7471307654072468  760  517  516.5823251038037  2.7402108425046663  -0.015241617245302456
1.7471307654072468  760  544  544.2812753856041  2.767282937551954  -0.026831178756609415
1.7471307654072468  760  572  571.6264122794588  2.8570887131486415  -0.01212249163282143
1.7471307654072468  760  598  598.4781007822426  2.8658276545295394  -0.025785111252946486
1.7471307654072468  760  625  624.9437669582427  2.9482145514896274  -0.01691972067799591
1.7471307654072468  760  651  650.9345381159352  3.0258363588352495  -0.02596836464121565
1.7471307654072468  759  677  676.5633998883008  2.9997295700554787  -0.029223841976584806
1.7471307654072468  759  702  701.8619173132131  3.081255133833565  0.0027050507172675094
1.7471307654072468  758  727  726.6959302603354  3.0803660510432564  -0.013429774794644075
1.7471307654072468  758  751  751.2022143854393  3.144410923477153  -0.012845133744317746
1.7471307654072468  757  775  775.3586477592769  3.1249504763025016  -0.008011621768328344
1.7471307654072468  757  799  799.1521821142534  3.173993180707839  -0.015369930892144274
1.7471307654072468  756  823  822.6086747677454  3.1008621333896826  -0.03278490380443996
1.7471307654072468  755  846  845.8168119340879  3.120159814520548  -0.012427306976702168
1.7471307654072468  755  869  868.6275114010721  3.0252036678718923  -0.023943887367778523
1.7471307654072468  754  891  891.1896278862188  3.111550169375505  -0.015416222175580349
1.7471307654072468  753  914  913.5043804774479  2.9542119176908272  0.0034438730300175822
1.7471307654072468  752  935  935.4672035139565  2.976481227820841  0.00021446140640789865
1.7471307654072468  751  957  957.1595185700173  2.9923599529267904  0.006297338244545443
1.7471307654072468  751  979  978.5499496575219  2.9599905341090107  -0.017852901600774154
1.7471307654072468  750  1000  999.7598798235434  2.853742137850304  -0.010781517091517718
1.9945807654072465  748  39  38.890136860830886  2.9744000329157885  -0.030942564637542785
1.9945807654072465  750  75  74.89571271488896  3.2439215909826373  0.0021544366853597677
1.9945807654072465  751  110  110.08974074438004  2.7756797138849834  -0.003397124366868112
1.9945807654072465  753  145  144.6599262372743  3.044311863888055  -0.04325595203128713
1.9945807654072465  754  179  178.7679613103886  2.781060135648886  -0.0008785931359783729
1.9945807654072465  755  212  212.0779195189917  2.8089272435787223  -0.03396330943159823
1.9945807654072465  756  245  245.04671300235674  2.8222575087043538  0.015297189646705806
1.9945807654072465  756  277  277.191745542174  2.7375747393687675  -0.025560057287772088
1.9945807654072465  757  309  308.9665493529535  2.840751595848701  -0.0013557326778046858
1.9945807654072465  758  340  340.16571895413495  2.6294046903146864  -0.0018884602229880358
1.9945807654072465  758  371  370.7150212916519  2.7313223943698404  -0.04623752742260346
1.9945807654072465  759  401  400.9531427091983  2.7850899939754754  -0.004020392505820568
1.9945807654072465  759  431  430.5252870153543  2.6326757590506986  -0.035942017213252464
1.9945807654072465  759  460  459.6813973409318  2.7419067446201097  -0.023470363736594075
1.9945807654072465  759  488  488.3975336940723  2.7231112896309924  -0.004813131599312015
1.9945807654072465  759  517  516.591683720081  2.734375527117436  -0.008635773313471375
1.9945807654072465  759  544  544.2922833945908  2.8101397113297253  -0.02306338929109723
1.9945807654072465  759  572  571.6325336552893  2.858004283026048  -0.014056994405257917
1.9945807654072465  759  598  598.4798489149556  2.8995798221531004  -0.0354683514159916
1.9945807654072465  759  625  624.947249090137  2.927514164253239  -0.021199996666092322
1.9945807654072465  759  651  650.9449410816418  2.975915801378278  -0.028404749532225586
1.9945807654072465  758  677  676.5684744603999  2.9968630760625956  -0.027668181361628127
1.9945807654072465  758  702  701.8995417758956  3.0853327472523233  0.010365714586512541
1.9945807654072465  757  727  726.722901157762  3.04481670649443  -0.011869878111451102
1.9945807654072465  757  751  751.2106873812618  3.1283215264620594  -0.011124007471042283
1.9945807654072465  756  775  775.3842873136633  3.1274098640328702  -0.006324171275931956
1.9945807654072465  756  799  799.1933720864454  3.167288591578199  -0.007178758770434961
1.9945807654072465  755  823  822.6552615829561  3.1054025979614153  -0.03007053456131596
1.9945807654072465  754  846  845.8358534356557  3.066545693772241  -0.013313265649712074
1.9945807654072465  754  869  868.6698434504283  3.0658604486633294  -0.025074678285347395
1.9945807654072465  753  891  891.2457554397478  3.040576332279443  -0.003347168645993166
1.9945807654072465  752  914  913.5247217360102  2.99125283294984  -0.004271946516081275
1.9945807654072465  751  936  935.5162142804625  2.9740487176882198  0.005670092665472719
1.9945807654072465  750  957  957.2394001233175  2.9977133811510157  0.02835225187389825
1.9945807654072465  750  979  978.6217184297869  2.991846471873714  -0.0145786572427363
1.9945807654072465  749  1000  999.8062708222008  2.8191519070855975  -0.0023255753898651136
2.242030765407246  747  39  38.82638204523753  2.995503033569058  -0.03745963579143728
2.242030765407246  749  75  74.83730405988604  3.205710566692062  0.0022034754898313854
2.242030765407246  750  110  110.03137699855344  2.8266851766483114  -0.0022785236190956174
2.242030765407246  752  145  144.62254039567964  3.0091314234706203  -0.03418820747075656
2.242030765407246  753  179  178.7225995816408  2.7630673345875607  -0.006133876290748659
2.242030765407246  754  212  212.0447658870819  2.854248659011944  -0.03589711711811719
2.242030765407246  755  245  244.9953082071902  2.8171745616492103  0.0061223598442791405
2.242030765407246  755  277  277.1515282681153  2.7700773355244337  -0.024328416553302
2.242030765407246  756  309  308.9590788882933  2.8501319141677186  0.0038349494738867036
2.242030765407246  757  340  340.13317863478596  2.655141001270522  -0.0021639316840742755
2.242030765407246  757  371  370.70494394895763  2.7679139049683954  -0.040392832474290506
2.242030765407246  758  401  400.93396759924525  2.7958594128452887  -0.007818480539907456
2.242030765407246  758  430  430.5055612973858  2.6122241302251155  -0.04051848043478525
2.242030765407246  758  460  459.68011613101385  2.768913037477546  -0.01622950472449115
2.242030765407246  758  488  488.4083085666662  2.7371377781984165  0.004672802181661071
2.242030765407246  758  517  516.5736690284841  2.733535872598509  -0.015364873737299398
2.242030765407246  758  544  544.3052872089812  2.8285904371750803  -0.021180679245689712
2.242030765407246  758  572  571.6487492475184  2.8529322155950467  -0.007060062989887943
2.242030765407246  758  598  598.4879085798107  2.8583187511816277  -0.03132696734706232
2.242030765407246  758  625  624.965841466659  2.967321281843283  -0.022808268555307355
2.242030765407246  758  651  650.9400370153527  3.0218011660521142  -0.037555908134677136
2.242030765407246  757  677  676.6009965544545  3.0278112143947737  -0.02267328489146698
2.242030765407246  757  702  701.9052289036504  3.04617012150311  0.0051942941746205415
2.242030765407246  756  727  726.7458726434191  3.0734527155800606  -0.014955586613673287
2.242030765407246  756  751  751.2274638648558  3.117259543339742  -0.012405002498113282
2.242030765407246  755  775  775.4105228465493  3.135844091120134  -0.007074114490959243
2.242030765407246  755  799  799.2170586912314  3.166789484985884  -0.006853882865661137
2.242030765407246  754  823  822.6941947115615  3.1238166882814085  -0.022991904659438123
2.242030765407246  753  846  845.8571092533094  3.073298609580206  -0.02081484017454132
2.242030765407246  753  869  868.701255601076  3.0820586634832807  -0.03373801028876666
2.242030765407246  752  891  891.2825900369652  3.0449489623320005  -0.0039059585161092185
2.242030765407246  751  914  913.5662008461426  2.9536205209949458  -0.001091685676495538
2.242030765407246  750  936  935.5604319591375  2.9527037485866003  0.0051965951649141865
2.242030765407246  749  957  957.2736165651226  3.013932212075815  0.014921324711716352
2.242030765407246  749  979  978.661539340074  2.967348155373543  -0.020682815916072433
2.242030765407246  748  1000  999.8481064196138  2.8351381143631897  -0.00906718271656281
2.489480765407246  746  39  38.76817131040766  3.0219702845024017  -0.038075455429934624
2.489480765407246  748  75  74.79419117586166  3.182879522309321  0.009459468856782038
2.489480765407246  749  110  109.95986446211894  2.864106738796721  -0.023865098967247797
2.489480765407246  751  145  144.60941795820247  3.061915082983546  -0.01838344752094399
2.489480765407246  752  179  178.6712014049075  2.7399987258967826  -0.005384731065780847
2.489480765407246  753  212  212.02965627903896  2.9029291811814346  -0.023092731270582003
2.489480765407246  754  245  244.96041170818773  2.816310951385276  0.01296997155507391
2.489480765407246  754  277  277.16697558178356  2.797148615200854  -0.00917829679374724
2.489480765407246  755  309  308.93830104677903  2.8558028030764717  0.00509900512042422
2.489480765407246  756  340  340.08555676212444  2.617295458904323  -0.015726637220526855
2.489480765407246  756  371  370.68881965845304  2.765958284826638  -0.042182619670509
2.489480765407246  757  401  400.91787464026174  2.76342472933311  -0.005084594982300084
2.489480765407246  757  430  430.4901046467597  2.6284959424646672  -0.03670416637370015
2.489480765407246  757  460  459.6772132780884  2.7671435555226935  -0.012691171996847635
2.489480765407246  757  488  488.39288104695396  2.7409320846346645  -0.002441411322337089
2.489480765407246  757  517  516.573768999729  2.778319910846676  -0.018869474655068292
2.489480765407246  757  544  544.2799467929717  2.8219284750387033  -0.033100916481749725
2.489480765407246  757  572  571.6501135079936  2.872471160803798  -0.0037972096021359663
2.489480765407246  757  598  598.4975210170359  2.833422242466213  -0.02597193348480453
2.489480765407246  757  625  624.9618439737195  2.96533710592405  -0.025075796246125867
2.489480765407246  757  651  650.9614545276609  3.018081340389699  -0.02902146969931275
2.489480765407246  756  677  676.63015384021  3.051714226950139  -0.020945473824185035
2.489480765407246  756  702  701.9280184064168  3.0625971328731794  0.002552848440021057
2.489480765407246  755  727  726.7563837760155  3.080237563965511  -0.013186824680526486
2.489480765407246  755  751  751.2518582187272  3.1030231814493163  -0.011469831656752649
2.489480765407246  754  775  775.4377668541492  3.1618034759110287  -0.002225713284736452
2.489480765407246  754  799  799.2499926080523  3.1826058160950197  -0.0034885609829766497
2.489480765407246  753  823  822.7141507002784  3.0914764818541016  -0.026655320764754572
2.489480765407246  752  846  845.9251048398223  3.123108030677713  -0.006668581804190189
2.489480765407246  752  869  868.7440720548713  3.0944529633322873  -0.027069597959432277
2.489480765407246  751  891  891.3138795802887  3.0532976510328353  -0.009388553624831783
2.489480765407246  750  914  913.573503349849  2.959260028248309  -0.011349509581767614
2.489480765407246  749  936  935.5822511004674  2.9272781013792155  -0.005576221244767299
2.489480765407246  748  957  957.2907615759705  3.0592476510571487  0.004679944843473596
2.489480765407246  748  979  978.6782046766855  2.9566112885974007  -0.028724061227946445
2.489480765407246  747  1000  999.8862481275423  2.824046793326488  -0.007102911904474685
