# Band 1B   Etalon 1A   Slice 5
# Distortion map version 06.04.00 - date 2018-10-16
# Trace (isoalpha): Take pixel trace along specified slice, specified alpha position trace is built by taking the pixel in every detector row with alpha value closest to the one specified 
# xpos[i] = np.argmin(alpha_img[i,:])+funcs.find_nearest(alpha_img[i,:][(slice_img[i,:]!=0)],alpha_pos)
#    alpha       x  y      center         FWHM          skewness
0.0  306  11  11.0006452534  1.38833635039  0.0550799653732
0.0  306  20  19.8616477628  1.39547112067  0.0318733582406
0.0  306  29  28.7867472215  1.35621465384  -0.016246215315
0.0  307  38  37.8816279869  1.40210174908  0.0137743187912
0.0  307  47  46.9691058454  1.38997458676  0.091825590867
0.0  307  56  56.1125628925  1.40081002245  0.120851232087
0.0  307  65  65.2925847396  1.27640290642  0.161144621544
0.0  307  74  74.4734360398  1.14695949576  0.150241810686
0.0  307  84  83.6569990497  1.25095151184  -0.023861154289
0.0  307  93  93.0555061222  1.44457555919  0.0869625291797
0.0  307  102  102.452915141  1.14507016552  0.163059563785
0.0  308  112  111.869712147  1.52956342917  0.0222105239244
0.0  308  121  121.448952465  1.15571449528  0.172249427077
0.0  308  131  130.945280498  1.48918892833  0.0713235288137
0.0  308  141  140.532790885  1.19432066087  0.0418439851889
0.0  308  150  150.287991599  1.34433017105  0.202049453979
0.0  308  160  159.901608327  1.4939949288  0.0578043862244
0.0  308  170  169.639709093  1.32769423612  -0.00505937565134
0.0  308  180  179.51268793  1.23539083953  0.0364167097799
0.0  308  189  189.451113301  1.26444343931  0.127099969846
0.0  308  199  199.415436292  1.24005129583  0.162762760134
0.0  309  209  209.464674369  1.21296984289  0.131624952009
0.0  309  220  219.507009126  1.24703835422  0.0241934573922
0.0  309  230  229.60648265  1.37573854496  0.0100749539478
0.0  309  240  239.818545148  1.56308287845  0.0331715237257
0.0  309  250  250.163672333  1.54933477094  0.138439535862
0.0  309  260  260.475752662  1.19953854343  0.211318568748
0.0  309  271  270.780497571  1.54834421932  0.0102486047161
0.0  309  281  281.331848943  1.41570557956  0.173442546105
0.0  309  292  291.749887566  1.53210597476  0.0327964329441
0.0  309  302  302.429721452  1.30135676694  0.154074144874
0.0  309  313  313.052127741  1.62891042175  0.0921114594542
0.0  309  324  323.714181663  1.53922796626  0.0400022373647
0.0  309  335  334.527933659  1.30566431736  0.0073684510355
0.0  310  345  345.472169662  1.29844446064  0.129322380402
0.0  310  356  356.42198202  1.37012367856  0.181058420633
0.0  310  367  367.40352869  1.47240818152  0.119197256685
0.0  310  378  378.457417533  1.30661006553  0.140761456002
0.0  310  390  389.546889607  1.32884131169  0.0634280163143
0.0  310  401  400.736366294  1.60868675961  0.0301588125525
0.0  310  412  412.084117903  1.66101805472  0.139116346362
0.0  310  423  423.443464751  1.41010951665  0.149069031964
0.0  310  435  434.801600349  1.64640258248  0.0301557059861
0.0  310  446  446.398555462  1.43664946823  0.184876452798
0.0  310  458  457.925665572  1.73217742792  0.0411253038351
0.0  310  470  469.5683994  1.53686223228  0.016446045333
0.0  310  481  481.280891826  1.92453265723  -0.0582117143132
0.0  310  493  493.158683427  1.74220269517  0.0702418292559
0.0  310  505  505.025131394  1.75177450453  0.0545958841337
0.0  310  517  517.01363975  1.75107906008  0.100160440436
0.0  310  529  529.057932347  1.74976833991  0.0655376821509
0.0  310  541  541.210220264  1.68728725793  0.129496078972
0.0  310  553  553.429446664  1.51384004833  0.158733054742
0.0  310  566  565.655920081  1.61164025965  0.00173888112625
0.0  310  578  578.108039013  1.76792878886  0.0937210529366
0.0  310  591  590.540082168  1.52041326841  0.0297448307462
0.0  310  603  603.126580021  1.79316817203  0.060158401101
0.0  310  616  615.740939992  1.75993199151  0.00850997451185
0.0  310  628  628.487455271  1.59167475188  0.0498565369907
0.0  310  641  641.334566889  1.71093079888  0.0983300968885
0.0  310  654  654.26354368  1.74785796488  0.162570497683
0.0  310  667  667.235159218  1.75698373851  0.130202564062
0.0  310  680  680.32883452  1.67557424876  0.137326930911
0.0  310  693  693.487309579  1.40281751705  0.153307123597
0.0  310  707  706.730394765  1.76259131805  0.00989357122063
0.0  310  720  720.162424184  1.81632405223  0.0798475772395
0.0  309  734  733.573561662  1.70519872855  0.0315404441793
0.0  309  747  747.180719648  1.86258035701  0.0342271748497
0.0  309  761  760.802502464  1.83833152167  0.0142327827544
0.0  309  775  774.57071113  1.70942272746  0.0630826599296
0.0  309  788  788.466705662  1.70889823797  0.0757502009925
0.0  309  802  802.429604158  1.69855979482  0.120829463136
0.0  309  816  816.476487933  1.38831357487  0.177520467468
0.0  309  831  830.615020853  1.68355840636  0.0139054280242
0.0  309  845  844.924788999  1.84039949375  0.0506436621947
0.0  309  859  859.378151128  1.71189454631  0.135754720647
0.0  308  874  873.805020552  1.86733721079  -0.0223714507011
0.0  308  888  888.466582733  1.71364640533  0.0480863766329
0.0  308  903  903.220010946  1.87932752533  0.109077280559
0.0  308  918  918.001248614  1.91424116057  0.0087278949526
0.0  308  933  932.943143391  1.92387984548  0.0330667021285
0.0  308  948  948.01020872  1.89375581922  0.0834422105278
0.0  307  963  963.193046241  1.84707455149  0.0851763885079
0.0  307  978  978.489422448  1.70031715019  0.111604329939
0.0  307  994  993.897102395  1.88331707944  0.0791108243331
0.0  307  1009  1009.46253962  1.72424603369  0.0235791710258
-1.32955029966  299  10  10.4827654333  1.08718673984  0.170934773966
-1.32955029966  299  19  19.4134361927  1.0941975591  0.237005982587
-1.32955029966  300  28  28.4356112191  1.08950077586  0.219681119816
-1.32955029966  300  37  37.4319100099  1.10188254878  0.201346418377
-1.32955029966  300  46  46.4682486167  1.16502741632  0.144741353162
-1.32955029966  300  56  55.5376915493  1.20601255197  0.0356537214528
-1.32955029966  300  65  64.6626494167  1.27245827318  -0.00542735383133
-1.32955029966  300  74  73.9244918903  1.44791427704  0.0641498354247
-1.32955029966  300  83  83.2655348474  1.35853758625  0.137895291575
-1.32955029966  300  93  92.5225443616  1.18337859779  0.0463483040006
-1.32955029966  301  102  101.954796463  1.57263903606  0.0796782290157
-1.32955029966  301  111  111.451569382  1.18767726975  0.137219185445
-1.32955029966  301  121  120.908781566  1.47955634147  0.0890884406835
-1.32955029966  301  130  130.492002901  1.18348145673  0.140783753576
-1.32955029966  301  140  140.125625407  1.45806255644  0.148793130271
-1.32955029966  301  150  149.689732662  1.36541283274  0.0355420061584
-1.32955029966  301  159  159.468663836  1.21284671297  0.123550282855
-1.32955029966  301  169  169.295473193  1.36694944368  0.170454124671
-1.32955029966  301  179  179.094087512  1.51453404042  0.119897230576
-1.32955029966  301  189  188.962713729  1.55300943229  0.0498683810816
-1.32955029966  302  199  198.983233981  1.54161149494  0.0682440929736
-1.32955029966  302  209  209.015079991  1.54573890673  0.086133415236
-1.32955029966  302  219  219.114162002  1.54876405287  0.0842289366214
-1.32955029966  302  229  229.291758057  1.46693711328  0.192244501196
-1.32955029966  302  239  239.457566238  1.25202427658  0.149476678931
-1.32955029966  302  250  249.65822774  1.38450316949  0.0184287802673
-1.32955029966  302  260  260.060260701  1.5736127775  0.146110945097
-1.32955029966  302  270  270.466712337  1.22402792289  0.167489780112
-1.32955029966  302  281  280.852757733  1.54805456683  0.0462904070528
-1.32955029966  302  291  291.452559535  1.2591889411  0.20252017167
-1.32955029966  302  302  302.010590826  1.60996721121  0.0667579766016
-1.32955029966  302  313  312.612886158  1.3887123075  0.028576408483
-1.32955029966  303  323  323.461472857  1.25743335244  0.157318435029
-1.32955029966  303  334  334.271726626  1.53163983718  0.114381962001
-1.32955029966  303  345  345.104119458  1.64911006668  0.102797413691
-1.32955029966  303  356  356.032942595  1.6713760544  0.102539437304
-1.32955029966  303  367  367.019363624  1.6642453252  0.0655529962751
-1.32955029966  303  378  378.135781849  1.64755495874  0.137267625565
-1.32955029966  303  389  389.285367207  1.59083276329  0.163173753703
-1.32955029966  303  400  400.470538718  1.29738016061  0.144640765846
-1.32955029966  303  412  411.692563104  1.55883308507  0.0302203110088
-1.32955029966  303  423  423.116001102  1.66991644997  0.121653534384
-1.32955029966  303  435  434.51961775  1.31080696263  0.062225860076
-1.32955029966  303  446  446.077065136  1.68108920344  0.135222792073
-1.32955029966  303  458  457.5968782  1.54604460821  -0.0201086181901
-1.32955029966  303  469  469.334313869  1.59583218249  0.0944122572688
-1.32955029966  303  481  481.043774802  1.73602662834  0.0891316664172
-1.32955029966  303  493  492.822512258  1.69488557214  -0.00887940813354
-1.32955029966  303  505  504.727561777  1.65365223148  0.0101404492896
-1.32955029966  303  517  516.711375139  1.67136977144  0.0410703301336
-1.32955029966  303  529  528.750093222  1.68173870355  0.000111308948508
-1.32955029966  303  541  540.907331688  1.72056708727  0.0538219332274
-1.32955029966  303  553  553.176019444  1.72143953489  0.128547300288
-1.32955029966  303  565  565.466511291  1.47690553865  0.103640981635
-1.32955029966  303  578  577.826970689  1.71773638846  0.0306892164756
-1.32955029966  303  590  590.381978211  1.62028061704  0.115863910113
-1.32955029966  303  603  602.878531071  1.78060208355  -0.00494084063418
-1.32955029966  303  616  615.534434714  1.64361525638  0.0198964229203
-1.32955029966  303  628  628.320443392  1.72014996508  0.0959367270078
-1.32955029966  303  641  641.109986914  1.81378011754  0.0581639785746
-1.32955029966  303  654  654.043417747  1.8257303649  0.10080510966
-1.32955029966  303  667  667.014574134  1.80512607143  0.0642074765083
-1.32955029966  303  680  680.137803557  1.78104368989  0.108095717648
-1.32955029966  303  693  693.349972046  1.635739208  0.174354990943
-1.32955029966  303  707  706.569348361  1.67377871394  0.00915171131802
-1.32955029966  303  720  719.987641194  1.83893779122  0.0427209147073
-1.32955029966  303  733  733.489180452  1.60604265996  0.110167188348
-1.32955029966  303  747  747.023796733  1.8852023652  -0.0182132225346
-1.32955029966  302  761  760.668591327  1.79336009623  0.00488065243772
-1.32955029966  302  774  774.47615623  1.61300778966  0.11392026462
-1.32955029966  302  788  788.357748748  1.76370808378  0.075970819738
-1.32955029966  302  802  802.323914783  1.74224582911  0.111893703245
-1.32955029966  302  816  816.410076387  1.60225979721  0.184637675108
-1.32955029966  302  831  830.532290432  1.58233505385  -0.0557776410841
-1.32955029966  302  845  844.815563233  1.82560330897  0.0157966717826
-1.32955029966  302  859  859.30643273  1.73912540384  0.15463932393
-1.32955029966  302  874  873.73090208  1.84336513816  -0.0427131282106
-1.32955029966  301  888  888.411815766  1.73274577686  0.0555787248983
-1.32955029966  301  903  903.147130929  1.90241842736  0.0912608848394
-1.32955029966  301  918  917.94276082  1.92850315971  -0.0139807203495
-1.32955029966  301  933  932.894450746  1.89978417626  0.0230938644466
-1.32955029966  301  948  947.979957774  1.89787006845  0.0672165189158
-1.32955029966  301  963  963.166817683  1.85164009864  0.0526688886465
-1.32955029966  300  978  978.46361968  1.71173222791  0.0874383259441
-1.32955029966  300  994  993.900873435  1.86945779507  0.0890037721984
-1.32955029966  300  1009  1009.47044072  1.69995226705  0.0419684646196
-1.13903829966  300  11  10.5220628301  1.1597911629  0.0640785914663
-1.13903829966  300  19  19.4626866201  1.09790879618  0.187956461676
-1.13903829966  301  28  28.4859805206  1.14737429619  0.229918862238
-1.13903829966  301  37  37.4786394594  1.17458812662  0.137329983047
-1.13903829966  301  47  46.5085289125  1.19466689884  0.063330192195
-1.13903829966  301  56  55.5859636262  1.21339752131  0.00440844819053
-1.13903829966  301  65  64.7252096709  1.28821694365  -0.00270568210716
-1.13903829966  301  74  74.0099667138  1.45796734587  0.0905494490323
-1.13903829966  301  83  83.3341448691  1.2240862119  0.162223816455
-1.13903829966  301  93  92.5720642919  1.18845812074  0.0168889724781
-1.13903829966  301  102  102.048361142  1.56802034325  0.112220692862
-1.13903829966  302  111  111.506406957  1.17724094001  0.135393613469
-1.13903829966  302  121  120.995036085  1.48693019569  0.113075967316
-1.13903829966  302  131  130.5270374  1.19578735171  0.0598169135197
-1.13903829966  302  140  140.211444233  1.39836005148  0.172452620122
-1.13903829966  302  150  149.759885486  1.40883964983  0.0461973104088
-1.13903829966  302  160  159.515058251  1.24096143579  0.0505487104993
-1.13903829966  302  169  169.361043231  1.29586835368  0.170631154099
-1.13903829966  302  179  179.191161352  1.47076941647  0.145928991967
-1.13903829966  302  189  189.046599549  1.53868150922  0.0650791657194
-1.13903829966  303  199  199.065707112  1.52073205285  0.107402167949
-1.13903829966  303  209  209.086948385  1.53625542968  0.095824665981
-1.13903829966  303  219  219.180104421  1.52652383871  0.111463900753
-1.13903829966  303  229  229.345767309  1.39965731859  0.197184386266
-1.13903829966  303  239  239.494027106  1.2165724989  0.128035629489
-1.13903829966  303  250  249.713579689  1.44316718739  0.020920667965
-1.13903829966  303  260  260.135134283  1.56224773496  0.179249306998
-1.13903829966  303  270  270.495519863  1.21328544893  0.146891356811
-1.13903829966  303  281  280.933677977  1.57563193417  0.077173264559
-1.13903829966  303  291  291.483490521  1.22323998202  0.200657188057
-1.13903829966  303  302  302.065251243  1.60727930187  0.0711405377252
-1.13903829966  303  313  312.65629049  1.44544673778  0.0125989860869
-1.13903829966  304  323  323.500228436  1.25668997904  0.146225818946
-1.13903829966  304  334  334.322884155  1.49704229833  0.118345680668
-1.13903829966  304  345  345.175885419  1.62174963823  0.107749045431
-1.13903829966  304  356  356.11283437  1.64069149048  0.134893049826
-1.13903829966  304  367  367.087325544  1.65189756831  0.0807593978855
-1.13903829966  304  378  378.193968283  1.61470894754  0.159655855616
-1.13903829966  304  389  389.32882826  1.55043142543  0.17727891748
-1.13903829966  304  400  400.506775836  1.29057957426  0.130331993817
-1.13903829966  304  412  411.750692619  1.60882998504  0.0464815741199
-1.13903829966  304  423  423.170932296  1.64668927811  0.120384423308
-1.13903829966  304  435  434.54115481  1.33823512197  0.0317388857519
-1.13903829966  304  446  446.1314536  1.66415907658  0.154587054054
-1.13903829966  304  458  457.647697802  1.59517203369  -0.00660283842441
-1.13903829966  304  469  469.375707394  1.55187122029  0.118567674119
-1.13903829966  304  481  481.109296637  1.71142783173  0.121838273281
-1.13903829966  304  493  492.866369302  1.71207943913  -0.00559200563429
-1.13903829966  304  505  504.762242345  1.68230961047  0.00209697705631
-1.13903829966  304  517  516.749699224  1.69958358558  0.0519275646627
-1.13903829966  304  529  528.798336301  1.70160109266  0.0269212327851
-1.13903829966  304  541  540.946027494  1.73447077853  0.0640619479739
-1.13903829966  304  553  553.228490203  1.69624127048  0.156116024386
-1.13903829966  304  565  565.493902606  1.39290870606  0.0757304611176
-1.13903829966  304  578  577.85890171  1.75308142378  0.0299820780699
-1.13903829966  304  590  590.401928661  1.57643890227  0.11055888914
-1.13903829966  304  603  602.910452252  1.78784059336  0.00516103627969
-1.13903829966  304  616  615.57376631  1.64870303197  0.0363322287469
-1.13903829966  304  628  628.347307041  1.72197961865  0.0927753826249
-1.13903829966  304  641  641.154985171  1.8000668469  0.0658654466105
-1.13903829966  304  654  654.073143579  1.78252107939  0.109124855875
-1.13903829966  304  667  667.049367927  1.8105952065  0.0783191657485
-1.13903829966  304  680  680.164747384  1.78611669431  0.11578388474
-1.13903829966  304  693  693.384697542  1.61907472963  0.192652087413
-1.13903829966  304  707  706.593003558  1.69534088472  -0.00547065450871
-1.13903829966  304  720  720.005081817  1.83774604885  0.042658108324
-1.13903829966  304  733  733.500900837  1.55718568997  0.109261744089
-1.13903829966  304  747  747.069128342  1.87011040955  0.0264376666505
-1.13903829966  303  761  760.685262095  1.82151074438  0.000376518506828
-1.13903829966  303  774  774.488248273  1.66289779571  0.0967353502905
-1.13903829966  303  788  788.366190373  1.7714375334  0.0570532525306
-1.13903829966  303  802  802.33631284  1.77454225496  0.0994607573415
-1.13903829966  303  816  816.416936938  1.6162122819  0.179998787704
-1.13903829966  303  831  830.550055287  1.66133856636  0.0205253326785
-1.13903829966  303  845  844.83272406  1.82860128114  0.0229984954436
-1.13903829966  303  859  859.311528422  1.80073368728  0.131780099133
-1.13903829966  303  874  873.754319035  1.84602984586  -0.0383093616384
-1.13903829966  302  888  888.417136657  1.76812303446  0.0578221831835
-1.13903829966  302  903  903.145598344  1.87600309365  0.0784336818833
-1.13903829966  302  918  917.950590745  1.91564738786  -0.00578994093479
-1.13903829966  302  933  932.891571385  1.89824378244  0.0102978877189
-1.13903829966  302  948  947.98322347  1.90989906021  0.079297256424
-1.13903829966  302  963  963.154722974  1.88945528505  0.0479400800964
-1.13903829966  301  978  978.47279419  1.69153119516  0.0885992791436
-1.13903829966  301  994  993.891981282  1.90418809031  0.0727782054566
-1.13903829966  301  1009  1009.46866081  1.69191346873  0.0419178124315
-0.948526299665  301  11  10.5730956234  1.13546351884  0.0277918980951
-0.948526299665  301  20  19.5080208512  1.18165316147  0.0901083543522
-0.948526299665  301  28  28.5078042266  1.15692936194  0.132221412729
-0.948526299665  302  38  37.5228364319  1.18595161269  0.0405454350062
-0.948526299665  302  47  46.5695276716  1.18393077206  0.0536830056931
-0.948526299665  302  56  55.6530562759  1.23425292083  0.00730259230043
-0.948526299665  302  65  64.822726536  1.37869160524  0.00169653009118
-0.948526299665  302  74  74.1133353386  1.43670722535  0.145365953136
-0.948526299665  302  83  83.4055409022  1.21186567406  0.176803317652
-0.948526299665  302  93  92.617824645  1.25289687751  -0.00149609551634
-0.948526299665  302  102  102.101981797  1.42534498524  0.132026397161
-0.948526299665  303  112  111.54816242  1.19547398569  0.038735808219
-0.948526299665  303  121  121.098262693  1.45950513378  0.143853742905
-0.948526299665  303  131  130.575595208  1.211282756  0.0524783614719
-0.948526299665  303  140  140.281208373  1.3496581975  0.186148676808
-0.948526299665  303  150  149.844054547  1.4786242876  0.0535869318265
-0.948526299665  303  160  159.559746703  1.25455188741  0.043084262957
-0.948526299665  303  169  169.405820601  1.25254078904  0.164032681723
-0.948526299665  303  179  179.251798905  1.41537709236  0.159457981407
-0.948526299665  303  189  189.117365073  1.53087568453  0.0823697436589
-0.948526299665  304  199  199.155607185  1.50488064944  0.137593579888
-0.948526299665  304  209  209.173331655  1.49036156602  0.13116720028
-0.948526299665  304  219  219.2629241  1.44872716513  0.146766902268
-0.948526299665  304  229  229.407137908  1.29907150352  0.195598977617
-0.948526299665  304  240  239.5349627  1.26821677208  0.0651584736473
-0.948526299665  304  250  249.78351232  1.50755971609  0.0374911710725
-0.948526299665  304  260  260.215591127  1.49709459973  0.219253548429
-0.948526299665  304  271  270.526011223  1.2763615297  0.0664699061647
-0.948526299665  304  281  280.99033502  1.60084388832  0.0898433790099
-0.948526299665  304  292  291.52124391  1.28715715255  0.107938851813
-0.948526299665  304  302  302.138570347  1.57575829045  0.103921633107
-0.948526299665  304  313  312.716178172  1.50920738768  0.0091107407787
-0.948526299665  304  323  323.501558872  1.26957951298  0.110141652702
-0.948526299665  305  334  334.376027873  1.41746498018  0.12798076047
-0.948526299665  305  345  345.237630579  1.56160640499  0.154897530268
-0.948526299665  305  356  356.154945276  1.6365253432  0.134346893452
-0.948526299665  305  367  367.152853431  1.64224958754  0.104064386341
-0.948526299665  305  378  378.247622044  1.57684564932  0.169512163197
-0.948526299665  305  389  389.37830188  1.50393019238  0.167548331547
-0.948526299665  305  401  400.527876608  1.29443139152  0.0780710736733
-0.948526299665  305  412  411.795773484  1.64967355195  0.0583548793393
-0.948526299665  305  423  423.219344721  1.61433525244  0.128173137304
-0.948526299665  305  435  434.583528493  1.39324981849  0.0409533326126
-0.948526299665  305  446  446.188829237  1.61760451005  0.160030160502
-0.948526299665  305  458  457.699318981  1.74045799626  -0.0271285973649
-0.948526299665  305  469  469.40615409  1.53238035138  0.107473386312
-0.948526299665  305  481  481.149352256  1.70093059637  0.118997619174
-0.948526299665  305  493  492.92648195  1.73935744063  0.0100861546489
-0.948526299665  305  505  504.804291306  1.69177615672  0.0153293939742
-0.948526299665  305  517  516.789720259  1.73431162621  0.0371140135693
-0.948526299665  305  529  528.828753168  1.72309578324  0.0220828552051
-0.948526299665  305  541  540.995018024  1.73887439616  0.0711972222502
-0.948526299665  305  553  553.262540145  1.65397437896  0.154935501501
-0.948526299665  305  566  565.514310835  1.40889567953  0.042244108472
-0.948526299665  305  578  577.908332514  1.75410233158  0.0600244521064
-0.948526299665  305  590  590.430612884  1.5845643262  0.116795449855
-0.948526299665  305  603  602.925160356  1.7875280939  -0.00545491890258
-0.948526299665  305  616  615.583876046  1.64234457029  0.0211573774278
-0.948526299665  305  628  628.388337717  1.69418546953  0.109926568097
-0.948526299665  305  641  641.190731443  1.77877512059  0.0839460712917
-0.948526299665  305  654  654.088485989  1.81325303026  0.101120697169
-0.948526299665  305  667  667.07229643  1.82355416131  0.0815027509747
-0.948526299665  305  680  680.192740527  1.75898047115  0.111914246238
-0.948526299665  305  693  693.385078323  1.62779029858  0.171945001008
-0.948526299665  305  707  706.609907105  1.63591335239  0.0121864585027
-0.948526299665  305  720  720.028191502  1.85919635969  0.0567252199298
-0.948526299665  305  734  733.513836542  1.62362653595  0.0823537492997
-0.948526299665  305  747  747.077246876  1.87166707564  0.0134522917767
-0.948526299665  304  761  760.691499787  1.78415584083  -0.00853129235996
-0.948526299665  304  774  774.500302858  1.65857936654  0.0870326608957
-0.948526299665  304  788  788.379186199  1.78341099999  0.0631855545144
-0.948526299665  304  802  802.354703559  1.75240538611  0.118655953189
-0.948526299665  304  816  816.421552172  1.55889311563  0.188962852049
-0.948526299665  304  831  830.548069226  1.63642950767  -0.0080400013203
-0.948526299665  304  845  844.874016299  1.84675776651  0.0404330411403
-0.948526299665  304  859  859.332579216  1.77487460883  0.151131788551
-0.948526299665  304  874  873.767359227  1.8563428681  -0.0228316208369
-0.948526299665  303  888  888.437739077  1.78572008865  0.065806189469
-0.948526299665  303  903  903.173043486  1.88193141833  0.0955174055058
-0.948526299665  303  918  917.952737613  1.92293963957  -0.0160315380547
-0.948526299665  303  933  932.893651351  1.87689919105  0.017378351407
-0.948526299665  303  948  948.001005328  1.91661469761  0.0856845445304
-0.948526299665  303  963  963.160044798  1.87927368419  0.0396839906626
-0.948526299665  302  978  978.472679343  1.68622850967  0.0766360070311
-0.948526299665  302  994  993.907276083  1.87247172535  0.0940464957152
-0.948526299665  302  1009  1009.45863843  1.71695853387  0.0423468616156
-0.758014299665  302  11  10.6245893607  1.1766216723  -0.0185943679515
-0.758014299665  302  20  19.5573919336  1.167253968  0.0450296121413
-0.758014299665  302  29  28.5247049192  1.19558947951  0.0311279268558
-0.758014299665  303  38  37.5743240454  1.19605627715  0.0221527760364
-0.758014299665  303  47  46.6239249018  1.21864197856  0.0298137677852
-0.758014299665  303  56  55.7229768877  1.30302909105  0.0104945029029
-0.758014299665  303  65  64.9152415562  1.42465455085  0.0347891559392
-0.758014299665  303  74  74.2296388188  1.33203476476  0.217245209567
-0.758014299665  303  83  83.4540061722  1.18963955566  0.132522728771
-0.758014299665  303  93  92.6965807948  1.30872716499  0.00747744877229
-0.758014299665  303  102  102.187236408  1.42342768084  0.149914574184
-0.758014299665  304  112  111.604935044  1.24086077245  0.0159084878687
-0.758014299665  304  121  121.180494819  1.41869165652  0.178304703071
-0.758014299665  304  131  130.627168034  1.27043094825  0.037573547804
-0.758014299665  304  140  140.358805497  1.2534369179  0.205143161576
-0.758014299665  304  150  149.941685974  1.4935750905  0.103071580209
-0.758014299665  304  160  159.610710923  1.30702416144  0.00565196848988
-0.758014299665  304  169  169.458322217  1.22112900115  0.14929674656
-0.758014299665  304  179  179.33549639  1.33512853373  0.195265270154
-0.758014299665  304  189  189.202384879  1.48423491366  0.121216892236
-0.758014299665  305  199  199.232221647  1.44857504154  0.170487058326
-0.758014299665  305  209  209.241701066  1.48080730834  0.153994541131
-0.758014299665  305  219  219.329159159  1.40634138879  0.1557900225
-0.758014299665  305  229  229.450737874  1.19780606017  0.184891778352
-0.758014299665  305  240  239.574889376  1.30158766719  0.032202063734
-0.758014299665  305  250  249.841564329  1.57247732237  0.0350137729444
-0.758014299665  305  260  260.28307865  1.4343045222  0.24641697346
-0.758014299665  305  271  270.569121523  1.27303977138  0.0593634119812
-0.758014299665  305  281  281.061020106  1.57649398726  0.0983648477346
-0.758014299665  305  292  291.550949333  1.29122697138  0.0928484868779
-0.758014299665  305  302  302.20835569  1.54171857837  0.126139302122
-0.758014299665  305  313  312.775569762  1.55163972385  0.0159633921396
-0.758014299665  305  324  323.520251934  1.29634216053  0.0627561601449
-0.758014299665  306  334  334.42948485  1.367677464  0.145209086951
-0.758014299665  306  345  345.295181258  1.53956434203  0.159868337902
-0.758014299665  306  356  356.223526279  1.6044723792  0.149241603227
-0.758014299665  306  367  367.214238516  1.59860326633  0.122519360369
-0.758014299665  306  378  378.29857645  1.52346762956  0.1949239865
-0.758014299665  306  389  389.417545411  1.40447040749  0.165851314057
-0.758014299665  306  401  400.552335217  1.31589143848  0.0451345579784
-0.758014299665  306  412  411.867440014  1.66940826775  0.0805255927485
-0.758014299665  306  423  423.281623507  1.5630078554  0.162501672417
-0.758014299665  306  435  434.617355123  1.45683284209  0.0286695583528
-0.758014299665  306  446  446.23616291  1.5762619616  0.170561035271
-0.758014299665  306  458  457.723754068  1.61905721073  -0.0277570665929
-0.758014299665  306  469  469.450181976  1.48024170073  0.11235136232
-0.758014299665  306  481  481.201648263  1.67621643528  0.128290202888
-0.758014299665  306  493  492.965353401  1.75968706241  0.0227990494179
-0.758014299665  306  505  504.847881473  1.71025073126  0.0200137897396
-0.758014299665  306  517  516.821832568  1.72996970415  0.0547289380678
-0.758014299665  306  529  528.876869761  1.70948144605  0.0417258582302
-0.758014299665  306  541  541.053987853  1.73466191327  0.10635038241
-0.758014299665  306  553  553.297325372  1.65286616473  0.163327388085
-0.758014299665  306  566  565.54076497  1.41628334114  0.034482630172
-0.758014299665  306  578  577.95875895  1.75972791423  0.0694022458806
-0.758014299665  306  590  590.450526629  1.45800409494  0.121348832873
-0.758014299665  306  603  602.984106529  1.78943992684  0.0174252216237
-0.758014299665  306  616  615.622861506  1.69813939799  0.0211992135916
-0.758014299665  306  628  628.412488262  1.64583405355  0.111241913315
-0.758014299665  306  641  641.242075989  1.78071318515  0.114885647158
-0.758014299665  306  654  654.128590117  1.77943943974  0.125196008645
-0.758014299665  306  667  667.122952705  1.80870412805  0.0985995846894
-0.758014299665  306  680  680.234297222  1.74369642038  0.124128865796
-0.758014299665  306  693  693.418593962  1.56947310387  0.173935953601
-0.758014299665  306  707  706.639696776  1.69698688974  0.00943579061153
-0.758014299665  306  720  720.063315196  1.81369252365  0.0646113722159
-0.758014299665  306  734  733.522422123  1.65852078972  0.0459685858362
-0.758014299665  305  747  747.08505502  1.87968777312  0.0247353521834
-0.758014299665  305  761  760.715074244  1.80427902563  -0.00941955207743
-0.758014299665  305  775  774.51995695  1.67683541367  0.0705939485855
-0.758014299665  305  788  788.410939337  1.75394691809  0.0859259911542
-0.758014299665  305  802  802.370271289  1.70790466312  0.129971943346
-0.758014299665  305  816  816.44990929  1.52149980944  0.2102121857
-0.758014299665  305  831  830.569230129  1.60643522535  0.00363579755797
-0.758014299665  305  845  844.869796718  1.85485985524  0.0350636556666
-0.758014299665  305  859  859.332368216  1.71738164927  0.14418139186
-0.758014299665  305  874  873.773399696  1.86467740945  -0.0311851507957
-0.758014299665  304  888  888.440713495  1.7100073444  0.0637011672048
-0.758014299665  304  903  903.176106843  1.86421926805  0.103290215502
-0.758014299665  304  918  917.964038231  1.90169224627  0.00123490622478
-0.758014299665  304  933  932.91013772  1.90446462965  0.0217435228612
-0.758014299665  304  948  947.989459951  1.89072105436  0.0824893030777
-0.758014299665  304  963  963.192434422  1.87031457965  0.0759961191329
-0.758014299665  303  978  978.475040045  1.68110239869  0.0896069547624
-0.758014299665  303  994  993.903897367  1.87624676603  0.0960056532528
-0.758014299665  303  1009  1009.46782536  1.73662463025  0.0419842028209
-0.567502299665  303  11  10.6912815533  1.2337100441  -0.0232659071041
-0.567502299665  303  20  19.6098794902  1.1809488852  0.0393774621608
-0.567502299665  303  29  28.5803635155  1.15407300386  0.0310597144204
-0.567502299665  304  38  37.6454510129  1.25533088629  0.019107053561
-0.567502299665  304  47  46.6832983895  1.26461615465  0.0291209748129
-0.567502299665  304  56  55.8010425626  1.35137661378  0.00573422090853
-0.567502299665  304  65  65.0106284746  1.4236068188  0.0620726652942
-0.567502299665  304  74  74.3213860107  1.18799019834  0.236602375691
-0.567502299665  304  83  83.5018634537  1.18215766026  0.10550416065
-0.567502299665  304  93  92.7700929299  1.3974298476  -0.00554787361812
-0.567502299665  304  102  102.281226464  1.30747242355  0.199083428727
-0.567502299665  305  112  111.66113431  1.34999935686  0.00391989285187
-0.567502299665  305  121  121.265004157  1.34689276943  0.20331501478
-0.567502299665  305  131  130.713035846  1.40871768343  0.0410172916208
-0.567502299665  305  140  140.410448497  1.1916112825  0.21017192217
-0.567502299665  305  150  150.025719204  1.49314911429  0.110936313627
-0.567502299665  305  160  159.672955493  1.34773115316  0.0186906447454
-0.567502299665  305  169  169.498541992  1.2215257626  0.103501599495
-0.567502299665  305  179  179.380717519  1.27294061849  0.185594139423
-0.567502299665  305  189  189.27500596  1.42868309596  0.133986208964
-0.567502299665  306  199  199.283901396  1.52464041151  0.164996976461
-0.567502299665  306  209  209.311948275  1.41072148129  0.166514779399
-0.567502299665  306  219  219.389823786  1.34124332829  0.143947315636
-0.567502299665  306  229  229.480595633  1.1811825217  0.154580689941
-0.567502299665  306  240  239.626457141  1.39023349268  0.00941105803604
-0.567502299665  306  250  249.928428023  1.56290800459  0.0686271343024
-0.567502299665  306  260  260.338744487  1.36752653488  0.238216030613
-0.567502299665  306  271  270.608477355  1.33027839111  0.0267078051467
-0.567502299665  306  281  281.146121267  1.57494279094  0.139490868811
-0.567502299665  306  292  291.593567954  1.3460251404  0.0507661490995
-0.567502299665  306  302  302.280736352  1.47212844312  0.146460625691
-0.567502299665  306  313  312.848023438  1.60023896287  0.043780445125
-0.567502299665  306  324  323.566018836  1.32399021112  0.0598763274475
-0.567502299665  307  334  334.466710597  1.25655692591  0.121572947176
-0.567502299665  307  345  345.337148246  1.5074704771  0.139096209245
-0.567502299665  307  356  356.272794991  1.54087754612  0.177337985714
-0.567502299665  307  367  367.267656331  1.58492296135  0.125824837562
-0.567502299665  307  378  378.350106533  1.48088967968  0.198453020721
-0.567502299665  307  389  389.446020675  1.35522771585  0.14783804846
-0.567502299665  307  401  400.586718264  1.40108710851  0.0322841944122
-0.567502299665  307  412  411.91738864  1.67341678085  0.105406463039
-0.567502299665  307  423  423.324720241  1.52073081374  0.168542900464
-0.567502299665  307  435  434.656391869  1.53850197831  0.0122701990745
-0.567502299665  307  446  446.275692961  1.54467292435  0.166403389836
-0.567502299665  307  458  457.772848321  1.64900824564  0.00757641336709
-0.567502299665  307  469  469.472535951  1.4158564657  0.0802897925141
-0.567502299665  307  481  481.24524096  1.63930115977  0.154304649361
-0.567502299665  307  493  493.004162679  1.75104779403  0.0284215204504
-0.567502299665  307  505  504.893767625  1.70791231049  0.03426843301
-0.567502299665  307  517  516.884192364  1.73613186914  0.0718760769073
-0.567502299665  307  529  528.915262667  1.70997314113  0.0444888950413
-0.567502299665  307  541  541.097166472  1.72545366352  0.11237634561
-0.567502299665  307  553  553.343277401  1.61371783643  0.177839329759
-0.567502299665  307  566  565.559824974  1.50561447732  0.0180105800022
-0.567502299665  307  578  577.975034274  1.76832243372  0.0619881252268
-0.567502299665  307  590  590.48104531  1.43909397018  0.104447264908
-0.567502299665  307  603  603.013568962  1.78647181512  0.0201401052389
-0.567502299665  307  616  615.648527568  1.72567785633  0.0147494931996
-0.567502299665  307  628  628.431242248  1.60602141385  0.0999210427513
-0.567502299665  307  641  641.246673876  1.76646208598  0.0827684928197
-0.567502299665  307  654  654.181067191  1.74778723356  0.140386365234
-0.567502299665  307  667  667.140873791  1.80191985681  0.108104793899
-0.567502299665  307  680  680.254556844  1.74082031745  0.133358840564
-0.567502299665  307  693  693.437238446  1.51023905401  0.180462417807
-0.567502299665  307  707  706.656985056  1.74186563498  0.00432600675434
-0.567502299665  307  720  720.094900778  1.8155616548  0.0703119141983
-0.567502299665  307  734  733.541181628  1.72211955382  0.0468100583736
-0.567502299665  306  747  747.104836977  1.88764377071  0.019466581183
-0.567502299665  306  761  760.731032791  1.81053488572  -0.0040127206137
-0.567502299665  306  775  774.52176845  1.71612879489  0.0404858231139
-0.567502299665  306  788  788.420938322  1.73823060766  0.0773817582416
-0.567502299665  306  802  802.380436414  1.67702204297  0.121611411804
-0.567502299665  306  816  816.4591717  1.49398427408  0.206525155073
-0.567502299665  306  831  830.584998936  1.65180894431  0.00631132993377
-0.567502299665  306  845  844.883021345  1.86300018567  0.0374689760796
-0.567502299665  306  859  859.344014875  1.73006429683  0.147893925133
-0.567502299665  305  874  873.785459276  1.86022777783  -0.0243622292483
-0.567502299665  305  888  888.44017564  1.73751829992  0.059400643167
-0.567502299665  305  903  903.189964333  1.87743295592  0.1030684172
-0.567502299665  305  918  917.970332985  1.89939855612  -0.0066116762658
-0.567502299665  305  933  932.912858171  1.89400402544  0.0254818173859
-0.567502299665  305  948  947.992535326  1.89940556272  0.0839463430434
-0.567502299665  305  963  963.190724065  1.85624230467  0.0646877062447
-0.567502299665  304  978  978.473950589  1.67139862823  0.091079586852
-0.567502299665  304  994  993.894298916  1.87807911115  0.0828952426316
-0.567502299665  304  1009  1009.47465559  1.70246498425  0.0459429958748
-0.376990299665  304  11  10.790342394  1.33294847028  -0.0224683899547
-0.376990299665  304  20  19.6851251782  1.25099747452  0.017680911703
-0.376990299665  304  29  28.63726383  1.22839676484  0.0176718309522
-0.376990299665  305  38  37.7025540448  1.31897043775  -0.0061880759881
-0.376990299665  305  47  46.773217931  1.32211179581  0.0293041168582
-0.376990299665  305  56  55.8982201417  1.4158768614  0.0519321552709
-0.376990299665  305  65  65.1112687845  1.41109940589  0.0940595152318
-0.376990299665  305  74  74.3654833459  1.18784685102  0.182647488622
-0.376990299665  305  84  83.5463779449  1.18756983017  0.00836751008984
-0.376990299665  305  93  92.8618787484  1.44854691321  0.0291776460247
-0.376990299665  305  102  102.347925501  1.23664129515  0.218500676099
-0.376990299665  306  112  111.737752123  1.40409863931  0.0204918048932
-0.376990299665  306  121  121.341951916  1.2690848162  0.212991118294
-0.376990299665  306  131  130.787269394  1.43720727094  0.0528171664722
-0.376990299665  306  140  140.45180124  1.16889706956  0.160531766771
-0.376990299665  306  150  150.124035438  1.45571859623  0.163631803738
-0.376990299665  306  160  159.736968954  1.40564306031  0.0129990973601
-0.376990299665  306  170  169.541049915  1.24260527496  0.0327081066205
-0.376990299665  306  179  179.435650155  1.22204237686  0.162425575517
-0.376990299665  306  189  189.343763822  1.387143869  0.149304867219
-0.376990299665  306  199  199.324080924  1.43219646246  0.165877623429
-0.376990299665  307  209  209.365053465  1.33000349638  0.154256799366
-0.376990299665  307  219  219.433375491  1.27379498435  0.140326397712
-0.376990299665  307  230  229.518251194  1.24672246211  0.0517734525865
-0.376990299665  307  240  239.681963494  1.46130892164  0.0155395560625
-0.376990299665  307  250  249.994669585  1.58662018649  0.0654898967375
-0.376990299665  307  260  260.388593719  1.33332219843  0.237018035014
-0.376990299665  307  271  270.6583127  1.41738162128  0.024701414269
-0.376990299665  307  281  281.218060306  1.50694428148  0.165419160146
-0.376990299665  307  292  291.638121825  1.41444336719  0.0444798432813
-0.376990299665  307  302  302.32442541  1.45360706382  0.146552471506
-0.376990299665  307  313  312.90852118  1.61748257667  0.0689570017889
-0.376990299665  307  324  323.604882411  1.4146970296  0.0383244114751
-0.376990299665  308  334  334.492057679  1.28427131876  0.0882670737233
-0.376990299665  308  345  345.384433633  1.44148190485  0.139935227985
-0.376990299665  308  356  356.318825844  1.50388490547  0.159899678337
-0.376990299665  308  367  367.314048699  1.55172376685  0.137214890254
-0.376990299665  308  378  378.396591182  1.40490878253  0.189697134456
-0.376990299665  308  389  389.48823566  1.33679664886  0.143706340705
-0.376990299665  308  401  400.634393281  1.46712862533  0.0262902011068
-0.376990299665  308  412  411.975908243  1.65668790936  0.125130454028
-0.376990299665  308  423  423.36709335  1.52579724286  0.174636222777
-0.376990299665  308  435  434.705042751  1.57330742345  0.0189481773812
-0.376990299665  308  446  446.320431366  1.53713837759  0.179356528593
-0.376990299665  308  458  457.825941304  1.68686586049  0.0291461553758
-0.376990299665  308  469  469.504736999  1.38572214924  0.0766254306478
-0.376990299665  308  481  481.292530496  1.61741354429  0.154062265889
-0.376990299665  308  493  493.057194431  1.7665107764  0.0484824337821
-0.376990299665  308  505  504.942930962  1.74906024989  0.034235635828
-0.376990299665  308  517  516.914872218  1.75874789839  0.0733979706111
-0.376990299665  308  529  528.961326529  1.73802278859  0.0491605910097
-0.376990299665  308  541  541.146601204  1.72309124131  0.136338670961
-0.376990299665  308  553  553.372879701  1.5584408496  0.173310181636
-0.376990299665  308  566  565.596264406  1.59210397161  0.0150338931661
-0.376990299665  308  578  578.029088286  1.78413772368  0.077916321702
-0.376990299665  308  590  590.503812513  1.34182524072  0.107723709375
-0.376990299665  308  603  603.059853501  1.80081287701  0.0396843040007
-0.376990299665  308  616  615.674306471  1.74331644158  0.00174751445534
-0.376990299665  308  628  628.451101903  1.5524442271  0.0926344202994
-0.376990299665  308  641  641.283952048  1.73614174522  0.102015430998
-0.376990299665  308  654  654.200903555  1.75827789167  0.139248920281
-0.376990299665  308  667  667.192600533  1.79438967156  0.118040226003
-0.376990299665  308  680  680.288090599  1.7036876261  0.147570033053
-0.376990299665  308  693  693.471886926  1.52047276948  0.174080837413
-0.376990299665  308  707  706.683220872  1.75905962341  0.0107830349077
-0.376990299665  308  720  720.117645638  1.84327269742  0.0823328486844
-0.376990299665  308  734  733.554403516  1.67691185018  0.0465588381349
-0.376990299665  307  747  747.13176532  1.8696804896  0.0207972036565
-0.376990299665  307  761  760.757275248  1.84669592029  0.000398698673182
-0.376990299665  307  775  774.533135529  1.67078401492  0.0580878773011
-0.376990299665  307  788  788.431052447  1.76058590108  0.0720535407846
-0.376990299665  307  802  802.399682063  1.72422371706  0.127482462223
-0.376990299665  307  816  816.460275997  1.5211512655  0.178650059648
-0.376990299665  307  831  830.601197  1.67630298034  0.0127262292413
-0.376990299665  307  845  844.899917976  1.84343492611  0.0358612194173
-0.376990299665  307  859  859.363468207  1.72415557039  0.157601089729
-0.376990299665  306  874  873.78745998  1.85307581672  -0.044333729855
-0.376990299665  306  888  888.447331983  1.75327270134  0.0568867919072
-0.376990299665  306  903  903.18829276  1.90033231434  0.10106157437
-0.376990299665  306  918  917.988318776  1.93864661619  0.0105848984049
-0.376990299665  306  933  932.931657168  1.8958892928  0.0322376681336
-0.376990299665  306  948  948.009324955  1.87021674659  0.0988175514969
-0.376990299665  306  963  963.188853081  1.89624709007  0.0726339696721
-0.376990299665  305  978  978.479703569  1.67233862844  0.0955430089715
-0.376990299665  305  994  993.890087215  1.88680907596  0.0799362139323
-0.376990299665  305  1009  1009.47175521  1.70907657063  0.0577885648501
-0.186478299665  305  11  11.1026484151  1.0907159627  0.139366835057
-0.186478299665  305  20  19.7710778534  1.36556511575  0.0238266871771
-0.186478299665  305  29  28.7109585909  1.26870323955  0.0102245802404
-0.186478299665  306  38  37.786966169  1.34750455643  -0.0194821968583
-0.186478299665  306  47  46.8526887267  1.35581659164  0.0427464407835
-0.186478299665  306  56  55.994698809  1.4255636714  0.0633488868974
-0.186478299665  306  65  65.2127643646  1.3605384793  0.138735801123
-0.186478299665  306  74  74.4178056981  1.16128097031  0.144577314234
-0.186478299665  306  84  83.5907064014  1.20605190798  -0.0216387189164
-0.186478299665  306  93  92.9590162693  1.47062226754  0.0509647857309
-0.186478299665  306  102  102.404491629  1.14063941272  0.188379114269
-0.186478299665  307  112  111.83104617  1.46633216585  0.0573241937421
-0.186478299665  307  121  121.399384708  1.19554997932  0.203958371437
-0.186478299665  307  131  130.859716722  1.45749279716  0.0515446721116
-0.186478299665  307  140  140.500770492  1.17669996881  0.158264513665
-0.186478299665  307  150  150.216697531  1.40042918081  0.19233923034
-0.186478299665  307  160  159.813676035  1.48683898402  0.0210738596384
-0.186478299665  307  170  169.583411692  1.26266683612  0.0138530792423
-0.186478299665  307  179  179.477522095  1.20767248851  0.123400275457
-0.186478299665  307  189  189.402685141  1.28003484419  0.161225699559
-0.186478299665  307  199  199.354655001  1.32700764296  0.164216821679
-0.186478299665  308  209  209.425014094  1.26752581301  0.164183665295
-0.186478299665  308  219  219.475731416  1.23244579314  0.121859473372
-0.186478299665  308  230  229.564207165  1.29556317964  0.0388646207287
-0.186478299665  308  240  239.761359964  1.51776840039  0.0450933021964
-0.186478299665  308  250  250.079319713  1.57619250116  0.1104363954
-0.186478299665  308  260  260.435087899  1.24524033589  0.219275747641
-0.186478299665  308  271  270.716400057  1.47887154174  0.00405723967431
-0.186478299665  308  281  281.279994813  1.47289685209  0.17058984399
-0.186478299665  308  292  291.700594091  1.49087865812  0.0434657115093
-0.186478299665  308  302  302.379354853  1.36805646685  0.144841349028
-0.186478299665  308  313  312.971665039  1.63105257819  0.0642441157313
-0.186478299665  308  324  323.652775095  1.468282094  0.0381980483699
-0.186478299665  309  335  334.508682588  1.32635741318  0.0396920066938
-0.186478299665  309  345  345.436657787  1.35666280877  0.145271333761
-0.186478299665  309  356  356.372988501  1.46905915717  0.175354047894
-0.186478299665  309  367  367.365225953  1.50582638729  0.150741397771
-0.186478299665  309  378  378.42765882  1.36621031436  0.173177065143
-0.186478299665  309  390  389.510751603  1.34829939527  0.0815551232493
-0.186478299665  309  401  400.681775049  1.5550013381  0.0234312181881
-0.186478299665  309  412  412.023454663  1.67364004802  0.136004551448
-0.186478299665  309  423  423.405847019  1.46859727961  0.164390951791
-0.186478299665  309  435  434.747822402  1.59307707118  0.00771192524154
-0.186478299665  309  446  446.363269517  1.48388450476  0.200547114217
-0.186478299665  309  458  457.864572642  1.72430944181  0.0296505353309
-0.186478299665  309  470  469.540840467  1.43742828128  0.049201049706
-0.186478299665  309  481  481.295158275  1.72959585398  0.0474219919555
-0.186478299665  309  493  493.105073544  1.76341181806  0.0583970482549
-0.186478299665  309  505  504.985499858  1.76517666515  0.0449224230395
-0.186478299665  309  517  516.959112017  1.76510698559  0.0967252898663
-0.186478299665  309  529  528.9977084  1.75207705053  0.0560804732746
-0.186478299665  309  541  541.165933067  1.72533932284  0.125874607381
-0.186478299665  309  553  553.402695207  1.54405555026  0.177653361551
-0.186478299665  309  566  565.626059201  1.60737142852  0.00372685538809
-0.186478299665  309  578  578.073737863  1.77904650612  0.100939713491
-0.186478299665  309  591  590.52105123  1.47501028475  0.0425492415987
-0.186478299665  309  603  603.084817086  1.80003358709  0.0560941320817
-0.186478299665  309  616  615.706174216  1.75571225442  0.0126013434747
-0.186478299665  309  628  628.480633983  1.56048934543  0.0906140503437
-0.186478299665  309  641  641.31200754  1.75394580166  0.0999314585452
-0.186478299665  309  654  654.234038482  1.75737362817  0.136560313072
-0.186478299665  309  667  667.20927888  1.7973425577  0.113916931183
-0.186478299665  309  680  680.311617827  1.66432955933  0.157614137059
-0.186478299665  309  693  693.477005749  1.46962305646  0.149076344347
-0.186478299665  309  707  706.712922758  1.75266516901  0.0073260013223
-0.186478299665  309  720  720.139377131  1.80972878627  0.0750750805109
-0.186478299665  309  734  733.572664333  1.69377751785  0.0343160626721
-0.186478299665  308  747  747.158078812  1.85967131595  0.0363974166904
-0.186478299665  308  761  760.779945884  1.84360696771  0.00308971018651
-0.186478299665  308  775  774.552400952  1.70035835641  0.061752142636
-0.186478299665  308  788  788.446741434  1.72658500245  0.0777991105822
-0.186478299665  308  802  802.421666659  1.65225562418  0.13237182947
-0.186478299665  308  816  816.476315429  1.48048980736  0.195195447044
-0.186478299665  308  831  830.6121209  1.69438173099  0.00778730869226
-0.186478299665  308  845  844.921789266  1.8541203321  0.0550758188345
-0.186478299665  308  859  859.371280975  1.70530523983  0.1555401427
-0.186478299665  307  874  873.801498526  1.87139887033  -0.0250507587243
-0.186478299665  307  888  888.457245521  1.74102670602  0.0467332109918
-0.186478299665  307  903  903.202076644  1.90903424974  0.0910208554852
-0.186478299665  307  918  917.995135686  1.91133228001  0.00632013226666
-0.186478299665  307  933  932.937169289  1.87350542422  0.0306840556416
-0.186478299665  307  948  948.01832377  1.8971689962  0.103436400231
-0.186478299665  307  963  963.191127112  1.85419611161  0.0693861344477
-0.186478299665  306  978  978.478687155  1.66023869897  0.0995772201219
-0.186478299665  306  994  993.891188223  1.88217064166  0.0867695950397
-0.186478299665  306  1009  1009.46979433  1.72253774052  0.0505364070145
0.00403370033531  306  11  11.0006452534  1.38833635039  0.0550799653732
0.00403370033531  306  20  19.8616477628  1.39547112067  0.0318733582406
0.00403370033531  306  29  28.7867472215  1.35621465384  -0.016246215315
0.00403370033531  307  38  37.8818340181  1.4021765992  0.0153967568685
0.00403370033531  307  47  46.9691058454  1.38997458676  0.091825590867
0.00403370033531  307  56  56.1125628925  1.40081002245  0.120851232087
0.00403370033531  307  65  65.2925847396  1.27640290642  0.161144621544
0.00403370033531  307  74  74.4734360398  1.14695949576  0.150241810686
0.00403370033531  307  84  83.6569990497  1.25095151184  -0.023861154289
0.00403370033531  307  93  93.0555061222  1.44457555919  0.0869625291797
0.00403370033531  307  102  102.452915141  1.14507016552  0.163059563785
0.00403370033531  308  112  111.913162534  1.4878277546  0.0603418488171
0.00403370033531  308  121  121.448952465  1.15571449528  0.172249427077
0.00403370033531  308  131  130.945280498  1.48918892833  0.0713235288137
0.00403370033531  308  141  140.532790885  1.19432066087  0.0418439851889
0.00403370033531  308  150  150.287991599  1.34433017105  0.202049453979
0.00403370033531  308  160  159.901608327  1.4939949288  0.0578043862244
0.00403370033531  308  170  169.639709093  1.32769423612  -0.00505937565134
0.00403370033531  308  180  179.51268793  1.23539083953  0.0364167097799
0.00403370033531  308  189  189.451113301  1.26444343931  0.127099969846
0.00403370033531  308  199  199.415436292  1.24005129583  0.162762760134
0.00403370033531  309  209  209.464531633  1.21879472714  0.124088841179
0.00403370033531  309  220  219.507009126  1.24703835422  0.0241934573922
0.00403370033531  309  230  229.60648265  1.37573854496  0.0100749539478
0.00403370033531  309  240  239.818545148  1.56308287845  0.0331715237257
0.00403370033531  309  250  250.163672333  1.54933477094  0.138439535862
0.00403370033531  309  260  260.475752662  1.19953854343  0.211318568748
0.00403370033531  309  271  270.780497571  1.54834421932  0.0102486047161
0.00403370033531  309  281  281.331848943  1.41570557956  0.173442546105
0.00403370033531  309  292  291.749887566  1.53210597476  0.0327964329441
0.00403370033531  309  302  302.429721452  1.30135676694  0.154074144874
0.00403370033531  309  313  313.052127741  1.62891042175  0.0921114594542
0.00403370033531  309  324  323.714181663  1.53922796626  0.0400022373647
0.00403370033531  309  335  334.527898064  1.30611636129  0.0092422385952
0.00403370033531  310  345  345.472283963  1.29452796283  0.131130799398
0.00403370033531  310  356  356.42198202  1.37012367856  0.181058420633
0.00403370033531  310  367  367.40352869  1.47240818152  0.119197256685
0.00403370033531  310  378  378.457417533  1.30661006553  0.140761456002
0.00403370033531  310  390  389.546889607  1.32884131169  0.0634280163143
0.00403370033531  310  401  400.736366294  1.60868675961  0.0301588125525
0.00403370033531  310  412  412.084117903  1.66101805472  0.139116346362
0.00403370033531  310  423  423.443464751  1.41010951665  0.149069031964
0.00403370033531  310  435  434.801600349  1.64640258248  0.0301557059861
0.00403370033531  310  446  446.398555462  1.43664946823  0.184876452798
0.00403370033531  310  458  457.925665572  1.73217742792  0.0411253038351
0.00403370033531  310  470  469.5683994  1.53686223228  0.016446045333
0.00403370033531  310  481  481.280891826  1.92453265723  -0.0582117143132
0.00403370033531  310  493  493.158683427  1.74220269517  0.0702418292559
0.00403370033531  310  505  505.025131394  1.75177450453  0.0545958841337
0.00403370033531  310  517  517.01363975  1.75107906008  0.100160440436
0.00403370033531  310  529  529.057932347  1.74976833991  0.0655376821509
0.00403370033531  310  541  541.210220264  1.68728725793  0.129496078972
0.00403370033531  310  553  553.429446664  1.51384004833  0.158733054742
0.00403370033531  310  566  565.655920081  1.61164025965  0.00173888112625
0.00403370033531  310  578  578.108039013  1.76792878886  0.0937210529366
0.00403370033531  310  591  590.540082168  1.52041326841  0.0297448307462
0.00403370033531  310  603  603.126580021  1.79316817203  0.060158401101
0.00403370033531  310  616  615.740939992  1.75993199151  0.00850997451185
0.00403370033531  310  628  628.487455271  1.59167475188  0.0498565369907
0.00403370033531  310  641  641.334566889  1.71093079888  0.0983300968885
0.00403370033531  310  654  654.26354368  1.74785796488  0.162570497683
0.00403370033531  310  667  667.235159218  1.75698373851  0.130202564062
0.00403370033531  310  680  680.32883452  1.67557424876  0.137326930911
0.00403370033531  310  693  693.487309579  1.40281751705  0.153307123597
0.00403370033531  310  707  706.730394765  1.76259131805  0.00989357122063
0.00403370033531  310  720  720.162424184  1.81632405223  0.0798475772395
0.00403370033531  310  734  733.582667554  1.68782642165  0.0325426696022
0.00403370033531  309  747  747.180719648  1.86258035701  0.0342271748497
0.00403370033531  309  761  760.802502464  1.83833152167  0.0142327827544
0.00403370033531  309  775  774.57071113  1.70942272746  0.0630826599296
0.00403370033531  309  788  788.466705662  1.70889823797  0.0757502009925
0.00403370033531  309  802  802.429604158  1.69855979482  0.120829463136
0.00403370033531  309  816  816.476487933  1.38831357487  0.177520467468
0.00403370033531  309  831  830.615020853  1.68355840636  0.0139054280242
0.00403370033531  309  845  844.924788999  1.84039949375  0.0506436621947
0.00403370033531  309  859  859.378151128  1.71189454631  0.135754720647
0.00403370033531  308  874  873.804959082  1.86714941516  -0.0228695327191
0.00403370033531  308  888  888.466582733  1.71364640533  0.0480863766329
0.00403370033531  308  903  903.220010946  1.87932752533  0.109077280559
0.00403370033531  308  918  918.001248614  1.91424116057  0.0087278949526
0.00403370033531  308  933  932.943143391  1.92387984548  0.0330667021285
0.00403370033531  308  948  948.01020872  1.89375581922  0.0834422105278
0.00403370033531  307  963  963.189253138  1.858876328  0.0785029246706
0.00403370033531  307  978  978.489422448  1.70031715019  0.111604329939
0.00403370033531  307  994  993.897102395  1.88331707944  0.0791108243331
0.00403370033531  307  1009  1009.46253962  1.72424603369  0.0235791710258
0.194545700335  307  11  11.0756305883  1.4163301839  0.0720824089987
0.194545700335  307  20  19.9600111899  1.41568951397  0.0830726200556
0.194545700335  307  29  28.8938931552  1.40285861099  0.0440297459752
0.194545700335  308  38  37.9992366508  1.42436201053  0.071205388691
0.194545700335  308  47  47.0647602287  1.41861163947  0.125465726107
0.194545700335  308  56  56.220661063  1.30493120102  0.167905721714
0.194545700335  308  65  65.3639113549  1.18413078453  0.144337522575
0.194545700335  308  75  74.5122235369  1.18605379724  0.047940343491
0.194545700335  308  84  83.7343233826  1.34815048115  -0.00429578803524
0.194545700335  308  93  93.1337626059  1.45052999039  0.105610273534
0.194545700335  308  102  102.494739713  1.15281459492  0.134713189074
0.194545700335  309  112  111.951254667  1.58292100614  0.0719500736305
0.194545700335  309  121  121.485511646  1.16178320249  0.151165183676
0.194545700335  309  131  131.036453357  1.46506745201  0.110688572664
0.194545700335  309  141  140.590250901  1.23705486572  0.0230238244419
0.194545700335  309  150  150.33939117  1.28987276348  0.187297035561
0.194545700335  309  160  159.987267871  1.5221032796  0.07849682671
0.194545700335  309  170  169.701805737  1.40182653541  -0.00504234549997
0.194545700335  309  180  179.564367631  1.28342498601  0.00813771249682
0.194545700335  309  189  189.480783717  1.21025628541  0.0914744687048
0.194545700335  309  199  199.453041081  1.21292463282  0.131408828598
0.194545700335  310  209  209.504135419  1.22692988123  0.093722456673
0.194545700335  310  220  219.544347693  1.289644481  -0.000699022580839
0.194545700335  310  230  229.665909061  1.43316441561  0.0124854170662
0.194545700335  310  240  239.880898138  1.57288026562  0.0336311428926
0.194545700335  310  250  250.238655098  1.49588982226  0.166635845235
0.194545700335  310  260  260.50770328  1.18333218963  0.174983208704
0.194545700335  310  271  270.841514051  1.57069775925  0.0286006548988
0.194545700335  310  281  281.383165333  1.37737821283  0.175717144533
0.194545700335  310  292  291.826755983  1.56292494993  0.0625901275903
0.194545700335  310  302  302.469134367  1.28405800174  0.128497816549
0.194545700335  310  313  313.104164158  1.59467188671  0.0845314503563
0.194545700335  310  324  323.782526059  1.61569893986  0.0378782141126
0.194545700335  310  335  334.566720516  1.34317619833  -0.0109182263208
0.194545700335  311  346  345.505939368  1.35263985778  0.0676659575913
0.194545700335  311  356  356.458704197  1.32140685432  0.157707240308
0.194545700335  311  367  367.443938284  1.4159241697  0.103144691543
0.194545700335  311  378  378.49051532  1.2644086611  0.125589499433
0.194545700335  311  390  389.576901234  1.42607437674  0.0384684020905
0.194545700335  311  401  400.796371175  1.65287843524  0.0296431776511
0.194545700335  311  412  412.136509235  1.66577956725  0.139344454
0.194545700335  311  423  423.47755305  1.38620291964  0.140826195788
0.194545700335  311  435  434.858902238  1.66549226693  0.0419144295537
0.194545700335  311  446  446.428329559  1.38801319287  0.173563522666
0.194545700335  311  458  457.981754542  1.71696708973  0.0482555140777
0.194545700335  311  470  469.603327675  1.54405008852  0.00688013680584
0.194545700335  311  481  481.393587489  1.55626395556  0.145805785232
0.194545700335  311  493  493.203871006  1.73109924003  0.080328652134
0.194545700335  311  505  505.073905957  1.73294936492  0.0694318166776
0.194545700335  311  517  517.060677138  1.78674718866  0.108285451693
0.194545700335  311  529  529.101982278  1.73243126655  0.0870105516606
0.194545700335  311  541  541.262190422  1.66064138549  0.151169392017
0.194545700335  311  553  553.454891916  1.46916336478  0.156736832484
0.194545700335  311  566  565.695931669  1.67202009351  0.0173223633388
0.194545700335  311  578  578.148528713  1.75604289704  0.10106089589
0.194545700335  311  591  590.570201497  1.58667858986  0.00591173771935
0.194545700335  311  603  603.165341454  1.78662060373  0.0604644074662
0.194545700335  311  616  615.774984259  1.8029224083  0.0203685844596
0.194545700335  311  629  628.515415314  1.63138058119  0.0404213410818
0.194545700335  311  641  641.35710421  1.69297460058  0.0954057274917
0.194545700335  311  654  654.289097964  1.69436199746  0.148627432976
0.194545700335  311  667  667.264168008  1.74556287063  0.126555293629
0.194545700335  311  680  680.354094859  1.65554343691  0.129132064363
0.194545700335  311  693  693.505361659  1.38349899123  0.145410901894
0.194545700335  311  707  706.755061375  1.80438401339  0.0120554590859
0.194545700335  311  720  720.197668335  1.82082397509  0.0859246205448
0.194545700335  310  734  733.588078569  1.7345090801  0.0200998057166
0.194545700335  310  747  747.203692469  1.84083207412  0.0418513448127
0.194545700335  310  761  760.829883679  1.87016320601  0.00391512107312
0.194545700335  310  775  774.582247791  1.72504418908  0.0340756518746
0.194545700335  310  788  788.474002023  1.6823839802  0.0610539605938
0.194545700335  310  802  802.443825795  1.66028825439  0.110338600913
0.194545700335  310  816  816.495967009  1.37259049348  0.182878662202
0.194545700335  310  831  830.614746055  1.71904982144  -0.0253438022094
0.194545700335  310  845  844.943010535  1.8498998496  0.0548452018937
0.194545700335  310  859  859.396652529  1.64286111302  0.160723230799
0.194545700335  309  874  873.824366911  1.87035466281  -0.026088860597
0.194545700335  309  888  888.474522607  1.7197170166  0.0428557670715
0.194545700335  309  903  903.221838433  1.87012972646  0.100969863363
0.194545700335  309  918  918.015393379  1.93717958295  0.0113385185493
0.194545700335  309  933  932.956965457  1.90561036849  0.0368834184538
0.194545700335  309  948  948.029220914  1.91623651159  0.0969675857454
0.194545700335  308  963  963.199587035  1.88094271885  0.0652991264441
0.194545700335  308  978  978.4831357  1.68525718381  0.105489463233
0.194545700335  308  994  993.893991089  1.87742814573  0.0829602994589
0.194545700335  308  1009  1009.45807581  1.7257420793  0.0301328540406
0.385057700335  308  11  11.1927214387  1.36555560031  0.099993876626
0.385057700335  308  20  20.0924269473  1.40461264175  0.140384010107
0.385057700335  308  29  29.0015772937  1.40004937001  0.0943645701894
0.385057700335  309  38  38.1076061683  1.41326552246  0.135030295658
0.385057700335  309  47  47.1723878298  1.36942946458  0.174112866873
0.385057700335  309  56  56.3024757798  1.24235298179  0.191543235596
0.385057700335  309  65  65.4236678345  1.16724399175  0.111818432254
0.385057700335  309  75  74.5562280101  1.18799608552  0.00946654366534
0.385057700335  309  84  83.8308510852  1.44649368031  0.0188257923822
0.385057700335  309  93  93.2188374399  1.39263419708  0.119544675315
0.385057700335  309  103  102.532700693  1.17330257652  0.0448538656345
0.385057700335  309  112  111.992156364  1.48705047048  0.0526255005743
0.385057700335  310  122  121.538024599  1.19795807897  0.0555656351819
0.385057700335  310  131  131.133637073  1.46584943262  0.126222704139
0.385057700335  310  141  140.642820408  1.28413382455  0.0142995311491
0.385057700335  310  150  150.403815715  1.20390625394  0.181565053226
0.385057700335  310  160  160.075509414  1.50253734348  0.107663385927
0.385057700335  310  170  169.776325161  1.44939445389  0.00703984234154
0.385057700335  310  180  179.605558137  1.33419728478  -0.000967826172756
0.385057700335  310  190  189.528045379  1.23291962168  0.00538046454611
0.385057700335  310  199  199.491594522  1.2179188268  0.0997867874534
0.385057700335  311  210  209.540900402  1.28142412172  0.017725233608
0.385057700335  311  220  219.593343339  1.34621656541  -0.0295702237668
0.385057700335  311  230  229.730384734  1.49258262639  0.0272950081679
0.385057700335  311  240  239.964999289  1.58371584317  0.0592105363488
0.385057700335  311  250  250.285152156  1.47613283174  0.146674032486
0.385057700335  311  261  260.535911835  1.23062700011  0.092488070108
0.385057700335  311  271  270.922568693  1.60009811767  0.0645392979819
0.385057700335  311  281  281.430192033  1.31811320299  0.159699736439
0.385057700335  311  292  291.881043712  1.58352961631  0.0629299577534
0.385057700335  311  302  302.497582033  1.26558982506  0.0903147686639
0.385057700335  311  313  313.164964914  1.5848839312  0.0939852769226
0.385057700335  311  324  323.829278316  1.61831573538  0.0631857475702
0.385057700335  311  335  334.599881944  1.39779179393  -0.0351159413709
0.385057700335  312  346  345.530043037  1.35486656525  0.0215067469668
0.385057700335  312  356  356.491312846  1.23546549164  0.138955611064
0.385057700335  312  367  367.480574223  1.33090473868  0.0813745582335
0.385057700335  312  379  378.516600897  1.30423273718  0.0462540739648
0.385057700335  312  390  389.627751976  1.50055127597  0.03844957108
0.385057700335  312  401  400.840005427  1.66146928866  0.0326569192287
0.385057700335  312  412  412.196591176  1.63057561692  0.172860334467
0.385057700335  312  423  423.502281479  1.35443485064  0.12086553577
0.385057700335  312  435  434.908576754  1.7092412959  0.0354563948589
0.385057700335  312  446  446.462256985  1.37759037943  0.141614526225
0.385057700335  312  458  458.017586442  1.73783765336  0.0426739831843
0.385057700335  312  470  469.646664191  1.58261996921  0.00447048742139
0.385057700335  312  481  481.434827054  1.50139310987  0.129452441954
0.385057700335  312  493  493.249075723  1.70359802234  0.0908253406491
0.385057700335  312  505  505.122330256  1.74895756  0.0689063870336
0.385057700335  312  517  517.104153137  1.76468161948  0.128761356743
0.385057700335  312  529  529.141353982  1.7377996236  0.0832458163131
0.385057700335  312  541  541.294571904  1.65520552201  0.153710858519
0.385057700335  312  553  553.484623032  1.45002558899  0.15048025339
0.385057700335  312  566  565.731298001  1.68490746683  0.000858362616386
0.385057700335  312  578  578.192861916  1.74839507745  0.104327805345
0.385057700335  312  591  590.585426939  1.58908384162  0.00433273985148
0.385057700335  312  603  603.200465573  1.78008498792  0.0543253324998
0.385057700335  312  616  615.794384609  1.78975852321  0.0245079980078
0.385057700335  312  629  628.531948382  1.66361335624  0.027245489935
0.385057700335  312  641  641.380230333  1.70524927384  0.0787779872239
0.385057700335  312  654  654.310478833  1.73010551788  0.134395368521
0.385057700335  312  667  667.296125075  1.75276840399  0.131080162559
0.385057700335  312  680  680.361863431  1.65883677525  0.101758345649
0.385057700335  312  694  693.5178473  1.4221444862  0.102856089887
0.385057700335  312  707  706.774405303  1.80411124736  -0.00543075434441
0.385057700335  312  720  720.232646191  1.80616180892  0.101651491545
0.385057700335  311  734  733.609750291  1.74347330066  0.0275539682448
0.385057700335  311  747  747.208484024  1.86231792096  0.0233347405494
0.385057700335  311  761  760.855088007  1.85076243801  0.0172356558427
0.385057700335  311  775  774.607311502  1.74995590915  0.0462400012633
0.385057700335  311  788  788.478854672  1.71659197095  0.0635615936762
0.385057700335  311  802  802.455453128  1.67754607522  0.106982176353
0.385057700335  311  816  816.506013242  1.34863692593  0.172447563501
0.385057700335  311  831  830.643545457  1.70756089345  -0.00192616118224
0.385057700335  311  845  844.964808407  1.85470041189  0.0552541641766
0.385057700335  311  859  859.397421799  1.67687424943  0.140922293716
0.385057700335  310  874  873.821760027  1.87135065005  -0.0328321735295
0.385057700335  310  888  888.48152987  1.74534803814  0.0431225863031
0.385057700335  310  903  903.225660296  1.88007011684  0.111476484177
0.385057700335  310  918  918.02379661  1.93920710383  0.0179541741978
0.385057700335  310  933  932.932360487  1.9217984045  0.0134854183511
0.385057700335  310  948  948.037800266  1.90316619464  0.0924785692353
0.385057700335  309  963  963.190873884  1.87638399595  0.0592693195414
0.385057700335  309  978  978.476751479  1.67847351637  0.0995162395298
0.385057700335  309  994  993.889362874  1.89175548305  0.0756613793152
0.385057700335  309  1009  1009.46432203  1.72579226612  0.0473858120129
0.575569700335  309  11  11.2743906634  1.33507571423  0.12481456886
0.575569700335  309  20  20.1839977264  1.34025515928  0.167270462514
0.575569700335  309  29  29.0928543665  1.39488639014  0.113649558
0.575569700335  309  38  38.1405261467  1.47496213076  0.111251191769
0.575569700335  310  47  47.2722425518  1.27663136111  0.202475852189
0.575569700335  310  56  56.3713190059  1.14226792848  0.203228874097
0.575569700335  310  65  65.4744549954  1.18803681664  0.106714110058
0.575569700335  310  75  74.6218054672  1.23308941234  0.00191507914061
0.575569700335  310  84  83.9180974782  1.45910532901  0.0214795588223
0.575569700335  310  93  93.3153906441  1.31184050508  0.148914695764
0.575569700335  310  103  102.591306949  1.2170579197  0.014872510797
0.575569700335  310  112  112.093442454  1.46237020731  0.0933271178429
0.575569700335  311  122  121.574839472  1.21203196621  0.0168955329532
0.575569700335  311  131  131.200599277  1.43186616649  0.166199571198
0.575569700335  311  141  140.71247219  1.39301455196  0.0178318856285
0.575569700335  311  150  150.448338475  1.21008647537  0.167916581573
0.575569700335  311  160  160.171381159  1.46819382961  0.133493332113
0.575569700335  311  170  169.849904959  1.49855805417  0.0092580759184
0.575569700335  311  180  179.663175616  1.38095575868  0.00432569297245
0.575569700335  311  190  189.568685313  1.27250556773  -0.00889795302069
0.575569700335  311  200  199.530866378  1.24866223178  0.0309506498339
0.575569700335  312  210  209.596081641  1.31954637651  0.00557563909881
0.575569700335  312  220  219.650497259  1.41860758214  -0.0323664981071
0.575569700335  312  230  229.802827314  1.53460174481  0.0282451015013
0.575569700335  312  240  240.047256652  1.60104204994  0.0915119365938
0.575569700335  312  250  250.338696126  1.41202089439  0.148350609456
0.575569700335  312  261  260.575209632  1.31410819492  0.0332289068007
0.575569700335  312  271  270.996847877  1.59017780164  0.0692215689797
0.575569700335  312  281  281.466097763  1.24226661394  0.146299217572
0.575569700335  312  292  291.962527557  1.61797522362  0.0888181138899
0.575569700335  312  303  302.532105247  1.2955243888  0.0119469508213
0.575569700335  312  313  313.233908382  1.58202557744  0.12504242051
0.575569700335  312  324  323.897172888  1.62786542222  0.0542976110027
0.575569700335  312  335  334.640666856  1.45626822491  -0.0446650532066
0.575569700335  312  346  345.528781232  1.44485987562  -0.00103990886938
0.575569700335  313  357  356.513470636  1.31460204848  0.0623875275789
0.575569700335  313  368  367.509456957  1.32252751433  0.0144082454443
0.575569700335  313  379  378.556132742  1.36788537909  0.0517971606666
0.575569700335  313  390  389.670705799  1.5700213162  0.0245572573234
0.575569700335  313  401  400.909909118  1.67278367443  0.0580679801642
0.575569700335  313  412  412.247738067  1.60575881072  0.170807208751
0.575569700335  313  424  423.5311492  1.3470684918  0.0646403771623
0.575569700335  313  435  434.951568877  1.6860114698  0.0347826178436
0.575569700335  313  446  446.50047394  1.33535615268  0.144994266388
0.575569700335  313  458  458.08499902  1.71865549896  0.073557556092
0.575569700335  313  470  469.672276761  1.62010288897  -0.0259134649092
0.575569700335  313  481  481.464673501  1.481646462  0.121377115749
0.575569700335  313  493  493.290295774  1.68985851323  0.0774293617413
0.575569700335  313  505  505.176040924  1.72844184652  0.0967951367273
0.575569700335  313  517  517.143915846  1.75490896823  0.110387663446
0.575569700335  313  529  529.177472395  1.73222259944  0.0879651364195
0.575569700335  313  541  541.319992236  1.62255714821  0.140039610456
0.575569700335  313  553  553.503939016  1.38981180514  0.12938778934
0.575569700335  313  566  565.779359865  1.7251701092  0.0151550903033
0.575569700335  313  578  578.235511946  1.71986829303  0.13522469279
0.575569700335  313  591  590.632814286  1.65332478353  0.0120107241631
0.575569700335  313  603  603.230152042  1.76305853896  0.0586133139786
0.575569700335  313  616  615.849217389  1.81277753741  0.0394098666977
0.575569700335  313  629  628.563974698  1.68580713739  0.0210939198094
0.575569700335  313  641  641.420386105  1.67953015844  0.0768427698758
0.575569700335  313  654  654.344596149  1.69256463837  0.149455188302
0.575569700335  313  667  667.330582233  1.71836436524  0.133400154361
0.575569700335  313  680  680.398317973  1.63067901506  0.121018753966
0.575569700335  313  694  693.537284278  1.5168985933  0.0770279303027
0.575569700335  313  707  706.793103033  1.81383844605  -0.0109472072479
0.575569700335  313  720  720.242164549  1.78419196236  0.0879226633129
0.575569700335  312  734  733.637510205  1.77445744187  0.0282551031362
0.575569700335  312  747  747.249299733  1.84314873035  0.0492357873842
0.575569700335  312  761  760.867774653  1.87799985762  0.0147849655914
0.575569700335  312  775  774.610274876  1.75906464562  0.0315217694437
0.575569700335  312  788  788.500431202  1.69732766726  0.0553184189535
0.575569700335  312  802  802.468894122  1.67917174241  0.111110321183
0.575569700335  312  817  816.518657123  1.50537078088  0.125904659374
0.575569700335  312  831  830.654491782  1.74081804715  -0.0208867805421
0.575569700335  312  845  844.977103122  1.86800826488  0.0447577849015
0.575569700335  312  859  859.412352126  1.6668939711  0.130443492197
0.575569700335  311  874  873.839876867  1.89248084129  -0.011760536549
0.575569700335  311  888  888.482857548  1.759067811  0.0248455135509
0.575569700335  311  903  903.222814141  1.8680255825  0.0916052858814
0.575569700335  311  918  918.023040002  1.92178423229  0.00965200751919
0.575569700335  311  933  932.94987842  1.91208839711  0.0309009276924
0.575569700335  311  948  948.020476344  1.9307238269  0.0803825536326
0.575569700335  310  963  963.200097276  1.87529551789  0.0702094532708
0.575569700335  310  978  978.479288413  1.67025258165  0.0923323366725
0.575569700335  310  994  993.891146692  1.86434399121  0.0875774918384
0.575569700335  310  1009  1009.46913238  1.71585501099  0.0603174555232
0.766081700335  310  11  11.3634841988  1.26118664357  0.154370835262
0.766081700335  310  20  20.274687224  1.2837153513  0.203258060158
0.766081700335  310  29  29.2038835937  1.34490766835  0.176869796481
0.766081700335  310  38  38.1862921141  1.36624419503  0.124657091962
0.766081700335  311  47  47.3428111254  1.15310043422  0.222935367138
0.766081700335  311  56  56.4189482643  1.16426766186  0.162216791941
0.766081700335  311  66  65.5189475667  1.19374263143  0.023002262514
0.766081700335  311  75  74.6944011028  1.30308073697  0.013390428443
0.766081700335  311  84  84.0126725865  1.48391649431  0.0682882571949
0.766081700335  311  93  93.3738440049  1.2284197849  0.144042223115
0.766081700335  311  103  102.651703862  1.26498456798  0.00270245950939
0.766081700335  311  112  112.185951286  1.45192371061  0.138023445965
0.766081700335  312  122  121.644048141  1.31128098725  0.000866444523531
0.766081700335  312  131  131.282554884  1.37370296082  0.178098819563
0.766081700335  312  141  140.783727816  1.43371255414  0.0143343094441
0.766081700335  312  150  150.492126622  1.18979911442  0.134130980212
0.766081700335  312  160  160.243761023  1.41812551751  0.151701628775
0.766081700335  312  170  169.945438227  1.53021655657  0.0505442754297
0.766081700335  312  180  179.729505686  1.4532774332  -0.000161560072951
0.766081700335  312  190  189.627840365  1.35909080753  -0.0304531311885
0.766081700335  312  200  199.580578692  1.31532562357  -3.11343320114e-05
0.766081700335  312  210  209.604484083  1.43811408282  -0.0191865212704
0.766081700335  313  220  219.710628126  1.51033482135  -0.0282789375409
0.766081700335  313  230  229.878457698  1.59844059279  0.0504686044809
0.766081700335  313  240  240.120189897  1.58366278946  0.11369228921
0.766081700335  313  250  250.398795279  1.34655861816  0.158148111981
0.766081700335  313  261  260.622413517  1.37690377217  0.0334694923599
0.766081700335  313  271  271.09130632  1.60354006654  0.112602798765
0.766081700335  313  282  281.505362402  1.3073989359  0.0611496106668
0.766081700335  313  292  292.033899434  1.61759761053  0.110372248321
0.766081700335  313  303  302.568829489  1.34444781229  -0.00663340001977
0.766081700335  313  313  313.29600271  1.48873942746  0.128368090343
0.766081700335  313  324  323.97051705  1.64993922138  0.0878843737307
0.766081700335  313  335  334.703129344  1.5595896844  -0.0377788370112
0.766081700335  313  346  345.57614372  1.413416704  0.00816399064988
0.766081700335  314  357  356.547706261  1.38479749687  0.0323770718894
0.766081700335  314  368  367.53644642  1.34602030185  -0.00168415387449
0.766081700335  314  379  378.598446304  1.45988222666  0.0155190219728
0.766081700335  314  390  389.721864223  1.61439739319  0.0319865356374
0.766081700335  314  401  400.9716022  1.68509173401  0.0753339662714
0.766081700335  314  412  412.294517146  1.55612083157  0.186976849081
0.766081700335  314  424  423.56033568  1.38005148769  0.037596313081
0.766081700335  314  435  435.00738532  1.71874022931  0.0456822384828
0.766081700335  314  447  446.516992649  1.34564457793  0.0790424392919
0.766081700335  314  458  458.13062765  1.7046024818  0.0746274731845
0.766081700335  314  470  469.718651781  1.67739216769  -0.0161693530495
0.766081700335  314  481  481.500708868  1.41255849227  0.116563895246
0.766081700335  314  493  493.326958882  1.68720758208  0.0910939109932
0.766081700335  314  505  505.220518686  1.70764258327  0.0909763886742
0.766081700335  314  517  517.190601444  1.71459205573  0.116933171804
0.766081700335  314  529  529.228635089  1.72176127612  0.0853161473509
0.766081700335  314  541  541.37495389  1.60558603872  0.149424459641
0.766081700335  314  554  553.532331122  1.39339273914  0.100802221327
0.766081700335  314  566  565.81814786  1.73527149357  0.00990633498954
0.766081700335  314  578  578.267036385  1.70032510212  0.124117207424
0.766081700335  314  591  590.664501489  1.68344662449  0.0120530200393
0.766081700335  314  603  603.276176043  1.76668063498  0.0697388257839
0.766081700335  314  616  615.879670959  1.81721328452  0.0397069737503
0.766081700335  314  629  628.588588084  1.70836776075  0.0191836320108
0.766081700335  314  641  641.436908057  1.68009363459  0.0895627692942
0.766081700335  314  654  654.366795084  1.67901536021  0.142402306015
0.766081700335  314  667  667.358210563  1.74308600094  0.13238322074
0.766081700335  314  680  680.416110742  1.54824080544  0.105679072367
0.766081700335  314  694  693.553531094  1.57157390952  0.0592055784974
0.766081700335  314  707  706.813530237  1.8175826413  -0.000657031352426
0.766081700335  314  720  720.266607699  1.77614500549  0.0973408902058
0.766081700335  313  734  733.65564494  1.78605699664  0.0200868979548
0.766081700335  313  747  747.267279271  1.85161276064  0.0424393054957
0.766081700335  313  761  760.888066327  1.87221359948  0.0136041443705
0.766081700335  313  775  774.646462325  1.766607344  0.0513750494036
0.766081700335  313  789  788.51060902  1.68197239174  0.0275711465912
0.766081700335  313  802  802.475096015  1.64778657028  0.099745049964
0.766081700335  313  817  816.52330604  1.50176062277  0.113082862292
0.766081700335  313  831  830.660679162  1.72627655782  -0.0195579835155
0.766081700335  313  845  844.984708882  1.86210669966  0.053878097065
0.766081700335  313  859  859.418476562  1.65077676302  0.117702188716
0.766081700335  312  874  873.840511432  1.91111455475  -0.0352889908357
0.766081700335  312  888  888.487834145  1.78310639375  0.0218405994142
0.766081700335  312  903  903.25105328  1.86204848444  0.0947287474761
0.766081700335  312  918  918.02116358  1.93509999674  -0.00216686634043
0.766081700335  312  933  932.963199592  1.90428178333  0.0305151318195
0.766081700335  312  948  948.043513136  1.90419218157  0.0884727250405
0.766081700335  311  963  963.203062511  1.890768197  0.0700995428022
0.766081700335  311  978  978.479287116  1.71715090016  0.0793235426677
0.766081700335  311  994  993.898673583  1.92485528492  0.0741669216525
0.766081700335  311  1009  1009.46915728  1.75724092671  0.0361285222069
0.956593700335  311  11  11.4221075784  1.22908647867  0.14754969697
0.956593700335  311  20  20.3574066762  1.18382702141  0.220667371059
0.956593700335  311  29  29.2729277875  1.29628267777  0.161034250429
0.956593700335  311  38  38.2892452832  1.27846367264  0.184590843769
0.956593700335  312  47  47.4038354979  1.14761196595  0.187074693982
0.956593700335  312  56  56.4645306778  1.14871581018  0.126771697964
0.956593700335  312  66  65.5705497794  1.20983413814  -6.39349465556e-05
0.956593700335  312  75  74.7678305909  1.3750043724  0.00454970479877
0.956593700335  312  84  84.1068326195  1.43066393518  0.087062599554
0.956593700335  312  93  93.434879557  1.1924405493  0.118981002757
0.956593700335  312  103  102.716461435  1.37650350225  0.000236062369854
0.956593700335  312  112  112.267274089  1.34364850782  0.152743225346
0.956593700335  313  122  121.708691818  1.41446237383  0.00464674892003
0.956593700335  313  131  131.3529109  1.3019631295  0.181731570625
0.956593700335  313  141  140.861857353  1.47197752549  0.0356965799421
0.956593700335  313  151  150.538667415  1.21747882239  0.0653945739416
0.956593700335  313  160  160.31695056  1.37861232872  0.154854943944
0.956593700335  313  170  170.021161168  1.54885142123  0.0776288128552
0.956593700335  313  180  179.808605609  1.49996140315  0.0256334118521
0.956593700335  313  190  189.68147506  1.43404391342  -0.0327300667367
0.956593700335  313  200  199.630955889  1.36824276366  -0.0138731326643
0.956593700335  313  210  209.633249832  1.41724161287  -0.0197267264838
0.956593700335  314  220  219.775855061  1.54197163066  -0.026133233552
0.956593700335  314  230  229.943397209  1.57161259977  0.0665167662707
0.956593700335  314  240  240.184917232  1.56790473202  0.124501719465
0.956593700335  314  250  250.441590489  1.27911725011  0.143937572918
0.956593700335  314  261  260.682598379  1.4809487241  0.0281332196002
0.956593700335  314  271  271.14619153  1.5867210562  0.122807026592
0.956593700335  314  282  281.536139103  1.29030778614  0.0260642258788
0.956593700335  314  292  292.106297299  1.59753556194  0.129701006714
0.956593700335  314  303  302.605799323  1.40124561799  -0.0272941186077
0.956593700335  314  313  313.341183552  1.46085308112  0.139396231865
0.956593700335  314  324  324.033350035  1.65183264097  0.101547227614
0.956593700335  314  335  334.758446791  1.56838766755  -0.021195324211
0.956593700335  314  346  345.613691968  1.50364848989  -0.0157850165802
0.956593700335  315  357  356.587924816  1.46597445766  0.0242488601322
0.956593700335  315  368  367.575256124  1.47325096068  -0.0104180547316
0.956593700335  315  379  378.638586327  1.50216014022  0.0284681759983
0.956593700335  315  390  389.778959359  1.65905001089  0.0484415219177
0.956593700335  315  401  401.020971273  1.69612140118  0.0746738392919
0.956593700335  315  412  412.335076781  1.54231166326  0.173016117193
0.956593700335  315  424  423.592862106  1.45672656691  0.0250612296928
0.956593700335  315  435  435.057184119  1.69765764379  0.0540691144379
0.956593700335  315  447  446.537075656  1.36714679151  0.0566427467616
0.956593700335  315  458  458.163858141  1.70012721952  0.076584230882
0.956593700335  315  470  469.770556941  1.71473844507  0.00637259242347
0.956593700335  315  482  481.516556085  1.53393080418  0.0653231055456
0.956593700335  315  493  493.362797208  1.66150655731  0.0707845019807
0.956593700335  315  505  505.255689607  1.67824359212  0.0820672003728
0.956593700335  315  517  517.235337254  1.6928610148  0.139273258854
0.956593700335  315  529  529.269769569  1.70022795584  0.099000974528
0.956593700335  315  541  541.394287401  1.60472091098  0.133081197939
0.956593700335  315  554  553.548583087  1.48188795277  0.0596287111078
0.956593700335  315  566  565.84890072  1.75700911882  0.0209809846108
0.956593700335  315  578  578.292943136  1.67870427946  0.114690009407
0.956593700335  315  591  590.686024573  1.68488474367  0.0100352621355
0.956593700335  315  603  603.288528669  1.74864432942  0.0612268482793
0.956593700335  315  616  615.898306368  1.83224724863  0.0248209761814
0.956593700335  315  629  628.616473617  1.7330353492  0.0175795846129
0.956593700335  315  641  641.443360484  1.70651687875  0.0661139295283
0.956593700335  315  654  654.375929764  1.70284682959  0.133718792452
0.956593700335  315  667  667.360703905  1.71941888497  0.112914690166
0.956593700335  315  680  680.436993862  1.60663997787  0.100714873626
0.956593700335  315  694  693.583309863  1.68557982871  0.0476018683275
0.956593700335  315  707  706.850614227  1.82235334654  0.0042965369305
0.956593700335  314  720  720.263500813  1.79713039805  0.0678141878318
0.956593700335  314  734  733.674915193  1.81143068697  0.0157052128734
0.956593700335  314  747  747.285710827  1.83716752596  0.0379616800976
0.956593700335  314  761  760.895643528  1.86401961335  0.00384977323632
0.956593700335  314  775  774.647590845  1.79119204021  0.0295153826792
0.956593700335  314  789  788.514804161  1.76399274134  0.0286599266259
0.956593700335  314  802  802.494353195  1.66690042967  0.0782172232486
0.956593700335  314  817  816.533117928  1.58713284831  0.0846259057268
0.956593700335  314  831  830.670254713  1.77039302266  -0.020599549063
0.956593700335  314  845  844.986162186  1.89168686764  0.0513263396326
0.956593700335  314  859  859.412129418  1.65410632072  0.120123435328
0.956593700335  313  874  873.868468155  1.88163412111  -0.0217179333395
0.956593700335  313  889  888.501742485  1.77112159313  0.0239044272121
0.956593700335  313  903  903.253302998  1.84051706475  0.101889441762
0.956593700335  313  918  918.037544687  1.92985362721  0.0117749097568
0.956593700335  313  933  932.956392805  1.92085020519  0.0248459230867
0.956593700335  313  948  948.032777773  1.90224720258  0.0862029330387
0.956593700335  312  963  963.203635432  1.89322464365  0.0597296571357
0.956593700335  312  978  978.486702378  1.68416289909  0.097310290399
0.956593700335  312  994  993.906484994  1.88816582606  0.0873286978113
0.956593700335  312  1009  1009.4675674  1.73600792532  0.0475313334105
1.14710570034  312  11  11.4873170786  1.11853751386  0.124594393527
1.14710570034  312  20  20.4169879808  1.085717629  0.188866276228
1.14710570034  312  29  29.365701514  1.16146627154  0.194795107225
1.14710570034  312  38  38.3692611829  1.12730695412  0.19635346883
1.14710570034  313  47  47.4476535455  1.17276193785  0.139188203942
1.14710570034  313  57  56.5101631176  1.18137364098  0.0250553270958
1.14710570034  313  66  65.6221245599  1.23222553355  -0.0413860097353
1.14710570034  313  75  74.8501761112  1.4191177742  0.0317661169364
1.14710570034  313  84  84.2013310431  1.3905409369  0.134775391913
1.14710570034  313  93  93.4760902708  1.18044107918  0.0910776282152
1.14710570034  313  103  102.803956976  1.43839169581  0.0273552097828
1.14710570034  313  112  112.33366478  1.29402099571  0.166217408502
1.14710570034  314  122  121.78863257  1.45189680531  0.0210331762628
1.14710570034  314  131  131.41648042  1.2467470758  0.177943536954
1.14710570034  314  141  140.950070218  1.4939769284  0.0595933486132
1.14710570034  314  151  150.582297005  1.26254242351  0.021881602367
1.14710570034  314  160  160.371545923  1.31183727625  0.141113437524
1.14710570034  314  170  170.111395811  1.49057795729  0.101998475337
1.14710570034  314  180  179.88184315  1.52058865865  0.0305372870258
1.14710570034  314  190  189.74813897  1.48039541533  -0.0201205491766
1.14710570034  314  200  199.684024941  1.43370771577  -0.0175479882404
1.14710570034  314  210  209.702343438  1.46510760218  -0.00219390850108
1.14710570034  315  220  219.861231791  1.56102591969  0.00414919220823
1.14710570034  315  230  230.02609405  1.58375420289  0.0847843600154
1.14710570034  315  240  240.263375296  1.51255264901  0.15262248254
1.14710570034  315  250  250.483912829  1.20251293115  0.124728739538
1.14710570034  315  261  260.744854906  1.52817644215  0.0268273148492
1.14710570034  315  271  271.206005839  1.5660311885  0.128529603497
1.14710570034  315  282  281.573833152  1.31379021112  0.0117590569569
1.14710570034  315  292  292.174870552  1.58493346821  0.155886444499
1.14710570034  315  303  302.655109823  1.45903399532  -0.0222853626298
1.14710570034  315  313  313.397708437  1.44543082646  0.134790520963
1.14710570034  315  324  324.083183145  1.65265001863  0.0970967928197
1.14710570034  315  335  334.810393118  1.62079805435  -0.00886594150309
1.14710570034  315  346  345.6700302  1.56800080885  0.00328801733273
1.14710570034  316  357  356.610088384  1.54045863042  0.0025738470731
1.14710570034  316  368  367.627111119  1.56687139478  -0.0208072259925
1.14710570034  316  379  378.676752455  1.57638089982  0.00125560238174
1.14710570034  316  390  389.831980023  1.69466818687  0.0483061880607
1.14710570034  316  401  401.074207223  1.67769056601  0.0887439602262
1.14710570034  316  412  412.384008274  1.49763093601  0.168866556269
1.14710570034  316  424  423.644815003  1.51738598152  0.0263938646528
1.14710570034  316  435  435.124959097  1.69091601943  0.0755678111224
1.14710570034  316  447  446.57797165  1.45115476979  0.0326926391881
1.14710570034  316  458  458.205758927  1.67620467712  0.0819945007812
1.14710570034  316  470  469.816424526  1.71722480702  0.000948142440134
1.14710570034  316  482  481.55648526  1.56111571242  0.0488435397949
1.14710570034  316  493  493.409717086  1.60790707537  0.0764521385456
1.14710570034  316  505  505.291850842  1.70066363587  0.0812437755671
1.14710570034  316  517  517.267769986  1.71070794646  0.136737953223
1.14710570034  316  529  529.30770224  1.67795812239  0.106391491328
1.14710570034  316  541  541.429166604  1.54604981475  0.139150263001
1.14710570034  316  554  553.576634077  1.50410475124  0.043887957022
1.14710570034  316  566  565.877062883  1.75077117087  0.0225166683032
1.14710570034  316  578  578.320032349  1.66611651941  0.0883113172659
1.14710570034  316  591  590.717039053  1.73336881768  0.027373366667
1.14710570034  316  603  603.340519471  1.6969324218  0.0721531855702
1.14710570034  316  616  615.951349883  1.83091892208  0.0401551183239
1.14710570034  316  629  628.638694267  1.72955566825  0.00110886982998
1.14710570034  316  641  641.48190309  1.66742751561  0.0721905585425
1.14710570034  316  654  654.401334472  1.65295955602  0.128021969794
1.14710570034  316  667  667.395094985  1.68341139198  0.113552618267
1.14710570034  316  680  680.454155482  1.58621030389  0.100211605104
1.14710570034  316  694  693.599611395  1.67264132234  0.0498471180944
1.14710570034  316  707  706.872746581  1.86542740901  0.0037190326319
1.14710570034  315  720  720.285828799  1.78050748609  0.0800808853417
1.14710570034  315  734  733.7098929  1.81468661357  0.0345690665884
1.14710570034  315  747  747.300089133  1.84540508209  0.0328522140262
1.14710570034  315  761  760.899117137  1.87524845854  -0.000211828829162
1.14710570034  315  775  774.673592159  1.7985193252  0.0356235988428
1.14710570034  315  789  788.540604976  1.76951050888  0.0344196712131
1.14710570034  315  802  802.507726557  1.70213776781  0.0675076904113
1.14710570034  315  817  816.555187997  1.59995500949  0.100120398265
1.14710570034  315  831  830.688861235  1.76031218672  -0.0123944069427
1.14710570034  315  845  845.002871048  1.88690773163  0.0379466892827
1.14710570034  314  859  859.417653153  1.70570952395  0.103490869551
1.14710570034  314  874  873.866551677  1.8819667088  -0.0257891799936
1.14710570034  314  888  888.504318691  1.77630434398  0.0339954748267
1.14710570034  314  903  903.256823556  1.84642011241  0.0930679567498
1.14710570034  314  918  918.056557284  1.9348790268  0.0166109521627
1.14710570034  314  933  932.956320846  1.92453646551  0.0165705706358
1.14710570034  314  948  948.040518473  1.90233566336  0.0759166800011
1.14710570034  313  963  963.201490399  1.90120441375  0.0365571107196
1.14710570034  313  978  978.484687235  1.69268453012  0.0938111679983
1.14710570034  313  994  993.914881802  1.91260900511  0.0828559015235
1.14710570034  313  1009  1009.46940196  1.72887899356  0.049885761935
1.33761770034  313  12  11.5237298573  1.15041376265  0.0347139804055
1.33761770034  313  20  20.4667961055  1.07289431244  0.168896662711
1.33761770034  313  29  29.4209042818  1.10719431856  0.170354035619
1.33761770034  313  38  38.4323992934  1.09154861796  0.195381525847
1.33761770034  314  47  47.4969074784  1.15253376449  0.140287302173
1.33761770034  314  57  56.5640289641  1.17954452202  0.0204931443359
1.33761770034  314  66  65.6956037862  1.31623767331  -0.030374722502
1.33761770034  314  75  74.9485456779  1.44106896499  0.0609732787996
1.33761770034  314  84  84.2747208031  1.31876948636  0.128811065126
1.33761770034  314  94  93.529775126  1.16980409665  0.0119522400264
1.33761770034  314  103  102.894492741  1.48663273042  0.0519743015326
1.33761770034  314  112  112.394864625  1.22788353154  0.156877919766
1.33761770034  315  122  121.816162231  1.54433261586  0.0375608021601
1.33761770034  315  131  131.458186642  1.1687327741  0.158507987004
1.33761770034  315  141  141.043821431  1.49248011997  0.0910785784762
1.33761770034  315  151  150.630280946  1.3153997784  0.0203931771767
1.33761770034  315  160  160.426837855  1.19676624202  0.152254209291
1.33761770034  315  170  170.195174936  1.47920742855  0.120454241531
1.33761770034  315  180  179.971536462  1.53772483527  0.0634009163147
1.33761770034  315  190  189.82597693  1.50798601443  -0.00432546576123
1.33761770034  315  200  199.757427162  1.51005835957  -0.00942213447089
1.33761770034  315  210  209.768805752  1.54442909048  -0.0106545206534
1.33761770034  316  220  219.927312085  1.55181013299  0.0165508771252
1.33761770034  316  230  230.116253829  1.56133976387  0.113563485541
1.33761770034  316  240  240.331702989  1.42780296631  0.157401877714
1.33761770034  316  251  250.51677203  1.24162596303  0.0438020840269
1.33761770034  316  261  260.816602684  1.55570087411  0.0467947588073
1.33761770034  316  271  271.276384152  1.49702364127  0.146148608377
1.33761770034  316  282  281.627072331  1.41161071415  -0.00346182208036
1.33761770034  316  292  292.242404536  1.52303386418  0.174738039321
1.33761770034  316  303  302.715062631  1.53075819852  -0.0133276068715
1.33761770034  316  313  313.44801221  1.38672933212  0.141525458215
1.33761770034  316  324  324.162152563  1.61034209761  0.125638835901
1.33761770034  316  335  334.859800703  1.63995139288  -0.00856358886748
1.33761770034  316  346  345.71422412  1.59663047655  -0.00690295895144
1.33761770034  316  357  356.62903218  1.52810055064  0.0129049234463
1.33761770034  317  368  367.681172014  1.59188386105  -0.00848832301917
1.33761770034  317  379  378.74530108  1.61614452134  0.0241932888385
1.33761770034  317  390  389.9055402  1.69180738472  0.0784149891874
1.33761770034  317  401  401.138719536  1.65905851698  0.11103993791
1.33761770034  317  412  412.414801806  1.42958443687  0.164694050889
1.33761770034  317  424  423.67833457  1.58839269402  0.019603267455
1.33761770034  317  435  435.174212911  1.658170253  0.102921360833
1.33761770034  317  447  446.624666132  1.55519493106  0.0323238589422
1.33761770034  317  458  458.271157474  1.6456393069  0.116866409238
1.33761770034  317  470  469.852046912  1.71080302761  0.0136072680785
1.33761770034  317  482  481.590884437  1.62724808274  0.033112511946
1.33761770034  317  493  493.43981208  1.62342394648  0.0735065892781
1.33761770034  317  505  505.328641045  1.65472933309  0.0821587950753
1.33761770034  317  517  517.309296461  1.65378318909  0.143294432519
1.33761770034  317  529  529.333521899  1.65884333416  0.0930493530114
1.33761770034  317  541  541.449616289  1.5280683701  0.136571788442
1.33761770034  317  554  553.620960875  1.61053184401  0.0458850630405
1.33761770034  317  566  565.936731346  1.75719142739  0.0353060695797
1.33761770034  317  578  578.359897222  1.63588148493  0.126510234248
1.33761770034  317  591  590.756316353  1.74182970601  0.0138216173636
1.33761770034  317  603  603.36495546  1.69810201128  0.0707167248945
1.33761770034  317  616  615.982367887  1.82639318543  0.0507271884942
1.33761770034  317  629  628.66948772  1.75942917702  0.00057047181252
1.33761770034  317  641  641.504155993  1.65670800663  0.0395449893847
1.33761770034  317  654  654.440736327  1.625583965  0.126388827709
1.33761770034  317  667  667.422986273  1.66890090456  0.120724203899
1.33761770034  317  680  680.47428807  1.5342243493  0.0956400465523
1.33761770034  317  694  693.629192116  1.73406983392  0.044411809297
1.33761770034  317  707  706.900112023  1.81861680357  0.0280870538057
1.33761770034  316  720  720.293641875  1.75679659725  0.0743177811735
1.33761770034  316  734  733.729760303  1.83581671585  0.0227628721891
1.33761770034  316  747  747.312786574  1.82972548886  0.0272771628883
1.33761770034  316  761  760.947638475  1.85862183875  0.0136657527689
1.33761770034  316  775  774.703448349  1.84767984659  0.0305795421717
1.33761770034  316  789  788.553736474  1.73693327774  0.00605947830228
1.33761770034  316  803  802.51468394  1.69737451138  0.058344178733
1.33761770034  316  817  816.556246728  1.62418225802  0.0763307672235
1.33761770034  316  831  830.705764019  1.78312123407  -0.0152812697306
1.33761770034  316  845  845.025787341  1.85297124542  0.0555173648697
1.33761770034  315  859  859.439381334  1.67495626547  0.137798576294
1.33761770034  315  874  873.887523568  1.89904056363  -0.00922098533026
1.33761770034  315  889  888.514992365  1.78507349102  0.0215877934874
1.33761770034  315  903  903.265489436  1.8662087537  0.0792372435086
1.33761770034  315  918  918.069211157  1.93068101915  0.0106220142983
1.33761770034  315  933  932.974101482  1.9095798012  0.0165101587273
1.33761770034  315  948  948.048215695  1.90126722057  0.0852332860654
1.33761770034  314  963  963.143925004  2.01092939005  -0.076377891041
1.33761770034  314  978  978.486576406  1.73022290413  0.0785780313039
1.33761770034  314  994  993.917560225  1.86968017291  0.0865436932065
1.33761770034  314  1009  1009.46862102  1.76391755879  0.0571065207064
