# Band 4A   Etalon 2B   Slice 8
# Distortion map version 06.04.00 - date 2018-10-11
# Trace (isoalpha): Take pixel trace along specified slice, specified alpha position trace is built by taking the pixel in every detector row with alpha value closest to the one specified 
# xpos[i] = np.argmin(alpha_img[i,:])+funcs.find_nearest(alpha_img[i,:][(slice_img[i,:]!=0)],alpha_pos)
#    alpha       x  y      center         FWHM          skewness        wavelength
0.0  340  23  22.8068991361  3.73526383414  -0.0117657736666  20.1614632107
0.0  341  66  65.5837966417  3.61924930738  0.00500091215627  20.0417708405
0.0  341  108  107.480687276  3.51970420552  0.0156409261579  19.923530674
0.0  342  148  148.277653651  3.46839827272  -0.0236260160747  19.8066869585
0.0  342  188  188.264537774  3.43250784456  -0.0314358230441  19.691732039
0.0  342  228  227.663246095  3.46716731506  -0.00252418862018  19.5771539718
0.0  343  266  266.070033065  3.52046833127  -0.0135277292133  19.4649848884
0.0  343  304  303.839109129  3.51376919224  -0.00669755293125  19.3530438777
0.0  343  341  340.765537726  3.38297598818  -0.0168226968206  19.2436326368
0.0  343  377  377.010945893  3.36886905394  -0.00988115405062  19.1338933026
0.0  343  412  412.50779972  3.30954868558  0.000130185097275  19.0270448293
0.0  343  447  447.380164002  3.27818384107  0.0174570566443  18.9202051482
0.0  344  481  481.425151293  3.25629155983  -0.0145100733003  18.8154113991
0.0  344  515  514.99894049  3.26977889001  -0.00915264425255  18.7113872415
0.0  344  548  547.910514238  3.29887318532  -0.0106241782329  18.6083874153
0.0  343  580  580.190428524  3.17636902903  -0.0173014544548  18.5070509048
0.0  343  612  611.919410557  3.21934136525  -0.016317115704  18.4060682894
0.0  343  643  643.0495343  3.31461222141  -0.010363879591  18.3070280955
0.0  343  674  673.618561573  3.17284356162  -0.012286612643  18.2084167589
0.0  343  704  703.664015968  3.24880738073  -0.0146989655733  18.1112220379
0.0  343  733  733.18094218  3.28226684002  -0.0178382062494  18.0150795511
0.0  343  762  762.163837813  3.29159537812  -0.0196101013593  17.919613994
0.0  342  791  790.661013342  3.27755878566  -0.0291424654092  17.8257542415
0.0  342  819  818.728633737  3.2734210647  -0.000674171497201  17.7325128022
0.0  342  846  846.246661274  3.26813448887  -0.00486488102679  17.6404056778
0.0  342  873  873.354033129  3.2918726903  0.0147647551433  17.5493429518
0.0  341  900  900.051556198  3.25450578822  0.00646018654734  17.4591046081
0.0  341  926  926.174338972  3.30938946847  -0.000566666752891  17.3699170388
0.0  341  952  951.883472956  3.29568207008  0.0139298240011  17.2816703693
0.0  341  977  977.178087343  3.39451354349  0.0012094140076  17.1942828582
0.0  340  1002  1002.12966856  3.36435626415  -0.0026025206669  17.1078639433
-2.66451136853  331  23  22.9215930224  3.70823188339  0.00421417979077  20.1614632107
-2.66451136853  331  66  65.8304788686  3.67123313611  0.0130484361322  20.0417708405
-2.66451136853  332  108  107.670441961  3.62230399563  -0.000608692972321  19.923530674
-2.66451136853  332  149  148.604615133  3.51002375496  -0.00852741258998  19.8066869585
-2.66451136853  332  189  188.735656315  3.32964892698  -0.00153641084616  19.691732039
-2.66451136853  333  228  227.927686382  3.41034619688  -0.00544880346817  19.5771539718
-2.66451136853  333  266  266.474236769  3.35893835699  -0.00119022554414  19.4649848884
-2.66451136853  333  304  304.177070103  3.43643762364  -0.0171143522007  19.3530438777
-2.66451136853  333  341  341.176248635  3.44546336354  -0.00625727531707  19.2436326368
-2.66451136853  334  377  377.369578102  3.41510634196  -0.00303852830001  19.1338933026
-2.66451136853  334  413  412.928840277  3.38676899176  -0.00101316741365  19.0270448293
-2.66451136853  334  448  447.788211049  3.37885251534  -0.00203024579082  18.9202051482
-2.66451136853  334  482  481.932784565  3.33983612157  -0.025166165617  18.8154113991
-2.66451136853  334  516  515.541801616  3.30493573322  -0.00166847234297  18.7113872415
-2.66451136853  334  548  548.432672012  3.21286021372  -0.0179459620949  18.6083874153
-2.66451136853  334  581  580.799767004  3.32556197313  0.00268549803581  18.5070509048
-2.66451136853  334  612  612.460557651  3.22786792864  -0.0280212154692  18.4060682894
-2.66451136853  334  644  643.689187934  3.32466474834  0.00931459864065  18.3070280955
-2.66451136853  333  674  674.349108336  3.189659495  0.00998657996071  18.2084167589
-2.66451136853  333  704  704.374801522  3.16382844536  -0.00433113291304  18.1112220379
-2.66451136853  333  734  733.91666349  3.1244902143  -0.0024499292496  18.0150795511
-2.66451136853  333  763  762.881871366  3.19208492302  -0.0282971222463  17.919613994
-2.66451136853  333  791  791.438190707  3.23698809544  0.0023321817173  17.8257542415
-2.66451136853  333  819  819.405718058  3.17835419582  -0.000164306730795  17.7325128022
-2.66451136853  332  847  847.052560642  3.28711553697  -0.00515214251845  17.6404056778
-2.66451136853  332  874  874.117787336  3.28746753141  -0.0113416691649  17.5493429518
-2.66451136853  332  901  900.724909822  3.35120063412  -0.0134174572865  17.4591046081
-2.66451136853  331  927  926.992593155  3.44132700371  0.00501058765636  17.3699170388
-2.66451136853  331  953  952.735716768  3.26925608765  0.00577948060792  17.2816703693
-2.66451136853  331  978  978.038540326  3.27711062444  -0.00133254569145  17.1942828582
-2.66451136853  331  1003  1002.92446056  3.40917613172  -0.0168876650549  17.1078639433
-2.39888236853  332  23  22.86297413  3.78765313636  -0.0170741654775  20.1614632107
-2.39888236853  332  66  65.8103621951  3.72485435709  0.0104450007831  20.0417708405
-2.39888236853  333  108  107.610691224  3.65427243548  -0.00381776589461  19.923530674
-2.39888236853  333  149  148.61446921  3.55548921783  0.00247252843223  19.8066869585
-2.39888236853  333  189  188.692987183  3.36974055321  -0.000345442332008  19.691732039
-2.39888236853  334  228  227.924353917  3.45675453968  -0.00366620699632  19.5771539718
-2.39888236853  334  266  266.439852057  3.46718486642  -0.00599269913458  19.4649848884
-2.39888236853  334  304  304.147527088  3.3980179917  -0.017488741275  19.3530438777
-2.39888236853  334  341  341.181546898  3.4331719053  -0.000815965418486  19.2436326368
-2.39888236853  335  377  377.37720879  3.37162505463  0.00743637448352  19.1338933026
-2.39888236853  335  413  412.897948523  3.37463066027  0.000295174077541  19.0270448293
-2.39888236853  335  448  447.767470764  3.34341857565  0.00127051535319  18.9202051482
-2.39888236853  335  482  481.897228984  3.37548743907  -0.0134867827592  18.8154113991
-2.39888236853  335  516  515.512811211  3.30942495714  0.00639970971398  18.7113872415
-2.39888236853  335  548  548.352393616  3.18065997259  -0.0192833312868  18.6083874153
-2.39888236853  335  581  580.721878751  3.26086635657  -0.00778444184078  18.5070509048
-2.39888236853  335  612  612.424267503  3.18215671381  -0.0136777723531  18.4060682894
-2.39888236853  335  644  643.6090053  3.30214162805  0.00617168292735  18.3070280955
-2.39888236853  334  674  674.270196004  3.23061383994  -0.00265408469887  18.2084167589
-2.39888236853  334  704  704.307190417  3.21519068592  -0.0109089429481  18.1112220379
-2.39888236853  334  734  733.85538664  3.22677336707  -0.00663337195424  18.0150795511
-2.39888236853  334  763  762.80486076  3.20336815473  -0.0261358672857  17.919613994
-2.39888236853  334  791  791.377795332  3.25528634349  0.0109536719843  17.8257542415
-2.39888236853  333  820  819.457997684  3.26104975445  0.0243026287164  17.7325128022
-2.39888236853  333  847  846.97435594  3.28209418298  -0.00820575524095  17.6404056778
-2.39888236853  333  874  874.057063726  3.24195896101  -0.000714476047127  17.5493429518
-2.39888236853  333  901  900.664712076  3.2784023702  -0.00278099456985  17.4591046081
-2.39888236853  332  927  926.923997521  3.34981053042  -0.0126134084393  17.3699170388
-2.39888236853  332  953  952.620524548  3.31557242706  -0.00321317627419  17.2816703693
-2.39888236853  332  978  977.915221914  3.28560550641  -0.00574776925149  17.1942828582
-2.39888236853  332  1003  1002.91622025  3.50964233091  -0.00853805023549  17.1078639433
-2.13325336853  332  23  22.8664568363  3.78042317675  -0.0144774482926  20.1614632107
-2.13325336853  333  66  65.7899928469  3.65249319971  0.00304984674429  20.0417708405
-2.13325336853  334  108  107.584871977  3.61837404687  -0.0124176054451  19.923530674
-2.13325336853  334  149  148.554361865  3.52485788061  -0.00634137005377  19.8066869585
-2.13325336853  334  189  188.619959131  3.43579062129  -0.0122651326267  19.691732039
-2.13325336853  335  228  227.866581689  3.50448335128  -0.010458676564  19.5771539718
-2.13325336853  335  266  266.386808534  3.47542609234  -0.0118524107834  19.4649848884
-2.13325336853  335  304  304.139822679  3.456384558  -0.0135452103264  19.3530438777
-2.13325336853  335  341  341.091120483  3.5980418034  -0.0205554668733  19.2436326368
-2.13325336853  336  377  377.321511093  3.41461331302  0.00360733908272  19.1338933026
-2.13325336853  336  413  412.845765755  3.41911403452  0.00304998448128  19.0270448293
-2.13325336853  336  448  447.746760762  3.30490803948  0.0145070863306  18.9202051482
-2.13325336853  336  482  481.894309146  3.38427779663  0.00151545248965  18.8154113991
-2.13325336853  336  515  515.429178527  3.2875771195  -0.00354638026931  18.7113872415
-2.13325336853  336  548  548.34233876  3.22011150777  -0.0109590226623  18.6083874153
-2.13325336853  336  581  580.624346649  3.31748531617  -0.0160817915261  18.5070509048
-2.13325336853  336  612  612.379437055  3.19278060775  -0.00725974362122  18.4060682894
-2.13325336853  336  644  643.533556615  3.23681475681  0.00468582640938  18.3070280955
-2.13325336853  335  674  674.195680914  3.26267313765  -0.00356654401219  18.2084167589
-2.13325336853  335  704  704.229694226  3.21855821488  -0.0129114482937  18.1112220379
-2.13325336853  335  734  733.76580894  3.21581935581  -0.00483365179289  18.0150795511
-2.13325336853  335  763  762.727934945  3.22994709421  -0.0288012230192  17.919613994
-2.13325336853  335  791  791.299417923  3.25303309328  0.00550622693438  17.8257542415
-2.13325336853  334  819  819.374998707  3.261650672  0.00313419261362  17.7325128022
-2.13325336853  334  847  846.879731873  3.24220792149  -0.00924714897337  17.6404056778
-2.13325336853  334  874  873.974475279  3.25969936796  -0.000603308625966  17.5493429518
-2.13325336853  334  901  900.577367377  3.30475567266  -0.0051576872912  17.4591046081
-2.13325336853  333  927  926.83286604  3.3041076992  -0.0121066077386  17.3699170388
-2.13325336853  333  953  952.535393626  3.30526009848  -0.00437576387538  17.2816703693
-2.13325336853  333  978  977.847112833  3.29194350396  0.00283006892038  17.1942828582
-2.13325336853  332  1003  1002.84809392  3.38284831968  -0.00496007398374  17.1078639433
-1.86762436853  333  23  22.8671073593  3.76606700755  -0.0187174836318  20.1614632107
-1.86762436853  334  66  65.7098785161  3.66017309792  -0.00899989926714  20.0417708405
-1.86762436853  334  108  107.602198356  3.64296371387  -0.00550398019376  19.923530674
-1.86762436853  335  149  148.520825543  3.52490085726  -0.0025129094125  19.8066869585
-1.86762436853  335  189  188.581993837  3.44252591679  -0.0130335310213  19.691732039
-1.86762436853  336  228  227.837347004  3.58871135755  -0.0140189795109  19.5771539718
-1.86762436853  336  266  266.356862666  3.46450851992  -0.00895917102694  19.4649848884
-1.86762436853  336  304  304.055513981  3.53278722679  -0.0209231798227  19.3530438777
-1.86762436853  336  341  340.940709315  3.65830626662  -0.0451825695434  19.2436326368
-1.86762436853  336  377  377.321263859  3.4148063098  0.00510691796551  19.1338933026
-1.86762436853  337  413  412.770882981  3.38102181674  -0.00996933040025  19.0270448293
-1.86762436853  337  448  447.668430238  3.34560121984  0.0138256947096  18.9202051482
-1.86762436853  337  482  481.83815501  3.38691762871  -0.00216052538339  18.8154113991
-1.86762436853  337  515  515.366746219  3.30094932111  -0.0048772611245  18.7113872415
-1.86762436853  337  548  548.292186756  3.27909095245  -0.00486023824445  18.6083874153
-1.86762436853  337  581  580.562584829  3.34238728609  -0.0221511754747  18.5070509048
-1.86762436853  337  612  612.327889865  3.24898763136  -0.00252668180045  18.4060682894
-1.86762436853  336  644  643.533363298  3.24051819991  0.003913739332  18.3070280955
-1.86762436853  336  674  674.124078083  3.23939005454  -0.00169732361188  18.2084167589
-1.86762436853  336  704  704.126522457  3.173684293  -0.0174699065298  18.1112220379
-1.86762436853  336  734  733.66300596  3.24153028209  -0.0151799005428  18.0150795511
-1.86762436853  336  763  762.647088788  3.19860724269  -0.0236937779488  17.919613994
-1.86762436853  336  791  791.204687516  3.22670424826  1.72747874778e-05  17.8257542415
-1.86762436853  335  819  819.298014809  3.31796705503  0.00176888908933  17.7325128022
-1.86762436853  335  847  846.756938689  3.20998635218  -0.0240269436705  17.6404056778
-1.86762436853  335  874  873.877403263  3.24469836457  -0.0124226930885  17.5493429518
-1.86762436853  335  900  900.496407192  3.2794274905  -0.00741837989411  17.4591046081
-1.86762436853  334  927  926.743162004  3.27566011904  -0.00939451603458  17.3699170388
-1.86762436853  334  952  952.454417017  3.29146076584  -0.00802279847529  17.2816703693
-1.86762436853  334  978  977.779142464  3.26195390419  0.0084785467412  17.1942828582
-1.86762436853  333  1003  1002.76631692  3.3701838409  -0.00926609986384  17.1078639433
-1.60199536853  334  23  22.9007476128  3.79968735225  -0.00570035173049  20.1614632107
-1.60199536853  335  66  65.6744007088  3.68768207421  -0.00558633171168  20.0417708405
-1.60199536853  335  108  107.58967038  3.60376816305  -0.00356758111215  19.923530674
-1.60199536853  336  148  148.495491758  3.55172312067  -0.00620454795324  19.8066869585
-1.60199536853  336  188  188.525804696  3.44289690621  -0.0187093994353  19.691732039
-1.60199536853  337  228  227.803145306  3.52441844555  -0.0173632817342  19.5771539718
-1.60199536853  337  266  266.309670048  3.4230477342  -0.0136929766912  19.4649848884
-1.60199536853  337  304  303.995444938  3.5217845879  -0.0266389456357  19.3530438777
-1.60199536853  337  341  341.016927885  3.61597233736  -0.0181398725482  19.2436326368
-1.60199536853  337  377  377.263656523  3.51539127413  -0.00424108007883  19.1338933026
-1.60199536853  338  413  412.723970504  3.38740926042  -0.00374978805376  19.0270448293
-1.60199536853  338  448  447.586409113  3.34187855722  0.000196267685876  18.9202051482
-1.60199536853  338  482  481.798849387  3.35962075174  0.000472664458557  18.8154113991
-1.60199536853  338  515  515.328234884  3.28652743657  -0.00473643721088  18.7113872415
-1.60199536853  338  548  548.20789358  3.27376936703  -0.0164012658002  18.6083874153
-1.60199536853  338  581  580.543877474  3.34169429009  -0.0063563929455  18.5070509048
-1.60199536853  338  612  612.249558587  3.27247304706  -0.0105331961017  18.4060682894
-1.60199536853  337  643  643.444366163  3.21494360013  -0.00394482541086  18.3070280955
-1.60199536853  337  674  674.057795574  3.16604544128  -0.00158586092805  18.2084167589
-1.60199536853  337  704  704.086251501  3.15120939466  -0.0106130490392  18.1112220379
-1.60199536853  337  734  733.566985318  3.25157960475  -0.0237241208518  18.0150795511
-1.60199536853  337  763  762.578874129  3.20509282066  -0.0204816160985  17.919613994
-1.60199536853  337  791  791.106311449  3.27451040671  -0.0105166841594  17.8257542415
-1.60199536853  336  819  819.196584806  3.35178224563  -2.5177263217e-05  17.7325128022
-1.60199536853  336  847  846.706312962  3.27980115322  -0.0132520910903  17.6404056778
-1.60199536853  336  874  873.786244773  3.23652356678  -0.013308538622  17.5493429518
-1.60199536853  336  900  900.39999433  3.27166405675  -0.0138591709141  17.4591046081
-1.60199536853  335  927  926.666392871  3.29454433308  -0.0113321185862  17.3699170388
-1.60199536853  335  952  952.397650421  3.28852704055  0.00471281973375  17.2816703693
-1.60199536853  335  978  977.713754489  3.26403089366  0.0110145184243  17.1942828582
-1.60199536853  334  1003  1002.67483504  3.36386002298  -0.00644391583192  17.1078639433
-1.33636636853  335  23  22.8635225342  3.77466893797  -0.0156559745111  20.1614632107
-1.33636636853  336  66  65.6768118457  3.60600754062  0.00100174976343  20.0417708405
-1.33636636853  336  108  107.595662567  3.52386123344  0.0105764851564  19.923530674
-1.33636636853  337  149  148.507535618  3.5258808965  0.00283577957293  19.8066869585
-1.33636636853  337  188  188.481033253  3.43355611907  -0.021046236302  19.691732039
-1.33636636853  338  228  227.813016799  3.42797871067  -0.00337321414299  19.5771539718
-1.33636636853  338  266  266.252291698  3.42506250658  -0.020803477442  19.4649848884
-1.33636636853  338  304  303.96143268  3.4557427089  -0.0196539750116  19.3530438777
-1.33636636853  338  341  341.048463722  3.49839349048  0.0113343043869  19.2436326368
-1.33636636853  338  377  377.216782148  3.49486865193  -0.00652193628952  19.1338933026
-1.33636636853  339  413  412.718825735  3.41924932444  0.000171731666551  19.0270448293
-1.33636636853  339  448  447.498947114  3.32001946396  -0.0191874061173  18.9202051482
-1.33636636853  339  482  481.731879934  3.35975014847  0.00124126969864  18.8154113991
-1.33636636853  339  515  515.262226378  3.28233398184  -0.00626022150413  18.7113872415
-1.33636636853  339  548  548.171568083  3.26530895659  -0.00544451553891  18.6083874153
-1.33636636853  339  580  580.492063023  3.29221210294  -0.00288362156463  18.5070509048
-1.33636636853  339  612  612.193923359  3.18682682146  -0.00803677777415  18.4060682894
-1.33636636853  338  643  643.393774277  3.26650875375  0.00151994639936  18.3070280955
-1.33636636853  338  674  674.025118227  3.17809605934  0.00595566291892  18.2084167589
-1.33636636853  338  704  704.05350868  3.19713372565  0.0012830664986  18.1112220379
-1.33636636853  338  734  733.515205825  3.2277168309  -0.0129823763661  18.0150795511
-1.33636636853  338  762  762.506443489  3.23875876114  -0.0215205596811  17.919613994
-1.33636636853  338  791  791.044477635  3.22642048023  -0.00649348926808  17.8257542415
-1.33636636853  337  819  819.121493571  3.33018194967  -0.00224392594526  17.7325128022
-1.33636636853  337  847  846.634490383  3.27423868109  -0.00717630396988  17.6404056778
-1.33636636853  337  874  873.723030054  3.26609579655  -0.0105417339251  17.5493429518
-1.33636636853  337  900  900.342700253  3.26630950683  -0.0053705284986  17.4591046081
-1.33636636853  336  927  926.580302554  3.24015990475  -0.0120543398118  17.3699170388
-1.33636636853  336  952  952.327668483  3.30558077697  0.00453649514991  17.2816703693
-1.33636636853  336  978  977.635950653  3.30939141533  0.0137041860589  17.1942828582
-1.33636636853  335  1003  1002.57571334  3.31092091561  -0.004009564263  17.1078639433
-1.07073736853  336  23  22.8353036942  3.7028186847  -0.018492277878  20.1614632107
-1.07073736853  337  66  65.6981729747  3.59307038292  0.00773318452559  20.0417708405
-1.07073736853  337  108  107.575477733  3.52498282533  0.0134476388865  19.923530674
-1.07073736853  338  148  148.448006385  3.48807464488  -0.00773921204912  19.8066869585
-1.07073736853  338  188  188.443458842  3.4433667186  -0.0282029427884  19.691732039
-1.07073736853  339  228  227.776566331  3.37778756176  0.00085462048318  19.5771539718
-1.07073736853  339  266  266.223105263  3.47438005309  -0.0181543824043  19.4649848884
-1.07073736853  339  304  303.980660282  3.47699196257  -0.0102377523552  19.3530438777
-1.07073736853  339  341  340.957665514  3.49255324221  -0.0130746218321  19.2436326368
-1.07073736853  339  377  377.17115992  3.44558783457  -0.00887751949596  19.1338933026
-1.07073736853  339  413  412.696342996  3.37220108355  0.00411384054314  19.0270448293
-1.07073736853  340  448  447.493590228  3.36803615412  -0.000748975011008  18.9202051482
-1.07073736853  340  482  481.667781806  3.32190574902  0.00145246281361  18.8154113991
-1.07073736853  340  515  515.188144146  3.30679573286  -0.0139657496619  18.7113872415
-1.07073736853  340  548  548.075724619  3.29124113171  -0.0231859462714  18.6083874153
-1.07073736853  340  580  580.438169397  3.21743156902  -0.00311679822886  18.5070509048
-1.07073736853  339  612  612.194053208  3.1868472682  -0.00751290815947  18.4060682894
-1.07073736853  339  643  643.345414174  3.31095317878  0.000791057647701  18.3070280955
-1.07073736853  339  674  673.940987916  3.18101030988  -0.00825762695898  18.2084167589
-1.07073736853  339  704  703.963438424  3.17578887023  -0.00803417764022  18.1112220379
-1.07073736853  339  733  733.416348094  3.19273484489  -0.0212084667282  18.0150795511
-1.07073736853  339  762  762.46092881  3.20861571903  -0.0162986653204  17.919613994
-1.07073736853  339  791  790.957816748  3.25591003366  -0.00814514311253  17.8257542415
-1.07073736853  338  819  819.059643338  3.30622083364  0.00193294539374  17.7325128022
-1.07073736853  338  847  846.569259263  3.32891371337  -0.0114805084975  17.6404056778
-1.07073736853  338  874  873.638459867  3.29720337936  -0.00687787008372  17.5493429518
-1.07073736853  338  900  900.260208773  3.2378106334  -0.00248334137391  17.4591046081
-1.07073736853  337  926  926.503442346  3.26550235518  -0.000861342117184  17.3699170388
-1.07073736853  337  952  952.245091213  3.33235799526  0.00484373480628  17.2816703693
-1.07073736853  337  978  977.542427337  3.33199698977  0.0163730305861  17.1942828582
-1.07073736853  336  1002  1002.47663166  3.29264776276  -0.0107652223886  17.1078639433
-0.80510836853  337  23  22.8071420193  3.76965727334  -0.0171267228801  20.1614632107
-0.80510836853  338  66  65.7031176968  3.56022018047  0.0186384035244  20.0417708405
-0.80510836853  338  108  107.560656401  3.51829797794  0.0205370480557  19.923530674
-0.80510836853  339  148  148.397015473  3.52536419234  -0.0104217889414  19.8066869585
-0.80510836853  339  188  188.427199959  3.43857578516  -0.0282352167525  19.691732039
-0.80510836853  339  228  227.770593012  3.35188629479  0.0142148635953  19.5771539718
-0.80510836853  340  266  266.206075069  3.48276523534  -0.0140715651951  19.4649848884
-0.80510836853  340  304  303.932165515  3.45951199179  -0.0155981603128  19.3530438777
-0.80510836853  340  341  340.899750869  3.41510625314  -0.0193161368233  19.2436326368
-0.80510836853  340  377  377.151164941  3.44692952313  -0.00744895784642  19.1338933026
-0.80510836853  340  413  412.642164869  3.38601727823  -0.0110154608592  19.0270448293
-0.80510836853  341  447  447.464786384  3.30591122604  0.00737161373926  18.9202051482
-0.80510836853  341  482  481.582580534  3.30948275415  -0.00718188268078  18.8154113991
-0.80510836853  341  515  515.111569702  3.34822990999  -0.0180673735308  18.7113872415
-0.80510836853  341  548  548.000886845  3.27952119661  -0.0295993133957  18.6083874153
-0.80510836853  341  580  580.382484422  3.19716703691  -0.00192537911991  18.5070509048
-0.80510836853  340  612  612.14050772  3.16450975415  -0.00711762050771  18.4060682894
-0.80510836853  340  643  643.278611242  3.2833186121  -0.00449563295003  18.3070280955
-0.80510836853  340  674  673.859824588  3.18075472102  -0.000284476059001  18.2084167589
-0.80510836853  340  704  703.878240214  3.19230409324  -0.0164989771777  18.1112220379
-0.80510836853  340  733  733.354828682  3.27284121387  -0.0239592936264  18.0150795511
-0.80510836853  340  762  762.372522328  3.14151700262  -0.0156010555921  17.919613994
-0.80510836853  340  791  790.855181112  3.34936401716  -0.0221939712273  17.8257542415
-0.80510836853  339  819  818.949903762  3.27590226466  -0.00279018670577  17.7325128022
-0.80510836853  339  846  846.520763653  3.26553200994  -0.00124438948473  17.6404056778
-0.80510836853  339  874  873.556009418  3.31349148438  -0.00611143154618  17.5493429518
-0.80510836853  339  900  900.188190498  3.27889512114  -0.00952171408938  17.4591046081
-0.80510836853  338  926  926.41329638  3.23996005521  -0.00570215317652  17.3699170388
-0.80510836853  338  952  952.133495779  3.33494115472  -0.0065042600701  17.2816703693
-0.80510836853  338  977  977.430935554  3.34897174359  0.0117728292006  17.1942828582
-0.80510836853  337  1002  1002.40095723  3.33767891018  -0.012468356943  17.1078639433
-0.53947936853  338  23  22.8301125531  3.74618587564  -0.0129672583856  20.1614632107
-0.53947936853  339  66  65.6784329494  3.64342746719  0.0153163457713  20.0417708405
-0.53947936853  339  108  107.555573234  3.52961077153  0.0123201677654  19.923530674
-0.53947936853  340  148  148.369692889  3.44176918323  -0.014043407087  19.8066869585
-0.53947936853  340  188  188.391288217  3.43737468342  -0.0252033281051  19.691732039
-0.53947936853  340  228  227.679639256  3.47944445143  -0.0175746136888  19.5771539718
-0.53947936853  341  266  266.176477291  3.48435623104  -0.0071815009815  19.4649848884
-0.53947936853  341  304  303.90502053  3.45675699713  -0.0139063635832  19.3530438777
-0.53947936853  341  341  340.851082488  3.48803765913  -0.0195829709084  19.2436326368
-0.53947936853  341  377  377.141798751  3.37939049733  0.00188084131216  19.1338933026
-0.53947936853  341  413  412.588939601  3.3806558213  -0.0127523453028  19.0270448293
-0.53947936853  342  447  447.406285358  3.30418703353  0.00995195374931  18.9202051482
-0.53947936853  342  482  481.552903605  3.26126673516  0.00460079783018  18.8154113991
-0.53947936853  342  515  515.1001513  3.33774153543  -0.0107777534813  18.7113872415
-0.53947936853  342  548  547.945710705  3.31300356754  -0.0175855379846  18.6083874153
-0.53947936853  341  580  580.395619908  3.19024575022  0.00141017226892  18.5070509048
-0.53947936853  341  612  612.078681971  3.12837976532  -0.00906263080484  18.4060682894
-0.53947936853  341  643  643.225729818  3.28501826377  0.00353216774338  18.3070280955
-0.53947936853  341  674  673.810631143  3.22935739267  0.0023073874129  18.2084167589
-0.53947936853  341  704  703.818374208  3.19661353691  -0.0107893782273  18.1112220379
-0.53947936853  341  733  733.307454342  3.27001979311  -0.0186991806453  18.0150795511
-0.53947936853  341  762  762.285617787  3.21099266113  -0.024298476641  17.919613994
-0.53947936853  340  791  790.865594954  3.35561655138  -0.00393132374808  17.8257542415
-0.53947936853  340  819  818.86202541  3.29018368874  -0.00365635041914  17.7325128022
-0.53947936853  340  846  846.427518656  3.23962896846  -0.0018153404961  17.6404056778
-0.53947936853  340  874  873.500958071  3.29730545751  -0.00100214453284  17.5493429518
-0.53947936853  339  900  900.193701125  3.25367303723  0.00387446436582  17.4591046081
-0.53947936853  339  926  926.331226005  3.18857448637  -0.00321082648372  17.3699170388
-0.53947936853  339  952  952.020451247  3.30632845952  -0.00559878033508  17.2816703693
-0.53947936853  339  977  977.328864554  3.32571513052  0.00725499885872  17.1942828582
-0.53947936853  338  1002  1002.33593168  3.34819358001  -0.00507726190434  17.1078639433
-0.27385036853  339  23  22.8358316771  3.71284146252  -0.00575668237323  20.1614632107
-0.27385036853  340  66  65.6077163588  3.61854082181  0.0111794428888  20.0417708405
-0.27385036853  340  108  107.526878098  3.50640338447  0.0166212152329  19.923530674
-0.27385036853  341  148  148.312147093  3.48524093091  -0.0220172731449  19.8066869585
-0.27385036853  341  188  188.303604424  3.48232633384  -0.0307505968402  19.691732039
-0.27385036853  341  228  227.660730481  3.43915698429  -0.00876864452394  19.5771539718
-0.27385036853  342  266  266.104911633  3.49967396547  -0.018825696358  19.4649848884
-0.27385036853  342  304  303.879102656  3.52608142434  -0.00536943460381  19.3530438777
-0.27385036853  342  341  340.790302547  3.45660816755  -0.0225327086755  19.2436326368
-0.27385036853  342  377  377.100853166  3.40707604897  0.0105301550478  19.1338933026
-0.27385036853  342  413  412.545057062  3.36690339544  -0.00184411587644  19.0270448293
-0.27385036853  342  447  447.406909274  3.29539905903  0.0132887636086  18.9202051482
-0.27385036853  343  482  481.509275519  3.23550123762  0.000731009567565  18.8154113991
-0.27385036853  343  515  515.084126447  3.29575012532  0.00539431956332  18.7113872415
-0.27385036853  343  548  547.910333524  3.25690043292  -0.0161036021516  18.6083874153
-0.27385036853  342  580  580.306297419  3.19519082896  -0.00417421279444  18.5070509048
-0.27385036853  342  612  611.994224534  3.17692446396  -0.0111325880338  18.4060682894
-0.27385036853  342  643  643.136211711  3.30083794106  -0.0056918870803  18.3070280955
-0.27385036853  342  674  673.707689247  3.18284360453  -0.00453174570289  18.2084167589
-0.27385036853  342  704  703.706892182  3.19943039313  -0.0200623051285  18.1112220379
-0.27385036853  342  733  733.251230906  3.27666512378  -0.0193396947914  18.0150795511
-0.27385036853  342  762  762.225783428  3.28496287653  -0.0192881299122  17.919613994
-0.27385036853  341  791  790.751759531  3.30908884536  -0.0203138818674  17.8257542415
-0.27385036853  341  819  818.798536638  3.26506697482  -0.00405887222126  17.7325128022
-0.27385036853  341  846  846.320439538  3.25321545222  -0.00988041122802  17.6404056778
-0.27385036853  341  873  873.442168739  3.2611096927  0.0146853137214  17.5493429518
-0.27385036853  340  900  900.127542028  3.20409775301  0.00143051529651  17.4591046081
-0.27385036853  340  926  926.261212302  3.23176438207  -0.00237007335343  17.3699170388
-0.27385036853  340  952  951.945905797  3.24426161377  -0.000210756447478  17.2816703693
-0.27385036853  340  977  977.25737357  3.44148371603  -0.00654498703728  17.1942828582
-0.27385036853  339  1002  1002.2510422  3.34898865015  0.000579239058102  17.1078639433
-0.00822136852967  340  23  22.8068991361  3.73526383414  -0.0117657736666  20.1614632107
-0.00822136852967  341  66  65.5838299077  3.61903978961  0.00509079279266  20.0417708405
-0.00822136852967  341  108  107.480687276  3.51970420552  0.0156409261579  19.923530674
-0.00822136852967  342  148  148.277479361  3.46906949757  -0.0242159550301  19.8066869585
-0.00822136852967  342  188  188.264537774  3.43250784456  -0.0314358230441  19.691732039
-0.00822136852967  342  228  227.66326505  3.46723540782  -0.00246088908978  19.5771539718
-0.00822136852967  343  266  266.070033065  3.52046833127  -0.0135277292133  19.4649848884
-0.00822136852967  343  304  303.839109129  3.51376919224  -0.00669755293125  19.3530438777
-0.00822136852967  343  341  340.765537726  3.38297598818  -0.0168226968206  19.2436326368
-0.00822136852967  343  377  377.010945893  3.36886905394  -0.00988115405062  19.1338933026
-0.00822136852967  343  412  412.50779972  3.30954868558  0.000130185097275  19.0270448293
-0.00822136852967  343  447  447.380164002  3.27818384107  0.0174570566443  18.9202051482
-0.00822136852967  343  482  481.509279985  3.23546735914  0.000749408380858  18.8154113991
-0.00822136852967  343  515  515.084126447  3.29575012532  0.00539431956332  18.7113872415
-0.00822136852967  343  548  547.923478635  3.25794922268  -0.0157176577027  18.6083874153
-0.00822136852967  343  580  580.190428524  3.17636902903  -0.0173014544548  18.5070509048
-0.00822136852967  343  612  611.919410557  3.21934136525  -0.016317115704  18.4060682894
-0.00822136852967  343  643  643.0495343  3.31461222141  -0.010363879591  18.3070280955
-0.00822136852967  343  674  673.618561573  3.17284356162  -0.012286612643  18.2084167589
-0.00822136852967  343  704  703.664015968  3.24880738073  -0.0146989655733  18.1112220379
-0.00822136852967  343  733  733.18094218  3.28226684002  -0.0178382062494  18.0150795511
-0.00822136852967  343  762  762.163837813  3.29159537812  -0.0196101013593  17.919613994
-0.00822136852967  342  791  790.660984861  3.27776328687  -0.0293180701492  17.8257542415
-0.00822136852967  342  819  818.728633737  3.2734210647  -0.000674171497201  17.7325128022
-0.00822136852967  342  846  846.246661274  3.26813448887  -0.00486488102679  17.6404056778
-0.00822136852967  342  873  873.354033129  3.2918726903  0.0147647551433  17.5493429518
-0.00822136852967  341  900  900.051513864  3.25479555957  0.0062205026348  17.4591046081
-0.00822136852967  341  926  926.174338972  3.30938946847  -0.000566666752891  17.3699170388
-0.00822136852967  341  952  951.883472956  3.29568207008  0.0139298240011  17.2816703693
-0.00822136852967  340  977  977.242427463  3.42321380452  0.0254513201729  17.1942828582
-0.00822136852967  340  1002  1002.12966856  3.36435626415  -0.0026025206669  17.1078639433
0.25740763147  341  23  22.731794967  3.73293736311  -0.0164038044177  20.1614632107
0.25740763147  342  66  65.5131214131  3.6383847262  -0.00154580496953  20.0417708405
0.25740763147  342  107  107.438991576  3.51386975567  0.0148817301643  19.923530674
0.25740763147  343  148  148.221500787  3.52762003007  -0.0272702307863  19.8066869585
0.25740763147  343  188  188.299884489  3.43623542483  -0.0149592307536  19.691732039
0.25740763147  343  228  227.627738593  3.41841599674  -0.00415617362188  19.5771539718
0.25740763147  344  266  266.050591673  3.47265357793  -0.00603970617168  19.4649848884
0.25740763147  344  304  303.758193669  3.46855117357  -0.0158087431514  19.3530438777
0.25740763147  344  341  340.751471048  3.41401096825  -0.0144125605501  19.2436326368
0.25740763147  344  377  376.970473761  3.40218843169  -0.0038442595073  19.1338933026
0.25740763147  344  412  412.446008033  3.32621772948  -0.00283919357043  19.0270448293
0.25740763147  344  447  447.289951322  3.2975865977  0.00697062067506  18.9202051482
0.25740763147  344  481  481.42527384  3.25553814581  -0.0140317180025  18.8154113991
0.25740763147  344  515  514.99894049  3.26977889001  -0.00915264425255  18.7113872415
0.25740763147  344  548  547.869767219  3.21126505382  -0.0157131319852  18.6083874153
0.25740763147  344  580  580.136458319  3.19232651412  -0.00717146160959  18.5070509048
0.25740763147  344  612  611.813485245  3.24263601123  -0.0219254376342  18.4060682894
0.25740763147  344  643  642.981765593  3.27779669372  -0.0129914629928  18.3070280955
0.25740763147  344  674  673.549157557  3.221746727  -0.00978193515915  18.2084167589
0.25740763147  344  704  703.589557796  3.23758973265  -0.0106809315269  18.1112220379
0.25740763147  344  733  733.119765706  3.29854004001  -0.0106947227787  18.0150795511
0.25740763147  344  762  762.098856446  3.23949177222  -0.0193204901499  17.919613994
0.25740763147  343  791  790.591445294  3.25427245029  -0.0246045257516  17.8257542415
0.25740763147  343  819  818.663901553  3.280366331  0.00402660952985  17.7325128022
0.25740763147  343  846  846.192132533  3.21700569948  0.00351619473727  17.6404056778
0.25740763147  343  873  873.262835334  3.3224581395  0.0127109575945  17.5493429518
0.25740763147  342  900  899.965024639  3.24960969831  0.00863656181634  17.4591046081
0.25740763147  342  926  926.070738972  3.26870004215  -0.00691914697985  17.3699170388
0.25740763147  342  952  951.786351318  3.32487194848  0.006085098097  17.2816703693
0.25740763147  341  977  977.153001231  3.3377592235  0.0086008398987  17.1942828582
0.25740763147  341  1002  1002.03384189  3.3171869874  -0.00722308538591  17.1078639433
0.52303663147  342  23  22.7500010313  3.73487302695  -0.00100932215205  20.1614632107
0.52303663147  343  66  65.4675555336  3.64207012303  -0.00338966272375  20.0417708405
0.52303663147  343  107  107.395741811  3.48025270308  0.00107770392725  19.923530674
0.52303663147  344  148  148.183507626  3.48031740221  -0.016148825416  19.8066869585
0.52303663147  344  188  188.271348052  3.46133920462  -0.0170471298167  19.691732039
0.52303663147  344  228  227.560306021  3.40450656685  -0.0160868587769  19.5771539718
0.52303663147  345  266  266.037403453  3.51556337229  -0.00730677619968  19.4649848884
0.52303663147  345  304  303.719375473  3.430797159  -0.0176209713262  19.3530438777
0.52303663147  345  341  340.70941105  3.44599608994  -0.0035459550105  19.2436326368
0.52303663147  345  377  376.906703119  3.44496602811  -0.0144686353754  19.1338933026
0.52303663147  345  412  412.416855116  3.36124640199  -0.00325014677448  19.0270448293
0.52303663147  345  447  447.221590423  3.26385306128  0.00938244699021  18.9202051482
0.52303663147  345  481  481.373440843  3.31173885577  -0.0146515878556  18.8154113991
0.52303663147  345  515  514.925451301  3.30668992513  -0.00894053986856  18.7113872415
0.52303663147  345  548  547.826740711  3.17270009317  -0.014706401801  18.6083874153
0.52303663147  345  580  580.122706521  3.21510801176  0.00165525983303  18.5070509048
0.52303663147  345  612  611.790975383  3.18975633737  -0.0136919208644  18.4060682894
0.52303663147  345  643  642.912837606  3.21549892225  -0.01849142728  18.3070280955
0.52303663147  345  673  673.471357733  3.2598741258  -0.0179829113713  18.2084167589
0.52303663147  345  704  703.483270013  3.28443212722  -0.0222900186899  18.1112220379
0.52303663147  345  733  733.009850074  3.28850887433  -0.0264629429761  18.0150795511
0.52303663147  345  762  762.04578059  3.25263413475  -0.00949549704817  17.919613994
0.52303663147  344  791  790.546322581  3.31206545382  -0.0224309311604  17.8257542415
0.52303663147  344  819  818.573340739  3.27634039469  -0.00238117176557  17.7325128022
0.52303663147  344  846  846.114706758  3.20613416937  0.00413788207677  17.6404056778
0.52303663147  344  873  873.180481594  3.2625429491  0.00877692888108  17.5493429518
0.52303663147  343  900  899.857834462  3.22633746308  -0.00199408377448  17.4591046081
0.52303663147  343  926  925.98526221  3.2731037535  -0.00107039593907  17.3699170388
0.52303663147  343  952  951.697193871  3.31003549539  0.00165507930462  17.2816703693
0.52303663147  342  977  977.064197438  3.31580554364  0.00659890337307  17.1942828582
0.52303663147  342  1002  1001.94220897  3.27955923589  -0.00328121877015  17.1078639433
0.78866563147  343  23  22.7436845902  3.70944425109  -0.00472429673688  20.1614632107
0.78866563147  344  66  65.4867016153  3.57751052183  0.00191636161283  20.0417708405
0.78866563147  344  107  107.448078137  3.74419372501  0.020680610489  19.923530674
0.78866563147  345  148  148.162607641  3.47065627193  -0.0228532016709  19.8066869585
0.78866563147  345  188  188.266571926  3.51464798206  -0.00678256235017  19.691732039
0.78866563147  345  228  227.542815957  3.41070531523  -0.0210520368455  19.5771539718
0.78866563147  346  266  265.948597527  3.56622904458  -0.0266597182814  19.4649848884
0.78866563147  346  304  303.726224093  3.38405118369  -0.0124508173501  19.3530438777
0.78866563147  346  341  340.648937426  3.4254440165  -0.0117336076437  19.2436326368
0.78866563147  346  377  376.869092965  3.34931726576  -0.00938374220487  19.1338933026
0.78866563147  346  412  412.362130745  3.2887521496  -0.00899156716095  19.0270448293
0.78866563147  346  447  447.125932053  3.19642076541  -0.00421746267704  18.9202051482
0.78866563147  346  481  481.335578288  3.26250139126  -0.0122401098365  18.8154113991
0.78866563147  346  515  514.874533414  3.28324991473  -0.0150665462322  18.7113872415
0.78866563147  346  548  547.734926267  3.17465249888  -0.0177633988028  18.6083874153
0.78866563147  346  580  580.092475838  3.22577488529  0.0068392677686  18.5070509048
0.78866563147  346  612  611.726778337  3.21998095483  -0.0099780461305  18.4060682894
0.78866563147  346  643  642.874085525  3.25813411585  -0.014903962858  18.3070280955
0.78866563147  346  673  673.444356101  3.2392532727  -0.0071668567539  18.2084167589
0.78866563147  346  703  703.427505118  3.28330658349  -0.0154838504461  18.1112220379
0.78866563147  346  733  732.945330549  3.31800905956  -0.0212818830134  18.0150795511
0.78866563147  345  762  762.026227891  3.30637359269  -0.0007464031365  17.919613994
0.78866563147  345  790  790.478186597  3.3138650516  -0.0173652518069  17.8257542415
0.78866563147  345  819  818.547098116  3.29632634077  0.0145747560885  17.7325128022
0.78866563147  345  846  846.020194409  3.23052469756  -0.000436668009046  17.6404056778
0.78866563147  345  873  873.114011269  3.26843461472  0.00706430736793  17.5493429518
0.78866563147  344  900  899.766061259  3.22079477375  -0.00362026974614  17.4591046081
0.78866563147  344  926  925.898994675  3.2180167489  -0.00135179410081  17.3699170388
0.78866563147  344  952  951.608305383  3.24549479558  0.00270031953044  17.2816703693
0.78866563147  343  977  976.994698865  3.32585802063  0.0131895775775  17.1942828582
0.78866563147  343  1002  1001.84934944  3.25039495224  -0.00121409990455  17.1078639433
1.05429463147  344  23  22.7410611307  3.70924580481  -0.00260527965886  20.1614632107
1.05429463147  345  66  65.4855516654  3.55775635984  0.00659539282836  20.0417708405
1.05429463147  345  107  107.329244248  3.61694312743  0.00590461269634  19.923530674
1.05429463147  345  148  148.134688085  3.51722819336  -0.02671701889  19.8066869585
1.05429463147  346  188  188.219951548  3.51448629208  -0.0184089007689  19.691732039
1.05429463147  346  228  227.553052185  3.5400566184  -0.00497918796823  19.5771539718
1.05429463147  346  266  265.93924411  3.51882059969  -0.0157289290329  19.4649848884
1.05429463147  347  304  303.72351162  3.39859202673  -0.00509257150305  19.3530438777
1.05429463147  347  341  340.61666477  3.43722971651  -0.00559535849263  19.2436326368
1.05429463147  347  377  376.83442915  3.33554617389  -0.0120547082022  19.1338933026
1.05429463147  347  412  412.318852566  3.24831503492  -0.00186729192988  19.0270448293
1.05429463147  347  447  447.099701702  3.25789193918  -0.000302856235616  18.9202051482
1.05429463147  347  481  481.279774203  3.30068889701  -0.00393439990162  18.8154113991
1.05429463147  347  515  514.827785064  3.22895769367  -0.0121149947603  18.7113872415
1.05429463147  347  548  547.676420749  3.21945331807  -0.0194113399988  18.6083874153
1.05429463147  347  580  580.001063809  3.17333359799  -0.00380903999783  18.5070509048
1.05429463147  347  612  611.673672239  3.23939231218  -0.000530963477765  18.4060682894
1.05429463147  347  643  642.813617259  3.28235720375  -0.0137675827692  18.3070280955
1.05429463147  347  673  673.409270292  3.2209509509  0.00323718476296  18.2084167589
1.05429463147  347  703  703.399236436  3.25925681078  -0.0022143964176  18.1112220379
1.05429463147  347  733  732.875415072  3.32341669296  -0.024387127749  18.0150795511
1.05429463147  346  762  762.021343026  3.24684899857  0.00459310917507  17.919613994
1.05429463147  346  790  790.415661916  3.28818940875  -0.0168840557233  17.8257542415
1.05429463147  346  818  818.468282654  3.29956269595  0.0148259227912  17.7325128022
1.05429463147  346  846  845.960186752  3.27807334826  0.000940731840033  17.6404056778
1.05429463147  346  873  873.066608458  3.35620503627  0.00171621059196  17.5493429518
1.05429463147  345  900  899.658325386  3.25792638072  -0.00459176371425  17.4591046081
1.05429463147  345  926  925.806379839  3.26671074683  -0.00399411167344  17.3699170388
1.05429463147  345  952  951.528461449  3.26205593671  0.0145654760784  17.2816703693
1.05429463147  344  977  976.89758299  3.34149088148  0.00479589142474  17.1942828582
1.05429463147  344  1002  1001.78187754  3.23539601508  0.0026254059698  17.1078639433
1.31992363147  345  23  22.7372995551  3.71014295125  0.00707750189216  20.1614632107
1.31992363147  345  66  65.4755234286  3.56287530997  0.00988397235114  20.0417708405
1.31992363147  346  107  107.269877438  3.51042675366  -0.00297846751844  19.923530674
1.31992363147  346  148  148.159500971  3.46797584138  -0.014248700542  19.8066869585
1.31992363147  347  188  188.181247293  3.48310005812  -0.0295462338784  19.691732039
1.31992363147  347  228  227.534438633  3.60342673198  -0.00135819097066  19.5771539718
1.31992363147  347  266  265.915725499  3.54695778222  -0.0208488258432  19.4649848884
1.31992363147  348  304  303.649814698  3.3607004034  -0.0152162961639  19.3530438777
1.31992363147  348  341  340.564314981  3.36725627261  -0.00159260663674  19.2436326368
1.31992363147  348  377  376.776841252  3.31407657348  -0.00857348333753  19.1338933026
1.31992363147  348  412  412.28943258  3.29232810697  0.00027473617867  19.0270448293
1.31992363147  348  447  447.099840237  3.30751344612  0.0062155240031  18.9202051482
1.31992363147  348  481  481.185114286  3.35488030839  -0.0178814012774  18.8154113991
1.31992363147  348  515  514.767704099  3.22797237643  -0.0121345958359  18.7113872415
1.31992363147  348  548  547.629874553  3.20986998163  -0.0239024739318  18.6083874153
1.31992363147  348  580  579.928238866  3.21803811808  -0.00792330390171  18.5070509048
1.31992363147  348  612  611.621660196  3.2333997459  -0.00398584312269  18.4060682894
1.31992363147  348  643  642.759247272  3.27756808591  -0.0104030061628  18.3070280955
1.31992363147  348  673  673.319410553  3.16790911048  0.00783081089256  18.2084167589
1.31992363147  348  703  703.331775495  3.29132065756  -0.00895265837415  18.1112220379
1.31992363147  348  733  732.806384735  3.32784868512  -0.017938249462  18.0150795511
1.31992363147  347  762  761.944106495  3.23480932725  0.000467418015493  17.919613994
1.31992363147  347  790  790.366458603  3.26647066353  -0.014349525306  17.8257542415
1.31992363147  347  818  818.364949629  3.26628497801  0.00958041058319  17.7325128022
1.31992363147  347  846  845.880105214  3.23462517179  0.00538866350587  17.6404056778
1.31992363147  346  873  872.991776421  3.25845919058  -0.00434096773095  17.5493429518
1.31992363147  346  900  899.5731855  3.24813465506  -0.00186506730944  17.4591046081
1.31992363147  346  926  925.700315165  3.27469345541  -0.00804971859169  17.3699170388
1.31992363147  346  952  951.493317948  3.31231261182  0.0267122971077  17.2816703693
1.31992363147  345  977  976.786671152  3.31664949686  -0.00577396039269  17.1942828582
1.31992363147  345  1002  1001.69691745  3.28694703053  0.00187750621714  17.1078639433
1.58555263147  346  23  22.7032786059  3.68269230103  0.00346498349618  20.1614632107
1.58555263147  346  65  65.4328865165  3.58680345156  0.00583718921993  20.0417708405
1.58555263147  347  107  107.25541075  3.46308491736  -0.00970147913357  19.923530674
1.58555263147  347  148  148.151980806  3.4742143748  -0.0132099974295  19.8066869585
1.58555263147  348  188  188.138651068  3.50348351168  -0.0299888460929  19.691732039
1.58555263147  348  227  227.459114848  3.55738896935  -0.0183096832018  19.5771539718
1.58555263147  348  266  265.911916579  3.51347445579  -0.00054716605209  19.4649848884
1.58555263147  349  304  303.595581578  3.39923688462  -0.0143594806879  19.3530438777
1.58555263147  349  340  340.52761877  3.34433222204  -0.01339761177  19.2436326368
1.58555263147  349  377  376.723231903  3.35180776323  -0.00484361193184  19.1338933026
1.58555263147  349  412  412.238910711  3.35346814223  -0.00364763044341  19.0270448293
1.58555263147  349  447  447.050233501  3.35993103091  0.0010993488398  18.9202051482
1.58555263147  349  481  481.151665296  3.3032370824  -0.00815472699878  18.8154113991
1.58555263147  349  515  514.706039465  3.29696468441  -0.00996017166665  18.7113872415
1.58555263147  349  548  547.583090565  3.20201092359  -0.0131215951368  18.6083874153
1.58555263147  349  580  579.87216194  3.28693131222  -0.0063828545401  18.5070509048
1.58555263147  349  612  611.568215281  3.22141059456  -0.00453748069288  18.4060682894
1.58555263147  349  643  642.670629747  3.28742998658  -0.0091951175321  18.3070280955
1.58555263147  349  673  673.244422948  3.17562567803  -1.82905722521e-05  18.2084167589
1.58555263147  349  703  703.241944985  3.3634477883  -0.0101093674372  18.1112220379
1.58555263147  349  733  732.709750335  3.28102195949  -0.0256962189324  18.0150795511
1.58555263147  348  762  761.870527357  3.20036232011  0.00709257908652  17.919613994
1.58555263147  348  790  790.279847161  3.2801037432  -0.0130877460747  17.8257542415
1.58555263147  348  818  818.291171138  3.25270363468  0.0112515942213  17.7325128022
1.58555263147  348  846  845.791025715  3.17614169197  0.0118995803305  17.6404056778
1.58555263147  347  873  872.881817996  3.31225812104  -0.00589452105388  17.5493429518
1.58555263147  347  900  899.516476112  3.24042709434  0.00540445452022  17.4591046081
1.58555263147  347  926  925.642106527  3.24149718129  0.00140230036873  17.3699170388
1.58555263147  347  951  951.370354524  3.27817219881  0.00535637933916  17.2816703693
1.58555263147  346  977  976.753407373  3.31939718495  0.00226869948988  17.1942828582
1.58555263147  346  1002  1001.59604583  3.31261625094  0.00455611649412  17.1078639433
1.85118163147  347  23  22.7008113013  3.6396506131  0.0062368149932  20.1614632107
1.85118163147  347  65  65.4189166446  3.60848748324  0.00422676955529  20.0417708405
1.85118163147  348  107  107.212544805  3.52461472488  -0.00490609196221  19.923530674
1.85118163147  348  148  148.124612198  3.53823477498  -0.00843293502759  19.8066869585
1.85118163147  349  188  188.146141633  3.53851991719  -0.0159669019756  19.691732039
1.85118163147  349  227  227.402789086  3.60350191252  -0.018515876648  19.5771539718
1.85118163147  349  266  265.927504209  3.44705805028  0.00768318840669  19.4649848884
1.85118163147  350  304  303.560608321  3.42102137823  -0.0127192690944  19.3530438777
1.85118163147  350  341  340.509712579  3.36832139901  -0.00332656553379  19.2436326368
1.85118163147  350  377  376.686663374  3.32388066203  -0.00696475316956  19.1338933026
1.85118163147  350  412  412.159825646  3.33555947539  -0.00735710177675  19.0270448293
1.85118163147  350  447  446.959134099  3.32760660009  -0.00239161571886  18.9202051482
1.85118163147  350  481  481.134231538  3.34961590078  -6.10147694372e-06  18.8154113991
1.85118163147  350  515  514.62342281  3.28199265162  -0.0167659854111  18.7113872415
1.85118163147  350  548  547.517418619  3.22948592918  -0.0144706530012  18.6083874153
1.85118163147  350  580  579.841851591  3.27446633553  -0.000406069176278  18.5070509048
1.85118163147  350  612  611.500599418  3.24147907467  -0.00676976239441  18.4060682894
1.85118163147  350  643  642.563087571  3.27882051044  -0.0216863232019  18.3070280955
1.85118163147  350  673  673.196510332  3.27220872959  0.00369199434229  18.2084167589
1.85118163147  350  703  703.151534977  3.30880819285  -0.0141133630706  18.1112220379
1.85118163147  350  733  732.651253125  3.29026194375  -0.0192256778605  18.0150795511
1.85118163147  349  762  761.770217228  3.2330387884  -0.00400839237096  17.919613994
1.85118163147  349  790  790.193753701  3.29198099035  -0.00638299103632  17.8257542415
1.85118163147  349  818  818.201851599  3.21683012961  0.00135883222802  17.7325128022
1.85118163147  349  846  845.705323768  3.18968008383  0.00538773376055  17.6404056778
1.85118163147  348  873  872.813603891  3.30291387196  -0.00161704766693  17.5493429518
1.85118163147  348  899  899.433933133  3.2417678461  0.00694294331796  17.4591046081
1.85118163147  348  926  925.559078826  3.27640784927  0.005586724323  17.3699170388
1.85118163147  347  951  951.381596196  3.31020371489  0.0353921790449  17.2816703693
1.85118163147  347  977  976.628869517  3.26796564424  -0.00166758782075  17.1942828582
1.85118163147  347  1002  1001.50423712  3.2827289708  0.00517569151799  17.1078639433
2.11681063147  348  23  22.6925683625  3.62085824805  0.00388890141897  20.1614632107
2.11681063147  348  65  65.3800090503  3.56080604414  0.00264883196269  20.0417708405
2.11681063147  349  107  107.158887922  3.59407477524  -0.0130856786058  19.923530674
2.11681063147  349  148  148.083536554  3.54049262884  -0.011907190172  19.8066869585
2.11681063147  350  188  188.147748852  3.52535443269  -0.009054956206  19.691732039
2.11681063147  350  227  227.392027631  3.57215528556  -0.0103508363921  19.5771539718
2.11681063147  350  266  265.892707249  3.40748261428  0.0148835999006  19.4649848884
2.11681063147  351  304  303.533600848  3.46056360096  -0.0116696570039  19.3530438777
2.11681063147  351  340  340.458626941  3.41818412623  -0.00874590445124  19.2436326368
2.11681063147  351  377  376.653634219  3.354572349  -0.00126655310999  19.1338933026
2.11681063147  351  412  412.093755126  3.30529165138  -0.00466483098779  19.0270448293
2.11681063147  351  447  446.900942366  3.34322663828  -0.0115785941766  18.9202051482
2.11681063147  351  481  481.120748554  3.33224859699  0.00488025844888  18.8154113991
2.11681063147  351  515  514.57855458  3.24342555536  -0.0149890173464  18.7113872415
2.11681063147  351  547  547.460218285  3.32227707421  -0.00980783539848  18.6083874153
2.11681063147  351  580  579.809787531  3.26068224138  0.00880451435369  18.5070509048
2.11681063147  351  611  611.448036759  3.2462074562  0.0037398573003  18.4060682894
2.11681063147  351  642  642.512527148  3.2267039438  -0.0266821454781  18.3070280955
2.11681063147  351  673  673.097706223  3.30558411322  -0.00552121671321  18.2084167589
2.11681063147  351  703  703.09705199  3.28655624215  -0.003076841407  18.1112220379
2.11681063147  350  733  732.664583212  3.28684121696  -0.0120175773651  18.0150795511
2.11681063147  350  762  761.715866625  3.25254414822  0.00047648703438  17.919613994
2.11681063147  350  790  790.14976262  3.27077239446  0.00895357887446  17.8257542415
2.11681063147  350  818  818.140777856  3.2361161885  0.0076754818331  17.7325128022
2.11681063147  350  846  845.632074991  3.24609913585  0.00468100195564  17.6404056778
2.11681063147  349  873  872.738515315  3.27404975546  -0.00767818237479  17.5493429518
2.11681063147  349  899  899.366231954  3.26538905393  0.00900073543345  17.4591046081
2.11681063147  349  925  925.439714942  3.2840367503  -0.000865831271146  17.3699170388
2.11681063147  348  951  951.237505627  3.23445809412  0.00862958038067  17.2816703693
2.11681063147  348  977  976.537024356  3.22412441067  0.00498052006812  17.1942828582
2.11681063147  348  1001  1001.39493684  3.31733427554  0.0053205363718  17.1078639433
2.38243963147  349  23  22.6301974655  3.68876003519  -0.00786307476132  20.1614632107
2.38243963147  349  65  65.3192064053  3.55583750919  -0.000829235624245  20.0417708405
2.38243963147  350  107  107.10875516  3.61844317092  -0.0236359015335  19.923530674
2.38243963147  350  148  148.032375578  3.51675651227  -0.0143050328541  19.8066869585
2.38243963147  351  188  188.107742876  3.49137667999  -0.00458181471468  19.691732039
2.38243963147  351  227  227.354578519  3.57534016334  -0.00724828279333  19.5771539718
2.38243963147  351  266  265.83361516  3.47944707757  0.00213024692985  19.4649848884
2.38243963147  352  304  303.507610762  3.45864042997  -0.00253506400604  19.3530438777
2.38243963147  352  340  340.410316147  3.43344529212  -0.0089191861349  19.2436326368
2.38243963147  352  377  376.58843699  3.43308131559  -0.00157286357967  19.1338933026
2.38243963147  352  412  412.044265464  3.32008150006  -0.00876606621993  19.0270448293
2.38243963147  352  447  446.870348508  3.26380554785  -0.0100326026093  18.9202051482
2.38243963147  352  481  481.036345834  3.28514853354  -0.00440511995282  18.8154113991
2.38243963147  352  514  514.514375797  3.24573948428  -0.0175295906931  18.7113872415
2.38243963147  352  547  547.395104961  3.29716442451  -0.0121571021429  18.6083874153
2.38243963147  352  580  579.744789109  3.29542612916  0.00575203201369  18.5070509048
2.38243963147  352  611  611.381712407  3.25372633685  0.00522088030293  18.4060682894
2.38243963147  352  642  642.439347968  3.26574916498  -0.0396348836688  18.3070280955
2.38243963147  352  673  672.994493415  3.27675971306  -0.0165662075964  18.2084167589
2.38243963147  352  703  703.021076669  3.29809701524  -0.0141248290455  18.1112220379
2.38243963147  351  733  732.623355609  3.30144297533  -0.00548829727672  18.0150795511
2.38243963147  351  762  761.632191395  3.18232400332  0.000514507565161  17.919613994
2.38243963147  351  790  790.06861767  3.20293408198  0.0023134561929  17.8257542415
2.38243963147  351  818  818.076664243  3.24450313811  0.0109287864908  17.7325128022
2.38243963147  351  846  845.538894787  3.22171473133  0.0042120197953  17.6404056778
2.38243963147  350  873  872.643309811  3.25224048226  -0.00826178828793  17.5493429518
2.38243963147  350  899  899.285626802  3.26223737689  0.012526392123  17.4591046081
2.38243963147  350  925  925.359236467  3.26575605512  -0.00256766336451  17.3699170388
2.38243963147  349  951  951.159893091  3.26960396887  0.0106119862945  17.2816703693
2.38243963147  349  976  976.434550057  3.21570769656  0.00621627993668  17.1942828582
2.38243963147  349  1001  1001.29335984  3.36132684721  0.00230436155  17.1078639433
2.64806863147  350  22  22.5355741638  3.67224451686  -0.02377107767  20.1614632107
2.64806863147  350  65  65.3042642727  3.61499698625  0.00263658595606  20.0417708405
2.64806863147  351  107  107.074566224  3.68221713663  -0.0334026541125  19.923530674
2.64806863147  351  148  147.97634173  3.55582854137  -0.0196745867384  19.8066869585
2.64806863147  352  188  188.057496088  3.49872021796  -0.00112557926193  19.691732039
2.64806863147  352  227  227.349823483  3.63893053699  0.000100141868087  19.5771539718
2.64806863147  352  266  265.807807561  3.49355061071  0.00609504122675  19.4649848884
2.64806863147  352  304  303.50738201  3.46403938701  -0.00236322750321  19.3530438777
2.64806863147  353  340  340.38155146  3.35499526067  0.000776916983696  19.2436326368
2.64806863147  353  376  376.509144034  3.39289146029  -0.00897693951835  19.1338933026
2.64806863147  353  412  411.990610353  3.29716960458  -0.0117674214341  19.0270448293
2.64806863147  353  447  446.854667993  3.29646470403  0.000470288864796  18.9202051482
2.64806863147  353  481  480.948191602  3.30925255343  -0.0145588047658  18.8154113991
2.64806863147  353  514  514.465816551  3.23720662931  -0.00901584388779  18.7113872415
2.64806863147  353  547  547.337829208  3.2891062122  -0.00797963670742  18.6083874153
2.64806863147  353  580  579.680386049  3.3307740531  0.00183857857792  18.5070509048
2.64806863147  353  611  611.276350197  3.2262350746  -0.0120902033039  18.4060682894
2.64806863147  353  642  642.359423898  3.21341024638  -0.037443673807  18.3070280955
2.64806863147  353  673  672.952485777  3.29372188007  -0.0103509757196  18.2084167589
2.64806863147  353  703  702.928470279  3.32325576166  -0.023262249371  18.1112220379
2.64806863147  352  733  732.568379073  3.28891419081  0.000810856387351  18.0150795511
2.64806863147  352  762  761.524806686  3.24135212043  -0.0118125998404  17.919613994
2.64806863147  352  790  789.976864837  3.20184505984  -0.00351597317813  17.8257542415
2.64806863147  352  818  817.977946306  3.2930398148  0.00719026608277  17.7325128022
2.64806863147  351  846  845.502916201  3.28939931061  0.00516480471807  17.6404056778
2.64806863147  351  873  872.588137463  3.24166369877  0.000539418570167  17.5493429518
2.64806863147  351  899  899.182036423  3.25699100149  0.00467740809357  17.4591046081
2.64806863147  351  925  925.306970349  3.26892566573  0.00408452799864  17.3699170388
2.64806863147  350  951  951.079553079  3.30807542549  0.00499223428879  17.2816703693
2.64806863147  350  976  976.332716342  3.2333378779  0.00661453083386  17.1942828582
2.64806863147  350  1001  1001.22297885  3.3552895965  0.00809812904115  17.1078639433
2.91369763147  351  22  22.5207263287  3.63656395245  -0.012695219703  20.1614632107
2.91369763147  351  65  65.1997652355  0.0447679294059  -0.0474966369723  20.0417708405
2.91369763147  352  107  107.040929842  3.66705230505  -0.0216399193603  19.923530674
2.91369763147  352  148  147.968463599  3.57509824781  -0.0132351898367  19.8066869585
2.91369763147  353  188  188.044986772  3.51097097194  0.000867614467089  19.691732039
2.91369763147  353  227  227.324541909  3.58633180203  0.00194917464721  19.5771539718
2.91369763147  353  266  265.797939033  3.53039263086  0.00450522899262  19.4649848884
2.91369763147  353  304  303.482343758  3.44316002947  -0.00243481086725  19.3530438777
2.91369763147  354  340  340.342256189  3.29399695206  0.00377753539129  19.2436326368
2.91369763147  354  376  376.434580705  3.34597294523  -0.0048010366329  19.1338933026
2.91369763147  354  412  411.958152644  3.3428950304  -0.00950196975476  19.0270448293
2.91369763147  354  447  446.788619065  3.29338800832  0.00508554213617  18.9202051482
2.91369763147  354  481  480.884607147  3.35869230111  -0.0110778122859  18.8154113991
2.91369763147  354  514  514.41791719  3.24240693678  -0.0056759419719  18.7113872415
2.91369763147  354  547  547.306166149  3.30547735776  0.00400400877043  18.6083874153
2.91369763147  354  580  579.568468246  3.30897524218  -0.00899651653049  18.5070509048
2.91369763147  354  611  611.243568004  3.2660797093  0.000641081544552  18.4060682894
2.91369763147  354  642  642.347944111  3.2169767859  -0.0212536030857  18.3070280955
2.91369763147  354  673  672.887660002  3.34555170654  -0.00745361517828  18.2084167589
2.91369763147  354  703  702.88147403  3.33169649625  -0.0181480318985  18.1112220379
2.91369763147  353  732  732.490229399  3.23449965673  -0.0071888216273  18.0150795511
2.91369763147  353  761  761.440810307  3.2984553463  -0.00208966846561  17.919613994
2.91369763147  353  790  789.91000647  3.21499113514  -0.000785317309935  17.8257542415
2.91369763147  353  818  817.896580588  3.27923059477  0.013890251523  17.7325128022
2.91369763147  352  845  845.435026347  3.19353690137  0.0067107016745  17.6404056778
2.91369763147  352  872  872.427906061  3.23591480336  -0.0224123716396  17.5493429518
2.91369763147  352  899  899.066428663  3.26263924621  0.00238806738429  17.4591046081
2.91369763147  352  925  925.190516459  3.32211634504  -0.0018090319349  17.3699170388
2.91369763147  351  951  950.992677853  3.29808782614  0.0111986481481  17.2816703693
2.91369763147  351  976  976.231982865  3.24058255671  0.00630636146503  17.1942828582
2.91369763147  351  1001  1001.13702771  3.36870673091  0.00821012587261  17.1078639433
3.17932663147  351  22  22.5091535772  3.62595198957  -0.00531308526403  20.1614632107
3.17932663147  352  65  65.1669580282  3.77261756111  -0.0332119137778  20.0417708405
3.17932663147  353  107  107.032573691  3.58955828175  -0.00857396099892  19.923530674
3.17932663147  353  148  147.941254176  3.61214057809  -0.00955400325835  19.8066869585
3.17932663147  353  188  188.042695361  3.51408448438  0.00435193869706  19.691732039
3.17932663147  354  227  227.278952919  3.50793260704  0.00380139327214  19.5771539718
3.17932663147  354  266  265.794102975  3.5500392713  0.0147324214097  19.4649848884
3.17932663147  354  304  303.457327115  3.45967210091  0.00422346204121  19.3530438777
3.17932663147  355  340  340.297925442  3.36941630439  0.0110221356803  19.2436326368
3.17932663147  355  376  376.401651095  3.36551207248  -0.000676248228877  19.1338933026
3.17932663147  355  412  411.935453338  3.33446843952  0.00301371242134  19.0270448293
3.17932663147  355  447  446.675088402  3.24562775135  -0.0178209048297  18.9202051482
3.17932663147  355  481  480.853846657  3.3762908922  -0.00396634393567  18.8154113991
3.17932663147  355  514  514.367918044  3.25756738007  -0.00168423582064  18.7113872415
3.17932663147  355  547  547.221103475  3.27522580288  -0.00956196310614  18.6083874153
3.17932663147  355  580  579.535892243  3.28255110896  0.00328743595011  18.5070509048
3.17932663147  355  611  611.209545783  3.28983790452  0.00321436335029  18.4060682894
3.17932663147  355  642  642.322867601  3.2076465692  -0.0162324790434  18.3070280955
3.17932663147  355  673  672.824840046  3.31246749209  -0.00484390721719  18.2084167589
3.17932663147  354  703  702.881499795  3.33055355853  -0.0176164323532  18.1112220379
3.17932663147  354  732  732.409176017  3.19263776457  -0.00630027918137  18.0150795511
3.17932663147  354  761  761.362591906  3.26927265303  -0.0053134420094  17.919613994
3.17932663147  354  790  789.833606  3.27675652979  0.00296363304663  17.8257542415
3.17932663147  354  818  817.820699158  3.20787389213  0.0192019032902  17.7325128022
3.17932663147  353  845  845.3562638  3.18846162537  0.0111100164035  17.6404056778
3.17932663147  353  872  872.417110815  3.15420433356  0.00724237457383  17.5493429518
3.17932663147  353  899  898.957999874  3.23956817925  -0.0111941149392  17.4591046081
3.17932663147  353  925  925.130425276  3.30498111602  0.000693930199087  17.3699170388
3.17932663147  352  951  950.863356908  3.3150353891  -0.00658075876946  17.2816703693
3.17932663147  352  976  976.164852457  3.16676050943  0.0122465996057  17.1942828582
3.17932663147  352  1001  1001.03319701  3.38908381651  0.00478436189994  17.1078639433
3.44495563147  352  22  22.513238991  3.65439587697  0.0122557113549  20.1614632107
3.44495563147  353  65  65.1741774624  3.68757050733  -0.00856157195548  20.0417708405
3.44495563147  354  107  107.002522961  3.54848905911  -0.00723581500801  19.923530674
3.44495563147  354  148  147.898645881  3.57436669734  -0.00628370699104  19.8066869585
3.44495563147  354  188  187.99121252  3.50866302489  -0.00718978161206  19.691732039
3.44495563147  355  227  227.215798444  3.55537366325  -0.00207928854495  19.5771539718
3.44495563147  355  266  265.788116252  3.53545640717  0.01987757816  19.4649848884
3.44495563147  355  303  303.374395545  3.42505569965  -0.000994941915477  19.3530438777
3.44495563147  356  340  340.209514314  3.39383108133  -0.00272534234863  19.2436326368
3.44495563147  356  376  376.376217697  3.31665675857  -0.00539980504603  19.1338933026
3.44495563147  356  412  411.854809944  3.35604531358  -0.00386990446016  19.0270448293
3.44495563147  356  447  446.629209677  3.27880445301  -0.00527282653691  18.9202051482
3.44495563147  356  481  480.806794234  3.31626301508  -0.0069119841856  18.8154113991
3.44495563147  356  514  514.314281959  3.29595907472  -0.0120661340591  18.7113872415
3.44495563147  356  547  547.146103775  3.23713150416  -0.0209879445993  18.6083874153
3.44495563147  356  580  579.474971225  3.29910930661  0.00639860641552  18.5070509048
3.44495563147  356  611  611.152718877  3.34372334672  0.00681932431463  18.4060682894
3.44495563147  356  642  642.24637665  3.22912126313  -0.00646805148203  18.3070280955
3.44495563147  356  673  672.743312663  3.26585405661  -0.00161784166976  18.2084167589
3.44495563147  355  703  702.826898471  3.35278337156  -0.0141767405528  18.1112220379
3.44495563147  355  732  732.314192461  3.26455004292  -0.0103467975197  18.0150795511
3.44495563147  355  761  761.307337447  3.24028998633  0.000960812738366  17.919613994
3.44495563147  355  790  789.745337568  3.26809305898  0.00418095729381  17.8257542415
3.44495563147  355  818  817.738484058  3.18635132491  0.0159395643981  17.7325128022
3.44495563147  354  845  845.278053309  3.17594522026  0.0167915057824  17.6404056778
3.44495563147  354  872  872.334579613  3.13315963447  0.00188701726473  17.5493429518
3.44495563147  354  899  898.905993275  3.25575633521  -0.00390923686737  17.4591046081
3.44495563147  353  925  925.109127047  3.35031224299  0.00372924400291  17.3699170388
3.44495563147  353  951  950.783772919  3.28974268282  0.00145167144888  17.2816703693
3.44495563147  353  976  976.102054208  3.19438345896  0.0155587975155  17.1942828582
3.44495563147  352  1001  1001.00097333  3.45456280802  0.0108074188174  17.1078639433
3.71058463147  353  22  22.4518865941  3.64515132471  0.0142358002185  20.1614632107
3.71058463147  354  65  65.1847553407  3.62531154139  -0.000838485365416  20.0417708405
3.71058463147  354  107  107.006660656  3.54859241292  -0.00990095970097  19.923530674
3.71058463147  355  148  147.880011155  3.50875102492  0.0172042618055  19.8066869585
3.71058463147  355  188  187.9375809  3.50342944727  -0.0143540787676  19.691732039
3.71058463147  356  227  227.169294555  3.54299073351  -0.00488489781361  19.5771539718
3.71058463147  356  266  265.755354474  3.54945225494  0.0284788605315  19.4649848884
3.71058463147  356  303  303.332216715  3.41911099391  -0.00186600814908  19.3530438777
3.71058463147  356  340  340.209531923  3.40264110704  -0.00044155887684  19.2436326368
3.71058463147  357  376  376.361108157  3.38054314926  0.00369498673744  19.1338933026
3.71058463147  357  412  411.790575713  3.32454077192  -0.00190194719686  19.0270448293
3.71058463147  357  447  446.569301494  3.32387694721  -0.00405642158173  18.9202051482
3.71058463147  357  481  480.72789992  3.32886106  -0.00985560540695  18.8154113991
3.71058463147  357  514  514.253264516  3.30208461345  -0.00898967593429  18.7113872415
3.71058463147  357  547  547.101657704  3.27868595105  -0.00909007171362  18.6083874153
3.71058463147  357  579  579.40323657  3.23913801092  0.0050320529524  18.5070509048
3.71058463147  357  611  611.095924627  3.33165484063  0.00516098788607  18.4060682894
3.71058463147  357  642  642.14389691  3.31587648584  -0.00083314908294  18.3070280955
3.71058463147  357  673  672.670649153  3.23676182932  -0.00879059727335  18.2084167589
3.71058463147  356  703  702.719519596  3.30692862198  -0.0252962210252  18.1112220379
3.71058463147  356  732  732.257227745  3.25111102986  -0.00492580628136  18.0150795511
3.71058463147  356  761  761.204043909  3.29386040718  -0.00230170066398  17.919613994
3.71058463147  356  790  789.650058454  3.21771568365  -0.00213178743303  17.8257542415
3.71058463147  356  818  817.675643796  3.19935528374  0.021328673145  17.7325128022
3.71058463147  355  845  845.201911159  3.21575128135  0.00933394340992  17.6404056778
3.71058463147  355  872  872.233623141  3.17241053745  -0.00218502231725  17.5493429518
3.71058463147  355  899  898.830995617  3.21194109032  -0.0054474118854  17.4591046081
3.71058463147  354  925  925.064929817  3.23587582537  4.69218837021e-05  17.3699170388
3.71058463147  354  951  950.71912408  3.29497019092  0.00794001245637  17.2816703693
3.71058463147  354  976  976.01554928  3.20960811337  0.0154834475508  17.1942828582
3.71058463147  353  1001  1000.93989879  3.33371374605  0.00394156102981  17.1078639433
