# Band 4A   Etalon 2B   Slice 6
# Distortion map version 06.04.00 - date 2018-10-11
# Trace (isoalpha): Take pixel trace along specified slice, specified alpha position trace is built by taking the pixel in every detector row with alpha value closest to the one specified 
# xpos[i] = np.argmin(alpha_img[i,:])+funcs.find_nearest(alpha_img[i,:][(slice_img[i,:]!=0)],alpha_pos)
#    alpha       x  y      center         FWHM          skewness
0.0  79  32  31.6158768868  3.86005598464  0.0100519721294
0.0  79  74  74.4729249141  3.57082836722  -0.0331195178985
0.0  79  116  116.47194403  3.4950396022  -0.0285582820725
0.0  80  158  157.665581624  3.76098752516  -0.0648335337721
0.0  80  198  197.985711626  3.52036006612  -0.038319497714
0.0  80  237  237.404102068  3.61028054051  -0.0313303678666
0.0  80  276  276.154879734  3.56892474608  -0.0247443491166
0.0  81  314  314.263634991  3.48388109108  -0.0143956141185
0.0  81  351  351.437722097  3.3914486593  -0.0143601922758
0.0  81  388  387.88826076  3.4566399597  -0.0040430795658
0.0  81  424  423.692371408  3.3379815066  0.00734688554318
0.0  81  459  458.727930947  3.34731365449  -0.0121938350879
0.0  81  493  493.180891306  3.33884413046  -0.00223062447715
0.0  81  527  526.961225465  3.3689663195  -0.0211690083981
0.0  81  560  560.192521973  3.30891233032  -0.0048871354271
0.0  81  593  592.772842258  3.26853093207  -0.00142247798097
0.0  81  625  624.711024543  3.33420691228  -0.0266094128346
0.0  81  656  656.122757529  3.23803316082  -0.0182255176263
0.0  81  687  686.96298041  3.25377531171  -0.0212527899916
0.0  81  717  717.324580074  3.38184797187  -0.00744256064611
0.0  80  747  747.02381752  3.3541091903  -0.025126911987
0.0  80  776  776.264797589  3.27221568328  -0.0233270005868
0.0  80  805  805.069630861  3.34641140793  -0.012629094579
0.0  80  833  833.401408598  3.33602375731  0.00807255217774
0.0  80  861  861.188586933  3.39544291998  -0.000565794345589
0.0  79  888  888.481187923  3.39274316939  -0.000412555733398
0.0  79  915  915.383233674  3.3634098578  -0.00128608652948
0.0  79  942  941.846507841  3.39306846176  0.00787896825789
0.0  79  968  967.842661275  3.375938999  0.0121938293182
0.0  78  993  993.384597628  3.44677782155  0.00164263718744
0.0  78  1020  1020.44375624  0.0661961686683  2.39984684461
-2.76790944616  68  30  29.9791260002  3.79315685796  -0.00884105915472
-2.76790944616  69  73  73.0799008643  3.65503453633  -0.0121470964656
-2.76790944616  69  115  115.103773351  3.54640564769  -0.0213100122055
-2.76790944616  69  156  156.276571157  3.43476791269  -0.0191122243413
-2.76790944616  70  197  196.674793632  3.46199655568  -0.0394158641219
-2.76790944616  70  236  236.159981562  3.38693134481  -0.0165902197642
-2.76790944616  70  275  274.84922317  3.50202181924  -0.0406893722581
-2.76790944616  70  313  312.807287282  3.49203009784  -0.0436453557694
-2.76790944616  70  350  350.025648696  3.41644317064  -0.0391303701738
-2.76790944616  70  387  386.643764141  3.31993281172  -0.0282768477835
-2.76790944616  70  422  422.357624285  3.36617058226  -0.0338998484294
-2.76790944616  71  458  457.677397227  3.30273240607  -0.00362265544883
-2.76790944616  71  492  492.119986113  3.29481708412  -0.0153884447683
-2.76790944616  71  526  525.951532271  3.32214263123  -0.0234618067361
-2.76790944616  71  559  559.248764892  3.38182761483  0.00606917915149
-2.76790944616  70  592  591.74279206  3.24895545382  -0.00372799639257
-2.76790944616  70  624  623.837066156  3.23035278986  0.0188906823806
-2.76790944616  70  655  655.291693664  3.23995227916  0.0188509270583
-2.76790944616  70  686  686.128204669  3.23475909599  0.00437020231308
-2.76790944616  70  716  716.468304874  3.17817608789  -0.00510253963775
-2.76790944616  70  746  746.255341323  3.20106389155  -0.00741268402175
-2.76790944616  70  776  775.582026744  3.26052329943  0.00630373753495
-2.76790944616  70  804  804.356479399  3.24226919444  0.007412079971
-2.76790944616  69  833  832.574441185  3.23906492177  -0.00102822262093
-2.76790944616  69  860  860.417670688  3.33346987104  -0.0112529998299
-2.76790944616  69  888  887.851811827  3.28402766455  0.000411177210691
-2.76790944616  69  915  914.69484984  3.32470989702  -0.00334641241588
-2.76790944616  69  941  941.206808785  3.40143948956  0.00568111609969
-2.76790944616  68  967  967.201632352  3.40768251333  0.0210556538097
-2.76790944616  68  993  992.826729815  3.44567821806  0.00425263085897
-2.76790944616  68  1018  1017.84739438  3.44469529271  -0.11979925684
-2.54022744616  69  30  30.1144707223  3.74512627704  -0.0114357726744
-2.54022744616  69  73  73.0793607422  3.6472852025  -0.01392424272
-2.54022744616  70  115  115.219050359  3.55974958531  -0.0207445423639
-2.54022744616  70  156  156.384492483  3.46217657073  -0.0185740704873
-2.54022744616  70  197  196.675805817  3.45227795972  -0.0351907083348
-2.54022744616  71  236  236.303190483  3.44272105465  -0.0241603537012
-2.54022744616  71  275  274.987714768  3.57375119262  -0.031671577097
-2.54022744616  71  313  312.99215275  3.6344237159  -0.0188092680865
-2.54022744616  71  350  350.199912748  3.49624743754  -0.0267542730418
-2.54022744616  71  387  386.727192617  3.32962860799  -0.0599542029055
-2.54022744616  71  422  422.472275949  3.26611606824  -0.0312254997587
-2.54022744616  71  458  457.677397227  3.30273240607  -0.00362265544883
-2.54022744616  71  492  492.119986113  3.29481708412  -0.0153884447683
-2.54022744616  71  526  525.951532271  3.32214263123  -0.0234618067361
-2.54022744616  71  559  559.248764892  3.38182761483  0.00606917915149
-2.54022744616  71  592  591.839184025  3.3272725455  -0.00812289797243
-2.54022744616  71  624  623.865939146  3.2863158705  0.00385971189222
-2.54022744616  71  655  655.304723469  3.24979448253  -0.0012171484802
-2.54022744616  71  686  686.155101478  3.26470003577  -0.00752447274065
-2.54022744616  71  717  716.535289741  3.26697640604  -0.00847862619852
-2.54022744616  71  746  746.294651011  3.23993137617  -0.0225196123436
-2.54022744616  71  776  775.635075284  3.256521556  -0.00343240395243
-2.54022744616  71  804  804.435326711  3.26983714562  0.00914890843346
-2.54022744616  70  833  832.649204111  3.32641163864  -0.0106999794435
-2.54022744616  70  860  860.480743411  3.36092691606  -0.0143909511173
-2.54022744616  70  888  887.911068058  3.3335858432  0.00690928210225
-2.54022744616  70  915  914.782276939  3.37388259028  0.000204998115856
-2.54022744616  69  941  941.205802017  3.34902812068  -0.00842486441037
-2.54022744616  69  967  967.281661523  3.35777988094  0.0221454512811
-2.54022744616  69  993  992.876983653  3.46024709564  0.00631235325984
-2.54022744616  69  1018  1018.12342049  3.58899039841  0.0764357964594
-2.31254544616  70  30  30.2957968365  3.66723405427  -0.00898250502655
-2.31254544616  70  73  73.2244829671  3.64918331176  -0.0195580173857
-2.31254544616  71  115  115.372070724  3.54304688755  -0.0181395823497
-2.31254544616  71  156  156.50770028  3.41781100013  -0.0291869041238
-2.31254544616  71  197  196.783647051  3.51637752328  -0.0330904652189
-2.31254544616  71  236  236.296337139  3.4904360527  -0.0335796454501
-2.31254544616  72  275  275.17043091  3.49909063451  -0.0214227939198
-2.31254544616  72  313  313.170250884  3.58506946359  -0.00210422361485
-2.31254544616  72  350  350.382610718  3.47036363737  -0.0116447350183
-2.31254544616  72  387  386.861447032  3.36320242242  -0.0243175395816
-2.31254544616  72  423  422.598884175  3.29375877838  -0.021076503546
-2.31254544616  72  458  457.794616005  3.3322184836  -0.0022452814093
-2.31254544616  72  492  492.190013498  3.27221037312  -0.0187249311429
-2.31254544616  72  526  526.032258835  3.2891243162  -0.0215904415754
-2.31254544616  72  559  559.358698089  3.30483643976  0.00659948205781
-2.31254544616  72  592  591.916585736  3.28696374567  -0.00898434559213
-2.31254544616  72  624  623.923304221  3.21299513576  -0.00885281927827
-2.31254544616  72  655  655.386744038  3.24124463528  -0.00230574995112
-2.31254544616  72  686  686.208648735  3.21372995129  -0.020809207835
-2.31254544616  72  717  716.590436383  3.26193673152  -0.021052357786
-2.31254544616  72  746  746.371897647  3.23640757223  -0.0247845478125
-2.31254544616  72  776  775.705806563  3.23535056715  -0.0113553663779
-2.31254544616  71  804  804.435607385  3.26062712258  0.00209737622944
-2.31254544616  71  833  832.720982763  3.3909002246  -0.00312328365343
-2.31254544616  71  861  860.565530849  3.31701524136  -0.0139126783225
-2.31254544616  71  888  887.987298703  3.32373020993  0.0119603362837
-2.31254544616  71  915  914.861565085  3.42539970095  0.000514388103698
-2.31254544616  70  941  941.293556203  3.4203542659  0.00798694378619
-2.31254544616  70  967  967.328110764  3.40600839318  0.0196031909473
-2.31254544616  70  993  992.940362205  3.44960829705  0.00644140985964
-2.31254544616  70  1018  1018.09713714  0.0427959286046  -0.0618160351252
-2.08486344616  71  30  30.4704840942  3.62768758915  -0.00912698643346
-2.08486344616  71  73  73.4180903667  3.61714332603  -0.00685513125799
-2.08486344616  71  115  115.379030265  3.59532376967  -0.0260523695279
-2.08486344616  72  157  156.614945654  3.5157516148  -0.0327543190659
-2.08486344616  72  197  196.936529242  3.50243164838  -0.034383918539
-2.08486344616  72  236  236.424306036  3.54705013401  -0.024124726233
-2.08486344616  73  275  275.302247674  3.49935729109  -0.0226160564464
-2.08486344616  73  313  313.281321944  3.51929837176  -0.0131696777793
-2.08486344616  73  350  350.506386104  3.41189504332  -0.0142849620237
-2.08486344616  73  387  386.972119636  3.43029804411  -0.0171636472138
-2.08486344616  73  423  422.727265015  3.37750598794  -0.0214738225302
-2.08486344616  73  458  457.911140949  3.33327102125  -0.0081064809023
-2.08486344616  73  492  492.355725055  3.23998582568  -0.015278924569
-2.08486344616  73  526  526.166237326  3.33070706307  -0.016865796462
-2.08486344616  73  560  559.459215927  3.34782944886  0.00704914230088
-2.08486344616  73  592  592.007817492  3.26897959378  -0.0151436015898
-2.08486344616  73  624  624.041255322  3.28473856128  0.00137263931907
-2.08486344616  73  655  655.466484492  3.26622066965  -0.0111689757109
-2.08486344616  73  686  686.295060408  3.22738410938  -0.0219815547496
-2.08486344616  73  717  716.722519543  3.23618186271  -0.00643946960417
-2.08486344616  73  746  746.463830431  3.2352081147  -0.0203225850847
-2.08486344616  72  776  775.705869343  3.23573491363  -0.010992655997
-2.08486344616  72  804  804.482561158  3.30772242199  -0.0250248360179
-2.08486344616  72  833  832.818685671  3.35120583538  -0.00172361867269
-2.08486344616  72  861  860.648838272  3.3176924291  -0.0100634443754
-2.08486344616  72  888  888.069799231  3.28488375382  0.0117388694641
-2.08486344616  71  915  914.861590533  3.42532169034  0.000623053822522
-2.08486344616  71  941  941.370999726  3.35807335299  0.00811030836028
-2.08486344616  71  967  967.383990606  3.44668219938  0.0169511776268
-2.08486344616  71  993  993.046000124  3.43046173082  0.0169261820813
-2.08486344616  70  1018  1018.09757955  0.0427616195567  -0.0608034646212
-1.85718144616  72  31  30.6587080327  3.71957035987  0.00265048445479
-1.85718144616  72  74  73.5677188187  3.53726803546  -0.0100206947563
-1.85718144616  72  116  115.565110937  3.5056273933  -0.0145481755755
-1.85718144616  73  157  156.767285753  3.49010689189  -0.0296523434991
-1.85718144616  73  197  197.077827202  3.49512469982  -0.0288997991938
-1.85718144616  73  237  236.557568185  3.5112011721  -0.0188621896043
-1.85718144616  73  275  275.301922951  3.50144608761  -0.0235958917302
-1.85718144616  74  313  313.418488827  3.51625195805  -0.00764558149608
-1.85718144616  74  351  350.635143495  3.37878002424  -0.0117906824319
-1.85718144616  74  387  387.070999988  3.41945691554  -0.0187202009742
-1.85718144616  74  423  422.839499078  3.41279824329  -0.0164249258181
-1.85718144616  74  458  458.019116037  3.36662315415  -0.0123541010076
-1.85718144616  74  492  492.476033574  3.30602569012  -0.00812222820978
-1.85718144616  74  526  526.300027563  3.3545513213  -0.00910478802937
-1.85718144616  74  560  559.51446725  3.33524235828  -0.00585931483503
-1.85718144616  74  592  592.110924948  3.21575219745  -0.00989389957251
-1.85718144616  74  624  624.138400204  3.24585167554  0.0044605642532
-1.85718144616  74  656  655.550658543  3.30574851899  -0.00750953211198
-1.85718144616  74  686  686.40041111  3.26856089897  -0.0164270183733
-1.85718144616  74  717  716.800087683  3.30494909214  -0.0130527327026
-1.85718144616  73  746  746.463821888  3.23506391916  -0.0204000970683
-1.85718144616  73  776  775.751150612  3.22479129741  -0.0173442500765
-1.85718144616  73  805  804.580209663  3.22690873367  -0.00275579842791
-1.85718144616  73  833  832.911637091  3.35523213477  -0.00081414706424
-1.85718144616  73  861  860.70454037  3.36713818963  -0.0146222445259
-1.85718144616  72  888  888.108674692  3.19157975999  0.00390653555628
-1.85718144616  72  915  914.940850545  3.39777690405  -0.00288873492046
-1.85718144616  72  941  941.443127702  3.37541723161  0.0143519856771
-1.85718144616  72  967  967.442345117  3.44484221645  0.0150948003358
-1.85718144616  72  993  993.120388896  3.45440387297  0.0221222103407
-1.85718144616  71  1019  1018.02879349  3.5501470811  0.0632453570746
-1.62949944616  72  31  30.6583420602  3.72386716495  0.000382082797325
-1.62949944616  73  74  73.660038094  3.56270841101  -0.0301305193727
-1.62949944616  73  116  115.673295227  3.44594455997  -0.021587281947
-1.62949944616  74  157  156.900016806  3.54083015891  -0.0287152864459
-1.62949944616  74  197  197.196208558  3.49823980563  -0.036120139228
-1.62949944616  74  237  236.707263712  3.37564376907  -0.0258569300434
-1.62949944616  74  275  275.414922243  3.54916549075  -0.0234647212114
-1.62949944616  74  313  313.418666146  3.51555592348  -0.00713168955231
-1.62949944616  75  351  350.750032127  3.43840678803  -0.0131383343914
-1.62949944616  75  387  387.203237225  3.41476002655  -0.0199018237008
-1.62949944616  75  423  422.982031643  3.38278337794  -0.00290373824776
-1.62949944616  75  458  458.082991189  3.33715907053  -0.0208089598551
-1.62949944616  75  493  492.573385315  3.29733321041  -0.00532492987464
-1.62949944616  75  526  526.395323734  3.36423828691  -0.0109769216814
-1.62949944616  75  560  559.589844796  3.34019151813  -0.0148101083104
-1.62949944616  75  592  592.150651577  3.22980017229  -0.0228563933121
-1.62949944616  75  624  624.199541127  3.19954276107  -0.00582182865104
-1.62949944616  75  656  655.633381161  3.32210520725  -0.00908562940187
-1.62949944616  75  686  686.523730263  3.32911776993  0.0114239111619
-1.62949944616  74  717  716.799947736  3.30343187851  -0.0137164853822
-1.62949944616  74  747  746.570224736  3.21650138585  -0.0146703256085
-1.62949944616  74  776  775.826909649  3.22809494453  -0.0114195798293
-1.62949944616  74  805  804.662163738  3.23984111211  -0.00154118907519
-1.62949944616  74  833  832.971841427  3.33493174398  -0.00191636606361
-1.62949944616  74  861  860.793717837  3.37954857776  -0.010876710089
-1.62949944616  73  888  888.117420921  3.32261074765  -0.00378665031659
-1.62949944616  73  915  915.036431244  3.36325404107  0.00621830374548
-1.62949944616  73  942  941.491490333  3.40979876384  0.0147613941446
-1.62949944616  73  968  967.49917968  3.38523282808  0.00658751931998
-1.62949944616  72  993  993.120413804  3.45178768879  0.0191594849883
-1.62949944616  72  1019  1018.79455149  1.06299656633  -2.18520419937
-1.40181744616  73  31  30.7903168064  3.75089023031  0.0081220592248
-1.40181744616  74  74  73.7732347875  3.54483874808  -0.0281667382587
-1.40181744616  74  116  115.798774848  3.47793570804  -0.0214046380334
-1.40181744616  74  157  156.891014519  3.51070726841  -0.0401178590574
-1.40181744616  75  197  197.295122379  3.53756533629  -0.0441991667935
-1.40181744616  75  237  236.799950834  3.38936116989  -0.0324264426883
-1.40181744616  75  276  275.567486568  3.51828775397  -0.0159767744021
-1.40181744616  75  314  313.521112255  3.50625932335  -0.0160076961008
-1.40181744616  75  351  350.750032127  3.43840678803  -0.0131383343914
-1.40181744616  76  387  387.366900646  3.38407680601  -0.00795951377783
-1.40181744616  76  423  423.094653711  3.29591662858  -0.00964346564093
-1.40181744616  76  458  458.216052205  3.24394582359  -0.00790451195425
-1.40181744616  76  493  492.660039153  3.29794719384  -0.00933742528737
-1.40181744616  76  526  526.478828293  3.32406277753  -0.0202416714169
-1.40181744616  76  560  559.698034269  3.31132653755  -0.0116553127232
-1.40181744616  76  592  592.231679188  3.27173414511  -0.0232393075227
-1.40181744616  76  624  624.296999667  3.24574532441  -0.00694741825373
-1.40181744616  75  656  655.63345951  3.32165967171  -0.00875697393306
-1.40181744616  75  686  686.523552151  3.32618502997  0.0102451460009
-1.40181744616  75  717  716.870322887  3.29668685154  -0.0088357572265
-1.40181744616  75  747  746.656021034  3.30918956973  -0.0105977206932
-1.40181744616  75  776  775.925615664  3.27044789819  -0.00829452018972
-1.40181744616  75  805  804.721978971  3.25516812763  -0.0122080192153
-1.40181744616  75  833  833.02413096  3.31580716628  -0.00906091851207
-1.40181744616  74  861  860.79377999  3.37984354002  -0.0105667145454
-1.40181744616  74  888  888.161587683  3.36857692618  -0.0152234397689
-1.40181744616  74  915  915.101301227  3.39054500041  0.0159162877246
-1.40181744616  74  942  941.556902152  3.41178544668  0.0126200855467
-1.40181744616  73  968  967.525171745  3.28926899526  0.00395977213986
-1.40181744616  73  993  993.143156339  3.48812826837  0.00995178983505
-1.40181744616  73  1017  1016.2997075  0.0493602533237  -2.65755107291
-1.17413544616  74  31  30.9247058667  3.6577246024  0.000122535180455
-1.17413544616  75  74  73.9273461103  3.613744411  -0.00132099991604
-1.17413544616  75  116  115.924794205  3.57648288804  -0.0268720461202
-1.17413544616  75  157  157.068273796  3.55915169425  -0.0224920335765
-1.17413544616  76  197  197.434763062  3.44262755003  -0.0261738823712
-1.17413544616  76  237  236.961009756  3.52518796581  -0.0219676523128
-1.17413544616  76  276  275.697688152  3.49908352381  -0.0197367140824
-1.17413544616  76  314  313.634180604  3.49713026058  -0.0203602025049
-1.17413544616  76  351  350.831491627  3.49173243919  -0.0271198274648
-1.17413544616  76  387  387.366761876  3.38468950744  -0.0083987136013
-1.17413544616  76  423  423.094653711  3.29591662858  -0.00964346564093
-1.17413544616  77  458  458.311912093  3.26391071316  -0.0126909350013
-1.17413544616  77  493  492.786097056  3.33515347431  0.00139527305294
-1.17413544616  77  527  526.607158685  3.3365231849  -0.0141146089095
-1.17413544616  77  560  559.811968403  3.38475085787  -0.00534716588118
-1.17413544616  76  592  592.23154072  3.27227163374  -0.023790938264
-1.17413544616  76  624  624.296999667  3.24574532441  -0.00694741825373
-1.17413544616  76  656  655.74027149  3.45976811488  -0.00662117123132
-1.17413544616  76  687  686.630257464  3.41199880116  0.0448555809767
-1.17413544616  76  717  716.965575152  3.26088861337  -0.0102860977486
-1.17413544616  76  747  746.754496408  3.2920535559  -0.000198100585663
-1.17413544616  76  776  776.015425396  3.32838366627  -0.00650131191311
-1.17413544616  76  805  804.809704155  3.31618341038  -0.0110716596906
-1.17413544616  75  833  833.024276891  3.31499938843  -0.00833817533677
-1.17413544616  75  861  860.885438288  3.36853333966  -0.00458098388627
-1.17413544616  75  888  888.246732897  3.37618575856  -0.00155544819463
-1.17413544616  75  915  915.153241382  3.36455322747  0.0116312306489
-1.17413544616  75  942  941.633592639  3.36986706994  0.0134483112857
-1.17413544616  74  968  967.561643274  3.39117635643  0.00817377598985
-1.17413544616  74  993  993.200854322  3.47400922556  0.0367706615614
-1.17413544616  74  1018  1018.44435695  3.13429641967  0.14146583095
-0.946453446162  75  31  31.0498864147  3.72278400941  -0.00904913997287
-0.946453446162  75  74  73.9135589627  3.61547018785  -0.0196334450456
-0.946453446162  76  116  116.08208815  3.58180575797  -0.0219000308553
-0.946453446162  76  157  157.216168958  3.46371138585  -0.0132674111429
-0.946453446162  76  197  197.419746635  3.46222063375  -0.0438252467407
-0.946453446162  77  237  237.092304246  3.50450603638  -0.0223009494544
-0.946453446162  77  276  275.854209782  3.54508788623  -0.0125778180378
-0.946453446162  77  314  313.805819285  3.48353366255  -0.0112693007622
-0.946453446162  77  351  350.978663798  3.53096052088  -0.00840772641323
-0.946453446162  77  388  387.48170907  3.35130816399  -0.00498619990403
-0.946453446162  77  423  423.212530753  3.30740019979  -0.00313433373005
-0.946453446162  77  458  458.311912093  3.26391071316  -0.0126909350013
-0.946453446162  77  493  492.786097056  3.33515347431  0.00139527305294
-0.946453446162  77  527  526.607158685  3.3365231849  -0.0141146089095
-0.946453446162  77  560  559.811968403  3.38475085787  -0.00534716588118
-0.946453446162  77  592  592.358716665  3.3454195385  -0.0150389407035
-0.946453446162  77  624  624.400104792  3.28962160706  -0.00661718336897
-0.946453446162  77  656  655.805235662  3.26693301307  -0.0105101030572
-0.946453446162  77  687  686.686206502  3.28671031029  -0.0106535242247
-0.946453446162  77  717  717.052260353  3.30043411583  -0.00757549006743
-0.946453446162  77  747  746.843210736  3.36131803329  0.00170584485261
-0.946453446162  77  776  776.080878486  3.28963077731  -0.0120783015162
-0.946453446162  76  805  804.840145443  3.27344804416  -0.00974685442494
-0.946453446162  76  833  833.102810717  3.36392741764  -0.00336648136274
-0.946453446162  76  861  860.981583911  3.32850983146  0.00162680173819
-0.946453446162  76  888  888.347215399  3.34378893243  0.00771443492396
-0.946453446162  76  915  915.210961408  3.35285804725  0.00691334119321
-0.946453446162  75  942  941.633776798  3.37125205822  0.0145767732578
-0.946453446162  75  968  967.602910149  3.36517961236  0.00711553650574
-0.946453446162  75  993  993.233477703  3.42524256693  0.002390563322
-0.946453446162  75  1018  1018.51397595  3.70325253052  0.0767228802659
-0.718771446162  76  31  31.1936331501  3.72083780531  -0.00224884334123
-0.718771446162  76  74  74.0494481216  3.60441508867  -0.0195167466773
-0.718771446162  77  116  116.250496747  3.51930423747  -0.0154912412064
-0.718771446162  77  157  157.327389214  3.42932273608  -0.0240392465719
-0.718771446162  77  198  197.514479866  3.52637575097  -0.0527524371878
-0.718771446162  77  237  237.091976694  3.4967736143  -0.0275784015655
-0.718771446162  78  276  275.97301145  3.58485167971  -0.00798324533467
-0.718771446162  78  314  313.948303277  3.4941602536  0.000974815279875
-0.718771446162  78  351  351.110411909  3.53583607124  -0.00856108584049
-0.718771446162  78  388  387.559093635  3.33723521441  -0.0105782128677
-0.718771446162  78  423  423.32273723  3.40464729673  -0.00688158522993
-0.718771446162  78  458  458.413212098  3.33177486394  -0.0134897597892
-0.718771446162  78  493  492.896531207  3.38941156912  0.00195218559212
-0.718771446162  78  527  526.706633011  3.35633201086  -0.0123258609272
-0.718771446162  78  560  559.891627588  3.35065385333  -0.016383512049
-0.718771446162  78  592  592.478677065  3.33638389758  -0.0111479383189
-0.718771446162  78  624  624.475857558  3.31915474029  -0.00935715235971
-0.718771446162  78  656  655.889172031  3.30362487911  -0.0100612235661
-0.718771446162  78  687  686.731862951  3.29003366965  -0.0213453263746
-0.718771446162  78  717  717.146631692  3.32503999418  0.00405699549159
-0.718771446162  78  747  746.902462715  3.37979492337  -0.00448731467579
-0.718771446162  78  776  776.131938805  3.28334029455  -0.0184893585195
-0.718771446162  77  805  804.877202815  3.33433428817  -0.00681134039973
-0.718771446162  77  833  833.167884659  3.3987723  -8.45796677566e-05
-0.718771446162  77  861  861.046638755  3.36034228422  0.00103929049297
-0.718771446162  77  888  888.400061912  3.35069728354  0.00808350725974
-0.718771446162  77  915  915.271823191  3.35032611816  0.0005258551257
-0.718771446162  76  942  941.68707727  3.33407416122  0.0164147332606
-0.718771446162  76  968  967.696359378  3.35179550071  0.0178387268537
-0.718771446162  76  993  993.291233633  3.40797466784  0.00530859584171
-0.718771446162  76  1019  1018.45139811  3.07066875456  -0.0886537113535
-0.491089446162  77  31  31.3405674122  3.7877231311  -0.0087361184668
-0.491089446162  77  74  74.1955652664  3.59821406993  -0.0170923413381
-0.491089446162  77  116  116.249711693  3.50608326744  -0.0205306707399
-0.491089446162  78  158  157.468599771  3.52591964765  -0.0267657574681
-0.491089446162  78  198  197.674287085  3.52715293713  -0.0425789597987
-0.491089446162  78  237  237.166268693  3.51366095555  -0.030865448047
-0.491089446162  79  276  276.046340978  3.60709827296  -0.0201157422945
-0.491089446162  79  314  314.081919906  3.50272215658  0.00605456506444
-0.491089446162  79  351  351.195188948  3.48964962234  -0.0163164376864
-0.491089446162  79  388  387.640632687  3.39236308763  -0.0181497294743
-0.491089446162  79  423  423.452566587  3.36072835958  9.36715727574e-05
-0.491089446162  79  458  458.512977401  3.28921754452  -0.0111157474252
-0.491089446162  79  493  493.00115393  3.41365461512  0.00335161508805
-0.491089446162  79  527  526.768444446  3.32395991401  -0.0160514305027
-0.491089446162  79  560  560.009078945  3.33092673183  -0.00627001516436
-0.491089446162  79  593  592.574962279  3.3136476437  -0.00451970257803
-0.491089446162  79  625  624.541028492  3.32141920607  -0.0109680885373
-0.491089446162  79  656  655.956969518  3.31228857979  -0.0155334955737
-0.491089446162  79  687  686.804504509  3.24176051919  -0.0187141043836
-0.491089446162  79  717  717.222256558  3.30137896988  0.0063150317301
-0.491089446162  79  747  746.942608608  3.37535094511  -0.020952399142
-0.491089446162  78  776  776.131934858  3.28369398  -0.0183913384692
-0.491089446162  78  805  804.947585829  3.2421992777  -0.00220045739863
-0.491089446162  78  833  833.249085988  3.37618391246  -9.9654557271e-05
-0.491089446162  78  861  861.094949425  3.39025564239  0.00478031656238
-0.491089446162  78  888  888.429862428  3.36002060835  -0.00101376217349
-0.491089446162  77  915  915.258578729  3.3484315644  -0.00236783507794
-0.491089446162  77  942  941.72499925  3.39506046802  0.00910333747269
-0.491089446162  77  968  967.751486233  3.36262890449  0.0118916063326
-0.491089446162  77  993  993.335231698  3.39068451183  0.00280346519709
-0.491089446162  76  1019  1018.43260321  3.14936998954  -0.13327190791
-0.263407446162  78  31  31.4108050111  3.90038587118  -0.0103696656927
-0.263407446162  78  74  74.3450566373  3.58226643817  -0.0265805320938
-0.263407446162  78  116  116.365051267  3.50469695968  -0.0247582417737
-0.263407446162  79  158  157.558409141  3.63653709953  -0.0454311250611
-0.263407446162  79  198  197.846428009  3.52058905657  -0.0381235996003
-0.263407446162  79  237  237.278788552  3.55191796088  -0.0318358298979
-0.263407446162  79  276  276.046262077  3.6073134352  -0.0203374382882
-0.263407446162  80  314  314.172735885  3.48079913721  -0.00253360381596
-0.263407446162  80  351  351.32666629  3.44059840732  -0.0111879010267
-0.263407446162  80  388  387.73702086  3.40194755596  -0.0166533800813
-0.263407446162  80  424  423.51915623  3.31689013144  -0.0161216523545
-0.263407446162  80  459  458.610531896  3.29906831163  -0.0152430818288
-0.263407446162  80  493  493.077177355  3.38679895015  -0.00327562093977
-0.263407446162  80  527  526.835708152  3.33215032262  -0.0240130521329
-0.263407446162  80  560  560.108119766  3.30903212748  -0.00108406054954
-0.263407446162  80  593  592.667434486  3.27592377128  -0.0134730440065
-0.263407446162  80  625  624.621826715  3.36091336641  -0.0178118279942
-0.263407446162  80  656  656.059341555  3.21809588947  -0.00509523855958
-0.263407446162  80  687  686.876925657  3.22312298585  -0.0232812713173
-0.263407446162  80  717  717.255619843  3.33252101197  -0.00877102408771
-0.263407446162  79  747  746.942483705  3.37427038887  -0.0216095263079
-0.263407446162  79  776  776.201131862  3.28913817522  -0.0157135169759
-0.263407446162  79  805  805.001137553  3.27696182476  -0.0132731068498
-0.263407446162  79  833  833.327052198  3.36803326057  0.00985956920106
-0.263407446162  79  861  861.123405034  3.39005469079  -0.000320718978774
-0.263407446162  78  888  888.429904248  3.36097555546  -0.0011596075275
-0.263407446162  78  915  915.340214401  3.33048300565  7.160274039e-05
-0.263407446162  78  942  941.78318689  3.36642939657  0.00326010898567
-0.263407446162  78  968  967.796392842  3.35937027617  0.015501576509
-0.263407446162  77  993  993.325453914  3.37383193998  -4.99055397973e-05
-0.263407446162  77  1018  1017.90629747  2.6260855316  -0.27250707896
-0.0357254461621  78  31  31.4750490529  3.73103356702  -0.0117730473481
-0.0357254461621  79  74  74.4729249141  3.57082836722  -0.0331195178985
-0.0357254461621  79  116  116.47194403  3.4950396022  -0.0285582820725
-0.0357254461621  80  158  157.719815413  3.7052715321  -0.0209789982182
-0.0357254461621  80  198  197.985711626  3.52036006612  -0.038319497714
-0.0357254461621  80  237  237.404102068  3.61028054051  -0.0313303678666
-0.0357254461621  80  276  276.154879734  3.56892474608  -0.0247443491166
-0.0357254461621  80  314  314.172746439  3.48083635003  -0.00250110547266
-0.0357254461621  81  351  351.437722097  3.3914486593  -0.0143601922758
-0.0357254461621  81  388  387.88826076  3.4566399597  -0.0040430795658
-0.0357254461621  81  424  423.692371408  3.3379815066  0.00734688554318
-0.0357254461621  81  459  458.727930947  3.34731365449  -0.0121938350879
-0.0357254461621  81  493  493.180891306  3.33884413046  -0.00223062447715
-0.0357254461621  81  527  526.961225465  3.3689663195  -0.0211690083981
-0.0357254461621  81  560  560.192521973  3.30891233032  -0.0048871354271
-0.0357254461621  81  593  592.772842258  3.26853093207  -0.00142247798097
-0.0357254461621  81  625  624.711024543  3.33420691228  -0.0266094128346
-0.0357254461621  81  656  656.122757529  3.23803316082  -0.0182255176263
-0.0357254461621  81  687  686.962995921  3.25363932209  -0.0212052231251
-0.0357254461621  80  717  717.255702606  3.33326748859  -0.00828675860818
-0.0357254461621  80  747  747.02381752  3.3541091903  -0.025126911987
-0.0357254461621  80  776  776.264797589  3.27221568328  -0.0233270005868
-0.0357254461621  80  805  805.069630861  3.34641140793  -0.012629094579
-0.0357254461621  80  833  833.401408598  3.33602375731  0.00807255217774
-0.0357254461621  80  861  861.202183747  3.3969487737  6.16340657952e-05
-0.0357254461621  79  888  888.481168723  3.39281653555  -0.000509601702375
-0.0357254461621  79  915  915.383233674  3.3634098578  -0.00128608652948
-0.0357254461621  79  942  941.846507841  3.39306846176  0.00787896825789
-0.0357254461621  79  968  967.84258145  3.37546692753  0.0116870445915
-0.0357254461621  78  993  993.38460195  3.44251637464  0.00608932779641
-0.0357254461621  78  1020  1020.44375624  0.0661961686683  2.39984684461
0.191956553838  79  32  31.6663631569  3.75644710463  -0.00462822524666
0.191956553838  80  75  74.6443232887  3.52783737224  -0.0239096884233
0.191956553838  80  117  116.617088269  3.55515059503  -0.0231748271179
0.191956553838  80  158  157.665585737  3.76080841576  -0.0648457152126
0.191956553838  81  198  198.104989753  3.57740579039  -0.0397244228446
0.191956553838  81  238  237.570060771  3.61535033409  -0.0255003765559
0.191956553838  81  276  276.282970843  3.58845794005  -0.0155721896472
0.191956553838  81  314  314.263619201  3.48394134588  -0.0144413618203
0.191956553838  81  351  351.437722097  3.3914486593  -0.0143601922758
0.191956553838  82  388  387.997156895  3.50312126652  -0.0112948715901
0.191956553838  82  424  423.804042062  3.36465534219  0.00834197381555
0.191956553838  82  459  458.862869785  3.40792008635  -0.00520167835723
0.191956553838  82  493  493.282442737  3.38924769477  -0.000333823688956
0.191956553838  82  527  527.048565622  3.32632762413  -0.0303448137141
0.191956553838  82  560  560.288033692  3.2664634723  -0.00991710615843
0.191956553838  82  593  592.848459836  3.26622406662  -0.0105715492746
0.191956553838  82  625  624.817741928  3.31686374707  -0.0132164963492
0.191956553838  81  656  656.122699141  3.23943562619  -0.0187108354562
0.191956553838  81  687  686.96298041  3.25377531171  -0.0212527899916
0.191956553838  81  717  717.324574781  3.38139708286  -0.00756454169402
0.191956553838  81  747  747.118168599  3.34937283868  -0.0229693447489
0.191956553838  81  776  776.349380992  3.32240047801  -0.0173104635985
0.191956553838  81  805  805.175128607  3.39608865727  0.00129452107886
0.191956553838  81  834  833.494478963  3.35076381993  0.00370568545353
0.191956553838  80  861  861.188560442  3.39457411677  -0.000766506802108
0.191956553838  80  889  888.559338916  3.40305340888  -0.000667521915178
0.191956553838  80  915  915.471349482  3.3615282251  0.00841925148806
0.191956553838  80  942  941.902395729  3.41899408406  0.0136692704791
0.191956553838  79  968  967.842728052  3.37549083267  0.012661293483
0.191956553838  79  993  993.421769671  3.46549441969  0.00605139020317
0.191956553838  79  1018  1017.85821304  2.19748686012  -0.609486803774
0.419638553838  80  32  31.8344911704  3.67532461951  0.0010618488254
0.419638553838  81  75  74.700760428  3.65012931806  -0.0229962540301
0.419638553838  81  117  116.735061173  3.52024409678  -0.0306176240248
0.419638553838  81  158  157.996932817  3.250647921  -0.0559526656388
0.419638553838  82  198  198.222946977  3.55122064889  -0.0366370199546
0.419638553838  82  238  237.704240875  3.55661828717  -0.0210492560261
0.419638553838  82  276  276.445375072  3.60106428661  -0.0143324859943
0.419638553838  82  314  314.355652808  3.50152780004  -0.0162989427991
0.419638553838  82  352  351.550728149  3.41695577986  -0.00777799162095
0.419638553838  82  388  387.997156895  3.50312126652  -0.0112948715901
0.419638553838  82  424  423.80543612  3.43490325054  -0.00646215956516
0.419638553838  83  459  458.948621845  3.4539711587  -0.0127017515948
0.419638553838  83  493  493.376096557  3.37778393744  -0.00627165573342
0.419638553838  83  527  527.118814598  3.32403689031  -0.0240941368379
0.419638553838  83  560  560.353471238  3.28777718995  -0.0160468924697
0.419638553838  83  593  592.841954859  3.17003994404  -0.0242453022467
0.419638553838  82  625  624.817741928  3.31686374707  -0.0132164963492
0.419638553838  82  656  656.182550438  3.26163338556  -0.0235986320968
0.419638553838  82  687  687.070826816  3.33349006726  -0.0151188933547
0.419638553838  82  717  717.377806633  3.37388093823  -0.02106901175
0.419638553838  82  747  747.201912166  3.34385643095  -0.0200972376882
0.419638553838  82  776  776.462931317  3.32869378129  -0.00966425458872
0.419638553838  82  805  805.258126765  3.31207771974  0.00448147297591
0.419638553838  81  834  833.494564799  3.35014946988  0.00412256408841
0.419638553838  81  861  861.263819382  3.35116913636  0.000516356904778
0.419638553838  81  889  888.60318408  3.37252893585  -0.00859667126147
0.419638553838  81  916  915.518028167  3.32662658841  0.00433328340011
0.419638553838  81  942  941.939688349  3.40840705645  0.0134996921597
0.419638553838  80  968  967.868966106  3.39906395806  0.00472307381383
0.419638553838  80  993  993.483679437  3.41393385784  0.0119460492984
0.419638553838  80  1019  1019.51602418  1.30010350585  2.01575205492
0.647320553838  81  32  31.958223949  3.70839152069  0.00523141252578
0.647320553838  81  75  74.7872900913  3.53714173077  -0.0192025528658
0.647320553838  82  117  116.867993536  3.53825301223  -0.0297914265105
0.647320553838  82  158  157.846114462  3.38776715001  -0.0196538417903
0.647320553838  82  198  198.223998384  3.54466352364  -0.0337115718512
0.647320553838  83  238  237.822195747  3.53223709544  -0.0219793344033
0.647320553838  83  277  276.58555728  3.5676717541  -0.0078988503082
0.647320553838  83  314  314.478474405  3.49426212897  -0.0126663687765
0.647320553838  83  352  351.674205188  3.39589997987  -0.0105650051899
0.647320553838  83  388  388.107224366  3.45033320894  -0.0163085791478
0.647320553838  83  424  423.870037849  3.41337830939  0.00160859439907
0.647320553838  83  459  458.948621845  3.4539711587  -0.0127017515948
0.647320553838  83  493  493.376096557  3.37778393744  -0.00627165573342
0.647320553838  83  527  527.118814598  3.32403689031  -0.0240941368379
0.647320553838  83  560  560.353471238  3.28777718995  -0.0160468924697
0.647320553838  83  593  592.894664417  3.28435311782  -0.0240692436667
0.647320553838  83  625  624.900228472  3.33617125393  -0.0135110068979
0.647320553838  83  656  656.297575652  3.28498987739  -0.00880143719122
0.647320553838  83  687  687.155223501  3.30630109469  -0.0141698986624
0.647320553838  83  718  717.487806296  3.40049528902  -0.00660783808697
0.647320553838  83  747  747.25517811  3.34603794018  -0.023510025474
0.647320553838  83  777  776.535141214  3.35821886776  -0.00845162984991
0.647320553838  82  805  805.277616038  3.26817144655  0.00552164606564
0.647320553838  82  834  833.570965642  3.33085501167  0.00552640399036
0.647320553838  82  861  861.335093021  3.37836590495  0.0040307591197
0.647320553838  82  889  888.667170338  3.24867393884  -0.00818978945646
0.647320553838  82  916  915.582891677  3.37440522809  0.00411455231458
0.647320553838  81  942  941.939138633  3.40438776184  0.0101832718844
0.647320553838  81  968  967.925188409  3.40895038129  0.00838464485483
0.647320553838  81  994  993.529764246  3.44676116449  0.0112907512523
0.647320553838  81  1019  1019.40518324  0.0145095740653  0.468526871828
0.875002553838  82  32  32.0913976647  3.74563304834  -0.00157968949984
0.875002553838  82  75  74.9500024609  3.517803721  -0.00774829061067
0.875002553838  83  117  117.030935959  3.56412520687  -0.0213249752566
0.875002553838  83  158  158.165587386  3.6177990531  0.0589496411066
0.875002553838  83  198  198.375190437  3.53054668601  -0.0384610826489
0.875002553838  83  238  237.900805074  3.66153509683  -0.0129905316954
0.875002553838  84  277  276.732806578  3.5803467418  -0.00181216152538
0.875002553838  84  315  314.627419394  3.46948871186  -0.00985695586822
0.875002553838  84  352  351.768016627  3.38830568582  -0.0171131089463
0.875002553838  84  388  388.250673417  3.31071612913  -0.010489386486
0.875002553838  84  424  423.936162353  3.33079023275  -0.0102932313219
0.875002553838  84  459  459.015201557  3.39527137599  -0.0163936164318
0.875002553838  84  493  493.444311325  3.38069070805  -0.0134976924828
0.875002553838  84  527  527.20141112  3.35903436167  -0.0185191693329
0.875002553838  84  560  560.414295171  3.30160324705  -0.0236900328408
0.875002553838  84  593  592.991411162  3.31002477954  -0.0158379129448
0.875002553838  84  625  624.940354199  3.31101792865  -0.0272870826317
0.875002553838  84  656  656.422637391  3.2734744754  0.00135645400484
0.875002553838  84  687  687.20766219  3.30629561328  -0.0242562566514
0.875002553838  84  718  717.579574595  3.37307290919  -6.87853272953e-05
0.875002553838  84  747  747.338454286  3.33064505131  -0.0148478366088
0.875002553838  84  777  776.601113508  3.34160145014  -0.0130035511298
0.875002553838  83  805  805.312285091  3.30225710553  0.00928422666599
0.875002553838  83  834  833.618213826  3.3007346813  0.00400865576072
0.875002553838  83  861  861.382779414  3.37571862412  -0.00231600273351
0.875002553838  83  889  888.748201113  3.30166230704  0.000767017462267
0.875002553838  83  916  915.607166065  3.28357881066  0.0139199410381
0.875002553838  82  942  941.967437621  3.41001080037  -0.00107281054194
0.875002553838  82  968  967.977945083  3.35005681575  0.00668642014361
0.875002553838  82  994  993.56831186  3.46399769363  0.00707836746776
0.875002553838  81  1019  1019.40635051  0.0143969555795  0.462594150617
1.10268455384  83  32  32.2220220404  3.65715632558  -0.00401242332493
1.10268455384  83  75  75.0333862607  3.51238077295  -0.0225177423347
1.10268455384  83  117  117.031321389  3.57641325208  -0.0193140787809
1.10268455384  84  158  158.229852086  3.8604630946  -0.0162646205212
1.10268455384  84  198  198.508347479  3.53885899541  -0.0356484822548
1.10268455384  84  238  237.95243814  3.54282149821  -0.0174410524622
1.10268455384  85  277  276.831340457  3.56920478435  -0.00983107420931
1.10268455384  85  315  314.752676534  3.46486747632  -0.00757393629742
1.10268455384  85  352  351.844043084  3.40744882784  -0.0255535052212
1.10268455384  85  388  388.356660504  3.30580765937  -0.00115466753659
1.10268455384  85  424  424.036863806  3.35098346953  -0.01292876346
1.10268455384  85  459  459.077618436  3.33600374805  -0.02176765648
1.10268455384  85  494  493.543048425  3.34457687358  -0.00532212626731
1.10268455384  85  527  527.28998647  3.38524123885  -0.0226097167734
1.10268455384  85  560  560.510477538  3.32678337034  -0.0126705577521
1.10268455384  85  593  593.082602876  3.31071027269  -0.0145931346709
1.10268455384  85  625  625.007782797  3.30518854469  -0.0200476360922
1.10268455384  85  656  656.477343616  3.25489726788  -0.00444150313339
1.10268455384  85  687  687.290807465  3.32186782187  -0.0201579215613
1.10268455384  85  718  717.629408633  3.38017692267  -0.00930757682929
1.10268455384  85  747  747.39156811  3.28041699406  -0.0139885119762
1.10268455384  84  777  776.601038055  3.34108103679  -0.0133315223385
1.10268455384  84  805  805.372150315  3.31755385511  0.0103889051965
1.10268455384  84  834  833.658702386  3.26946589654  0.00891100887963
1.10268455384  84  861  861.434202708  3.42307451004  -0.00147139387726
1.10268455384  84  889  888.808972831  3.38134133509  0.00742515489309
1.10268455384  83  916  915.630833726  3.34574100169  0.0108000514515
1.10268455384  83  942  942.009188835  3.4527314173  -0.00230356082882
1.10268455384  83  968  968.026542686  3.35500648756  0.0153089377329
1.10268455384  83  994  993.608604579  3.43023401681  0.0140812489198
1.10268455384  82  1018  1018.54778926  4.23268232097  -0.0427906955464
1.33036655384  83  32  32.2407876248  3.76785783124  -0.0152889338179
1.33036655384  84  75  75.0990348302  3.51850466495  -0.0299737962731
1.33036655384  84  117  117.201887206  3.59566644634  -0.0120873330849
1.33036655384  85  158  158.419970879  3.83860089039  -0.00531018527631
1.33036655384  85  199  198.601693902  3.54469016452  -0.0397369417381
1.33036655384  85  238  238.079700235  3.54498467157  -0.0129305040985
1.33036655384  85  277  276.831144084  3.56864970942  -0.0104178854881
1.33036655384  86  315  314.84590216  3.46276036623  -0.00822618350652
1.33036655384  86  352  351.982870799  3.41350488285  -0.0114974881034
1.33036655384  86  388  388.46286502  3.32986380308  -0.00827861601928
1.33036655384  86  424  424.17327622  3.27250106742  -0.00771090203334
1.33036655384  86  459  459.172612637  3.33363687118  -0.020843118213
1.33036655384  86  494  493.609122193  3.32775031837  -0.0200715009809
1.33036655384  86  527  527.403522777  3.37114471894  -0.0177699443159
1.33036655384  86  561  560.593073263  3.35102459193  -0.0178597184286
1.33036655384  86  593  593.196283469  3.35452610471  -0.00797580749417
1.33036655384  86  625  625.121165905  3.33470018093  -0.0078572627274
1.33036655384  86  657  656.542092407  3.30093556294  -0.00773887641595
1.33036655384  86  687  687.392652138  3.37326065115  -0.0114857616163
1.33036655384  86  718  717.6898766  3.3686337719  -0.011557074993
1.33036655384  85  747  747.391561468  3.28039482983  -0.014020772645
1.33036655384  85  777  776.662689575  3.32524305672  -0.0115425999028
1.33036655384  85  805  805.41135931  3.36311437445  -0.000914378814358
1.33036655384  85  834  833.726525983  3.29953639207  0.00916285284253
1.33036655384  85  862  861.486546126  3.39703570979  -0.00203328231112
1.33036655384  84  889  888.809022364  3.3815980307  0.00761559535498
1.33036655384  84  916  915.642109756  3.35607857157  -0.00116706730263
1.33036655384  84  942  942.076358566  3.41127494893  0.00853098618338
1.33036655384  84  968  968.080524259  3.36097135753  0.0140794991554
1.33036655384  83  994  993.608709969  3.43104417685  0.0150007455832
1.33036655384  83  1019  1019.06878599  3.09815722501  0.292059718561
1.55804855384  84  32  32.3336767501  3.6069224574  -0.0100570582434
1.55804855384  85  75  75.2128630169  3.53440892668  -0.0323930910262
1.55804855384  85  117  117.295213459  3.58465214998  -0.0189555001788
1.55804855384  86  158  158.5165587  3.68253982467  -0.00894970393887
1.55804855384  86  199  198.747945807  3.6461331952  -0.0314544510141
1.55804855384  86  238  238.185592475  3.52518348026  -0.0163463687375
1.55804855384  86  277  277.000881731  3.56957676354  0.000499133922863
1.55804855384  86  315  314.845953031  3.46330238483  -0.00802607833016
1.55804855384  87  352  352.130006936  3.38522843433  0.000821585805545
1.55804855384  87  388  388.528384559  3.41317325749  -0.0180468572098
1.55804855384  87  424  424.28031087  3.29380405315  0.00407733385243
1.55804855384  87  459  459.316653628  3.35504925789  -0.00818624455239
1.55804855384  87  494  493.722488792  3.34392165791  -0.0079444862695
1.55804855384  87  528  527.484899248  3.28833200773  -0.0247846469712
1.55804855384  87  561  560.691805338  3.37191388241  -0.0201438431119
1.55804855384  87  593  593.26384948  3.33256545862  -0.0133255725672
1.55804855384  87  625  625.213456217  3.32342428928  -0.00168358383983
1.55804855384  87  657  656.598519214  3.35249468301  -0.0157337498416
1.55804855384  87  687  687.472407846  3.28901664487  -0.0143135695028
1.55804855384  86  718  717.68983732  3.36771425342  -0.0117675640466
1.55804855384  86  748  747.480095793  3.28102640485  -0.010189834559
1.55804855384  86  777  776.739338385  3.35292843114  -0.0143748234076
1.55804855384  86  806  805.488692274  3.37134487836  0.00188919344101
1.55804855384  86  834  833.788665997  3.34869985288  0.00945373196028
1.55804855384  86  862  861.555985496  3.42729036873  0.00316454634795
1.55804855384  85  889  888.815762941  3.36345224162  -0.00309024847788
1.55804855384  85  916  915.663549996  3.3077615181  -0.00840217663571
1.55804855384  85  942  942.159013414  3.40517724296  0.0163570339309
1.55804855384  85  968  968.1255529  3.33388797288  0.0085497201887
1.55804855384  84  994  993.66351482  3.43783214166  0.0110273689376
1.55804855384  84  1019  1018.55391899  1.52645410459  0.0362348184337
1.78573055384  85  32  32.4430532767  3.67528296578  -0.0102668784173
1.78573055384  86  75  75.3969213096  3.52041788981  -0.0247205606291
1.78573055384  86  117  117.39603053  3.58882617154  -0.0257774611395
1.78573055384  86  158  158.520252098  3.71177142699  -0.00334837121423
1.78573055384  87  199  198.919392974  3.69117571352  -0.0173187065351
1.78573055384  87  238  238.308844555  3.60378293228  -0.0238175937539
1.78573055384  87  277  277.084112845  3.53814710144  -0.00181057854638
1.78573055384  87  315  314.925896643  3.4703191368  -0.00411331800891
1.78573055384  87  352  352.130200378  3.38604800244  0.00150753561226
1.78573055384  88  389  388.597976988  3.39994717085  -0.0270294842424
1.78573055384  88  424  424.359303617  3.31014695692  -0.00882070302176
1.78573055384  88  459  459.422088048  3.3583116176  -0.00480621511696
1.78573055384  88  494  493.8133567  3.35655667099  -0.00243579902873
1.78573055384  88  528  527.609721575  3.30992486251  -0.0153949435412
1.78573055384  88  561  560.78336196  3.38856241161  -0.0141544808373
1.78573055384  88  593  593.344425871  3.26214506679  -0.00741797807846
1.78573055384  88  625  625.30163878  3.31292322992  -0.00536854756892
1.78573055384  88  657  656.691319296  3.31302503672  -0.0100915125126
1.78573055384  87  687  687.472428737  3.28916395379  -0.0141983907799
1.78573055384  87  718  717.76691648  3.34433988718  -0.0110956111638
1.78573055384  87  748  747.5468376  3.33673638653  -0.0126050526764
1.78573055384  87  777  776.812115284  3.38533241407  -0.0133864459138
1.78573055384  87  806  805.564568195  3.3314871036  0.000350438393321
1.78573055384  87  834  833.830479429  3.33372178909  0.00279718624238
1.78573055384  86  862  861.55600477  3.42637911198  0.00177768846194
1.78573055384  86  889  888.873829442  3.38447004311  -0.00392876568508
1.78573055384  86  916  915.712342493  3.38624127984  -0.00790304551561
1.78573055384  86  942  942.195520859  3.3643002794  0.00682628882268
1.78573055384  85  968  968.125779533  3.331637728  0.0100333758332
1.78573055384  85  994  993.709395862  3.43646395416  0.00900643362715
1.78573055384  85  1019  1018.81595554  3.60204238321  0.0164433733363
2.01341255384  86  33  32.5809014025  3.68460556348  -0.0128494312496
2.01341255384  86  75  75.4698166855  3.66188014887  -0.0202503150946
2.01341255384  87  118  117.484833774  3.65084710284  -0.0333782864377
2.01341255384  87  159  158.633092201  3.6786165911  -0.00967320356047
2.01341255384  88  199  199.04302937  3.61879491519  -0.0239670528459
2.01341255384  88  238  238.433480214  3.6753944509  -0.0221767552864
2.01341255384  88  277  277.203703356  3.48118404375  0.000343806719871
2.01341255384  88  315  315.058134367  3.48332274347  -0.00312833332026
2.01341255384  88  352  352.218131451  3.31699810353  -0.00515916501225
2.01341255384  88  389  388.597985505  3.40000479775  -0.0269975084021
2.01341255384  89  424  424.464008435  3.33521641449  -0.0138290950466
2.01341255384  89  460  459.52361075  3.33808347642  0.00575294147407
2.01341255384  89  494  493.887201476  3.37227616908  -0.0107528976233
2.01341255384  89  528  527.695738873  3.36578808057  -0.0146288823483
2.01341255384  89  561  560.877608698  3.43911108421  -0.00512457934751
2.01341255384  89  593  593.4131255  3.26656464663  -0.00500324905275
2.01341255384  88  625  625.301660934  3.31274991729  -0.00528056312949
2.01341255384  88  657  656.691349836  3.3128474292  -0.0100839729862
2.01341255384  88  688  687.514054843  3.33189472662  -0.0224128538147
2.01341255384  88  718  717.849191895  3.33135754727  -0.00147082272933
2.01341255384  88  748  747.640276622  3.37512288597  -0.00744786524009
2.01341255384  88  777  776.84000624  3.37746260543  -0.0174000902062
2.01341255384  88  806  805.650322916  3.34101552786  0.0060230177204
2.01341255384  87  834  833.830496033  3.33411618549  0.00281630471704
2.01341255384  87  862  861.637679873  3.44121698984  0.00815659934418
2.01341255384  87  889  888.919446925  3.3189200118  -0.00308053382348
2.01341255384  87  916  915.765428617  3.39349705234  -0.000761821077568
2.01341255384  87  942  942.231756152  3.4025486082  0.00591548151144
2.01341255384  86  968  968.166102249  3.34596076126  0.0142864982944
2.01341255384  86  994  993.735049493  3.40223228857  0.00687140397258
2.01341255384  86  1019  1018.7314087  2.77135831771  -0.362105455036
2.24109455384  87  33  32.7300826921  3.65641628892  -0.0124222902494
2.24109455384  87  76  75.543303424  3.53708286085  -0.0321664349948
2.24109455384  88  118  117.683494972  3.67253117283  -0.0120283571869
2.24109455384  88  159  158.705389922  3.64518345186  -0.0299363799485
2.24109455384  88  199  199.021862105  3.64360784337  -0.0412547934569
2.24109455384  89  239  238.594880642  3.60491287493  -0.00915986859607
2.24109455384  89  277  277.325733005  3.51383913209  0.00250317984848
2.24109455384  89  315  315.200530273  3.4788130142  0.00595622192999
2.24109455384  89  352  352.268706341  3.34948072265  -0.0178239563166
2.24109455384  89  389  388.670715207  3.3973173618  -0.0233646699318
2.24109455384  89  424  424.464008435  3.33521641449  -0.0138290950466
2.24109455384  89  460  459.52361075  3.33808347642  0.00575294147407
2.24109455384  89  494  493.887201476  3.37227616908  -0.0107528976233
2.24109455384  89  528  527.695738873  3.36578808057  -0.0146288823483
2.24109455384  89  561  560.877608698  3.43911108421  -0.00512457934751
2.24109455384  89  593  593.4131255  3.26656464663  -0.00500324905275
2.24109455384  89  625  625.383253948  3.30159416748  -0.00791749322755
2.24109455384  89  657  656.722975905  3.30392294939  -0.0291752479839
2.24109455384  89  688  687.577997165  3.38332513998  -0.0295014500403
2.24109455384  89  718  717.911415255  3.34412244466  -0.00673296042196
2.24109455384  89  748  747.721091408  3.37684125172  -0.00763301708783
2.24109455384  89  777  776.887081667  3.36039382266  -0.0173206906533
2.24109455384  89  806  805.638919622  3.28702173484  -0.00297997173423
2.24109455384  88  834  833.886666756  3.28009309032  0.00192283786183
2.24109455384  88  862  861.689468195  3.46018149534  0.00975856058085
2.24109455384  88  889  889.007930954  3.37979036267  0.00101014119638
2.24109455384  88  916  915.829627475  3.38967817909  -0.00466461372788
2.24109455384  87  942  942.232192398  3.40783235726  0.00872311838738
2.24109455384  87  968  968.216873086  3.40333262404  0.00348073154776
2.24109455384  87  994  993.740585683  3.40452068094  -0.00629941491988
2.24109455384  87  1019  1018.70418484  0.0352184270267  -0.39987642573
2.46877655384  88  33  32.8369180424  3.61098368655  -0.0240002591634
2.46877655384  88  76  75.6927572543  3.60183731697  -0.0270433760069
2.46877655384  89  118  117.770912467  3.6963488047  -0.0274732049139
2.46877655384  89  159  158.819789284  3.62846727673  -0.0378004486158
2.46877655384  89  199  199.109227919  3.70028587652  -0.0496567248195
2.46877655384  90  239  238.708330858  3.63400228001  -0.00999325647787
2.46877655384  90  277  277.457342072  3.51653850874  0.00306912063143
2.46877655384  90  315  315.272226088  3.43230765112  -0.00237550656888
2.46877655384  90  352  352.364781238  3.38542978199  -0.0258569730811
2.46877655384  90  389  388.788101959  3.48776779354  -0.0164980925628
2.46877655384  90  425  424.548273118  3.33682012119  -0.0102534997403
2.46877655384  90  460  459.566253247  3.37711779925  -0.0112380930886
2.46877655384  90  494  493.982621251  3.34270555753  -0.0148765850122
2.46877655384  90  528  527.799497944  3.31854992085  -0.0120460638281
2.46877655384  90  561  560.996271507  3.45469369555  0.0042496604774
2.46877655384  90  594  593.479468255  3.26973305584  -0.00989552693501
2.46877655384  90  625  625.439965745  3.38317919397  -0.0151528295852
2.46877655384  90  657  656.809542341  3.33260293393  -0.0253481696724
2.46877655384  90  688  687.668010394  3.36324306732  -0.0181407918574
2.46877655384  90  718  717.971551646  3.35499861329  -0.00375268158035
2.46877655384  90  748  747.772426357  3.31541675989  -0.0119175608874
2.46877655384  90  777  776.981789675  3.33445276602  -0.00920611118931
2.46877655384  89  806  805.662600135  3.34810495104  -0.00389909918752
2.46877655384  89  834  833.924623119  3.2722154497  -0.00294373930949
2.46877655384  89  862  861.698272715  3.44085837845  -0.00289831772231
2.46877655384  89  889  889.043048688  3.38783336184  -0.000440229115341
2.46877655384  88  916  915.840900117  3.34554217981  -0.0115463599293
2.46877655384  88  942  942.245021246  3.40365830895  -0.000856686632428
2.46877655384  88  968  968.296544344  3.36814018622  0.0194379718998
2.46877655384  88  994  993.797073354  3.4521193351  -0.00527582010802
2.46877655384  87  1019  1018.70411739  0.0352186572695  -0.400121789134
2.69645855384  89  33  32.9393602172  3.60458732923  -0.0199867280128
2.69645855384  89  76  75.7774282511  3.54690432407  -0.0292648094542
2.69645855384  89  118  117.755355201  3.68756987944  -0.0353208431126
2.69645855384  90  159  158.954935406  3.58749184055  -0.0295062575179
2.69645855384  90  199  199.198981412  0.04547396801  -0.0588573340702
2.69645855384  90  239  238.708624496  3.6333874391  -0.00963646930873
2.69645855384  91  278  277.555853088  3.46226300793  0.00269546123419
2.69645855384  91  315  315.392925416  3.38708103649  -0.000552186308019
2.69645855384  91  352  352.475034119  3.42437991455  -0.0274909557985
2.69645855384  91  389  388.917174082  3.50019427046  -0.0106837232711
2.69645855384  91  425  424.611125503  3.36908720841  -0.0198800161034
2.69645855384  91  460  459.667400731  3.43939612969  -0.00621197452409
2.69645855384  91  494  494.107438898  3.3202589141  -0.00944029201582
2.69645855384  91  528  527.876361589  3.31077910825  -0.00600281540292
2.69645855384  91  561  561.06618037  3.43885031987  0.00125513066693
2.69645855384  91  594  593.55933211  3.32372427916  -0.0103328213099
2.69645855384  91  625  625.470068396  3.39755497707  -0.0243345204462
2.69645855384  91  657  656.913487325  3.3459841169  -0.0132562560552
2.69645855384  91  688  687.715275862  3.26427024986  -0.0193084513829
2.69645855384  91  718  718.046805484  3.34727494143  -0.00177263564156
2.69645855384  91  748  747.81038728  3.3451781322  -0.019782699731
2.69645855384  90  777  776.981731694  3.33386445374  -0.00952531085944
2.69645855384  90  806  805.697272532  3.36098240259  -0.0104311596377
2.69645855384  90  834  833.98416412  3.42093612582  -0.00110284903673
2.69645855384  90  862  861.73398528  3.37517446803  -0.0048863018974
2.69645855384  90  889  889.109242855  3.37903665871  0.0013632073887
2.69645855384  89  916  915.912844576  3.34892940206  0.00280697667544
2.69645855384  89  942  942.315969633  3.42780326981  0.00300470947589
2.69645855384  89  968  968.337348082  3.34399826276  0.0208311896473
2.69645855384  89  994  993.864601264  3.42631495739  0.000116464601894
2.69645855384  88  1019  1018.99043991  3.75835981952  0.0470156252278
2.92414055384  89  33  32.9275039097  3.61587102596  -0.0386489672176
2.92414055384  90  76  75.9044775874  3.56258119966  -0.0264713631697
2.92414055384  90  118  117.889218262  3.66365886178  -0.0203253003072
2.92414055384  91  159  159.066459838  3.60151805382  -0.0343641292786
2.92414055384  91  199  199.366666653  3.73683185074  -0.0304554834752
2.92414055384  91  239  238.900501617  3.60612733579  0.0104725997659
2.92414055384  91  278  277.556429029  3.46766390914  0.00489944393627
2.92414055384  92  316  315.534457572  3.40237495436  0.0101937549563
2.92414055384  92  353  352.558217441  3.39265549243  -0.0310661134041
2.92414055384  92  389  388.949263839  3.41667435778  -0.0240890128084
2.92414055384  92  425  424.726235986  3.41972527203  -0.0135428374249
2.92414055384  92  460  459.785007579  3.4319448342  -0.00514905753924
2.92414055384  92  494  494.195994738  3.37355449568  -0.0140926249038
2.92414055384  92  528  527.958903028  3.37522314062  -0.00615895287765
2.92414055384  92  561  561.097703552  3.413478151  -0.00549266158563
2.92414055384  92  594  593.656538453  3.37548105068  -0.00176725957309
2.92414055384  92  626  625.591102114  3.36340845128  -0.0102180289275
2.92414055384  92  657  656.977492347  3.39466655685  -0.00943755818875
2.92414055384  92  688  687.77176557  3.33984184768  -0.0239717646802
2.92414055384  92  718  718.114499741  3.34271058842  -0.00983678460666
2.92414055384  91  748  747.810613082  3.34430016653  -0.0188334533462
2.92414055384  91  777  777.040752605  3.35705718111  -0.00717059048956
2.92414055384  91  806  805.774882341  3.38073679351  -0.00364503371417
2.92414055384  91  834  834.045292452  3.40765632143  0.0020226042795
2.92414055384  91  862  861.819796224  3.36824950998  0.00291557784939
2.92414055384  90  889  889.109308477  3.37861427184  0.00165822655777
2.92414055384  90  916  915.965728528  3.31508896707  0.00530306397453
2.92414055384  90  942  942.346029794  3.38146483202  -0.00171043298638
2.92414055384  90  968  968.358455121  3.41074626535  0.0146291091007
2.92414055384  89  994  993.864835074  3.42445326494  0.00159318891937
2.92414055384  89  1019  1019.04874765  3.44753426385  0.0331819306396
3.15182255384  90  33  33.054288529  3.6349254409  -0.0166067726657
3.15182255384  91  76  76.0555751219  3.56553318342  -0.0229112320931
3.15182255384  91  118  118.007316415  3.65836263768  -0.0300469415304
3.15182255384  92  159  159.234472692  3.58320160702  -0.0187796340528
3.15182255384  92  200  199.55124477  3.75233290844  -0.0122281608584
3.15182255384  92  239  239.005512885  3.61310901605  0.00383168158807
3.15182255384  92  278  277.66743649  3.53961839506  0.00504808863042
3.15182255384  93  316  315.591086986  3.39193581274  -0.0067222859887
3.15182255384  93  353  352.692452776  3.40632195248  -0.0134216893003
3.15182255384  93  389  389.045499475  3.40989034704  -0.0165229152138
3.15182255384  93  425  424.794910686  3.48945805651  -0.0184055652325
3.15182255384  93  460  459.871309402  3.38501938399  -0.00805015460889
3.15182255384  93  494  494.304038262  3.43370474496  -0.00343102465288
3.15182255384  93  528  528.029892914  3.33547933976  -0.00729486832338
3.15182255384  93  561  561.171385923  3.43043947684  -0.000236540631224
3.15182255384  93  594  593.711862005  3.51395013883  -0.00317364114126
3.15182255384  93  626  625.697203214  3.34944380167  -0.00215013100961
3.15182255384  93  657  657.045808976  3.38557284796  -0.0133971089678
3.15182255384  93  688  687.890521433  3.44591769713  -0.0123097665763
3.15182255384  92  718  718.114388582  3.34318959376  -0.0102689056038
3.15182255384  92  748  747.88586838  3.38661162797  -0.00994247556352
3.15182255384  92  777  777.121418101  3.38597546888  0.00086348879839
3.15182255384  92  806  805.879798179  3.39253957833  0.012132176428
3.15182255384  92  834  834.093114864  3.31673408514  -0.00011087670522
3.15182255384  92  862  861.876836514  3.39143571358  0.00332770586557
3.15182255384  91  889  889.168372477  3.38739554481  0.00414158386419
3.15182255384  91  916  916.009726477  3.33440542779  0.0107670695256
3.15182255384  91  942  942.397356764  3.39755257945  0.0021176870065
3.15182255384  91  968  968.365421982  3.37937378244  0.00968413750411
3.15182255384  90  994  993.918492816  3.39381673124  0.0130255666881
3.15182255384  90  1020  1020.70665178  0.0513013357561  2.8109459326
3.37950455384  91  33  33.197052836  3.60698631801  -0.0179172771961
3.37950455384  92  76  76.1989337362  3.59987126198  -0.0233359182608
3.37950455384  92  118  118.136099767  3.7198850513  -0.0358797715883
3.37950455384  92  159  159.232902426  3.59913092424  -0.0242392142842
3.37950455384  93  200  199.651097833  3.73417416901  -0.0102662894315
3.37950455384  93  239  239.088129527  3.60385968305  -0.00403103923993
3.37950455384  93  278  277.730310749  3.50955590284  -0.00347416554123
3.37950455384  93  316  315.59103527  3.3929463345  -0.00697926500196
3.37950455384  94  353  352.78255646  3.40456778886  -0.0228197254289
3.37950455384  94  389  389.200983214  3.40877892811  -0.00850564830261
3.37950455384  94  425  424.878497295  3.44978639293  -0.0262524202545
3.37950455384  94  460  459.916472939  3.39402346893  -0.017255081305
3.37950455384  94  494  494.388551104  3.40035875763  -0.00248354666827
3.37950455384  94  528  528.108680342  3.31579388339  -0.0115507189475
3.37950455384  94  561  561.231496191  3.36045690671  -0.0185594851576
3.37950455384  94  594  593.744753317  3.33536722352  -0.0175329370485
3.37950455384  94  626  625.786872837  3.33954225304  0.00234914846294
3.37950455384  94  657  657.118100744  3.38122398471  -0.00924409640185
3.37950455384  93  688  687.890553012  3.44578300012  -0.0121984604882
3.37950455384  93  718  718.20566214  3.38101575362  -0.00382288838999
3.37950455384  93  748  747.935197171  3.38930432073  -0.00512022407975
3.37950455384  93  777  777.148302184  3.4158063224  -0.00276040505985
3.37950455384  93  806  805.926756461  3.32834163542  0.0137895702669
3.37950455384  93  834  834.174992721  3.34511697273  0.0058401065347
3.37950455384  92  862  861.876983242  3.39179379417  0.00299474473214
3.37950455384  92  889  889.209562179  3.42335994647  0.0110472928703
3.37950455384  92  916  916.037312032  3.33830241272  0.00505316926818
3.37950455384  92  942  942.443049208  3.43757494903  0.0012791510559
3.37950455384  91  968  968.365370535  3.38299223748  0.0133359520971
3.37950455384  91  994  993.937177959  3.46090314903  0.00105746005117
3.37950455384  91  1018  1018.67208259  2.99846309782  -0.406480730702
3.60718655384  92  33  33.3265238103  3.59056749968  -0.0257887936461
3.60718655384  92  76  76.3418704497  3.73694174925  -0.00707034592868
3.60718655384  93  118  118.278511645  3.70782724617  -0.031992905124
3.60718655384  93  159  159.265492317  3.68084678406  -0.0471630953676
3.60718655384  94  200  199.807381644  3.67492563827  -0.00467795270164
3.60718655384  94  239  239.225393249  3.61785794029  0.00599415153821
3.60718655384  94  278  277.849431845  3.46479723964  0.00175979068241
3.60718655384  94  316  315.650891741  3.40973968148  -0.0172648910015
3.60718655384  94  353  352.782763144  3.40380394541  -0.0221154962136
3.60718655384  95  389  389.287217846  3.4132199507  -0.0231275462693
3.60718655384  95  425  424.96947327  3.453231578  -0.0229949465899
3.60718655384  95  460  460.025303361  3.37393253009  -0.0132510651438
3.60718655384  95  494  494.484808453  3.37220209176  0.000805369233719
3.60718655384  95  528  528.159949074  3.3067003557  -0.0228218456738
3.60718655384  95  561  561.329439807  3.34343723842  -0.0211458638962
3.60718655384  95  594  593.825314174  3.35309527087  -0.0253965819282
3.60718655384  95  626  625.833338208  3.39260576475  -0.00347668274243
3.60718655384  94  657  657.118100744  3.38122398471  -0.00924409640185
3.60718655384  94  688  687.961203828  3.44518602056  -0.00464978280648
3.60718655384  94  718  718.272664371  3.41579586569  -0.000797367355443
3.60718655384  94  748  747.98796989  3.33786362648  -0.00827903643713
3.60718655384  94  777  777.223480151  3.4230168386  -0.000699751572264
3.60718655384  94  806  805.945799725  3.28468261488  -0.000588461449037
3.60718655384  93  834  834.17504301  3.34321006229  0.00653746502431
3.60718655384  93  862  861.927627052  3.36844533721  0.00435961720741
3.60718655384  93  889  889.22924522  3.43971055565  0.00475708097926
3.60718655384  93  916  916.083530403  3.35912087119  0.00227867338735
3.60718655384  93  943  942.492176732  3.34482546938  0.0205510469476
3.60718655384  92  968  968.427999849  3.34531042406  0.0174856491895
3.60718655384  92  994  993.887465426  3.38480542212  -0.0283095612256
3.60718655384  92  1019  1019.26260475  3.64184853881  0.0997994061081
