# Band 1C   Etalon 1A   Slice 11
# Distortion map version 06.04.00 - date 2018-10-16
# Trace (isoalpha): Take pixel trace along specified slice, specified alpha position trace is built by taking the pixel in every detector row with alpha value closest to the one specified 
# xpos[i] = np.argmin(alpha_img[i,:])+funcs.find_nearest(alpha_img[i,:][(slice_img[i,:]!=0)],alpha_pos)
#    alpha       x  y      center         FWHM          skewness
0.0  27  11  11.3190561997  1.41704801283  0.134267742212
0.0  27  22  21.7806509494  1.46649286657  -0.0598249249078
0.0  28  32  32.4678598895  1.15683535058  0.129539840078
0.0  28  43  43.2045325907  1.53448109232  0.113357900633
0.0  28  54  53.9455231049  1.55073923281  0.0477568914928
0.0  28  65  64.7635819998  1.53319672322  0.0309900542674
0.0  28  76  75.7247160383  1.49526200054  0.0248466601217
0.0  28  87  86.7267084713  1.49940376083  0.0307025308455
0.0  28  98  97.8450752348  1.57751874448  0.0843560296437
0.0  28  109  109.036942156  1.61221473482  0.110037994874
0.0  29  120  120.248968431  1.52637104469  0.184400933915
0.0  29  131  131.510750928  1.17223568106  0.170126453005
0.0  29  143  142.858726749  1.58028439477  0.0218567467112
0.0  29  154  154.408856093  1.36878275701  0.136348213884
0.0  29  166  165.884286489  1.60077887076  0.0553744068521
0.0  29  178  177.52392653  1.2335628935  0.012743584463
0.0  29  189  189.281222083  1.5392070407  0.0769102882728
0.0  29  201  201.053589604  1.60337024803  0.0801785776722
0.0  29  213  212.888112096  1.59659648811  0.0235311362798
0.0  29  225  224.851084762  1.60741789291  0.014823597606
0.0  29  237  236.930419821  1.61897185409  0.0781463788571
0.0  30  249  248.985926515  1.65513299501  0.076325888913
0.0  30  261  261.230433325  1.57084414789  0.139333829406
0.0  30  273  273.506703636  1.2254622575  0.162954847959
0.0  30  286  285.861416821  1.61599382414  0.0634002064683
0.0  30  298  298.391448096  1.44144401124  0.160600773581
0.0  30  311  310.893907892  1.64561006506  0.039660130816
0.0  30  324  323.553274287  1.37383830947  0.02660602152
0.0  30  336  336.35814956  1.4885189462  0.112370998523
0.0  30  349  349.195816684  1.65898815954  0.070345163506
0.0  30  362  362.118435683  1.65256518694  0.0512788340501
0.0  30  375  375.157482895  1.67994467257  0.0484847132709
0.0  30  388  388.3079075  1.61359083789  0.0770203837009
0.0  30  402  401.51027831  1.60608091892  0.040082441293
0.0  30  415  414.794745488  1.68548031847  -0.0060081822335
0.0  30  428  428.27903086  1.61700965694  0.0992197548944
0.0  30  442  441.75468139  1.67509704899  0.0350326974095
0.0  30  455  455.417194585  1.61026473357  0.0990728873714
0.0  30  469  469.163952799  1.70411527895  0.102708119932
0.0  30  483  482.966079461  1.75538919951  0.0703590842614
0.0  30  497  496.88977434  1.722138343  0.0262993638577
0.0  30  511  510.95961906  1.74072681632  0.00803413373124
0.0  30  525  525.153151807  1.72094987278  0.0948252259535
0.0  30  539  539.427387005  1.63004493745  0.0763424557976
0.0  30  554  553.761656665  1.68649497686  -0.018086460754
0.0  30  568  568.323380147  1.67328769673  0.0730417622323
0.0  30  583  582.867601362  1.77968091815  -0.00019335408223
0.0  30  598  597.602406509  1.69958632725  0.0123686933381
0.0  30  612  612.44936231  1.66112873257  0.0591734147617
0.0  30  627  627.403384698  1.69340694188  0.0878776052157
0.0  30  642  642.457665322  1.59830188744  0.0740422660295
0.0  30  658  657.608660637  1.710110991  0.0311899673549
0.0  30  673  672.933205886  1.83418032288  0.0391545719239
0.0  30  688  688.408755716  1.63337939688  0.0851339967171
0.0  30  704  703.950542796  1.82004275279  0.0318229709359
0.0  30  720  719.619667487  1.73032361491  -0.015197190965
0.0  30  735  735.473540357  1.73367704902  0.0267961606707
0.0  30  751  751.432330016  1.76727754249  0.0501997220726
0.0  30  767  767.488491464  1.77022395726  0.0267865247108
0.0  30  784  783.678123596  1.8300409597  0.000599429936804
0.0  30  800  800.045302581  1.87378561083  0.0809186788231
0.0  30  816  816.500905162  1.73845651626  0.0549554138705
0.0  29  833  833.306516962  1.84772593146  0.0927842744794
0.0  29  850  850.056040675  1.9023883985  0.074452264635
0.0  29  867  866.98872974  1.95188341151  0.0687462884836
0.0  29  884  884.060225341  1.93171324934  0.0153512768721
0.0  29  901  901.306443499  1.88550146745  0.0490332755862
0.0  29  919  918.611852598  1.85201996338  -0.0162606824768
0.0  29  936  936.170967159  1.9476100537  0.0319494145349
0.0  28  954  953.860574721  2.09592121747  0.00146429023513
0.0  28  972  971.724127051  1.9502502358  0.0263689215994
0.0  28  990  989.691932875  1.94207498036  0.026462826806
0.0  28  1008  1007.83680222  2.01880798342  0.029935245188
-1.4248977059  20  12  11.5471373544  1.27670660489  -0.00646872517265
-1.4248977059  20  22  22.1863514486  1.48114295071  0.0627836123258
-1.4248977059  20  33  32.7696501119  1.50405023765  -0.0200190485415
-1.4248977059  20  44  43.5282407748  1.23769655144  0.0115786469571
-1.4248977059  20  54  54.3750449732  1.3703305897  0.0944122444337
-1.4248977059  20  65  65.2617974914  1.49471309061  0.136970045858
-1.4248977059  20  76  76.1983908613  1.53012486356  0.129774867352
-1.4248977059  21  87  87.1527607741  1.57506057022  0.0932702685731
-1.4248977059  21  98  98.2743433355  1.50828979242  0.186391531709
-1.4248977059  21  109  109.425323733  1.35817463529  0.148158293124
-1.4248977059  21  121  120.593211372  1.36931326049  0.00209679717572
-1.4248977059  21  132  131.950721262  1.59995710959  0.0958995146737
-1.4248977059  21  143  143.385900058  1.43277914904  0.115892472058
-1.4248977059  21  155  154.773351184  1.54260856775  -0.0404852364685
-1.4248977059  21  166  166.426194049  1.32653761116  0.14292012249
-1.4248977059  21  178  178.010434427  1.59038340452  0.0137687255814
-1.4248977059  21  190  189.688873898  1.50963589896  -0.0478387952935
-1.4248977059  22  201  201.493964451  1.40073468396  0.0770660637677
-1.4248977059  22  213  213.390177957  1.51539667571  0.0721785755913
-1.4248977059  22  225  225.365195251  1.54798261953  0.0742176354309
-1.4248977059  22  237  237.412816001  1.48459161184  0.120215955269
-1.4248977059  22  250  249.523808514  1.4562142358  0.0785274636086
-1.4248977059  22  262  261.704248664  1.54510144984  0.0230647879915
-1.4248977059  22  274  274.078479208  1.62419958848  0.12917788404
-1.4248977059  22  286  286.472126788  1.33286234463  0.143432812362
-1.4248977059  22  299  298.911999573  1.65718405123  0.0184593046319
-1.4248977059  22  311  311.508247993  1.37057878236  0.099965630108
-1.4248977059  22  324  324.200903947  1.58768472811  0.0884868349764
-1.4248977059  22  337  336.903741401  1.66150862247  -0.013748578042
-1.4248977059  22  350  349.761526287  1.58917050894  -0.0116791434919
-1.4248977059  22  363  362.702773756  1.60434806389  -0.0292989584682
-1.4248977059  22  376  375.74871474  1.59971394714  -0.0283040014997
-1.4248977059  23  389  388.81676114  1.67661616111  -0.00377670019757
-1.4248977059  23  402  402.07600428  1.68406962667  0.0283576289291
-1.4248977059  23  415  415.42278945  1.66363999571  0.0430421522716
-1.4248977059  23  429  428.832457401  1.71551187935  0.0261625875624
-1.4248977059  23  442  442.390469159  1.6452194911  0.0690474147543
-1.4248977059  23  456  456.013604884  1.68949485668  0.0575066820844
-1.4248977059  23  470  469.731878834  1.69664964396  0.0494152085688
-1.4248977059  23  484  483.587693322  1.64513478238  0.058182889309
-1.4248977059  23  498  497.558196226  1.62490271257  0.064572586944
-1.4248977059  23  512  511.59329508  1.63058829268  0.0129524452285
-1.4248977059  23  526  525.7687071  1.6731948111  0.0249792251815
-1.4248977059  23  540  540.063700569  1.72371011617  0.0164094679811
-1.4248977059  23  554  554.472408505  1.65690957382  0.00845605305771
-1.4248977059  23  569  568.968380696  1.76036889602  -0.000189565373912
-1.4248977059  23  584  583.589189128  1.71682468811  0.0228632583503
-1.4248977059  23  598  598.32898711  1.72766087035  0.0262214922656
-1.4248977059  23  613  613.193474731  1.76489483432  0.0631797627715
-1.4248977059  23  628  628.147161849  1.76502231299  0.0759405647856
-1.4248977059  23  643  643.224972616  1.80684753627  0.0898721360051
-1.4248977059  23  658  658.405439697  1.67387383665  0.0930160690631
-1.4248977059  23  674  673.694988012  1.73912629211  0.0341912343632
-1.4248977059  22  689  689.302579841  1.77130013662  0.0643220231646
-1.4248977059  22  705  704.819172562  1.8044842168  -0.00580737569816
-1.4248977059  22  721  720.5545614  1.73756550981  -0.0108224577017
-1.4248977059  22  736  736.419160139  1.74175875135  0.0233682810451
-1.4248977059  22  752  752.391602709  1.75419443707  0.0368658336864
-1.4248977059  22  768  768.458604435  1.74754524525  0.0312165033964
-1.4248977059  22  785  784.63609289  1.79520614938  -0.0172104345436
-1.4248977059  22  801  801.022287714  1.90476168575  0.0482396968179
-1.4248977059  22  818  817.514137436  1.74549762136  0.0819914126763
-1.4248977059  22  834  834.185171922  1.87303639208  0.091460867952
-1.4248977059  22  851  850.929646786  1.92002234975  0.0333265622034
-1.4248977059  22  868  867.872550048  1.88971649983  0.0382910902344
-1.4248977059  21  885  885.129042925  1.95256843981  0.0270026973171
-1.4248977059  21  902  902.362207651  1.8723952648  0.0165160052334
-1.4248977059  21  920  919.710644993  1.9033815371  -0.00788987151995
-1.4248977059  21  937  937.277265118  1.93184065289  0.0362293773437
-1.4248977059  21  955  954.919847579  1.96827679111  0.0121072323602
-1.4248977059  21  973  972.720828751  1.92722626465  0.014732431458
-1.4248977059  20  991  990.828719068  2.02950660372  0.014929695742
-1.4248977059  20  1009  1009.00850708  2.0521832235  0.0404492320169
-1.2449697059  21  12  11.5196811774  1.22763874123  0.0286252726605
-1.2449697059  21  22  22.1358954247  1.53477851238  0.0489174090337
-1.2449697059  21  33  32.7203367356  1.49879464338  -0.00957064159624
-1.2449697059  21  43  43.4983820945  1.23148058585  0.0816438978673
-1.2449697059  21  54  54.3211506501  1.4562640639  0.0881713430657
-1.2449697059  21  65  65.1977676768  1.52650561722  0.119143683409
-1.2449697059  21  76  76.1349218746  1.56205226432  0.0996250931273
-1.2449697059  21  87  87.1641270232  1.56748964281  0.125349238959
-1.2449697059  22  98  98.2228396412  1.51911855575  0.183745033494
-1.2449697059  22  109  109.385226026  1.43444049377  0.165200098414
-1.2449697059  22  121  120.549422971  1.26196537342  0.0234155810191
-1.2449697059  22  132  131.873957921  1.5673580811  0.0691434093986
-1.2449697059  22  143  143.332524702  1.48789750985  0.10708233369
-1.2449697059  22  155  154.710038986  1.50197097245  -0.0586984745476
-1.2449697059  22  166  166.370970176  1.38062141209  0.161666113901
-1.2449697059  22  178  177.933824576  1.574104475  -0.00921706484073
-1.2449697059  22  190  189.641174901  1.46875883987  -0.0404038682563
-1.2449697059  22  201  201.499111589  1.39061001651  0.0931384095234
-1.2449697059  23  213  213.331482459  1.55391785791  0.0708857112976
-1.2449697059  23  225  225.286132699  1.57592002076  0.0641167883378
-1.2449697059  23  237  237.34948468  1.54618752512  0.1160210252
-1.2449697059  23  249  249.464794948  1.47854753848  0.0950583237658
-1.2449697059  23  262  261.636937475  1.54376440872  0.0276901034258
-1.2449697059  23  274  273.990431841  1.63841324967  0.0972339133346
-1.2449697059  23  286  286.407038859  1.46696175529  0.141982777723
-1.2449697059  23  299  298.83029353  1.60753442211  0.0139104301339
-1.2449697059  23  311  311.457034647  1.4772479677  0.121862451281
-1.2449697059  23  324  324.118624505  1.63083268199  0.0678542509378
-1.2449697059  23  337  336.825680823  1.63129842026  -0.0314837152762
-1.2449697059  23  350  349.681597385  1.57140298573  -0.00058513878737
-1.2449697059  23  363  362.635394818  1.57965751721  -0.0133987110932
-1.2449697059  23  376  375.668920891  1.61215295254  -0.0212211451409
-1.2449697059  23  389  388.813251048  1.66721563922  -0.0201210692172
-1.2449697059  24  402  401.991717677  1.68044270527  0.0278637571291
-1.2449697059  24  415  415.349505822  1.62911794983  0.060185023847
-1.2449697059  24  429  428.73972556  1.6716630435  0.00300339380727
-1.2449697059  24  442  442.323763182  1.59387548689  0.107992039115
-1.2449697059  24  456  455.908027911  1.70983425772  0.0381360366551
-1.2449697059  24  470  469.63517778  1.60191074972  0.0342997312045
-1.2449697059  24  484  483.515140515  1.53564696122  0.0973180969217
-1.2449697059  24  497  497.483682231  1.51385041147  0.0997506942676
-1.2449697059  24  512  511.525056278  1.49784276989  0.0457840534705
-1.2449697059  24  526  525.661131027  1.59313868461  -0.00173672821782
-1.2449697059  24  540  539.965486319  1.72534427819  0.00609072662911
-1.2449697059  24  554  554.396935513  1.63625713545  0.044616720185
-1.2449697059  24  569  568.846647495  1.74773811857  -0.0224963311301
-1.2449697059  24  583  583.505006853  1.66557989258  0.0363580388505
-1.2449697059  24  598  598.245306057  1.72291778926  0.0496762948324
-1.2449697059  24  613  613.079958191  1.81108163846  0.0618008995125
-1.2449697059  24  628  628.019865824  1.79369797847  0.0590109109287
-1.2449697059  24  643  643.101890975  1.825644627  0.0771947769298
-1.2449697059  24  658  658.316000499  1.68958486858  0.132337734546
-1.2449697059  24  674  673.589131112  1.66252246987  0.0386596205107
-1.2449697059  23  689  689.19528123  1.79686550814  0.0656938059161
-1.2449697059  23  705  704.717386356  1.78797643912  -0.000215236993042
-1.2449697059  23  720  720.464590567  1.71888455314  0.0312829330022
-1.2449697059  23  736  736.304338019  1.80510159094  0.0256614885943
-1.2449697059  23  752  752.271101138  1.8097937908  0.0357579050404
-1.2449697059  23  768  768.354703939  1.78138415516  0.0497624980361
-1.2449697059  23  785  784.54573787  1.78402594824  0.00999536433331
-1.2449697059  23  801  800.875475484  1.89062493936  0.0250179798744
-1.2449697059  23  817  817.411601829  1.78771594641  0.103381813219
-1.2449697059  23  834  834.029104771  1.89432504936  0.0528815857313
-1.2449697059  23  851  850.784469136  1.87237167535  0.0112705364478
-1.2449697059  22  868  867.800462492  1.96484929009  0.00363911542177
-1.2449697059  22  885  884.958532785  1.94553044318  -0.0142929403019
-1.2449697059  22  902  902.220403149  1.92659519554  0.0197120381239
-1.2449697059  22  920  919.588219861  1.85018051835  0.00655096294918
-1.2449697059  22  937  937.116900002  1.95156340982  0.0213395839054
-1.2449697059  22  955  954.754223264  1.93871922843  -0.0187626757356
-1.2449697059  22  973  972.569647906  1.87565658943  0.0161481709208
-1.2449697059  21  991  990.691661392  1.9451307615  0.00100098563115
-1.2449697059  21  1009  1008.84305984  2.01282968278  0.0141031327803
-1.0650417059  22  11  11.4965943974  1.19575436321  0.0862377443191
-1.0650417059  22  22  22.0872393126  1.53032305846  0.0443280230723
-1.0650417059  22  33  32.6723433651  1.45771275893  -0.0258880664113
-1.0650417059  22  43  43.4654429671  1.26759955012  0.102665123341
-1.0650417059  22  54  54.2785759361  1.47532138309  0.0863246543255
-1.0650417059  22  65  65.1388490258  1.56005582781  0.105852729606
-1.0650417059  22  76  76.0799974254  1.5648989616  0.0910056918283
-1.0650417059  22  87  87.0973696889  1.6067583319  0.0893842125602
-1.0650417059  23  98  98.1577576205  1.56854470564  0.166617368917
-1.0650417059  23  109  109.318815793  1.48452525698  0.141044551565
-1.0650417059  23  121  120.513668056  1.2091432348  0.0593578622446
-1.0650417059  23  132  131.819482079  1.56802748117  0.0642937648207
-1.0650417059  23  143  143.270665632  1.53675150479  0.0947267817779
-1.0650417059  23  155  154.671279997  1.47715865159  -0.0374175684496
-1.0650417059  23  166  166.312138431  1.45661916847  0.155365176816
-1.0650417059  23  178  177.861206956  1.57546310528  -0.0244832153031
-1.0650417059  23  190  189.589101637  1.43464304786  -0.0159865100197
-1.0650417059  23  201  201.438754741  1.43863333642  0.0828202366334
-1.0650417059  24  213  213.278475274  1.55901399643  0.0832034142112
-1.0650417059  24  225  225.239495471  1.56109168256  0.0793953219229
-1.0650417059  24  237  237.300700734  1.53713414336  0.133268555541
-1.0650417059  24  249  249.42228068  1.45484015719  0.131019924775
-1.0650417059  24  262  261.573571579  1.40420508641  0.0360463127707
-1.0650417059  24  274  273.891105082  1.61947893891  0.0642145945972
-1.0650417059  24  286  286.351462339  1.4819480457  0.161349456639
-1.0650417059  24  299  298.736879351  1.56983739364  -0.00850082477116
-1.0650417059  24  311  311.401243203  1.46336565036  0.142311645511
-1.0650417059  24  324  324.021919948  1.61821358238  0.0488214162286
-1.0650417059  24  337  336.742141565  1.57619592935  -0.0312881594561
-1.0650417059  24  350  349.612330666  1.49241782129  0.000184339104516
-1.0650417059  24  363  362.552910652  1.46968439264  -0.0169793916017
-1.0650417059  24  376  375.600028529  1.51542814936  -0.00988816151624
-1.0650417059  24  389  388.719710471  1.63579354104  -0.027044205589
-1.0650417059  25  402  401.938083101  1.63897610275  0.0308386491768
-1.0650417059  25  415  415.267507021  1.66801455918  0.0508500072799
-1.0650417059  25  429  428.655216523  1.64899352835  0.0138869885138
-1.0650417059  25  442  442.232040134  1.65273176063  0.0954670709102
-1.0650417059  25  456  455.80726889  1.66378709231  0.0328307258486
-1.0650417059  25  470  469.560542454  1.60855475937  0.0440778360133
-1.0650417059  25  483  483.452270189  1.55504380514  0.130499727088
-1.0650417059  25  497  497.406710528  1.59634438781  0.119345696746
-1.0650417059  25  511  511.462504116  1.57043897367  0.0881618490448
-1.0650417059  25  526  525.580724299  1.55151393896  0.0108862448532
-1.0650417059  25  540  539.854518178  1.69452789609  -0.00497731964117
-1.0650417059  25  554  554.301533223  1.67482829541  0.0441731571188
-1.0650417059  25  569  568.755415168  1.71640951697  -0.0228948960227
-1.0650417059  25  583  583.414948232  1.68160902389  0.0528133511008
-1.0650417059  25  598  598.141595798  1.75728056532  0.0403252157236
-1.0650417059  25  613  612.949793349  1.79826996697  0.0255232823089
-1.0650417059  25  628  627.906361178  1.78461300953  0.042791262345
-1.0650417059  25  643  642.980387928  1.82719256773  0.0551566536698
-1.0650417059  25  658  658.2069474  1.76280243951  0.112747925527
-1.0650417059  24  674  673.581710013  1.648073047  0.0304475741823
-1.0650417059  24  689  689.062761978  1.82495847242  0.0505991268465
-1.0650417059  24  705  704.602418264  1.67562867603  -0.00373662832792
-1.0650417059  24  720  720.360305686  1.73141893368  0.0529709410027
-1.0650417059  24  736  736.193352053  1.82705025044  0.0257290611674
-1.0650417059  24  752  752.156656142  1.85687048938  0.0456157985684
-1.0650417059  24  768  768.238787549  1.80457872932  0.0570170453691
-1.0650417059  24  784  784.450366496  1.74792588288  0.0478304996671
-1.0650417059  24  801  800.746524735  1.84820304717  0.00708878961382
-1.0650417059  24  817  817.294012296  1.83984278308  0.120419150336
-1.0650417059  24  834  833.881981241  1.89965730356  0.0258358293761
-1.0650417059  24  851  850.652874799  1.78877684586  0.00157166893439
-1.0650417059  23  868  867.747804325  1.85412544876  0.0450451889579
-1.0650417059  23  885  884.803286352  1.89522594257  -0.0620391129607
-1.0650417059  23  902  902.085298537  1.91016715799  0.0182321307914
-1.0650417059  23  919  919.473813391  1.83893745438  0.0305695337906
-1.0650417059  23  937  936.979073025  1.98450274393  0.00100257899189
-1.0650417059  23  955  954.618358448  1.88996899563  -0.0106235852257
-1.0650417059  23  972  972.463837042  1.85545319848  0.0488707034956
-1.0650417059  22  991  990.550104334  1.88949112461  0.0167339894185
-1.0650417059  22  1009  1008.69450502  1.97035072826  0.00709409343474
-0.8851137059  23  11  11.4730730307  1.20072313258  0.107413032292
-0.8851137059  23  22  22.0247159439  1.56460248579  0.0277402277628
-0.8851137059  23  33  32.6364920521  1.41796442739  -0.0184272229763
-0.8851137059  23  43  43.4288473096  1.39291203455  0.11141293444
-0.8851137059  23  54  54.2158796673  1.52021295261  0.0709302100974
-0.8851137059  23  65  65.0896722918  1.57057103883  0.101401135315
-0.8851137059  23  76  76.0298291155  1.59466423935  0.0807709774461
-0.8851137059  23  87  87.0323232868  1.59756829048  0.0769733536219
-0.8851137059  24  98  98.0929869566  1.56707260118  0.138641559031
-0.8851137059  24  109  109.280275534  1.52118400212  0.159425898192
-0.8851137059  24  120  120.476912667  1.17913860824  0.112926655947
-0.8851137059  24  132  131.756985167  1.52304877947  0.0532896484502
-0.8851137059  24  143  143.218275949  1.54739801999  0.099061074623
-0.8851137059  24  155  154.60017262  1.38781053189  -0.063153024539
-0.8851137059  24  166  166.25082384  1.47454938346  0.14277794985
-0.8851137059  24  178  177.793705648  1.52764813394  -0.0339736161526
-0.8851137059  24  190  189.541946068  1.347234117  -0.0103911468735
-0.8851137059  24  201  201.397908673  1.4256281868  0.120459030117
-0.8851137059  25  213  213.210322988  1.57462171415  0.0786377151841
-0.8851137059  25  225  225.167097555  1.60594514891  0.0748438258815
-0.8851137059  25  237  237.237109384  1.54836129013  0.139705170802
-0.8851137059  25  249  249.359523974  1.50623649944  0.135738035706
-0.8851137059  25  262  261.527582515  1.37200758825  0.0585419368857
-0.8851137059  25  274  273.815662557  1.61598634249  0.0521167284619
-0.8851137059  25  286  286.282697958  1.54330534118  0.155928340253
-0.8851137059  25  299  298.6692736  1.52311392355  -0.00524394022061
-0.8851137059  25  311  311.334499203  1.50975982865  0.148005997133
-0.8851137059  25  324  323.930345272  1.64717204319  0.0313774529445
-0.8851137059  25  337  336.673579669  1.53683561885  -0.0337399529638
-0.8851137059  25  350  349.54090514  1.48667845043  0.0205093155647
-0.8851137059  25  362  362.49983963  1.4644941859  0.0368482359809
-0.8851137059  25  376  375.539355221  1.53899204588  0.0108941135755
-0.8851137059  25  389  388.640557558  1.61007253079  -0.0249210742298
-0.8851137059  25  402  401.897882992  1.69072662883  0.00992266283415
-0.8851137059  26  415  415.193239711  1.68172914424  0.0674201363301
-0.8851137059  26  429  428.57634121  1.63110717814  0.0199332901899
-0.8851137059  26  442  442.153777483  1.66295527141  0.0974047740549
-0.8851137059  26  456  455.749054118  0.0204846166023  0.134413207028
-0.8851137059  26  469  469.493282861  1.57653785566  0.0927920279018
-0.8851137059  26  483  483.374422744  1.60803868309  0.148159202964
-0.8851137059  26  497  497.320707587  1.65581014101  0.113183701926
-0.8851137059  26  511  511.370480254  1.6429259956  0.0781723738737
-0.8851137059  26  526  525.512426935  1.52301793885  0.0596854013902
-0.8851137059  26  540  539.763689959  1.67426660218  -0.0117926308972
-0.8851137059  26  554  554.202233135  1.71815655757  0.0426665789267
-0.8851137059  26  569  568.659205946  1.69190563032  -0.0236812243527
-0.8851137059  26  583  583.314094262  1.7286221263  0.0434343457471
-0.8851137059  26  598  598.038820184  1.78769321726  0.0348484960722
-0.8851137059  26  613  612.830581677  1.78388393586  0.010842850639
-0.8851137059  26  628  627.789053387  1.77853021844  0.027656171
-0.8851137059  26  643  642.84138236  1.8150995701  0.018215300484
-0.8851137059  26  658  658.068787346  1.81527283834  0.0495665510281
-0.8851137059  25  673  673.505076228  1.56744250249  0.0833762284909
-0.8851137059  25  689  688.937672183  1.8257299716  0.0218997682693
-0.8851137059  25  705  704.515134063  1.63337722296  0.0256987317346
-0.8851137059  25  720  720.240894253  1.78821940864  0.0561277460872
-0.8851137059  25  736  736.061381405  1.84236385234  0.00426496873492
-0.8851137059  25  752  752.018616417  1.86893153741  0.0224858017253
-0.8851137059  25  768  768.128855163  1.8463527391  0.0463299864108
-0.8851137059  25  784  784.33321099  1.77949538254  0.0582516590182
-0.8851137059  25  801  800.624567535  1.79522790498  0.00574566558145
-0.8851137059  25  817  817.171224834  1.88806244356  0.104399270983
-0.8851137059  25  834  833.745303118  1.83891576831  0.00676522790292
-0.8851137059  25  851  850.538629158  1.70572890179  0.0258563230053
-0.8851137059  24  868  867.608368269  1.7701533162  0.0313630384059
-0.8851137059  24  885  884.679605253  1.81280891281  -0.0459172650561
-0.8851137059  24  902  901.928973676  1.93412287899  -0.00681059702468
-0.8851137059  24  919  919.35573762  1.85317620773  0.062351670424
-0.8851137059  24  937  936.823418754  1.94623369898  -0.0226566643976
-0.8851137059  24  954  954.500042484  1.83689068296  0.0193694389252
-0.8851137059  24  972  972.339327353  1.87249098371  0.0844020657332
-0.8851137059  23  990  990.443985304  1.85953895362  0.0529148612794
-0.8851137059  23  1009  1008.56508986  1.90830775517  0.0277378225537
-0.7051857059  24  11  11.4396448494  1.28080328038  0.117629248852
-0.7051857059  24  22  21.9734414213  1.52982258289  0.0188906142733
-0.7051857059  24  33  32.5924692618  1.32972212455  -0.00718308988758
-0.7051857059  24  43  43.3946965367  1.36947985744  0.122616503969
-0.7051857059  24  54  54.1815359233  1.50547543302  0.0873881218229
-0.7051857059  24  65  65.039015301  1.5638998105  0.088204268322
-0.7051857059  24  76  75.9607482686  1.55761278959  0.0645217067859
-0.7051857059  24  87  86.9828813097  1.59077030058  0.0720384556222
-0.7051857059  25  98  98.072342341  1.53877645404  0.168052237956
-0.7051857059  25  109  109.227445507  1.53716681731  0.158923716646
-0.7051857059  25  120  120.445851767  1.26490608768  0.164230502478
-0.7051857059  25  132  131.694420063  1.49621535381  0.0364416314525
-0.7051857059  25  143  143.156511075  1.57035339342  0.0942682944903
-0.7051857059  25  155  154.55709282  1.29839649167  -0.0305079128848
-0.7051857059  25  166  166.187777568  1.52409649993  0.145641251631
-0.7051857059  25  178  177.72701659  1.51008264326  -0.0438876287179
-0.7051857059  25  189  189.494723172  1.32846235293  0.02912730194
-0.7051857059  25  201  201.33700492  1.4790843622  0.123531679877
-0.7051857059  25  213  213.220286205  1.56637287722  0.114941951444
-0.7051857059  26  225  225.088917736  1.62312584105  0.0643703562827
-0.7051857059  26  237  237.158365168  1.6089413422  0.11023319902
-0.7051857059  26  249  249.296212677  1.55202602496  0.130381852728
-0.7051857059  26  261  261.488801755  1.40171395301  0.123017156144
-0.7051857059  26  274  273.75469836  1.5781682039  0.0490002784616
-0.7051857059  26  286  286.215752867  1.55752837392  0.159595282586
-0.7051857059  26  299  298.590172619  1.44170727957  -0.00697579833916
-0.7051857059  26  311  311.256319561  1.5823525368  0.129031392146
-0.7051857059  26  324  323.844909847  1.60718678958  0.0164130055664
-0.7051857059  26  337  336.594315305  1.4834372619  -0.0260366203515
-0.7051857059  26  349  349.485839647  1.47578119369  0.0581522653197
-0.7051857059  26  362  362.430857625  1.52208811814  0.0423493137335
-0.7051857059  26  375  375.478637256  1.55688150493  0.0393415828802
-0.7051857059  26  389  388.574317417  1.57095890711  -0.00500684385124
-0.7051857059  26  402  401.805905909  1.66417242053  -0.0016496291459
-0.7051857059  26  415  415.199165997  1.66486478876  0.0967377878821
-0.7051857059  27  428  428.500048416  1.63964592421  0.028818323541
-0.7051857059  27  442  442.045793318  1.70031295788  0.0743731193128
-0.7051857059  27  456  455.662957673  1.75568874167  0.0809641719054
-0.7051857059  27  469  469.422438966  1.63378461273  0.112698961833
-0.7051857059  27  483  483.284075094  1.67701972286  0.129581173184
-0.7051857059  27  497  497.207692417  1.70624690815  0.0772553124871
-0.7051857059  27  511  511.262835691  1.69700377958  0.0595712422272
-0.7051857059  27  525  525.43623157  1.59189585133  0.0888504468117
-0.7051857059  27  540  539.665066201  1.62726650923  -0.000191335423077
-0.7051857059  27  554  554.085316637  1.74065408129  0.0165872611174
-0.7051857059  27  569  568.567724417  1.68077190387  -0.00944962012271
-0.7051857059  27  583  583.217386778  1.7571114496  0.0469836824263
-0.7051857059  27  598  597.918562162  1.78379405304  0.013312779354
-0.7051857059  27  613  612.735135462  1.76370212623  0.00396817480455
-0.7051857059  27  628  627.693877249  1.75424889334  0.0349532004969
-0.7051857059  27  643  642.745033655  1.78285362064  0.024603117
-0.7051857059  26  658  658.088498962  1.81095129916  0.0944730501048
-0.7051857059  26  673  673.414621431  1.68032418774  0.102121058805
-0.7051857059  26  689  688.796401838  1.78002809868  -0.00762876732555
-0.7051857059  26  704  704.439152411  1.66456092123  0.0824227498916
-0.7051857059  26  720  720.129483824  1.81645293261  0.0400256555494
-0.7051857059  26  736  735.929536773  1.85084924591  -0.0164536910999
-0.7051857059  26  752  751.891340048  1.86055426185  0.00965011319223
-0.7051857059  26  768  767.981122573  1.88907763261  0.0201085947927
-0.7051857059  26  784  784.204262894  1.84517558754  0.0483103325955
-0.7051857059  26  801  800.520747836  1.74710195575  0.0326796215404
-0.7051857059  26  817  817.025161209  1.91569889546  0.075609057239
-0.7051857059  26  834  833.619797274  1.7791288905  0.0188552936859
-0.7051857059  26  850  850.444360667  1.70710574177  0.0943905217847
-0.7051857059  25  868  867.509403607  1.72480076804  0.0623534817412
-0.7051857059  25  885  884.565538521  1.75017425546  -0.028065970339
-0.7051857059  25  902  901.787282345  1.90103329591  -0.0260315688625
-0.7051857059  25  919  919.203536252  1.90287698018  0.0508575911965
-0.7051857059  25  937  936.675662882  1.90469286913  -0.03923538997
-0.7051857059  25  954  954.394666408  1.85958178016  0.04787942114
-0.7051857059  25  972  972.19026667  1.96931484385  0.0224324446893
-0.7051857059  24  990  990.324571759  1.90666553288  0.0892122051776
-0.7051857059  24  1008  1008.44200223  1.87583917071  0.0663798593759
-0.5252577059  25  11  11.4038186249  1.28315313837  0.137034583206
-0.5252577059  25  22  21.9102247678  1.53978489741  -0.0064485207772
-0.5252577059  25  33  32.5546424659  1.23737006197  0.0164894975484
-0.5252577059  25  43  43.3564140726  1.41601019342  0.126528703986
-0.5252577059  25  54  54.1248339419  1.54064341183  0.0755469746989
-0.5252577059  25  65  64.9905636771  1.56821180149  0.0946602700228
-0.5252577059  25  76  75.8974463259  1.58695876909  0.0515652550719
-0.5252577059  25  87  86.903473413  1.57215978026  0.0576644709993
-0.5252577059  25  98  98.04106249  1.59800172338  0.146628168824
-0.5252577059  26  109  109.161693618  1.57043290863  0.134966374887
-0.5252577059  26  120  120.406724817  1.31534422163  0.171962030501
-0.5252577059  26  132  131.635277747  1.44879318573  0.0390095733026
-0.5252577059  26  143  143.075579932  1.59359218361  0.0605311877414
-0.5252577059  26  155  154.512905058  1.21451305901  -0.0057289037542
-0.5252577059  26  166  166.124332235  1.5494314874  0.111729436017
-0.5252577059  26  178  177.678509958  1.46168480589  -0.0359562055991
-0.5252577059  26  189  189.454976519  1.41278495179  0.0616679856676
-0.5252577059  26  201  201.276855597  1.53122291454  0.117422752159
-0.5252577059  26  213  213.141918887  1.59357441141  0.0735156297603
-0.5252577059  27  225  225.010333989  1.61728348627  0.0441531657811
-0.5252577059  27  237  237.081098706  1.629652733  0.102220368882
-0.5252577059  27  249  249.22231619  1.56067161243  0.129125170486
-0.5252577059  27  261  261.427649296  1.45942017353  0.116487413055
-0.5252577059  27  274  273.677203137  1.54920544902  0.0504542229812
-0.5252577059  27  286  286.131121994  1.61001107638  0.141293270122
-0.5252577059  27  299  298.546527208  1.43862809132  0.0251935969121
-0.5252577059  27  311  311.181591091  1.6115696688  0.116671926947
-0.5252577059  27  324  323.762901543  1.58653250616  0.000259937838882
-0.5252577059  27  337  336.540452194  1.49572621978  0.0182115946623
-0.5252577059  27  349  349.417031727  1.53484549792  0.0762044950142
-0.5252577059  27  362  362.364356372  1.56488624829  0.0604249185906
-0.5252577059  27  375  375.408115612  1.59753405774  0.050877027815
-0.5252577059  27  389  388.512843071  1.60519853937  0.011345079767
-0.5252577059  27  402  401.727201154  1.63141595888  0.00417232778468
-0.5252577059  27  415  415.18371455  1.65868946901  0.487125518717
-0.5252577059  27  428  428.500309181  1.61499681904  0.0222452360792
-0.5252577059  28  442  441.940069704  1.70598761436  0.0435084026312
-0.5252577059  28  456  455.562635868  1.57009324111  0.0451163517212
-0.5252577059  28  469  469.356543317  1.58809795413  0.149862079124
-0.5252577059  28  483  483.174213396  1.71899827769  0.12637979277
-0.5252577059  28  497  497.114908612  1.7430264003  0.0687605819529
-0.5252577059  28  511  511.177594019  1.7203146726  0.0719782392734
-0.5252577059  28  525  525.358472556  1.60762114339  0.113055837202
-0.5252577059  28  540  539.566607458  1.5252565239  -0.00198425163463
-0.5252577059  28  554  553.9879493  1.73205618849  0.00971429423972
-0.5252577059  28  568  568.481089151  1.58076347445  0.0279456423257
-0.5252577059  28  583  583.114927404  1.77738371553  0.0408285714328
-0.5252577059  28  598  597.809626543  1.76968707242  0.00709634832278
-0.5252577059  28  613  612.635591666  1.70846844544  0.000698493047571
-0.5252577059  28  628  627.588065325  1.68849315898  0.0350126812721
-0.5252577059  27  643  642.75194456  1.78093079551  0.0307825609666
-0.5252577059  27  658  657.969702614  1.79364020541  0.0710384503813
-0.5252577059  27  673  673.305166699  1.73955788265  0.103959393768
-0.5252577059  27  689  688.68624915  1.76669319358  -0.013171895717
-0.5252577059  27  704  704.323779014  1.70840829792  0.0813993875772
-0.5252577059  27  720  719.996219889  1.82271419325  0.0205324140406
-0.5252577059  27  736  735.801799644  1.8130055231  -0.0255272078144
-0.5252577059  27  752  751.774420148  1.83447987453  0.0033095137231
-0.5252577059  27  768  767.847852248  1.84491965134  0.00388377165929
-0.5252577059  27  784  784.093977127  1.86346426903  0.0520975082705
-0.5252577059  27  800  800.425052189  1.74808258556  0.0684470385299
-0.5252577059  27  817  816.879554539  1.9157512589  0.0473117643784
-0.5252577059  27  834  833.514599621  1.77990161123  0.0441168537456
-0.5252577059  27  850  850.320546276  1.80222156384  0.0840457959032
-0.5252577059  26  867  867.40257072  1.77296853685  0.102870510476
-0.5252577059  26  884  884.456620059  1.76528113369  0.0253409557026
-0.5252577059  26  902  901.656746669  1.85533927315  -0.0228671184248
-0.5252577059  26  919  919.055295879  1.94799733243  0.0293182402247
-0.5252577059  26  937  936.543101762  1.8575603424  -0.015916248392
-0.5252577059  26  954  954.249662317  1.91705237688  0.0458488259989
-0.5252577059  25  972  972.224851862  1.9145715926  0.139887962515
-0.5252577059  25  990  990.176348747  1.95834959935  0.0825983333938
-0.5252577059  25  1008  1008.32025033  1.91960547041  0.0868614822927
-0.3453297059  25  11  11.3921000917  1.29806202847  0.129819382166
-0.3453297059  26  22  21.8669984525  1.50264155438  0.00933704880053
-0.3453297059  26  33  32.5178356232  1.18534796528  0.0185133819066
-0.3453297059  26  43  43.3156647858  1.47934648212  0.122152255682
-0.3453297059  26  54  54.0629550063  1.54872093004  0.0600066874264
-0.3453297059  26  65  64.9158628159  1.57348613086  0.0626429632915
-0.3453297059  26  76  75.8473664645  1.54273782463  0.0497827401373
-0.3453297059  26  87  86.8536677478  1.57807741493  0.0423101237479
-0.3453297059  26  98  97.9864659695  1.58068774436  0.134852458727
-0.3453297059  27  109  109.09947009  1.57687795938  0.123610368885
-0.3453297059  27  120  120.364637854  1.39165535415  0.181687247252
-0.3453297059  27  132  131.585743616  1.39663403552  0.0538820593341
-0.3453297059  27  143  143.010534796  1.58976345214  0.0666457819205
-0.3453297059  27  154  154.489768397  1.21028731546  0.0829300181652
-0.3453297059  27  166  166.049850443  1.58613331398  0.0950267432407
-0.3453297059  27  178  177.628090438  1.45266848846  -0.0154784349342
-0.3453297059  27  189  189.398079385  1.456325835  0.0675218708176
-0.3453297059  27  201  201.198440342  1.55009527057  0.105742254439
-0.3453297059  27  213  213.053530223  1.60184402314  0.0546458934189
-0.3453297059  28  225  224.918091279  1.59903873571  -0.00109698776552
-0.3453297059  28  237  237.011392483  1.63017729768  0.0911591337158
-0.3453297059  28  249  249.152185036  1.60628571106  0.11920184868
-0.3453297059  28  261  261.384567424  1.4424899975  0.152854475556
-0.3453297059  28  274  273.604605558  1.42248181246  0.0492796914163
-0.3453297059  28  286  286.031234431  1.62484521549  0.0923154089183
-0.3453297059  28  298  298.50112011  1.22001863385  0.113334456193
-0.3453297059  28  311  311.101013495  1.62316076063  0.106821445196
-0.3453297059  28  324  323.682629221  1.50997116817  -0.00407157881798
-0.3453297059  28  336  336.481133241  1.35953876802  0.0705221022462
-0.3453297059  28  349  349.362410828  1.51734307389  0.10041343332
-0.3453297059  28  362  362.28825617  1.59770752343  0.0611201859516
-0.3453297059  28  375  375.334737864  1.60027182851  0.066452620379
-0.3453297059  28  388  388.451920166  1.49771614302  0.0554515325746
-0.3453297059  28  402  401.651266579  1.60391091303  0.00450437182827
-0.3453297059  28  415  414.998898312  1.71288031751  0.035840214099
-0.3453297059  28  428  428.435269677  1.52927044036  0.0676873353697
-0.3453297059  28  442  441.955494517  1.71843031842  0.0822471617689
-0.3453297059  29  455  455.494534666  1.5648106473  0.0722407817316
-0.3453297059  29  469  469.262213518  1.6604501517  0.132119367116
-0.3453297059  29  483  483.082917241  1.73694732216  0.112056340724
-0.3453297059  29  497  497.005573812  1.73741668777  0.0484817164465
-0.3453297059  29  511  511.06359618  1.74517590212  0.0370368231165
-0.3453297059  29  525  525.270878167  1.67277091012  0.109491087061
-0.3453297059  29  539  539.50169957  1.55802005791  0.0468343569848
-0.3453297059  29  554  553.860498907  1.7050905257  -0.00643695690172
-0.3453297059  29  568  568.399189656  1.65297422786  0.0493393238083
-0.3453297059  29  583  583.001925858  1.79560181343  0.0224953452787
-0.3453297059  29  598  597.687931907  1.71335531684  -0.00835520237046
-0.3453297059  29  613  612.533161291  1.66996890335  0.0159240422109
-0.3453297059  28  628  627.554085862  1.74329564449  0.040948425864
-0.3453297059  28  643  642.6356299  1.71926644093  0.00842814549114
-0.3453297059  28  658  657.828622377  1.8068736157  0.038329026535
-0.3453297059  28  673  673.19526385  1.78601976312  0.0943920010271
-0.3453297059  28  689  688.578080254  1.61865184603  0.00209453773172
-0.3453297059  28  704  704.219333992  1.77090200121  0.0891465810517
-0.3453297059  28  720  719.862816231  1.82062387904  -0.0117362781554
-0.3453297059  28  736  735.679124534  1.75289941741  -0.0339398819974
-0.3453297059  28  752  751.642353793  1.78219512226  -0.00765382994227
-0.3453297059  28  768  767.719021403  1.81193593898  0.000354864004075
-0.3453297059  28  784  783.946172805  1.88007921715  0.0269606077939
-0.3453297059  28  800  800.323658001  1.7575428914  0.102186207637
-0.3453297059  28  817  816.72968069  1.84479633129  0.0242369682858
-0.3453297059  28  833  833.420339563  1.78568174618  0.0972404098934
-0.3453297059  27  850  850.350230786  1.72114596729  0.178585685342
-0.3453297059  27  867  867.323496903  1.77761588883  0.24471393341
-0.3453297059  27  884  884.3499893  1.84689794182  0.0458644700829
-0.3453297059  27  902  901.553761493  1.85600318183  0.0151258918579
-0.3453297059  27  919  918.909063301  1.94547392872  0.011315515415
-0.3453297059  27  936  936.441825152  1.85959176246  0.0237132472974
-0.3453297059  27  954  954.108304279  1.96562556497  0.0357617511897
-0.3453297059  26  972  972.047797654  1.97951587146  0.0699869871607
-0.3453297059  26  990  990.019562311  2.02314162661  0.0659894384249
-0.3453297059  26  1008  1008.17940469  2.00924917996  0.0884744881996
-0.1654017059  26  11  11.3734052331  1.34264436834  0.162462371571
-0.1654017059  27  22  21.8040397771  1.52084665758  -0.0180016681355
-0.1654017059  27  32  32.4953274749  1.11709019145  0.1004373976
-0.1654017059  27  43  43.2589568073  1.50160858763  0.122886792798
-0.1654017059  27  54  54.0056707108  1.55708338032  0.0599508124752
-0.1654017059  27  65  64.8445990473  1.56468351712  0.0616052182255
-0.1654017059  27  76  75.7876682116  1.55291583049  0.0387008180367
-0.1654017059  27  87  86.7823976185  1.54719507817  0.0325746846575
-0.1654017059  27  98  97.91732612  1.59697967241  0.112579969561
-0.1654017059  28  109  109.025314377  1.61688546949  0.0816454191821
-0.1654017059  28  120  120.313356836  1.41063058923  0.183772948383
-0.1654017059  28  132  131.544862278  1.20704935911  0.10570110126
-0.1654017059  28  143  142.94218826  1.59666092626  0.0492338480297
-0.1654017059  28  154  154.449462616  1.24920657255  0.110981759798
-0.1654017059  28  166  165.974328017  1.57866770068  0.0794363799615
-0.1654017059  28  178  177.571173474  1.30839712608  -0.0256666103485
-0.1654017059  28  189  189.356580999  1.4735241354  0.0947988024595
-0.1654017059  28  201  201.144863702  1.57765777111  0.110454313297
-0.1654017059  28  213  212.980876433  1.618161655  0.0345426873535
-0.1654017059  28  225  224.90232266  1.52980920157  0.0436461615665
-0.1654017059  29  237  236.930016017  1.61843762018  0.0764762415072
-0.1654017059  29  249  249.072703576  1.63401852987  0.104674932821
-0.1654017059  29  261  261.304396257  1.52397677643  0.147345507548
-0.1654017059  29  274  273.541741904  1.28416661689  0.0716964899757
-0.1654017059  29  286  285.948495086  1.65206040037  0.0821400317919
-0.1654017059  29  298  298.455904157  1.34973073478  0.147413154153
-0.1654017059  29  311  311.003959987  1.64659221836  0.0813516901867
-0.1654017059  29  324  323.615079597  1.43546605723  0.0133543532183
-0.1654017059  29  336  336.432030724  1.4187904781  0.100960749448
-0.1654017059  29  349  349.279297463  1.59056981453  0.0871146857196
-0.1654017059  29  362  362.204241444  1.61302062819  0.0624323660072
-0.1654017059  29  375  375.23912172  1.64801306054  0.0465014326884
-0.1654017059  29  388  388.386063558  1.56563547851  0.0785940000112
-0.1654017059  29  402  401.575399683  1.58536290775  0.023027277728
-0.1654017059  29  415  414.901767497  1.69747616076  0.00487999945063
-0.1654017059  29  428  428.365176791  1.58493299662  0.0949623143696
-0.1654017059  29  442  441.849300223  1.68992144259  0.035015076123
-0.1654017059  29  455  455.467754406  1.51921605898  0.103923267476
-0.1654017059  30  469  469.163952799  1.70411527895  0.102708119932
-0.1654017059  30  483  482.966079461  1.75538919951  0.0703590842614
-0.1654017059  30  497  496.88977434  1.722138343  0.0262993638577
-0.1654017059  30  511  510.95961906  1.74072681632  0.00803413373124
-0.1654017059  30  525  525.153151807  1.72094987278  0.0948252259535
-0.1654017059  30  539  539.427387005  1.63004493745  0.0763424557976
-0.1654017059  30  554  553.761656665  1.68649497686  -0.018086460754
-0.1654017059  30  568  568.323380147  1.67328769673  0.0730417622323
-0.1654017059  30  583  582.867601362  1.77968091815  -0.00019335408223
-0.1654017059  30  598  597.602406509  1.69958632725  0.0123686933381
-0.1654017059  30  612  612.450313701  1.64520587279  0.0574440962144
-0.1654017059  29  627  627.493031865  1.64704510646  0.0651403190579
-0.1654017059  29  643  642.538218225  1.65919445056  0.0300453559332
-0.1654017059  29  658  657.727409306  1.74129736147  0.0408035586068
-0.1654017059  29  673  673.075017536  1.82325544109  0.0824372079896
-0.1654017059  29  688  688.496180757  1.55020829045  0.0558461169109
-0.1654017059  29  704  704.097111753  1.82593311623  0.0658240828084
-0.1654017059  29  720  719.741684274  1.78938330377  -0.0193423821134
-0.1654017059  29  736  735.57854483  1.72521566306  -0.016164750519
-0.1654017059  29  752  751.542194999  1.75807699408  0.00407255828006
-0.1654017059  29  768  767.603549384  1.78133626263  -0.000779081690842
-0.1654017059  29  784  783.812001913  1.85577722666  0.00264903049536
-0.1654017059  29  800  800.2059897  1.83519165693  0.104085265775
-0.1654017059  29  817  816.612501106  1.77878605976  0.025508005547
-0.1654017059  29  833  833.306606639  1.84713141957  0.0933719514162
-0.1654017059  28  850  850.202926856  1.85925679693  0.0982442024405
-0.1654017059  28  867  867.157831044  1.88745354453  0.156171185471
-0.1654017059  28  884  884.217798787  1.89713635935  0.0465854667626
-0.1654017059  28  901  901.42840539  1.81542091258  0.0433474877076
-0.1654017059  28  919  918.744563336  1.91997230891  -0.0210970324832
-0.1654017059  28  936  936.317425405  1.8576181681  0.0428144880603
-0.1654017059  28  954  953.935024624  1.98980629215  0.0213785182801
-0.1654017059  27  972  971.897041111  1.98213280854  0.0507094975449
-0.1654017059  27  990  989.858474994  1.99958362337  0.0358850247491
-0.1654017059  27  1008  1008.01890796  2.02006647199  0.0591911065011
0.0145262941002  27  11  11.3190561997  1.41704801283  0.134267742212
0.0145262941002  28  22  21.7579617549  1.48079074011  -0.0286545757279
0.0145262941002  28  32  32.4678598895  1.15683535058  0.129539840078
0.0145262941002  28  43  43.2045325907  1.53448109232  0.113357900633
0.0145262941002  28  54  53.9455231049  1.55073923281  0.0477568914928
0.0145262941002  28  65  64.7635819998  1.53319672322  0.0309900542674
0.0145262941002  28  76  75.7247160383  1.49526200054  0.0248466601217
0.0145262941002  28  87  86.7267084713  1.49940376083  0.0307025308455
0.0145262941002  28  98  97.8450752348  1.57751874448  0.0843560296437
0.0145262941002  28  109  108.997504738  1.54921577626  0.122883140015
0.0145262941002  29  120  120.247227989  1.53276143639  0.175294283506
0.0145262941002  29  131  131.510750928  1.17223568106  0.170126453005
0.0145262941002  29  143  142.858726749  1.58028439477  0.0218567467112
0.0145262941002  29  154  154.408856093  1.36878275701  0.136348213884
0.0145262941002  29  166  165.884286489  1.60077887076  0.0553744068521
0.0145262941002  29  178  177.52392653  1.2335628935  0.012743584463
0.0145262941002  29  189  189.281222083  1.5392070407  0.0769102882728
0.0145262941002  29  201  201.053589604  1.60337024803  0.0801785776722
0.0145262941002  29  213  212.888112096  1.59659648811  0.0235311362798
0.0145262941002  29  225  224.851399993  1.60811528152  0.0161547359356
0.0145262941002  30  237  236.837437216  1.60446087063  0.0510115338325
0.0145262941002  30  249  248.985926515  1.65513299501  0.076325888913
0.0145262941002  30  261  261.230433325  1.57084414789  0.139333829406
0.0145262941002  30  273  273.506703636  1.2254622575  0.162954847959
0.0145262941002  30  286  285.861416821  1.61599382414  0.0634002064683
0.0145262941002  30  298  298.391448096  1.44144401124  0.160600773581
0.0145262941002  30  311  310.893907892  1.64561006506  0.039660130816
0.0145262941002  30  324  323.553274287  1.37383830947  0.02660602152
0.0145262941002  30  336  336.35814956  1.4885189462  0.112370998523
0.0145262941002  30  349  349.195816684  1.65898815954  0.070345163506
0.0145262941002  30  362  362.118435683  1.65256518694  0.0512788340501
0.0145262941002  30  375  375.157482895  1.67994467257  0.0484847132709
0.0145262941002  30  388  388.3079075  1.61359083789  0.0770203837009
0.0145262941002  30  402  401.51027831  1.60608091892  0.040082441293
0.0145262941002  30  415  414.794745488  1.68548031847  -0.0060081822335
0.0145262941002  30  428  428.27903086  1.61700965694  0.0992197548944
0.0145262941002  30  442  441.75468139  1.67509704899  0.0350326974095
0.0145262941002  30  455  455.417194585  1.61026473357  0.0990728873714
0.0145262941002  30  469  469.187089437  1.66916225997  0.173966373614
0.0145262941002  31  483  482.851659145  1.73760427355  0.0442583153978
0.0145262941002  31  497  496.781149743  1.69457819661  0.0155942813628
0.0145262941002  31  511  510.827896635  1.70856159039  -0.00966940187056
0.0145262941002  31  525  525.045105315  1.74464613789  0.0666479774417
0.0145262941002  31  539  539.331814288  1.67307601332  0.0784881105398
0.0145262941002  31  554  553.651807076  1.67771955904  -0.00902364808377
0.0145262941002  31  568  568.201587231  1.73591420718  0.0509697508961
0.0145262941002  31  583  582.756044066  1.7530305869  -0.0272202375675
0.0145262941002  31  597  597.498132089  1.7096405397  0.021170746028
0.0145262941002  30  612  612.44936231  1.66112873257  0.0591734147617
0.0145262941002  30  627  627.403384698  1.69340694188  0.0878776052157
0.0145262941002  30  642  642.457665322  1.59830188744  0.0740422660295
0.0145262941002  30  658  657.608660637  1.710110991  0.0311899673549
0.0145262941002  30  673  672.933205886  1.83418032288  0.0391545719239
0.0145262941002  30  688  688.408755716  1.63337939688  0.0851339967171
0.0145262941002  30  704  703.950542796  1.82004275279  0.0318229709359
0.0145262941002  30  720  719.619667487  1.73032361491  -0.015197190965
0.0145262941002  30  735  735.473540357  1.73367704902  0.0267961606707
0.0145262941002  30  751  751.432330016  1.76727754249  0.0501997220726
0.0145262941002  30  767  767.488491464  1.77022395726  0.0267865247108
0.0145262941002  30  784  783.678123596  1.8300409597  0.000599429936804
0.0145262941002  30  800  800.045302581  1.87378561083  0.0809186788231
0.0145262941002  30  816  816.500905162  1.73845651626  0.0549554138705
0.0145262941002  30  833  833.149138838  1.91991856875  0.0730384089716
0.0145262941002  29  850  850.056040675  1.9023883985  0.074452264635
0.0145262941002  29  867  866.98872974  1.95188341151  0.0687462884836
0.0145262941002  29  884  884.060225341  1.93171324934  0.0153512768721
0.0145262941002  29  901  901.306443499  1.88550146745  0.0490332755862
0.0145262941002  29  919  918.611852598  1.85201996338  -0.0162606824768
0.0145262941002  29  936  936.170967159  1.9476100537  0.0319494145349
0.0145262941002  29  954  953.790148356  1.9616656503  0.000366581656656
0.0145262941002  28  972  971.724127051  1.9502502358  0.0263689215994
0.0145262941002  28  990  989.691932875  1.94207498036  0.026462826806
0.0145262941002  28  1008  1007.83680222  2.01880798342  0.029935245188
0.1944542941  28  11  11.2796885765  1.44389249114  0.14163689328
0.1944542941  29  22  21.7128484207  1.45037890707  -0.032833356347
0.1944542941  29  32  32.4411795363  1.25671340988  0.1509637233
0.1944542941  29  43  43.153294015  1.53669755721  0.100153220813
0.1944542941  29  54  53.8833479134  1.55970354962  0.0244079300656
0.1944542941  29  65  64.7275693114  1.49569557632  0.0246377121242
0.1944542941  29  76  75.6658077449  1.45651102288  0.00732516427111
0.1944542941  29  87  86.6800173403  1.48209202601  0.0248344817383
0.1944542941  29  98  97.7709690044  1.56063650848  0.0712563403573
0.1944542941  29  109  108.956867369  1.61460220995  0.0927211218986
0.1944542941  30  120  120.202952347  1.5136443367  0.188372851511
0.1944542941  30  131  131.486550433  1.19745163944  0.210734776988
0.1944542941  30  143  142.789985765  1.56256079622  -0.00165089470395
0.1944542941  30  154  154.355039523  1.39505431055  0.140262355358
0.1944542941  30  166  165.829603791  1.54952603217  0.0484826136652
0.1944542941  30  177  177.488812823  1.26390834375  0.0710644458769
0.1944542941  30  189  189.218806276  1.57084390861  0.0720199028914
0.1944542941  30  201  200.972810868  1.6066354281  0.0666619658466
0.1944542941  30  213  212.804900308  1.58422824552  -0.00206282402465
0.1944542941  30  225  224.771557406  1.56495393536  0.00253776210948
0.1944542941  31  237  236.773610149  1.58267368701  0.0583302361313
0.1944542941  31  249  248.915748199  1.63987674451  0.0639707462725
0.1944542941  31  261  261.169192889  1.60195518986  0.133597366416
0.1944542941  31  273  273.456375397  1.38076107695  0.185605822495
0.1944542941  31  286  285.778649861  1.59843643608  0.0416251490541
0.1944542941  31  298  298.326081076  1.51538061983  0.159416333646
0.1944542941  31  311  310.816597173  1.61748006842  0.0304244874272
0.1944542941  31  323  323.498785264  1.40126778532  0.0774131035513
0.1944542941  31  336  336.277638191  1.57232791897  0.0928950211011
0.1944542941  31  349  349.101074958  1.65165504621  0.0478823212925
0.1944542941  31  362  362.021094476  1.6505084621  0.0310741617857
0.1944542941  31  375  375.054758032  1.69163108115  0.0153625817575
0.1944542941  31  388  388.214980553  1.65829593694  0.0676661254573
0.1944542941  31  401  401.431063197  1.61770904692  0.0592879045022
0.1944542941  31  415  414.707940442  1.67313701254  -0.00108304947018
0.1944542941  31  428  428.180311877  1.66945524086  0.0807686121882
0.1944542941  31  442  441.670738438  1.67274925635  0.0455819286482
0.1944542941  31  455  455.327017726  1.65879972402  0.0878127398146
0.1944542941  31  469  469.03949778  1.7364468313  0.079338352177
0.1944542941  31  483  482.850053521  1.73390363917  0.0375870802971
0.1944542941  32  497  496.671293147  1.63811265617  -0.00763339213018
0.1944542941  32  511  510.722951928  1.65207585359  -0.0213890010621
0.1944542941  32  525  524.917121925  1.7703203195  0.0276432294114
0.1944542941  32  539  539.241281873  1.72197228734  0.0774557338682
0.1944542941  32  554  553.561270207  1.59610044896  -0.0149842090156
0.1944542941  32  568  568.100013299  1.76998923436  0.0473690803775
0.1944542941  31  583  582.780535416  1.79404911404  0.0626707404084
0.1944542941  31  597  597.497990842  1.7214625532  0.0239564855929
0.1944542941  31  612  612.357044789  1.70593617836  0.0701955250162
0.1944542941  31  627  627.293345959  1.76669622497  0.0801789884856
0.1944542941  31  642  642.353475391  1.68153778804  0.0929660438076
0.1944542941  31  658  657.51889431  1.68364154124  0.0602121903448
0.1944542941  31  673  672.801849474  1.80787173513  0.0140669056144
0.1944542941  31  688  688.300040705  1.74007027722  0.0910084367439
0.1944542941  31  704  703.808859504  1.79133637302  0.00360832348754
0.1944542941  31  720  719.526847167  1.73458778516  0.0149030825161
0.1944542941  31  735  735.372905288  1.79643109013  0.0365686252128
0.1944542941  31  751  751.322082023  1.79888744095  0.053548136057
0.1944542941  31  767  767.391183443  1.80940992034  0.0415590318468
0.1944542941  31  784  783.563808357  1.8124352312  0.00294788906225
0.1944542941  31  800  799.912017014  1.87622006504  0.0538431159569
0.1944542941  31  816  816.404427986  1.75711810786  0.0885338505376
0.1944542941  31  833  833.004192506  1.92042535119  0.0357735237361
0.1944542941  30  850  849.899623631  1.9151596613  0.0412210247003
0.1944542941  30  867  866.809631113  1.90585175058  0.0160030904361
0.1944542941  30  884  883.895166035  1.90444938618  -0.0217500527992
0.1944542941  30  901  901.157436679  1.9363448362  0.0339846629592
0.1944542941  30  918  918.499690249  1.80627752484  0.0161604890567
0.1944542941  30  936  936.012748549  1.97056613419  0.0194218976629
0.1944542941  30  954  953.652472543  1.92349526398  0.00261898079016
0.1944542941  29  972  971.58299311  1.89697419027  0.0284707532513
0.1944542941  29  990  989.5675646  1.88464717639  0.0411158197744
0.1944542941  29  1008  1007.68728322  1.95109470638  0.0244794066563
0.3743822941  29  11  11.2357791655  1.48338895038  0.125343694024
0.3743822941  30  22  21.6969918492  1.39683355609  -0.0228326704262
0.3743822941  30  32  32.4092711646  1.25730356487  0.154062139593
0.3743822941  30  43  43.1031515695  1.55473748523  0.098996606949
0.3743822941  30  54  53.847398684  1.53040297191  0.0255569769015
0.3743822941  30  65  64.6863603435  1.46180318337  0.0320785266458
0.3743822941  30  76  75.6278090449  1.41930829416  0.0245428589561
0.3743822941  30  87  86.6326051618  1.41956267985  0.02137632256
0.3743822941  30  98  97.7224147868  1.5282219075  0.0572446774651
0.3743822941  30  109  108.904274989  1.60966682884  0.0725224947044
0.3743822941  31  120  120.14767479  1.54917935377  0.174183630681
0.3743822941  31  131  131.450774847  1.23590614385  0.234955657915
0.3743822941  31  143  142.748735167  1.5279942704  0.00881672504443
0.3743822941  31  154  154.305280878  1.45139044697  0.131781696378
0.3743822941  31  166  165.775922646  1.55245350601  0.03779276781
0.3743822941  31  177  177.436756537  1.39343363788  0.0821202125913
0.3743822941  31  189  189.140832763  1.59269959176  0.0544090629392
0.3743822941  31  201  200.912426018  1.59888280836  0.0554303435445
0.3743822941  31  213  212.750872342  1.54818992796  -0.00155445548821
0.3743822941  31  225  224.713500762  1.54252905511  0.000897960880104
0.3743822941  31  237  236.741118709  1.48895496299  0.0270198450785
0.3743822941  32  249  248.832591426  1.61721121511  0.0402704060752
0.3743822941  32  261  261.098127551  1.63017261735  0.11974465661
0.3743822941  32  273  273.412256365  1.38442577386  0.200810264518
0.3743822941  32  286  285.703676823  1.52203552167  0.0337490614341
0.3743822941  32  298  298.269107953  1.51195140564  0.159961326965
0.3743822941  32  311  310.736344217  1.57526524862  0.0119047694019
0.3743822941  32  323  323.461877168  1.39599087867  0.148203214374
0.3743822941  32  336  336.211684549  1.59374659962  0.0982169015357
0.3743822941  32  349  349.027968529  1.67440752417  0.051548170909
0.3743822941  32  362  361.939083696  1.65188858694  0.00580119416022
0.3743822941  32  375  374.978031673  1.70453883745  0.0120561827612
0.3743822941  32  388  388.145019305  1.65596178994  0.0698498902011
0.3743822941  32  401  401.37211078  1.58676306178  0.0812673744677
0.3743822941  32  415  414.634343823  1.61360632553  -0.000813772361308
0.3743822941  32  428  428.107452959  1.68017115777  0.0901801439674
0.3743822941  32  442  441.595758294  1.59217004683  0.0493832403632
0.3743822941  32  455  455.273836773  1.65687362269  0.14063142345
0.3743822941  32  469  468.930707219  1.73947853555  0.053473084774
0.3743822941  32  483  482.744246723  1.679849101  0.0237966904855
0.3743822941  32  497  496.671293147  1.63811265617  -0.00763339213018
0.3743822941  32  511  510.722951928  1.65207585359  -0.0213890010621
0.3743822941  33  525  524.824311365  1.71872334153  0.01913839314
0.3743822941  33  539  539.131664697  1.73301818882  0.0521555594777
0.3743822941  32  554  553.561332471  1.59647142702  -0.0160637022809
0.3743822941  32  568  568.100013299  1.76998923436  0.0473690803775
0.3743822941  32  583  582.661570898  1.72216090097  -0.0165215595803
0.3743822941  32  597  597.427255621  1.69639176885  0.0539820310324
0.3743822941  32  612  612.281025588  1.71766058399  0.102886850828
0.3743822941  32  627  627.206958123  1.77893211899  0.0930631264334
0.3743822941  32  642  642.264742763  1.71451455341  0.108981625199
0.3743822941  32  657  657.439077435  1.65385107689  0.114234079141
0.3743822941  32  673  672.679501449  1.71721284057  0.00291966927021
0.3743822941  32  688  688.186580645  1.76494048748  0.0838854702579
0.3743822941  32  704  703.705874635  1.76378909912  0.00567568396339
0.3743822941  32  719  719.440258817  1.69898115122  0.0518910448849
0.3743822941  32  735  735.271220317  1.82563179925  0.0486170492004
0.3743822941  32  751  751.208457667  1.83994800946  0.0556386558118
0.3743822941  32  767  767.299355492  1.841134174  0.0655718574921
0.3743822941  32  783  783.468185366  1.76674183953  0.0382884066517
0.3743822941  32  800  799.780454825  1.86064121276  0.0327305063057
0.3743822941  32  816  816.297901219  1.78551144122  0.120038579634
0.3743822941  32  833  832.926479931  2.03482529542  0.0386755135203
0.3743822941  31  850  849.765839644  1.86869798289  0.0295471902352
0.3743822941  31  867  866.681804375  1.86529146911  0.00602107717352
0.3743822941  31  884  883.763710922  1.88831085404  -0.0258938829549
0.3743822941  31  901  901.012849311  1.95587959462  0.012770579742
0.3743822941  31  918  918.395527626  1.84178309538  0.0519924749952
0.3743822941  31  936  935.893338555  1.94117421373  0.00778069063533
0.3743822941  31  954  953.539039129  1.8972359536  0.0187630927366
0.3743822941  30  971  971.460994847  1.8741951002  0.0582841704513
0.3743822941  30  989  989.44844286  1.90029033096  0.0768037682481
0.3743822941  30  1008  1007.55569165  1.90228895317  0.0413841190074
0.5543102941  30  11  11.1806300142  1.51151728281  0.116300678814
0.5543102941  30  22  21.6882989732  1.45921957374  0.0119695619148
0.5543102941  31  32  32.3715702896  1.33830707226  0.171230975576
0.5543102941  31  43  43.0457602851  1.56067343849  0.0787329759511
0.5543102941  31  54  53.793637486  1.53558519377  0.0138314038624
0.5543102941  31  65  64.6475068531  1.47801484356  0.0261530707627
0.5543102941  31  76  75.5820208683  1.37614539798  0.0280988378143
0.5543102941  31  87  86.5915710475  1.37852466544  0.0358430477299
0.5543102941  31  98  97.6761966049  1.50496288544  0.0549388772153
0.5543102941  31  109  108.833895938  1.5747722315  0.0574363451611
0.5543102941  32  120  120.071485991  1.57676931915  0.111010375236
0.5543102941  32  131  131.412395468  1.29797793431  0.236704978619
0.5543102941  32  143  142.688828648  1.47723023909  -0.00678583603385
0.5543102941  32  154  154.247769059  1.47583988968  0.121259326923
0.5543102941  32  166  165.706139631  1.48319259134  0.0227207273087
0.5543102941  32  177  177.40283408  1.40516513985  0.102373529434
0.5543102941  32  189  189.088268259  1.58613211541  0.0430200833394
0.5543102941  32  201  200.835196175  1.58187197645  0.0352031407535
0.5543102941  32  213  212.688424679  1.50517768073  -0.0174748937589
0.5543102941  32  225  224.649942316  1.48435744888  -0.0049805041015
0.5543102941  32  237  236.691351657  1.53442690665  0.0244779365212
0.5543102941  33  249  248.757989529  1.59158226559  0.0303989162079
0.5543102941  33  261  261.005469729  1.63458626307  0.0871576650181
0.5543102941  33  273  273.358029699  1.45087392776  0.20341122571
0.5543102941  33  286  285.637114489  1.47746972338  0.0383820914359
0.5543102941  33  298  298.189301635  1.60814009091  0.140694117072
0.5543102941  33  311  310.675594948  1.55309499805  0.0104377300449
0.5543102941  33  323  323.402681823  1.45295952438  0.140762169871
0.5543102941  33  336  336.129339305  1.61541006304  0.0792761237494
0.5543102941  33  349  348.930918046  1.65530834272  0.0250403053127
0.5543102941  33  362  361.846229028  1.64457752862  -0.00790495933453
0.5543102941  33  375  374.885955822  1.67592031257  -0.00995313986906
0.5543102941  33  388  388.054299975  1.68070610291  0.0577682728349
0.5543102941  33  401  401.294659181  1.62528039457  0.0827399198126
0.5543102941  33  415  414.563649806  1.59943917354  0.00442079029371
0.5543102941  33  428  428.017151066  1.70874867328  0.0640396608533
0.5543102941  33  442  441.521328365  1.58142356245  0.0530439282205
0.5543102941  33  455  455.213554855  1.64638780342  0.195931440816
0.5543102941  33  469  468.841042056  1.71990452935  0.0330055888362
0.5543102941  33  483  482.658620179  1.63373832611  0.0202690084248
0.5543102941  33  497  496.602396676  1.54755396362  0.0054780738388
0.5543102941  33  511  510.648721481  1.60183050949  -0.0261792413481
0.5543102941  33  525  524.824035729  1.71827330034  0.0163931312008
0.5543102941  33  539  539.131664697  1.73301818882  0.0521555594777
0.5543102941  33  553  553.490315355  1.57653691792  0.0312037875776
0.5543102941  33  568  567.995280309  1.74673907814  0.0322425415782
0.5543102941  33  583  582.568656205  1.65757771065  -0.00423100847913
0.5543102941  33  597  597.342456019  1.71038669586  0.0712653186543
0.5543102941  33  612  612.166190521  1.76985655497  0.0890990594716
0.5543102941  33  627  627.087058163  1.81340952551  0.0751168835301
0.5543102941  33  642  642.166689128  1.76308544807  0.109457764671
0.5543102941  33  657  657.344065991  1.71200574627  0.131978687496
0.5543102941  33  673  672.581176363  1.63732350856  0.0123600837758
0.5543102941  33  688  688.069826072  1.79881760249  0.0637746451611
0.5543102941  33  704  703.604743028  1.67907837245  0.0126084216984
0.5543102941  33  719  719.333322585  1.76168585827  0.0563268315797
0.5543102941  33  735  735.13843717  1.84771410274  0.018129149391
0.5543102941  33  751  751.097470382  1.84538606651  0.0405441254431
0.5543102941  33  767  767.167581861  1.8467311252  0.0527254642579
0.5543102941  33  783  783.378627164  1.79747264184  0.0615253846794
0.5543102941  33  800  799.654610523  1.80921984666  0.0179204724528
0.5543102941  33  816  816.187371467  1.84149467834  0.115736716485
0.5543102941  32  833  832.861079372  1.90249653701  0.0116538466343
0.5543102941  32  850  849.643084366  1.79028889952  0.0274723721922
0.5543102941  32  867  866.557611868  1.76082820689  0.014576279077
0.5543102941  32  884  883.641517305  1.80755168157  -0.0174225492053
0.5543102941  32  901  900.857142661  1.93092370737  -0.0199141615415
0.5543102941  32  918  918.259310453  1.85065230709  0.0570038789491
0.5543102941  32  936  935.729043906  1.90756925533  -0.015858664427
0.5543102941  32  953  953.473596503  1.96255958551  0.0417272473112
0.5543102941  31  971  971.359446995  1.90761380066  0.0785366963041
0.5543102941  31  989  989.316630453  1.93807681626  0.077703700725
0.5543102941  31  1007  1007.45503075  1.93124563057  0.078486973832
0.7342382941  31  11  11.1295109691  1.53606834102  0.0976796255386
0.7342382941  31  22  21.6278284783  1.37741822712  -0.0272800489043
0.7342382941  32  32  32.3301878735  1.35777749675  0.159811627434
0.7342382941  32  43  42.9869358946  1.57282657864  0.052219738096
0.7342382941  32  54  53.7310559881  1.46889382205  -0.00633480306475
0.7342382941  32  65  64.6001880873  1.38251073511  0.0188636230485
0.7342382941  32  76  75.5541215571  1.24098602096  0.0607681019661
0.7342382941  32  87  86.5444148417  1.23277400996  0.0372164364217
0.7342382941  32  98  97.6226715941  1.3959680046  0.0672814463217
0.7342382941  32  109  108.784668261  1.57138323293  0.0394885799794
0.7342382941  32  120  120.039919799  1.51928487662  0.148205829125
0.7342382941  33  131  131.365354686  1.35649593816  0.23185756944
0.7342382941  33  143  142.630956332  1.39702324826  -0.00180377795029
0.7342382941  33  154  154.188001361  1.52948333142  0.119123114601
0.7342382941  33  166  165.646905441  1.46271485854  0.0221693924502
0.7342382941  33  177  177.343998119  1.48654421833  0.0973609338313
0.7342382941  33  189  189.00936736  1.60287617567  0.0333993760286
0.7342382941  33  201  200.774624925  1.55623302869  0.02620440975
0.7342382941  33  213  212.632356765  1.45858871557  -0.00930762205049
0.7342382941  33  225  224.590837032  1.43245304851  -0.00192094491896
0.7342382941  33  237  236.634337871  1.48553974686  0.0285493292736
0.7342382941  34  249  248.689759769  1.54451369569  0.0174367178069
0.7342382941  34  261  260.929136713  1.63900864655  0.0625880001189
0.7342382941  34  273  273.296417745  1.52751426904  0.196491124328
0.7342382941  34  286  285.587994908  1.37732485372  0.0500714204599
0.7342382941  34  298  298.114392141  1.61099472799  0.128000856308
0.7342382941  34  311  310.599972488  1.44881996741  0.0175324256582
0.7342382941  34  323  323.332992861  1.54491323102  0.121002906352
0.7342382941  34  336  336.046108288  1.63916882725  0.0625259078666
0.7342382941  34  349  348.84925963  1.63300758597  0.00581042801194
0.7342382941  34  362  361.77543229  1.58984142166  -0.0200298744013
0.7342382941  34  375  374.80331651  1.64617549496  -0.0218069812367
0.7342382941  34  388  387.961707795  1.6812852439  0.0330014349983
0.7342382941  34  401  401.209585115  1.66764446907  0.0717582557433
0.7342382941  34  415  414.502787801  1.58702556977  0.0280269490588
0.7342382941  34  428  427.93003486  1.70118864305  0.0609093907625
0.7342382941  34  441  441.462155545  1.56882075909  0.0898638316596
0.7342382941  34  455  455.073556035  1.72593484195  0.0802536200124
0.7342382941  34  469  468.734361002  1.6708921792  -0.00389929525098
0.7342382941  34  483  482.577650012  1.58416015765  0.0282903624466
0.7342382941  34  497  496.531048702  1.52099107193  0.0239944941169
0.7342382941  34  511  510.563335879  1.54930777053  -0.0218433784156
0.7342382941  34  525  524.713877778  1.6803356073  -0.00624340126914
0.7342382941  34  539  539.013439532  1.76870008128  0.0182556137221
0.7342382941  34  553  553.426861076  1.63664236871  0.0537560084998
0.7342382941  34  568  567.886719886  1.75743082959  0.0142941716967
0.7342382941  34  582  582.493101684  1.63417830081  0.0278428837374
0.7342382941  34  597  597.239594284  1.76376948137  0.0674507812482
0.7342382941  34  612  612.063497786  1.77995912702  0.0700258123661
0.7342382941  34  627  626.969672501  1.82387353723  0.0429174497742
0.7342382941  34  642  642.042828809  1.78957484826  0.0816581994524
0.7342382941  34  657  657.239043812  1.77040087089  0.120520510527
0.7342382941  34  673  672.510976732  1.57641901208  0.0620206177459
0.7342382941  34  688  688.005823711  1.86976702775  0.0674475562309
0.7342382941  34  704  703.502544674  1.63077674408  0.0345780379203
0.7342382941  34  719  719.222922263  1.81395368016  0.0523082692313
0.7342382941  34  735  735.016577382  1.88055738421  0.00212459514978
0.7342382941  34  751  750.958168773  1.86705848374  0.0180361742826
0.7342382941  34  767  767.040614001  1.87766000102  0.0326554974358
0.7342382941  34  783  783.249251401  1.85438840815  0.0566450936893
0.7342382941  34  800  799.549729099  1.7844820982  0.0341596699311
0.7342382941  34  816  816.04050189  1.88114420317  0.0792658097173
0.7342382941  33  833  832.72458333  1.83546788362  -0.0148835977349
0.7342382941  33  850  849.541832878  1.74383923496  0.0596949042129
0.7342382941  33  866  866.468206463  1.67946383853  0.0659355280667
0.7342382941  33  884  883.529862527  1.74688273904  -0.0057939924953
0.7342382941  33  901  900.710535486  1.8469591066  -0.032466244964
0.7342382941  33  918  918.132530967  1.92398154991  0.053678693047
0.7342382941  33  936  935.604972167  1.85368737661  -0.00838271158735
0.7342382941  32  953  953.41798534  1.87372423316  0.0533595282115
0.7342382941  32  971  971.234756993  1.95893382112  0.0868100493239
0.7342382941  32  989  989.184282338  2.01276225126  0.0983695219191
0.7342382941  32  1007  1007.32359887  1.95475505191  0.0997041711167
0.9141662941  32  11  11.0881490261  1.56217175362  0.0910010640282
0.9141662941  32  22  21.5952915088  1.3364613559  -0.0222099502555
0.9141662941  33  32  32.280826961  1.44667601876  0.156764720229
0.9141662941  33  43  42.9276379667  1.56235495446  0.0262025473266
0.9141662941  33  54  53.6808704913  1.46839742195  -0.0116035365405
0.9141662941  33  65  64.5545767916  1.24040844359  0.0477667884151
0.9141662941  33  76  75.5114517657  1.21005979322  0.0787068980523
0.9141662941  33  87  86.5142163633  1.17038007721  0.0834143451808
0.9141662941  33  98  97.5726351716  1.31391322122  0.0714873329889
0.9141662941  33  109  108.722797985  1.51690702494  0.0409911223595
0.9141662941  33  120  120.015463993  1.57666891951  0.124705967481
0.9141662941  34  131  131.320988972  1.41140746681  0.233645157245
0.9141662941  34  143  142.580264822  1.35483930737  -0.00349975968423
0.9141662941  34  154  154.118937419  1.54035720118  0.0954049047224
0.9141662941  34  166  165.597433021  1.40625435071  0.0268433172343
0.9141662941  34  177  177.287803557  1.50422367547  0.0908949467222
0.9141662941  34  189  188.932833024  1.57733916652  0.00731466169968
0.9141662941  34  201  200.708484824  1.5233106918  0.0178386291726
0.9141662941  34  213  212.575587156  1.38856749235  -0.00496327353706
0.9141662941  34  225  224.540179178  1.33267081541  0.0213208980877
0.9141662941  34  237  236.57604602  1.44883023977  0.026352756487
0.9141662941  35  249  248.633775134  1.48916462948  0.0134778644818
0.9141662941  35  261  260.854590279  1.63243969339  0.0536271835488
0.9141662941  35  273  273.216210071  1.57135660646  0.177099527481
0.9141662941  35  286  285.522757517  1.35246345079  0.0797086918634
0.9141662941  35  298  298.02699437  1.63847408621  0.104743772175
0.9141662941  35  311  310.543408115  1.3754076295  0.0587492677374
0.9141662941  35  323  323.25590202  1.589166129  0.106719487343
0.9141662941  35  336  335.941239071  1.65687980313  0.0270806021937
0.9141662941  35  349  348.771797505  1.60541343704  0.00270426930186
0.9141662941  35  362  361.690797713  1.58978734404  -0.015274953772
0.9141662941  35  375  374.72741583  1.6304323228  -0.0245173825104
0.9141662941  35  388  387.869473703  1.68518431  0.0146034397617
0.9141662941  35  401  401.117425642  1.6908653137  0.0479222511958
0.9141662941  35  414  414.435065412  1.61555712743  0.048844675908
0.9141662941  35  428  427.840309943  1.70168264203  0.0450235253343
0.9141662941  35  441  441.374960764  1.62176310248  0.0915253384407
0.9141662941  35  455  454.968845909  1.72820253626  0.0550130443522
0.9141662941  35  469  468.671250194  1.65428120527  0.0259566445057
0.9141662941  35  483  482.512615825  1.60023578558  0.0599115396042
0.9141662941  35  496  496.462401026  1.5705328255  0.0604926547712
0.9141662941  35  510  510.503139367  1.57539931243  0.0369921087355
0.9141662941  35  525  524.638169089  1.62650003493  0.00379661504147
0.9141662941  35  539  538.916503057  1.74124746215  0.00219451151473
0.9141662941  35  553  553.329435212  1.68916102625  0.0554691070256
0.9141662941  35  568  567.782115279  1.72421477226  0.00286781263257
0.9141662941  35  582  582.415651134  1.67794271566  0.0359556295812
0.9141662941  35  597  597.120786479  1.784275487  0.0375771336525
0.9141662941  35  612  611.957939888  1.78503599277  0.0613834112591
0.9141662941  35  627  626.862375113  1.8209398451  0.0285762482187
0.9141662941  35  642  641.922134096  1.78725381638  0.0517692526329
0.9141662941  35  657  657.143264426  1.80173102627  0.100448587378
0.9141662941  35  672  672.422079675  1.66588930201  0.0773782424814
0.9141662941  35  688  687.820839313  1.79801150719  0.0213649695514
0.9141662941  35  703  703.42413628  1.69579182738  0.0770541856219
0.9141662941  35  719  719.093852442  1.84761838815  0.0257475339681
0.9141662941  35  735  734.883038233  1.8361120188  -0.0186492470792
0.9141662941  35  751  750.825285305  1.86586111599  -0.00449447247525
0.9141662941  35  767  766.9044779  1.87983874924  0.00495177913916
0.9141662941  35  783  783.133638235  1.88106402224  0.0410474554751
0.9141662941  35  799  799.454906638  1.78266807695  0.0699811321202
0.9141662941  35  816  815.891027259  1.88337861863  0.0441816999314
0.9141662941  34  833  832.604950468  1.75146327128  -0.00942030768245
0.9141662941  34  849  849.450370293  1.76347453811  0.105921213971
0.9141662941  34  866  866.367490359  1.79008910637  0.0972310950587
0.9141662941  34  883  883.423703346  1.8137243963  0.0316788021507
0.9141662941  34  901  900.592178439  1.81594017156  -0.0148444070781
0.9141662941  34  918  917.983342897  1.94513801871  0.0315917645823
0.9141662941  34  935  935.48135394  1.84399428552  0.0241484337204
0.9141662941  33  953  953.304618559  1.9082721464  0.0633242166436
0.9141662941  33  971  971.064953846  2.00192981187  0.0506465774368
0.9141662941  33  989  989.034913313  2.0129972793  0.0759698859806
0.9141662941  33  1007  1007.17835444  2.04062329931  0.0824550784667
1.0940942941  33  11  11.0335101485  1.56270602602  0.0715220622996
1.0940942941  33  22  21.5541122888  1.27398204222  -0.0251911303716
1.0940942941  34  32  32.2577949831  1.38935810463  0.146644009203
1.0940942941  34  43  42.8913406326  1.55793225213  0.0381777114126
1.0940942941  34  54  53.6492014499  1.41494730048  -0.00943888327477
1.0940942941  34  65  64.525151483  1.16223230831  0.0609387665645
1.0940942941  34  75  75.4933816705  1.14826323854  0.144110696975
1.0940942941  34  86  86.4879694376  1.14121009285  0.140838449762
1.0940942941  34  98  97.5313621375  1.17293704389  0.101284428246
1.0940942941  34  109  108.661218261  1.47612217329  0.0192028999142
1.0940942941  34  120  119.948178045  1.58393480494  0.0984194454171
1.0940942941  35  131  131.261665339  1.47387041965  0.217459290991
1.0940942941  35  143  142.54695216  1.28166680925  0.0305660791029
1.0940942941  35  154  154.043246998  1.59918276046  0.069598592484
1.0940942941  35  166  165.552078711  1.33994411689  0.0475564079096
1.0940942941  35  177  177.216890565  1.55193561841  0.0672381926016
1.0940942941  35  189  188.862992597  1.56815907835  -0.00176715057781
1.0940942941  35  201  200.644903434  1.50079885827  0.0159460770357
1.0940942941  35  213  212.532733486  1.44445129214  0.0318080046402
1.0940942941  35  224  224.500225011  1.34278050663  0.0807331456259
1.0940942941  35  237  236.533144741  1.38314785981  0.0671305730145
1.0940942941  35  249  248.632287283  1.48576141238  0.0180523795552
1.0940942941  36  261  260.764135248  1.59248690361  0.0131951760789
1.0940942941  36  273  273.14466947  1.62746150476  0.157354342696
1.0940942941  36  285  285.487577391  1.26850890089  0.140802976446
1.0940942941  36  298  297.937529263  1.63954582905  0.0623746561317
1.0940942941  36  310  310.497444313  1.17313927432  0.125677294533
1.0940942941  36  323  323.179221289  1.62275750598  0.100543684042
1.0940942941  36  336  335.86389409  1.61771795788  0.0115995099133
1.0940942941  36  349  348.685155296  1.56220532621  -0.013643796398
1.0940942941  36  362  361.615609456  1.50421200032  -0.0245723357308
1.0940942941  36  375  374.632331352  1.55521597515  -0.0379873671166
1.0940942941  36  388  387.779910363  1.63809102001  -0.000115577424878
1.0940942941  36  401  401.029923645  1.70186752423  0.0393887747321
1.0940942941  36  414  414.373210816  1.57949896217  0.0704743591283
1.0940942941  36  428  427.74656695  1.67237672519  0.0280541434209
1.0940942941  36  441  441.313962893  1.62409219248  0.120310334645
1.0940942941  36  455  454.868956798  1.7159262168  0.0218695324292
1.0940942941  36  469  468.577527896  1.57842776678  0.0213391280646
1.0940942941  36  482  482.461713567  1.37764065208  0.13832329923
1.0940942941  36  496  496.406814783  1.51230738871  0.121047553543
1.0940942941  36  510  510.439286918  1.47235844523  0.0903656312779
1.0940942941  36  525  524.556931572  1.5233412489  0.012986119043
1.0940942941  36  539  538.804423354  1.72185041024  -0.0261891203245
1.0940942941  36  553  553.243408048  1.71732568145  0.0580438431445
1.0940942941  36  568  567.681497435  1.6811408587  -0.0129704541181
1.0940942941  36  582  582.334528194  1.67964420461  0.0719582269429
1.0940942941  36  597  597.008738977  1.78650142263  0.018122135054
1.0940942941  36  612  611.843441481  1.77816312686  0.033804457584
1.0940942941  36  627  626.732413605  1.77990979478  -0.00977851295425
1.0940942941  36  642  641.797292129  1.79762775049  0.030371228498
1.0940942941  36  657  657.009750663  1.83005859204  0.0691926816936
1.0940942941  36  672  672.339130041  1.68961760242  0.106535579834
1.0940942941  36  688  687.698905331  1.72960299182  -0.00115628229236
1.0940942941  36  703  703.323338012  1.70298430877  0.0956888762998
1.0940942941  36  719  718.968538462  1.8650362928  0.00243205883228
1.0940942941  36  735  734.753641918  1.80994501146  -0.0321865533238
1.0940942941  36  751  750.704882105  1.80715070931  -0.0202235223398
1.0940942941  36  767  766.765810718  1.86227197802  -0.0147661476293
1.0940942941  36  783  782.985695872  1.89706524216  0.0163011407916
1.0940942941  36  799  799.343160769  1.78775316648  0.0904784058473
1.0940942941  36  816  815.756317801  1.87601919917  0.0322360266993
1.0940942941  35  833  832.511869521  1.75101248061  0.0345950956736
1.0940942941  35  849  849.330131212  1.8408868413  0.111291872123
1.0940942941  35  866  866.235321488  1.85014384554  0.0867430569052
1.0940942941  35  883  883.292349472  1.86602803204  0.0343149979308
1.0940942941  35  900  900.486299696  1.79614602617  0.026594981837
1.0940942941  35  918  917.826807211  1.92179626605  0.00777245919269
1.0940942941  35  935  935.364986047  1.91735340832  0.0343414692193
1.0940942941  34  953  953.13245948  1.9628080568  0.0383267010347
1.0940942941  34  971  970.911456702  2.00500994062  0.0285163007325
1.0940942941  34  989  988.838092797  1.99999956723  0.00733468251949
1.0940942941  34  1007  1007.0025094  2.03766528959  0.0532845832685
1.2740222941  34  11  10.9834902564  1.58286191427  0.0676388597097
1.2740222941  34  22  21.5371871602  1.2145680497  0.00339182326079
1.2740222941  34  32  32.2530720814  1.43030708197  0.181294465593
1.2740222941  35  43  42.8301337629  1.52214087546  0.0137034913765
1.2740222941  35  54  53.6026173902  1.40558952398  -0.0154358061468
1.2740222941  35  64  64.504949278  1.03437077558  0.132323021615
1.2740222941  35  75  75.4502952795  1.30974689423  0.130519879402
1.2740222941  35  86  86.4583200527  1.28384402143  0.161679688285
1.2740222941  35  97  97.5082776773  1.09241280493  0.158048624646
1.2740222941  35  109  108.614662585  1.46166293781  0.0137920026883
1.2740222941  35  120  119.881631845  1.59768450659  0.0757011500961
1.2740222941  36  131  131.188757006  1.57970493499  0.168304883981
1.2740222941  36  143  142.504820862  1.22304766974  0.0197157953317
1.2740222941  36  154  153.978779485  1.57473035089  0.0623625503353
1.2740222941  36  166  165.509332094  1.20577351858  0.0758086517115
1.2740222941  36  177  177.153723508  1.58373394923  0.0504472763537
1.2740222941  36  189  188.792940122  1.56779604431  -0.026360882039
1.2740222941  36  201  200.595532598  1.43255504786  0.013489267154
1.2740222941  36  212  212.493796353  1.19726952435  0.0775696953328
1.2740222941  36  224  224.46186492  1.25114572604  0.123293666263
1.2740222941  36  236  236.488645489  1.14701878983  0.147021467913
1.2740222941  36  249  248.56448387  1.40980826249  0.0204123739394
1.2740222941  37  261  260.693924826  1.57703940307  0.00621478711215
1.2740222941  37  273  273.047448159  1.64288829631  0.1252809055
1.2740222941  37  285  285.435665829  1.38839783703  0.152322655625
1.2740222941  37  298  297.852368241  1.63243159284  0.0425825572195
1.2740222941  37  310  310.45254479  1.26891822351  0.162999390801
1.2740222941  37  323  323.096997096  1.65624493416  0.069153052202
1.2740222941  37  336  335.774422805  1.59633191746  -0.00372394193456
1.2740222941  37  349  348.609827311  1.5197969741  -0.0126571211325
1.2740222941  37  362  361.55962819  1.47097732608  0.00897390654033
1.2740222941  37  375  374.576281388  1.53632668828  -0.0128192179578
1.2740222941  37  388  387.692931194  1.60915733659  -0.0119689723964
1.2740222941  37  401  400.933161901  1.69244664375  0.0170589904963
1.2740222941  37  414  414.278565563  1.63141397971  0.0549804299274
1.2740222941  37  428  427.653512172  1.64976647202  0.0125918615597
1.2740222941  37  441  441.229312454  1.67922738011  0.104578492276
1.2740222941  37  455  454.773728305  1.68489814031  0.0145388594299
1.2740222941  37  468  468.505024339  1.4574571231  0.0634625443233
1.2740222941  37  482  482.381704395  1.52435139043  0.146347839577
1.2740222941  37  496  496.310165018  1.61880726358  0.0977695275607
1.2740222941  37  510  510.360676044  1.59323347029  0.0926487314314
1.2740222941  37  524  524.479833153  1.43478165758  0.0747316563837
1.2740222941  37  539  538.711755312  1.67823053798  -0.0301175649308
1.2740222941  37  553  553.135782958  1.73752886366  0.0409012686512
1.2740222941  37  568  567.592107786  1.63610635724  0.00495825308836
1.2740222941  37  582  582.22641076  1.71161269793  0.0563722921302
1.2740222941  37  597  596.904553851  1.80157896606  0.00513795435522
1.2740222941  37  612  611.719323458  1.74105460028  0.0168044032918
1.2740222941  37  627  626.629993506  1.71866232301  -0.00187425409191
1.2740222941  37  642  641.694570229  1.75449222113  0.0249087826897
1.2740222941  37  657  656.877099512  1.81138783636  0.03318457439
1.2740222941  37  672  672.218026165  1.74866989041  0.0945565024747
1.2740222941  37  688  687.593046711  1.64156700298  0.0127729300665
1.2740222941  37  703  703.211055242  1.77448338961  0.0899391501768
1.2740222941  37  719  718.835500798  1.84278737294  -0.0190120880396
1.2740222941  37  735  734.642760258  1.7143709398  -0.0322447654811
1.2740222941  37  751  750.590605455  1.75456649974  -0.004855410103
1.2740222941  37  767  766.644190112  1.78380922829  -0.023936495499
1.2740222941  37  783  782.847178803  1.90109626481  -0.0153111970495
1.2740222941  37  799  799.234699422  1.84306156887  0.0874757981052
1.2740222941  36  816  815.680209973  1.91328850031  -0.000939304740102
1.2740222941  36  832  832.415350327  1.75238389336  0.0819934702966
1.2740222941  36  849  849.197067723  1.89665040939  0.101073184211
1.2740222941  36  866  866.094819516  1.90198071758  0.0707758564639
1.2740222941  36  883  883.155897339  1.91761565435  0.034352213318
1.2740222941  36  900  900.371338625  1.80094822312  0.0496538296037
1.2740222941  36  918  917.66831329  1.86804097026  -0.00287027324334
1.2740222941  36  935  935.233749196  1.92726814576  0.0349022271747
1.2740222941  35  953  952.979355324  1.97370483125  0.0143273179027
1.2740222941  35  971  970.761303373  1.98403738408  0.00757193612555
1.2740222941  35  989  988.692629692  1.95194709087  -0.00332390337044
1.2740222941  35  1007  1006.83120883  2.03174013267  0.0166666265786
