# Band 3B   Etalon 2A   Slice 4
# Distortion map version 7B.05.00 - date 2019-03-22
# Trace (isoalpha): Take pixel trace along specified slice, specified alpha position trace is built by taking the pixel in every detector row with alpha value closest to the one specified 
# xpos[i] = np.argmin(alpha_img[i,:])+funcs.find_nearest(alpha_img[i,:][(slice_img[i,:]!=0)],alpha_pos)
#    alpha       x  y      center         FWHM          skewness        wavelength
0.0  816  5  5.062991694797741  3.297204820099987  -0.05568497667082285  15.686793604965871
0.0  818  42  41.51746770541936  3.0567724097904048  0.025245440853753538  15.610557377671974
0.0  819  77  77.0015618503138  3.1002720890736697  -0.04703384645698538  15.534859792547497
0.0  821  112  112.16454196211552  2.9647104429737112  0.017685468754135614  15.46016712791969
0.0  822  146  146.40015983215332  2.8346368611233856  -0.04107899020407204  15.386084610113443
0.0  823  180  180.2827600092508  2.8480188942845643  0.008924544164993288  15.31289922166435
0.0  824  213  213.42038785837084  2.74206969005877  0.00122657639846546  15.240384575104041
0.0  825  246  245.99416891368497  2.7968646730981277  -0.010105590986570484  15.168712665944321
0.0  826  278  278.060513908703  2.654712222978219  0.008321709551738945  15.097573789649545
0.0  826  310  309.4973772141385  2.6939494558325805  -0.015654955026394364  15.027414165301082
0.0  827  340  340.49226735683186  2.7131233368448875  -0.006141908510814087  14.957700000753945
0.0  828  371  370.8813572575678  2.708296615289214  -0.01844863248870402  14.88899120872048
0.0  828  401  400.79274325909284  2.7466987791021893  -0.03063282230754241  14.820789521373039
0.0  828  430  430.2706738242887  2.648754404120041  -0.012186191680300782  14.753305173998903
0.0  828  459  459.19248269596693  2.7418323074609816  -0.01102629252879816  14.68668724474506
0.0  829  488  487.6504471357421  2.703542596157945  -0.011382912646923584  14.620481583720924
0.0  829  516  515.6862011508236  2.7770876098472854  0.002018600687775205  14.555071695719535
0.0  829  543  543.2113925993414  2.8236732014111112  0.0012260116366188103  14.490483362816486
0.0  829  570  570.2906313292342  2.8115856770065193  -0.028697493782621448  14.426317719474104
0.0  828  597  597.0221462671964  2.9682601348008575  -0.011992275231198368  14.362792536985046
0.0  828  623  623.3123435748536  2.967377674490308  -0.003251283974743992  14.300095569086018
0.0  828  649  649.1282709205719  2.998758747727379  -0.012946260985555976  14.2380322665459
0.0  828  674  674.5211860220026  2.9762727709247656  -0.03187496462580614  14.176301113131764
0.0  827  700  699.6602734161567  3.0215868309824145  -0.007024741759181823  14.115348448441837
0.0  827  724  724.3313554454754  3.040839375335736  -0.009330451767049787  14.055047185382653
0.0  826  749  748.6442675583072  3.111457566082663  -0.026609744404194818  13.995428412818692
0.0  826  773  772.589719133639  3.057176670028184  -0.026733368907384633  13.936174552598326
0.0  825  796  796.259864714487  3.098541995473738  -0.024280774070238858  13.877469853207606
0.0  824  820  819.6341496530638  3.0834273537477657  -0.0023252787191642347  13.819173488962395
0.0  824  843  842.5606139017439  3.09330060195623  -0.030083874192216867  13.76162809128386
0.0  823  865  865.2946505943041  3.108587799926454  -0.011829585543408676  13.704583558457013
0.0  822  888  887.7093064148341  3.033329522934764  -0.0026662068179180046  13.6480347738012
0.0  821  910  909.8187112554059  3.016641550639406  0.007407885663603129  13.591888765640986
0.0  821  932  931.5745866255328  2.952579337224506  -0.013914292472276898  13.536189577466194
0.0  820  953  953.1265498609466  2.9628021895673555  -0.017880203783597632  13.480873471062468
0.0  819  974  974.4141560166677  2.8177747599723943  -0.027320825005777274  13.42597356799033
0.0  818  996  995.4819162713447  2.85077593267215  -0.00512370243165066  13.371617538388005
0.0  817  1016  1016.2564024245086  2.777002177432678  -0.010314323151730328  13.31768711234676
-2.4514674392179083  825  5  5.292722245366308  3.0693184557595394  -0.02981784275349635  15.686793604965871
-2.4514674392179083  827  42  41.69032556916747  3.182041672085248  0.010293557929139496  15.610557377671974
-2.4514674392179083  829  77  77.23794706384396  2.9415651208408633  -0.008309058492897854  15.534859792547497
-2.4514674392179083  830  112  112.2124031508972  3.0918766919863003  -0.0057738658222703  15.46016712791969
-2.4514674392179083  831  147  146.5716019231795  2.8094475788339537  0.00016133174614663449  15.386084610113443
-2.4514674392179083  833  180  180.2530285581109  2.9188857615541224  -0.02034852372353456  15.31289922166435
-2.4514674392179083  834  214  213.50740462436494  2.7241103604408465  0.02872163522281497  15.240384575104041
-2.4514674392179083  835  246  245.9649893550101  2.721679477747898  -0.018228865768450748  15.168712665944321
-2.4514674392179083  835  278  278.02460773118776  2.813865479365518  0.00666527703951625  15.097573789649545
-2.4514674392179083  836  309  309.46744691395344  2.6175376822093313  0.004886627433237938  15.027414165301082
-2.4514674392179083  837  340  340.35221521890645  2.7462120564628094  -0.02174979305813423  14.957700000753945
-2.4514674392179083  837  371  370.80304908813184  2.7018418320262754  -0.008419100671226455  14.88899120872048
-2.4514674392179083  837  401  400.62077664742446  2.695314218037197  -0.05199613603148998  14.820789521373039
-2.4514674392179083  838  430  430.0760882120421  2.7797057071791187  -0.0057610255055442535  14.753305173998903
-2.4514674392179083  838  459  459.0129634968446  2.770598287611733  0.003764729655568775  14.68668724474506
-2.4514674392179083  838  487  487.4406171456021  2.7246760836558224  -0.001258779693059839  14.620481583720924
-2.4514674392179083  838  515  515.4192720095281  2.819049681522415  -0.005304686380717912  14.555071695719535
-2.4514674392179083  838  543  542.9563202144178  2.8426060403614883  -0.006922839541423257  14.490483362816486
-2.4514674392179083  838  570  570.0474769492939  2.8672820321974086  -0.002751459519144282  14.426317719474104
-2.4514674392179083  838  597  596.6440234316453  2.8808257094852934  -0.0372069672812872  14.362792536985046
-2.4514674392179083  838  623  622.8712923414631  2.9426609335266676  -0.04535488226146361  14.300095569086018
-2.4514674392179083  837  649  648.7499113378584  3.0080051333388838  -0.027454446355677033  14.2380322665459
-2.4514674392179083  837  674  674.1737983338594  2.957873310043624  -0.017156189360281633  14.176301113131764
-2.4514674392179083  837  699  699.2168585375948  3.058765077379803  -0.001431823603843856  14.115348448441837
-2.4514674392179083  836  724  723.8829985670668  3.000655336625414  -0.014957556785972036  14.055047185382653
-2.4514674392179083  836  748  748.1904427238609  3.0902424681260072  -0.012224666005465552  13.995428412818692
-2.4514674392179083  835  772  772.1551068104425  3.133495429482764  -0.012235158174544755  13.936174552598326
-2.4514674392179083  835  796  795.7416690281331  3.1227437905347415  -0.014618671104047045  13.877469853207606
-2.4514674392179083  834  819  819.082863324568  3.168305939752827  -0.005335217620062222  13.819173488962395
-2.4514674392179083  833  842  842.05394244315  3.085237204750001  -0.014581836348480337  13.76162809128386
-2.4514674392179083  833  865  864.6949567557359  3.08386953192462  -0.03869564236649608  13.704583558457013
-2.4514674392179083  832  887  887.0686811469278  3.0910596972453277  -0.020005490073255378  13.6480347738012
-2.4514674392179083  831  909  909.1612821854529  3.0368732711306166  -0.0069311829436583955  13.591888765640986
-2.4514674392179083  830  931  930.9819610601339  2.9825617496899213  -0.004673691994139617  13.536189577466194
-2.4514674392179083  829  952  952.5217024031605  2.9000989146015854  -0.008736299512770846  13.480873471062468
-2.4514674392179083  828  974  973.7943697020834  2.887314401838239  -0.008072394358182437  13.42597356799033
-2.4514674392179083  827  995  994.7948191328022  2.8728348932916106  -0.025453074576358484  13.371617538388005
-2.4514674392179083  826  1016  1015.570182018735  2.877236010570755  0.010502656320571315  13.31768711234676
-2.2040174392179086  824  5  5.260191300148888  3.123922397095474  -0.03815212266857151  15.686793604965871
-2.2040174392179086  826  42  41.67130527329305  3.1759241918864447  0.01388193324193933  15.610557377671974
-2.2040174392179086  828  77  77.21151278458248  2.918033948739918  -0.00912047734011273  15.534859792547497
-2.2040174392179086  829  112  112.22081400882314  3.0950947856336484  -0.0014945136381078474  15.46016712791969
-2.2040174392179086  830  147  146.53849995079352  2.783833564507347  -0.017343725363298264  15.386084610113443
-2.2040174392179086  832  180  180.24414493886846  2.916501464019859  -0.02048813272231703  15.31289922166435
-2.2040174392179086  833  214  213.485895184596  2.7426836927331237  0.023942860370172642  15.240384575104041
-2.2040174392179086  834  246  245.95028861078072  2.74075046354136  -0.021864094721157957  15.168712665944321
-2.2040174392179086  834  278  278.0282018958361  2.782625517381689  0.006631402356824091  15.097573789649545
-2.2040174392179086  835  309  309.4658592234165  2.6119431866409286  0.000855712285787324  15.027414165301082
-2.2040174392179086  836  340  340.38904654920697  2.7306627080492945  -0.008460933630389576  14.957700000753945
-2.2040174392179086  836  371  370.82707042058655  2.719321060653556  -0.000875935144358463  14.88899120872048
-2.2040174392179086  836  401  400.65423227539657  2.66283520775454  -0.04224999139029512  14.820789521373039
-2.2040174392179086  837  430  430.0952777051987  2.735141875412751  -0.007355769310488697  14.753305173998903
-2.2040174392179086  837  459  459.0394451237902  2.7576499148700577  0.0015277613820211546  14.68668724474506
-2.2040174392179086  837  487  487.4688705149099  2.7146237831912003  -0.007544782442112174  14.620481583720924
-2.2040174392179086  837  515  515.4623947288608  2.80773489288822  -0.0006974771654411237  14.555071695719535
-2.2040174392179086  837  543  542.9934660677501  2.8528916248756104  -0.006751743498973  14.490483362816486
-2.2040174392179086  837  570  570.068100391791  2.889604947465614  -0.007991899131169307  14.426317719474104
-2.2040174392179086  837  597  596.68858066765  2.889017173802813  -0.029546712876425515  14.362792536985046
-2.2040174392179086  837  623  622.9395736398208  2.993915052061766  -0.030597368289472307  14.300095569086018
-2.2040174392179086  836  649  648.8004203937195  3.0032480790391674  -0.021972898829945436  14.2380322665459
-2.2040174392179086  836  674  674.2009775715742  2.958075756734729  -0.023911285930232923  14.176301113131764
-2.2040174392179086  836  699  699.2753057025265  3.0183807788985177  0.00796648952754331  14.115348448441837
-2.2040174392179086  835  724  723.9639416248941  3.0270922250876993  -0.005718146456373425  14.055047185382653
-2.2040174392179086  835  748  748.2375882947697  3.1026244623790262  -0.01519574283093541  13.995428412818692
-2.2040174392179086  834  772  772.179034387649  3.0492288522499393  -0.023632001789734576  13.936174552598326
-2.2040174392179086  834  796  795.8039429458348  3.1058715728142943  -0.007867356500038647  13.877469853207606
-2.2040174392179086  833  819  819.1258506755955  3.136108375757658  -0.008399645919095384  13.819173488962395
-2.2040174392179086  832  842  842.085752579523  3.091676775863675  -0.023006620878418527  13.76162809128386
-2.2040174392179086  832  865  864.7050631377998  3.056300000645706  -0.0588630363507552  13.704583558457013
-2.2040174392179086  831  887  887.1262288269702  3.0374165580412864  -0.019706553638039786  13.6480347738012
-2.2040174392179086  830  909  909.2491203616595  3.030960854674049  0.004461227378593692  13.591888765640986
-2.2040174392179086  829  931  931.0643324307931  3.025443055283631  0.0006710121872202873  13.536189577466194
-2.2040174392179086  828  953  952.5764352834075  2.8829542410887825  -0.02356339342379637  13.480873471062468
-2.2040174392179086  827  974  973.8559983584631  2.8430698820379803  -0.0064998362233469375  13.42597356799033
-2.2040174392179086  826  995  994.8667315172949  2.94763454697204  -0.007628694034106853  13.371617538388005
-2.2040174392179086  825  1016  1015.6069136332673  2.859655884985841  -0.004594702781988015  13.31768711234676
-1.9565674392179089  823  5  5.251981779320831  3.1196948718084734  -0.034717298410223675  15.686793604965871
-1.9565674392179089  825  42  41.64591846201189  3.151820865789716  0.011980951677423446  15.610557377671974
-1.9565674392179089  827  77  77.19450418026375  2.93221515456392  -0.002151006900387917  15.534859792547497
-1.9565674392179089  828  112  112.21921631825536  3.1308040572688753  0.006638649275244632  15.46016712791969
-1.9565674392179089  829  147  146.5192926585043  2.7862461878440286  -0.017440382338474333  15.386084610113443
-1.9565674392179089  831  180  180.240678652433  2.9023830125918835  -0.02238192069340433  15.31289922166435
-1.9565674392179089  832  213  213.47815881236485  2.675521046562551  0.029186843967892867  15.240384575104041
-1.9565674392179089  833  246  245.9473058967888  2.729470609863654  -0.029542328737174915  15.168712665944321
-1.9565674392179089  833  278  278.0332175032305  2.776082129606266  0.0018050861537755544  15.097573789649545
-1.9565674392179089  834  309  309.46126834415685  2.612310973249805  -0.0035397708754221335  15.027414165301082
-1.9565674392179089  835  340  340.37789406229274  2.7335432679004725  -0.019553275388722265  14.957700000753945
-1.9565674392179089  835  371  370.83941306719464  2.7068850655790584  -0.004671055608294312  14.88899120872048
-1.9565674392179089  836  401  400.6667301022454  2.6883527786005743  -0.03790369476542041  14.820789521373039
-1.9565674392179089  836  430  430.1455894072726  2.6951916087276686  0.004638518470514692  14.753305173998903
-1.9565674392179089  836  459  459.02525751220617  2.7554182767946713  -0.021680673728762367  14.68668724474506
-1.9565674392179089  836  488  487.5017908734132  2.7348748175079436  0.0017186228315878725  14.620481583720924
-1.9565674392179089  836  516  515.4979990060962  2.7684783449216184  0.00930583495958545  14.555071695719535
-1.9565674392179089  836  543  543.0098354754316  2.8125823727518764  -0.0018269367574255853  14.490483362816486
-1.9565674392179089  836  570  570.0958858980581  2.818812519734138  -0.013426665171476839  14.426317719474104
-1.9565674392179089  836  597  596.7509367988557  2.912488033317004  -0.024615924773075826  14.362792536985046
-1.9565674392179089  836  623  622.9928500339122  3.0121816094231235  -0.015253586821204326  14.300095569086018
-1.9565674392179089  835  649  648.8475317475029  3.016655024110378  -0.012856937813911984  14.2380322665459
-1.9565674392179089  835  674  674.2444659510666  2.997476967111197  -0.01782329099109113  14.176301113131764
-1.9565674392179089  835  699  699.3159727793229  3.0280668045922994  0.004836001398076202  14.115348448441837
-1.9565674392179089  834  724  724.0063317897792  3.0413136335159834  -0.0026046499382771236  14.055047185382653
-1.9565674392179089  834  748  748.27346054477  3.0656211819643886  -0.01681070988774238  13.995428412818692
-1.9565674392179089  833  772  772.2438365333462  3.0812107700869547  -0.021620279859605972  13.936174552598326
-1.9565674392179089  833  796  795.845082540743  3.1373279115055084  -0.012605980582464673  13.877469853207606
-1.9565674392179089  832  819  819.1820877649268  3.1402247366766005  -0.0031232946114827485  13.819173488962395
-1.9565674392179089  831  842  842.1581224895241  3.1089252660108286  -0.015175775126697814  13.76162809128386
-1.9565674392179089  831  865  864.786517956085  3.0772192326585355  -0.030241110414284667  13.704583558457013
-1.9565674392179089  830  887  887.1831354727601  3.0798029526952178  -0.018280037904100006  13.6480347738012
-1.9565674392179089  829  909  909.3011913132931  3.0336461652384514  -0.005867983349645161  13.591888765640986
-1.9565674392179089  828  931  931.1320245702253  2.992400352702134  0.0033123012013030195  13.536189577466194
-1.9565674392179089  827  953  952.645839035469  2.925566029090078  -0.01778378047978314  13.480873471062468
-1.9565674392179089  826  974  973.9301592653676  2.928041108208845  0.007518869332934943  13.42597356799033
-1.9565674392179089  825  995  994.9138200750439  2.9527771466985087  -0.0194839163304678  13.371617538388005
-1.9565674392179089  825  1016  1015.6700323303372  2.887831766142426  -0.008426301503286096  13.31768711234676
-1.7091174392179092  822  5  5.236300482292322  3.1679453678037666  -0.04470836384150013  15.686793604965871
-1.7091174392179092  824  42  41.617700242911255  3.1386545113913655  0.01083438001006217  15.610557377671974
-1.7091174392179092  826  77  77.17902816727394  2.9379140139753304  -0.007234580255210346  15.534859792547497
-1.7091174392179092  827  112  112.21329018950863  3.109262068558351  0.0030059335479332952  15.46016712791969
-1.7091174392179092  828  146  146.52005404771757  2.766989829661327  -0.015079166656053983  15.386084610113443
-1.7091174392179092  830  180  180.24151047963298  2.93152747074609  -0.02521579137118531  15.31289922166435
-1.7091174392179092  831  213  213.4695332269665  2.6814905206359185  0.020708005268151482  15.240384575104041
-1.7091174392179092  832  246  245.95118564492256  2.7356497334289998  -0.026348573165251788  15.168712665944321
-1.7091174392179092  832  278  278.04979531925636  2.735470757372468  0.009562192256668905  15.097573789649545
-1.7091174392179092  833  309  309.47264178063904  2.6040276976402765  -0.003968896758102183  15.027414165301082
-1.7091174392179092  834  340  340.377278385128  2.74306633732499  -0.022158513931708774  14.957700000753945
-1.7091174392179092  834  371  370.82251915277715  2.700681682656864  -0.021027044211205614  14.88899120872048
-1.7091174392179092  835  401  400.6942947191737  2.672519487093666  -0.03258823206687996  14.820789521373039
-1.7091174392179092  835  430  430.14515142344675  2.716362089272934  -0.005925352460186  14.753305173998903
-1.7091174392179092  835  459  459.0479775644091  2.746657293541375  -0.010822860565995428  14.68668724474506
-1.7091174392179092  835  488  487.50733017100026  2.745239633653682  -0.008517773815033686  14.620481583720924
-1.7091174392179092  835  516  515.5161360129895  2.7869363661568514  0.006236869114333995  14.555071695719535
-1.7091174392179092  835  543  543.011146655731  2.8286887311194278  -0.013401634996510295  14.490483362816486
-1.7091174392179092  835  570  570.1180514716142  2.8229785570079002  -0.017021415874128167  14.426317719474104
-1.7091174392179092  835  597  596.7864615168033  2.930197639129119  -0.015649667408283642  14.362792536985046
-1.7091174392179092  835  623  623.0373163556342  3.007113218915947  -0.013869053335739666  14.300095569086018
-1.7091174392179092  835  649  648.8457826922904  3.018760301553243  -0.02419626618797746  14.2380322665459
-1.7091174392179092  834  674  674.3222668219978  2.9874555920562216  -0.008376410460415271  14.176301113131764
-1.7091174392179092  834  699  699.37228736722  2.9955768754548444  0.010654385568090327  14.115348448441837
-1.7091174392179092  833  724  724.0352368310236  3.0523774963235155  -0.009092963818153993  14.055047185382653
-1.7091174392179092  833  748  748.3073497111054  3.0527411814422294  -0.02111304433994173  13.995428412818692
-1.7091174392179092  832  772  772.3235722113897  3.1158785189636546  -0.011176269962808787  13.936174552598326
-1.7091174392179092  832  796  795.9001711663909  3.1258054104343955  -0.013742226352507842  13.877469853207606
-1.7091174392179092  831  819  819.241988963549  3.1290451487518567  -0.0030418620695302338  13.819173488962395
-1.7091174392179092  830  842  842.2329184604977  3.1149316662560977  -0.01212886498443035  13.76162809128386
-1.7091174392179092  830  865  864.8637384458096  3.0883541250381086  -0.02328612659448326  13.704583558457013
-1.7091174392179092  829  887  887.2429312562699  3.0849347264324933  -0.017076968803320092  13.6480347738012
-1.7091174392179092  828  909  909.3883263062619  3.0266625668652978  0.016019037535924072  13.591888765640986
-1.7091174392179092  827  931  931.1939932499862  2.960755952919726  0.0077164849635753055  13.536189577466194
-1.7091174392179092  826  953  952.6991796241666  2.9021835485572183  -0.023560310313644493  13.480873471062468
-1.7091174392179092  825  974  973.9618561925247  2.9435434379090566  -0.013848236775325052  13.42597356799033
-1.7091174392179092  825  995  994.9760645121663  2.967320505792941  -0.017600192395785377  13.371617538388005
-1.7091174392179092  824  1016  1015.7153887313684  2.8184440046442205  -0.011470820425643081  13.31768711234676
-1.4616674392179094  821  5  5.246500843704563  3.1881051975033845  -0.023631018829995826  15.686793604965871
-1.4616674392179094  823  42  41.58879658523171  3.130860103044654  0.003873821135830015  15.610557377671974
-1.4616674392179094  825  77  77.16396466095783  2.959545779924838  -0.011866234239698183  15.534859792547497
-1.4616674392179094  826  112  112.20913702641104  3.0609351911550533  0.008815102558327034  15.46016712791969
-1.4616674392179094  828  146  146.49986512967854  2.7275500378731294  -0.010674238734448513  15.386084610113443
-1.4616674392179094  829  180  180.25096331353674  2.9498087819857233  -0.015990485739119903  15.31289922166435
-1.4616674392179094  830  213  213.47729168822931  2.711588970271066  0.024772900300849304  15.240384575104041
-1.4616674392179094  831  246  245.94493867821518  2.7641448811854445  -0.028087530334115558  15.168712665944321
-1.4616674392179094  831  278  278.0650827482589  2.7436530830652828  0.017207153255834613  15.097573789649545
-1.4616674392179094  832  309  309.46102693194257  2.653976052329881  -0.016656681056508447  15.027414165301082
-1.4616674392179094  833  340  340.4068453586166  2.7093963968162598  -0.017517675316311612  14.957700000753945
-1.4616674392179094  833  371  370.83185169278005  2.6920747947265227  -0.012601439905313217  14.88899120872048
-1.4616674392179094  834  401  400.6945474216062  2.6984273427897847  -0.04409400347583316  14.820789521373039
-1.4616674392179094  834  430  430.15921657512064  2.6839996866742695  -0.010858927284393714  14.753305173998903
-1.4616674392179094  834  459  459.07916441665185  2.7432841810675654  -0.009177592057907205  14.68668724474506
-1.4616674392179094  834  488  487.5242307124901  2.729209930913271  -0.015232147107842741  14.620481583720924
-1.4616674392179094  834  516  515.5435548468138  2.775962147015889  0.004230775555667312  14.555071695719535
-1.4616674392179094  834  543  543.0367220810634  2.8404670845729925  -0.012027421095876728  14.490483362816486
-1.4616674392179094  834  570  570.1352914122521  2.817803789589334  -0.0197030616949714  14.426317719474104
-1.4616674392179094  834  597  596.7869894956541  2.9483270033204008  -0.027293297409706426  14.362792536985046
-1.4616674392179094  834  623  623.0741596122685  3.0079209329994683  -0.008738109254664847  14.300095569086018
-1.4616674392179094  834  649  648.8782104981409  3.035527846512423  -0.018138606410403265  14.2380322665459
-1.4616674392179094  833  674  674.3449660513344  3.0020560331145134  -0.016589089017284692  14.176301113131764
-1.4616674392179094  833  699  699.4159316918261  3.010790000830866  0.009103019491206994  14.115348448441837
-1.4616674392179094  832  724  724.0761959757768  3.0141835908791563  -0.00974573469893975  14.055047185382653
-1.4616674392179094  832  748  748.3463115491656  3.0701179693472795  -0.027481507436062657  13.995428412818692
-1.4616674392179094  831  772  772.3689791660923  3.0934445630221035  -0.013086105500012211  13.936174552598326
-1.4616674392179094  831  796  795.9601953914103  3.156060297208114  -0.009344356183496808  13.877469853207606
-1.4616674392179094  830  819  819.2902186341679  3.1106416354643898  -0.00530984973254141  13.819173488962395
-1.4616674392179094  829  842  842.2835951477131  3.04098438298945  -0.021812222848345254  13.76162809128386
-1.4616674392179094  829  865  864.893678552243  3.0703421130277775  -0.03536558905467725  13.704583558457013
-1.4616674392179094  828  887  887.3234976841516  3.081870236263512  -0.0070408491350939795  13.6480347738012
-1.4616674392179094  827  910  909.46112992363  2.9934923745458946  0.017114614456133208  13.591888765640986
-1.4616674392179094  826  931  931.2795454107538  2.9305396307458977  0.009667056199882673  13.536189577466194
-1.4616674392179094  825  953  952.7774689307996  3.008105439720339  -0.004730339859142333  13.480873471062468
-1.4616674392179094  825  974  974.0301375540143  2.961814875858636  -0.009382033358576096  13.42597356799033
-1.4616674392179094  824  995  995.0214238121127  2.93486765127318  -0.03548198058010787  13.371617538388005
-1.4616674392179094  823  1016  1015.790326696245  2.785594667951841  -0.004125423561715354  13.31768711234676
-1.2142174392179097  821  5  5.20829512526054  3.2308888103952125  -0.031953145239992674  15.686793604965871
-1.2142174392179097  822  42  41.59156688863601  3.1024146499906067  0.01250453670316215  15.610557377671974
-1.2142174392179097  824  77  77.12106096412475  2.961220646555404  -0.026832812637608144  15.534859792547497
-1.2142174392179097  825  112  112.19703424635651  3.0258224959092956  0.009086647866895224  15.46016712791969
-1.2142174392179097  827  146  146.4786497570462  2.7219167747743427  -0.014091444436192866  15.386084610113443
-1.2142174392179097  828  180  180.24761516016434  2.8815514485178824  -0.015720994400535832  15.31289922166435
-1.2142174392179097  829  213  213.4577747965962  2.7265765338869414  0.01968538610320797  15.240384575104041
-1.2142174392179097  830  246  245.95759442778908  2.8063146007351634  -0.02191845065520076  15.168712665944321
-1.2142174392179097  831  278  278.0646161035375  2.741757041849155  0.008581312205665936  15.097573789649545
-1.2142174392179097  831  309  309.46212625903564  2.6767738512395454  -0.020353223059994804  15.027414165301082
-1.2142174392179097  832  340  340.430012182405  2.7232474715571016  -0.01230019208902389  14.957700000753945
-1.2142174392179097  832  371  370.84617765415487  2.699342715157627  -0.016265643165293747  14.88899120872048
-1.2142174392179097  833  401  400.7040586536827  2.719180080012279  -0.04052414837367416  14.820789521373039
-1.2142174392179097  833  430  430.1893430199302  2.717407475116488  -0.00847521296110282  14.753305173998903
-1.2142174392179097  833  459  459.1254370305026  2.7590789853678643  2.3468345518172233e-05  14.68668724474506
-1.2142174392179097  833  488  487.56173889948974  2.716290896367468  -0.007487792862062835  14.620481583720924
-1.2142174392179097  833  516  515.5501222001438  2.7690830006512215  -0.00391542890049836  14.555071695719535
-1.2142174392179097  833  543  543.0927042297822  2.8454743670388325  0.001917662008490332  14.490483362816486
-1.2142174392179097  833  570  570.1854103043096  2.8365006320684643  -0.011816686031013653  14.426317719474104
-1.2142174392179097  833  597  596.8314055185658  2.9458440730768416  -0.021778329205722206  14.362792536985046
-1.2142174392179097  833  623  623.102787618033  3.023894454898482  -0.015393882152401714  14.300095569086018
-1.2142174392179097  833  649  648.923729432573  2.9966535971572057  -0.02347356153923786  14.2380322665459
-1.2142174392179097  832  674  674.3843200424769  2.9946471655191544  -0.018544343584051846  14.176301113131764
-1.2142174392179097  832  699  699.4368275962396  3.013208867145522  0.007108610131988565  14.115348448441837
-1.2142174392179097  831  724  724.1164536162385  3.0395184263124975  -0.011803113047045595  14.055047185382653
-1.2142174392179097  831  748  748.3954626091195  3.0693883952200167  -0.023321393284874127  13.995428412818692
-1.2142174392179097  830  772  772.4097885490237  3.0941393719156167  -0.010625242159218435  13.936174552598326
-1.2142174392179097  830  796  796.0105636783645  3.146515484168276  -0.010827095604276424  13.877469853207606
-1.2142174392179097  829  819  819.3384257170228  3.1393330750765926  -0.00547928454884544  13.819173488962395
-1.2142174392179097  828  842  842.3115228062627  3.097048701033941  -0.02094195054968394  13.76162809128386
-1.2142174392179097  828  865  864.9584474071951  3.112188783462557  -0.030151574027147666  13.704583558457013
-1.2142174392179097  827  887  887.3533966381328  3.0728742158185014  -0.02018792778988721  13.6480347738012
-1.2142174392179097  826  910  909.518365894803  2.981308508078655  0.014460228695000611  13.591888765640986
-1.2142174392179097  825  931  931.3355676011889  2.9208812187209787  0.0013783820144189518  13.536189577466194
-1.2142174392179097  824  953  952.8009876041433  3.013990906578556  -0.026572034221519897  13.480873471062468
-1.2142174392179097  824  974  974.062765085679  2.906725717357176  -0.03169353190821661  13.42597356799033
-1.2142174392179097  823  995  995.0993914793021  2.8959410641434715  -0.020876643327273105  13.371617538388005
-1.2142174392179097  822  1016  1015.8737972212014  2.796152718800613  -0.007262809056716638  13.31768711234676
-0.96676743921791  820  5  5.17702054176412  3.196013973947384  -0.03552135803150427  15.686793604965871
-0.96676743921791  821  42  41.57251984445332  3.1102589031253416  0.016688477316052778  15.610557377671974
-0.96676743921791  823  77  77.0855015867948  2.9704502574740133  -0.032060037489302445  15.534859792547497
-0.96676743921791  824  112  112.18381476189256  2.9993012597563222  0.01056951307372014  15.46016712791969
-0.96676743921791  826  146  146.4797967578123  2.7292335815805018  -0.012770548572966393  15.386084610113443
-0.96676743921791  827  180  180.27361384581027  2.902080418484445  -0.006875861544993788  15.31289922166435
-0.96676743921791  828  213  213.4541017683737  2.7190677257800644  0.01533794211240477  15.240384575104041
-0.96676743921791  829  246  245.9491372713254  2.811115468515311  -0.022978620508074372  15.168712665944321
-0.96676743921791  830  278  278.05104877562076  2.699168241824964  0.0023227955783737676  15.097573789649545
-0.96676743921791  830  309  309.4798289731738  2.715649695266279  -0.013363681443782607  15.027414165301082
-0.96676743921791  831  340  340.4508703957803  2.7430983818851473  -0.0034375581581074736  14.957700000753945
-0.96676743921791  831  371  370.84679633224  2.674887537232962  -0.018653888173669083  14.88899120872048
-0.96676743921791  832  401  400.7228873181345  2.718923640709079  -0.034681075077069315  14.820789521373039
-0.96676743921791  832  430  430.1999716616125  2.690071083806515  -0.006741976616762375  14.753305173998903
-0.96676743921791  832  459  459.1250783635742  2.7310095194858377  -0.009523113058880452  14.68668724474506
-0.96676743921791  832  488  487.58283379165846  2.72030628990683  -0.005775316273377864  14.620481583720924
-0.96676743921791  832  516  515.5741127417998  2.774066362318308  -0.010686555915334175  14.555071695719535
-0.96676743921791  832  543  543.1160533073521  2.85435224091475  -0.006940432324986665  14.490483362816486
-0.96676743921791  832  570  570.2151463645844  2.803781418583867  -0.014832947644959151  14.426317719474104
-0.96676743921791  832  597  596.8907446285107  2.9795944428067287  -0.016407144346847254  14.362792536985046
-0.96676743921791  832  623  623.1583182593956  3.009407530420276  -0.007504729370694619  14.300095569086018
-0.96676743921791  832  649  648.9421119873563  2.967848491036648  -0.029402785572888283  14.2380322665459
-0.96676743921791  831  674  674.4335690936248  2.997683763855548  -0.017562781737266008  14.176301113131764
-0.96676743921791  831  699  699.4744014802586  3.0417461282415843  0.0008914772999045247  14.115348448441837
-0.96676743921791  830  724  724.1615791610047  3.016354065254518  -0.01259453919132148  14.055047185382653
-0.96676743921791  830  748  748.4436846739451  3.0811030973233073  -0.02621527404025511  13.995428412818692
-0.96676743921791  829  772  772.4632966791796  3.0887058351579526  -0.011679579638775939  13.936174552598326
-0.96676743921791  829  796  796.080820221681  3.1185262384367434  -0.006658185309920966  13.877469853207606
-0.96676743921791  828  819  819.3872152450209  3.095363621787101  -0.011249161495877109  13.819173488962395
-0.96676743921791  828  842  842.3521209082593  3.0976216241150496  -0.025732235222809208  13.76162809128386
-0.96676743921791  827  865  865.059235673271  3.136083450236356  -0.014660098687208942  13.704583558457013
-0.96676743921791  826  887  887.4242923929593  3.048651061237024  -0.009746121376297604  13.6480347738012
-0.96676743921791  825  910  909.5600179164825  2.997883279684629  -0.0009090812446491932  13.591888765640986
-0.96676743921791  824  931  931.4015135489614  2.9184314478061424  0.008611614952618498  13.536189577466194
-0.96676743921791  824  953  952.8763557499846  3.0412681194482047  -0.024594120635152174  13.480873471062468
-0.96676743921791  823  974  974.1268682076685  2.8512561960725407  -0.025304835633993206  13.42597356799033
-0.96676743921791  822  995  995.1983968372269  2.892587935977417  -0.0062260791852955235  13.371617538388005
-0.96676743921791  821  1016  1015.9760077739477  2.7812939599681386  0.009704183271909255  13.31768711234676
-0.7193174392179102  819  5  5.153813721914585  3.2005354122283194  -0.04116157426720174  15.686793604965871
-0.7193174392179102  820  42  41.55435845390759  3.0414127144151877  0.012609204856112308  15.610557377671974
-0.7193174392179102  822  77  77.07481758574178  3.0015412913059407  -0.026402275603719334  15.534859792547497
-0.7193174392179102  823  112  112.16304691521347  2.935802515909529  0.006799926020442144  15.46016712791969
-0.7193174392179102  825  146  146.4718925248055  2.785728104590703  -0.017055222880357084  15.386084610113443
-0.7193174392179102  826  180  180.2922058910898  2.90105719787573  -0.0032997929916152194  15.31289922166435
-0.7193174392179102  827  213  213.44570977458986  2.7168944291626076  0.012973615539034915  15.240384575104041
-0.7193174392179102  828  246  245.9557325730927  2.798180737710652  -0.020174989906760893  15.168712665944321
-0.7193174392179102  829  278  278.0469884748579  2.674119162932243  0.002943900844215071  15.097573789649545
-0.7193174392179102  829  309  309.47247439209764  2.711214376134535  -0.015106486428412266  15.027414165301082
-0.7193174392179102  830  340  340.47736404216516  2.7318664117083244  0.003796548240424842  14.957700000753945
-0.7193174392179102  830  371  370.8419402719355  2.6759716419064716  -0.026484493069025013  14.88899120872048
-0.7193174392179102  831  401  400.7534118310633  2.725717586914868  -0.034992741148165425  14.820789521373039
-0.7193174392179102  831  430  430.22656738646134  2.691665349257164  -0.0028053805292972823  14.753305173998903
-0.7193174392179102  831  459  459.1181855150476  2.718900241816641  -0.016703511833436924  14.68668724474506
-0.7193174392179102  831  488  487.58524072227004  2.7453431759779505  -0.013689698118568587  14.620481583720924
-0.7193174392179102  831  516  515.6165861357272  2.7984637575215174  -0.0001300624863874078  14.555071695719535
-0.7193174392179102  831  543  543.1588531349444  2.8437987979450554  -0.000434932425912054  14.490483362816486
-0.7193174392179102  831  570  570.2491077540176  2.797726130926094  -0.01776179923888957  14.426317719474104
-0.7193174392179102  831  597  596.9137612430685  3.00165245548601  -0.019311624635673943  14.362792536985046
-0.7193174392179102  831  623  623.2034272521826  2.97044618827681  -0.008467256860397477  14.300095569086018
-0.7193174392179102  831  649  649.0000954305943  2.9956715844541577  -0.024371701277224087  14.2380322665459
-0.7193174392179102  830  674  674.4461716135887  2.9378073858199514  -0.028484476347291926  14.176301113131764
-0.7193174392179102  830  700  699.5169803167073  3.028993240900718  -0.006062179783113443  14.115348448441837
-0.7193174392179102  829  724  724.2047335012156  3.071206545639825  -0.010270819417480707  14.055047185382653
-0.7193174392179102  829  748  748.5016819569285  3.080429092131453  -0.030260139401404526  13.995428412818692
-0.7193174392179102  828  772  772.5119218815581  3.1228400384820816  -0.008734249512300793  13.936174552598326
-0.7193174392179102  828  796  796.1138030492556  3.0883190306062716  -0.014588386233198658  13.877469853207606
-0.7193174392179102  827  819  819.452912541995  3.132964019909423  -0.012744049209829455  13.819173488962395
-0.7193174392179102  827  842  842.3973107151122  3.123064497911969  -0.030616552617468946  13.76162809128386
-0.7193174392179102  826  865  865.0937173739884  3.1160419643395016  -0.017655425770193377  13.704583558457013
-0.7193174392179102  825  888  887.5002755435257  3.048001556016061  -0.009687449747654722  13.6480347738012
-0.7193174392179102  824  910  909.6325086319836  2.958453424140316  0.003029813775204584  13.591888765640986
-0.7193174392179102  823  931  931.4574711803787  2.9401114622910427  0.013963958763079773  13.536189577466194
-0.7193174392179102  823  953  952.9227926140942  3.003981221754316  -0.028472716272886937  13.480873471062468
-0.7193174392179102  822  974  974.202452114238  2.8926203400342274  -0.017271315325315686  13.42597356799033
-0.7193174392179102  821  995  995.2563719176488  2.9277171281981964  -0.013273041302195646  13.371617538388005
-0.7193174392179102  820  1016  1016.0229079841882  2.815749474281006  -0.007399058999936743  13.31768711234676
-0.4718674392179105  818  5  5.1136005220099054  3.2364089360188615  -0.04834285522928257  15.686793604965871
-0.4718674392179105  819  42  41.54527423308395  3.0397991016920543  0.01775239086749015  15.610557377671974
-0.4718674392179105  821  77  77.04603703081453  3.0544383831696535  -0.03729546735354058  15.534859792547497
-0.4718674392179105  822  112  112.15930194477134  2.9398594152506803  0.008071686562703637  15.46016712791969
-0.4718674392179105  824  146  146.4400952122683  2.8258589027657877  -0.025055596350057427  15.386084610113443
-0.4718674392179105  825  180  180.28957878959153  2.9664254970447814  0.0023205901787336945  15.31289922166435
-0.4718674392179105  826  213  213.4284904459744  2.6993064637715634  0.0037570327658671175  15.240384575104041
-0.4718674392179105  827  246  245.96200781377735  2.8165259396235456  -0.01737718735648407  15.168712665944321
-0.4718674392179105  828  278  278.06785732295975  2.6933079744831048  0.01149525891275442  15.097573789649545
-0.4718674392179105  828  310  309.5016587383982  2.7146801304623978  -0.0033355883423168255  15.027414165301082
-0.4718674392179105  829  340  340.4728780651773  2.7114360886240547  -0.00953362136622279  14.957700000753945
-0.4718674392179105  829  371  370.8609645578727  2.6797205796862045  -0.022649133174598362  14.88899120872048
-0.4718674392179105  830  401  400.7878453795102  2.728459342528936  -0.027893538978996883  14.820789521373039
-0.4718674392179105  830  430  430.2501379140471  2.6937039365948294  -0.002227000997938543  14.753305173998903
-0.4718674392179105  830  459  459.1557273399321  2.73914893152687  -0.009863910020366613  14.68668724474506
-0.4718674392179105  830  488  487.63211198590966  2.673697827677529  0.03721330977768997  14.620481583720924
-0.4718674392179105  830  516  515.6538978313987  2.7800798458994223  0.0006277149037774699  14.555071695719535
-0.4718674392179105  830  543  543.200768934206  2.8582169570745464  0.00231606866589513  14.490483362816486
-0.4718674392179105  830  570  570.2777924937947  2.7993118684546516  -0.02072071337634471  14.426317719474104
-0.4718674392179105  830  597  596.9420655347357  2.9648721889366243  -0.01770482083640763  14.362792536985046
-0.4718674392179105  830  623  623.2310441797697  2.9358920735478478  -0.010340771068860532  14.300095569086018
-0.4718674392179105  830  649  649.0292876982337  3.0271010041856243  -0.02058295383082427  14.2380322665459
-0.4718674392179105  829  674  674.4802835745485  2.9440051755597096  -0.03052440660624489  14.176301113131764
-0.4718674392179105  829  700  699.5774045879939  3.033675826468425  0.004630652607360401  14.115348448441837
-0.4718674392179105  829  724  724.2364678247058  3.0656895288710757  -0.019959198460492523  14.055047185382653
-0.4718674392179105  828  749  748.5527656604202  3.058321421195842  -0.023366663208026408  13.995428412818692
-0.4718674392179105  827  773  772.5421629923558  3.125152555834916  -0.01949023506221446  13.936174552598326
-0.4718674392179105  827  796  796.1594822077009  3.0974955865619904  -0.011360736431549147  13.877469853207606
-0.4718674392179105  826  820  819.5085796290139  3.1053565442446143  -0.008859133253508036  13.819173488962395
-0.4718674392179105  826  842  842.4427989893077  3.0516907490589347  -0.02586569832010793  13.76162809128386
-0.4718674392179105  825  865  865.1547942776656  3.072198664440293  -0.023346517642478515  13.704583558457013
-0.4718674392179105  824  888  887.5827902937754  3.051301962521393  -0.004909635448314068  13.6480347738012
-0.4718674392179105  823  910  909.6914366980939  2.9441055810502803  0.002599895354400127  13.591888765640986
-0.4718674392179105  822  932  931.4901615746693  3.0282772355537872  0.007975227912864756  13.536189577466194
-0.4718674392179105  822  953  952.9972622329304  2.9566706600041925  -0.017368297607230736  13.480873471062468
-0.4718674392179105  821  974  974.2845696092492  2.882963157165932  -0.010609291469382661  13.42597356799033
-0.4718674392179105  820  995  995.3380273514898  2.8714160981687655  -0.008237515480113956  13.371617538388005
-0.4718674392179105  819  1016  1016.1091990071697  2.793933028762467  -0.002302977782918327  13.31768711234676
-0.2244174392179108  817  5  5.089836124084645  3.316082457457469  -0.04934139139367171  15.686793604965871
-0.2244174392179108  818  42  41.54191617172945  3.043218950049109  0.01411790870605225  15.610557377671974
-0.2244174392179108  820  77  77.02557588838805  3.114710723480954  -0.03516823195055923  15.534859792547497
-0.2244174392179108  821  112  112.16898877516653  2.9603404627713985  0.020472842189804052  15.46016712791969
-0.2244174392179108  823  146  146.42146454945495  2.8031930776274123  -0.032872188853490185  15.386084610113443
-0.2244174392179108  824  180  180.299427086719  2.904433011020899  0.013456972522471453  15.31289922166435
-0.2244174392179108  825  213  213.41402992356015  2.670730263589263  -0.0033255667085266764  15.240384575104041
-0.2244174392179108  826  246  245.97853759918996  2.8445442614337253  -0.012284802468857284  15.168712665944321
-0.2244174392179108  827  278  278.06971681137435  2.7006923833657765  0.014737924983442402  15.097573789649545
-0.2244174392179108  827  310  309.49274071359724  2.7043488399601756  -0.013866762777709436  15.027414165301082
-0.2244174392179108  828  340  340.48225462578193  2.725534592769577  -0.004167637025793932  14.957700000753945
-0.2244174392179108  828  371  370.8812951543799  2.7084193670700643  -0.016017388412229043  14.88899120872048
-0.2244174392179108  829  401  400.7819972192557  2.751445349935807  -0.030056634755711294  14.820789521373039
-0.2244174392179108  829  430  430.2676906805939  2.666052392187339  -0.0015009180778857189  14.753305173998903
-0.2244174392179108  829  459  459.1771341050019  2.7212573665003674  -0.010157550473922364  14.68668724474506
-0.2244174392179108  829  488  487.6504471357421  2.703542596157945  -0.011382912646923584  14.620481583720924
-0.2244174392179108  830  516  515.6539388337936  2.7796106221148875  0.0010128568402338605  14.555071695719535
-0.2244174392179108  829  543  543.2113852830411  2.8236931764956807  0.0011924325221823826  14.490483362816486
-0.2244174392179108  829  570  570.2906405473327  2.811344801090627  -0.028741613436472694  14.426317719474104
-0.2244174392179108  829  597  596.9738317089215  2.9712576738158987  -0.017500428805375733  14.362792536985046
-0.2244174392179108  829  623  623.2732501541616  2.985451758614772  -0.007485390166926753  14.300095569086018
-0.2244174392179108  829  649  649.0515735565805  2.991603986599216  -0.02776906030725423  14.2380322665459
-0.2244174392179108  828  674  674.5254248896562  2.9656812887006936  -0.025678371655255435  14.176301113131764
-0.2244174392179108  828  700  699.6043677768654  3.0130158253364243  -0.0022686741248429303  14.115348448441837
-0.2244174392179108  828  724  724.2975247644048  3.0448449622856515  -0.0016245578542075018  14.055047185382653
-0.2244174392179108  827  749  748.6007200651708  3.0859578794678555  -0.023351938752469464  13.995428412818692
-0.2244174392179108  827  773  772.5687023953585  3.146858483940946  -0.02234649910483837  13.936174552598326
-0.2244174392179108  826  796  796.1974168478259  3.0807250946215845  -0.02208915683153  13.877469853207606
-0.2244174392179108  825  820  819.5812267247079  3.087472058984531  -0.0036478452821807478  13.819173488962395
-0.2244174392179108  825  842  842.4898272038948  3.0511611561333893  -0.03281662442899397  13.76162809128386
-0.2244174392179108  824  865  865.2032019692409  3.095148060578481  -0.02583992727142283  13.704583558457013
-0.2244174392179108  823  888  887.6451686349739  3.0486136839338087  -0.004790774053913705  13.6480347738012
-0.2244174392179108  822  910  909.7648719345077  2.9181368429019585  0.004854649134319662  13.591888765640986
-0.2244174392179108  821  932  931.5696586280144  3.020933261722348  0.0004503061770118761  13.536189577466194
-0.2244174392179108  821  953  953.063002398301  2.9366398727177057  -0.0169399276462485  13.480873471062468
-0.2244174392179108  820  974  974.3453833541823  2.8099444150964246  -0.019470121667144794  13.42597356799033
-0.2244174392179108  819  995  995.4059438161532  2.877661424956159  -0.005083173204123181  13.371617538388005
-0.2244174392179108  818  1016  1016.1923371881182  2.7457059335351914  -0.00381126693521596  13.31768711234676
0.02303256078208893  816  5  5.0629946394030805  3.2972313164648313  -0.055667557661662086  15.686793604965871
0.02303256078208893  817  42  41.49872385432289  3.0420842053966766  0.015601303873804382  15.610557377671974
0.02303256078208893  819  77  77.00157907042806  3.1004423612298524  -0.04690993956838624  15.534859792547497
0.02303256078208893  820  112  112.17133932801119  2.940319989847069  0.016436596523194485  15.46016712791969
0.02303256078208893  822  146  146.40017228362635  2.834520492815699  -0.040954263997736  15.386084610113443
0.02303256078208893  823  180  180.2827443626626  2.8480453682934126  0.008805969620897722  15.31289922166435
0.02303256078208893  824  213  213.42038489816193  2.742094244573593  0.0012041826150209047  15.240384575104041
0.02303256078208893  825  246  245.99418831872842  2.796825225540175  -0.009993745529067032  15.168712665944321
0.02303256078208893  826  278  278.0604957299327  2.6547657092488635  0.008207208705677068  15.097573789649545
0.02303256078208893  826  310  309.4945122741339  2.6832068141773107  -0.012319938125181637  15.027414165301082
0.02303256078208893  827  340  340.49226735683186  2.7131233368448875  -0.006141908510814087  14.957700000753945
0.02303256078208893  827  371  370.87555188550925  2.7022599052548344  -0.028382874364714084  14.88899120872048
0.02303256078208893  828  401  400.79274325909284  2.7466987791021893  -0.03063282230754241  14.820789521373039
0.02303256078208893  828  430  430.2706738242887  2.648754404120041  -0.012186191680300782  14.753305173998903
0.02303256078208893  828  459  459.19246899570084  2.741785559990376  -0.011121648142682695  14.68668724474506
0.02303256078208893  828  488  487.6962211639131  2.759924942770681  -0.0055575762142322065  14.620481583720924
0.02303256078208893  829  516  515.6862011508236  2.7770876098472854  0.002018600687775205  14.555071695719535
0.02303256078208893  829  543  543.2113710755128  2.8235661909873215  0.0010861323927974828  14.490483362816486
0.02303256078208893  828  570  570.3263147967886  2.801542320341923  -0.03089607582171625  14.426317719474104
0.02303256078208893  828  597  597.0221462671964  2.9682601348008575  -0.011992275231198368  14.362792536985046
0.02303256078208893  828  623  623.3123435748536  2.967377674490308  -0.003251283974743992  14.300095569086018
0.02303256078208893  828  649  649.1283332018768  2.9981485112236896  -0.012761043475451265  14.2380322665459
0.02303256078208893  827  675  674.5513488965344  2.951210995148358  -0.03395931666782169  14.176301113131764
0.02303256078208893  827  700  699.6602734161567  3.0215868309824145  -0.007024741759181823  14.115348448441837
0.02303256078208893  827  724  724.3313459596304  3.0409359295076683  -0.009343623471645116  14.055047185382653
0.02303256078208893  826  749  748.6442675583072  3.111457566082663  -0.026609744404194818  13.995428412818692
0.02303256078208893  826  773  772.5895689945747  3.055247320390322  -0.029040109725631542  13.936174552598326
0.02303256078208893  825  796  796.259864714487  3.098541995473738  -0.024280774070238858  13.877469853207606
0.02303256078208893  824  820  819.6340622056745  3.0878555129343113  -0.005120485777472865  13.819173488962395
0.02303256078208893  824  843  842.5606735246171  3.0941463268399048  -0.02981415063197621  13.76162809128386
0.02303256078208893  823  865  865.2946505943041  3.108587799926454  -0.011829585543408676  13.704583558457013
0.02303256078208893  822  888  887.7092939317359  3.033498409167805  -0.0027395754070722255  13.6480347738012
0.02303256078208893  821  910  909.8256396441092  2.961743253092436  -0.006768793445665103  13.591888765640986
0.02303256078208893  821  932  931.5899479243559  3.0030379018025997  -0.019180626185461246  13.536189577466194
0.02303256078208893  820  953  953.1265582582118  2.9630041327525305  -0.017823726124537885  13.480873471062468
0.02303256078208893  819  974  974.4141630289828  2.8180142460623756  -0.027247006417260272  13.42597356799033
0.02303256078208893  818  996  995.4819168807837  2.8507538545557054  -0.0051254346474730456  13.371617538388005
0.02303256078208893  817  1016  1016.2564024245086  2.777002177432678  -0.010314323151730328  13.31768711234676
0.27048256078208865  815  5  5.06103424262637  3.3054675680819283  -0.044403020791280785  15.686793604965871
0.27048256078208865  817  42  41.478306917877354  3.0201506833543164  0.011374713899033813  15.610557377671974
0.27048256078208865  818  77  77.00444710268698  3.10232093332003  -0.036434001682733204  15.534859792547497
0.27048256078208865  820  112  112.15767126728794  2.9203737999338557  0.01812860306363052  15.46016712791969
0.27048256078208865  821  146  146.39806339447208  2.8963608093040705  -0.03418532741299563  15.386084610113443
0.27048256078208865  822  180  180.27129182325123  2.844457100661259  0.007626419151399607  15.31289922166435
0.27048256078208865  823  213  213.3988017533972  2.7637759212739184  -0.0053916709297823105  15.240384575104041
0.27048256078208865  824  246  246.0045878439246  2.819048601707806  -0.007491325917007288  15.168712665944321
0.27048256078208865  825  278  278.04289648112314  2.663330293706963  0.00039004121244100797  15.097573789649545
0.27048256078208865  825  310  309.5183661667419  2.7016851618399187  -0.008288251217560095  15.027414165301082
0.27048256078208865  826  341  340.5148461237882  2.660019769569203  -0.0008874256417963832  14.957700000753945
0.27048256078208865  826  371  370.8722239830262  2.7125764419928373  -0.0336993652997977  14.88899120872048
0.27048256078208865  827  401  400.8280540295889  2.719382810388879  -0.02048879169893804  14.820789521373039
0.27048256078208865  827  430  430.28678398828464  2.664502702244249  -0.011925692726153228  14.753305173998903
0.27048256078208865  827  459  459.2190749315331  2.739059436221055  -0.005824820170118531  14.68668724474506
0.27048256078208865  828  488  487.69616422531965  2.7590448395411613  -0.005861353706072637  14.620481583720924
0.27048256078208865  828  516  515.7002893260872  2.7356068617673373  -0.00506836352245679  14.555071695719535
0.27048256078208865  828  543  543.2365952748223  2.8007373039361028  -5.8795549433338265e-05  14.490483362816486
0.27048256078208865  827  570  570.3771837436864  2.839491477171805  -0.020731220706902413  14.426317719474104
0.27048256078208865  827  597  597.081797280437  2.9599803141495613  -0.0006528169411345811  14.362792536985046
0.27048256078208865  827  623  623.353278059204  2.949024334255  0.0026538114207267285  14.300095569086018
0.27048256078208865  827  649  649.1562192235408  2.985649471401075  -0.011113180278734683  14.2380322665459
0.27048256078208865  826  675  674.6060826579698  3.0038183842585795  -0.025473326463127676  14.176301113131764
0.27048256078208865  826  700  699.6877525244969  3.0467467280334404  -0.013107873778724357  14.115348448441837
0.27048256078208865  826  724  724.3577983158727  3.074680533648234  -0.018023527628045377  14.055047185382653
0.27048256078208865  825  749  748.7066357332244  3.1081294697586372  -0.022336869030632374  13.995428412818692
0.27048256078208865  825  773  772.6418042523832  3.0526087652510796  -0.029547467507805493  13.936174552598326
0.27048256078208865  824  796  796.3248306019127  3.1103195106328485  -0.021194558953668535  13.877469853207606
0.27048256078208865  823  820  819.663729442128  3.0589447111875643  -0.019581531505604557  13.819173488962395
0.27048256078208865  823  843  842.5942973168476  3.079019331069162  -0.03865370429906645  13.76162809128386
0.27048256078208865  822  865  865.3484743418795  3.1053489973569413  -0.012363135954060293  13.704583558457013
0.27048256078208865  821  888  887.7594180312575  3.00376708609474  -0.013196915391867564  13.6480347738012
0.27048256078208865  820  910  909.8719293286346  2.9715982547118074  -0.00989997022172145  13.591888765640986
0.27048256078208865  820  932  931.6559789473379  2.9491685641116874  -0.014187624868952493  13.536189577466194
0.27048256078208865  819  953  953.1924494062307  2.9647364130282767  -0.014319939741823103  13.480873471062468
0.27048256078208865  818  974  974.4911835804669  2.855399206948505  -0.0266767205111332  13.42597356799033
0.27048256078208865  817  996  995.5674087314876  2.8484821319900675  0.0018019688377824339  13.371617538388005
0.27048256078208865  816  1016  1016.3130914737757  2.7724233082326464  -0.017544706478123475  13.31768711234676
0.5179325607820884  814  5  5.05741700653077  3.3192444132253485  -0.03889587305216019  15.686793604965871
0.5179325607820884  816  41  41.45145770279586  2.994956524758763  0.015630076588146614  15.610557377671974
0.5179325607820884  817  77  77.00619262187908  3.1238748863298156  -0.02226827481153728  15.534859792547497
0.5179325607820884  819  112  112.14397849937521  2.898694080809264  0.015796423845710523  15.46016712791969
0.5179325607820884  820  146  146.3800457933018  2.841887367624622  -0.0351060469752763  15.386084610113443
0.5179325607820884  821  180  180.27753625269847  2.8164721267152686  0.01175076183008395  15.31289922166435
0.5179325607820884  822  213  213.38800333260002  2.747036664970551  -0.00045408792200717633  15.240384575104041
0.5179325607820884  823  246  246.03806353877246  2.846968901261846  0.009973934478253588  15.168712665944321
0.5179325607820884  824  278  278.0522724005254  2.6424479617335237  0.0011643334328061113  15.097573789649545
0.5179325607820884  824  310  309.5078352184658  2.7225280954136224  -0.012797452227783302  15.027414165301082
0.5179325607820884  825  340  340.506507072987  2.668727584101248  -0.009863055477293006  14.957700000753945
0.5179325607820884  826  371  370.8674462541545  2.706347022410853  -0.0399768320385536  14.88899120872048
0.5179325607820884  826  401  400.8300260702653  2.7467637421296445  -0.03101421528675822  14.820789521373039
0.5179325607820884  826  430  430.30981374848704  2.6533252892348855  -0.005853639641989338  14.753305173998903
0.5179325607820884  826  459  459.23316059052  2.751206425948226  -0.009697927079761371  14.68668724474506
0.5179325607820884  827  488  487.69622657428664  2.755355499415714  -0.00820111000771164  14.620481583720924
0.5179325607820884  827  516  515.7306835200128  2.7542901277508918  -0.0049999089449232256  14.555071695719535
0.5179325607820884  827  543  543.254026485431  2.8315931821632603  -0.0013330840861518769  14.490483362816486
0.5179325607820884  826  570  570.3960485106857  2.8976239066225844  -0.01414121022117994  14.426317719474104
0.5179325607820884  826  597  597.0818646569307  2.939075807558538  -0.019207925686668407  14.362792536985046
0.5179325607820884  826  623  623.3678102025749  2.9111773553390776  -0.004639086625465024  14.300095569086018
0.5179325607820884  826  649  649.2165407563383  2.9857976466407763  -0.007841547800862618  14.2380322665459
0.5179325607820884  826  675  674.6237036992248  3.0564660612193393  -0.03302431852207718  14.176301113131764
0.5179325607820884  825  700  699.7274938173623  3.052467505832965  -0.016646109644456848  14.115348448441837
0.5179325607820884  825  724  724.4114600472204  3.0675099632148886  -0.015228934061505573  14.055047185382653
0.5179325607820884  824  749  748.7528878679042  3.133211822086878  -0.022125656010478587  13.995428412818692
0.5179325607820884  824  773  772.6928990412814  3.091594342406097  -0.027277069249583848  13.936174552598326
0.5179325607820884  823  796  796.4150400192517  3.0870467255269887  -0.010214692938411303  13.877469853207606
0.5179325607820884  822  820  819.7162070564418  3.0448686645032694  -0.029336468452310065  13.819173488962395
0.5179325607820884  822  843  842.6645863179264  3.103610469074056  -0.03949754280869922  13.76162809128386
0.5179325607820884  821  865  865.4086493766526  3.0990763950699147  -0.014804781215099016  13.704583558457013
0.5179325607820884  820  888  887.8186059797873  3.0135520688399993  -0.014405376508594936  13.6480347738012
0.5179325607820884  819  910  909.9645039774266  2.985542232022908  0.01176869731717643  13.591888765640986
0.5179325607820884  819  932  931.7280126611573  2.914204167070693  -0.003442646076366238  13.536189577466194
0.5179325607820884  818  953  953.2701544890662  2.9702271567800835  -0.012568053938096867  13.480873471062468
0.5179325607820884  817  975  974.5493798153625  2.894030473634757  -0.027897154385762162  13.42597356799033
0.5179325607820884  816  996  995.6393288642954  2.8438362834695  -0.004823584648821837  13.371617538388005
0.5179325607820884  815  1016  1016.3765499763839  2.7642246941926487  -0.01747568547974437  13.31768711234676
0.7653825607820881  813  5  5.0308570744549925  3.358928189397588  -0.03204846730694711  15.686793604965871
0.7653825607820881  815  41  41.423155904496625  2.953869151497585  0.005448711175162886  15.610557377671974
0.7653825607820881  816  77  76.97231520556201  3.1803834223007357  -0.03357260139356481  15.534859792547497
0.7653825607820881  818  112  112.144621738871  2.8943751417660906  0.02355509652668395  15.46016712791969
0.7653825607820881  819  146  146.37217414221965  2.8747950544723153  -0.03015672354357107  15.386084610113443
0.7653825607820881  820  180  180.2720532950671  2.793074432196562  0.01495574237268252  15.31289922166435
0.7653825607820881  821  213  213.36651969253901  2.744697147446743  -0.0049669904425887566  15.240384575104041
0.7653825607820881  822  246  246.03195886470652  2.8328095018939052  0.01025774858754121  15.168712665944321
0.7653825607820881  823  278  278.0375885517881  2.681467873352517  -0.008794692270432834  15.097573789649545
0.7653825607820881  823  310  309.5254839373253  2.704432387625502  -0.0029723705542455117  15.027414165301082
0.7653825607820881  824  341  340.5200472652265  2.677065363015231  -0.006273708006633043  14.957700000753945
0.7653825607820881  825  371  370.87637060027896  2.714371027942036  -0.0435330354542993  14.88899120872048
0.7653825607820881  825  401  400.86792027114006  2.7601877606496146  -0.02172745711353028  14.820789521373039
0.7653825607820881  825  430  430.3146187048965  2.6403655147504423  -0.011127838923940193  14.753305173998903
0.7653825607820881  825  459  459.2495867831228  2.75952054299637  -0.012322301524497642  14.68668724474506
0.7653825607820881  826  488  487.7070152996434  2.7451917777052586  -0.01753191591675934  14.620481583720924
0.7653825607820881  826  516  515.7573138266241  2.777858069125841  -0.006661917783223256  14.555071695719535
0.7653825607820881  826  543  543.2829443609068  2.817740870123089  -0.003663069188163133  14.490483362816486
0.7653825607820881  826  570  570.4021670883975  2.8405284981134855  -0.023964816462005302  14.426317719474104
0.7653825607820881  825  597  597.1329116886792  2.969557850918136  -0.01227507608717433  14.362792536985046
0.7653825607820881  825  623  623.4054615049575  2.939472425310214  -0.009011221313891761  14.300095569086018
0.7653825607820881  825  649  649.2606654893935  3.0120422957461415  -0.0027286727263773265  14.2380322665459
0.7653825607820881  825  675  674.6479905519302  3.004661801177349  -0.028143163624863122  14.176301113131764
0.7653825607820881  824  700  699.7966530011979  3.060098585545802  -0.007501386931623695  14.115348448441837
0.7653825607820881  824  724  724.4555243316748  3.054198493074864  -0.017581493672374535  14.055047185382653
0.7653825607820881  823  749  748.8077790347381  3.1421621323258933  -0.02512174908428994  13.995428412818692
0.7653825607820881  823  773  772.7624656456856  3.0964548166213035  -0.022806769706102358  13.936174552598326
0.7653825607820881  822  796  796.4672953730656  3.1203476329687874  -0.009564607791824003  13.877469853207606
0.7653825607820881  821  820  819.7800159305596  3.055245544547006  -0.020308153878891753  13.819173488962395
0.7653825607820881  821  843  842.7281941940251  3.1141313084971216  -0.033251706537767316  13.76162809128386
0.7653825607820881  820  866  865.4768642723317  3.1070385352602443  -0.0130147205002181  13.704583558457013
0.7653825607820881  819  888  887.8877030421679  3.032585148349881  -0.010213081068715274  13.6480347738012
0.7653825607820881  818  910  909.9789241741719  2.8890525714725754  -0.008539704175581364  13.591888765640986
0.7653825607820881  818  932  931.7891635554016  2.9203313823784356  -0.006356842235389222  13.536189577466194
0.7653825607820881  817  953  953.3620135645912  2.9881415006834686  -0.004012678778270828  13.480873471062468
0.7653825607820881  816  975  974.6419926114239  2.9111166860683397  -0.02223070180024063  13.42597356799033
0.7653825607820881  815  996  995.7246927063613  2.839457994423583  -0.0028129805858851395  13.371617538388005
0.7653825607820881  814  1016  1016.4524273424561  2.7395865848617404  -0.022549671280173836  13.31768711234676
1.0128325607820878  812  5  5.0077267905129546  3.3625882598259693  -0.0326805435630097  15.686793604965871
1.0128325607820878  814  41  41.41168990042103  2.944293975007021  0.0078099007728377415  15.610557377671974
1.0128325607820878  815  77  76.97544039971234  3.1418223097976323  -0.026060005490245036  15.534859792547497
1.0128325607820878  817  112  112.10293477451391  2.877047876273423  0.01562485553122976  15.46016712791969
1.0128325607820878  818  146  146.37281001830047  2.892497513012273  -0.03374877791842958  15.386084610113443
1.0128325607820878  819  180  180.26133059778826  2.798012188703467  0.017848553448500882  15.31289922166435
1.0128325607820878  820  213  213.33810446045345  2.74365594953764  -0.012129118954025653  15.240384575104041
1.0128325607820878  821  246  246.01383679946818  2.8423805915535354  -0.0003240719932882624  15.168712665944321
1.0128325607820878  822  278  278.0407868770104  2.643761470040886  -0.009846819708078616  15.097573789649545
1.0128325607820878  823  310  309.53227609283925  2.720135959914046  -0.012304000460638793  15.027414165301082
1.0128325607820878  823  341  340.522612076822  2.6306133102089007  -0.006997556491122775  14.957700000753945
1.0128325607820878  824  371  370.89163061771035  2.7176221544806367  -0.039650551659998146  14.88899120872048
1.0128325607820878  824  401  400.8987535739183  2.764317345971108  -0.00977817677185201  14.820789521373039
1.0128325607820878  824  430  430.3371299419561  2.643065652477617  -0.016698846780583997  14.753305173998903
1.0128325607820878  824  459  459.2799858079408  2.731171890905671  -0.006293559717217985  14.68668724474506
1.0128325607820878  825  488  487.7581019986366  2.737897273434669  -0.0024755541161066686  14.620481583720924
1.0128325607820878  825  516  515.7710207369645  2.7586208591623063  -0.005667823167466332  14.555071695719535
1.0128325607820878  825  543  543.3223221711262  2.7713592302925463  -0.005952856056857007  14.490483362816486
1.0128325607820878  825  570  570.4257242610914  2.85305962977543  -0.0303857953957904  14.426317719474104
1.0128325607820878  824  597  597.1760554130801  2.9415551787237746  -0.006693756990485409  14.362792536985046
1.0128325607820878  824  623  623.4549181379301  2.9182006443359114  -0.005243450273128187  14.300095569086018
1.0128325607820878  824  649  649.2832648600527  3.020695317655054  -0.011528138243673493  14.2380322665459
1.0128325607820878  824  675  674.6686575514532  2.9907720744960216  -0.04084460674004576  14.176301113131764
1.0128325607820878  823  700  699.8370646201629  2.9976794204314956  -0.008563501273708491  14.115348448441837
1.0128325607820878  823  724  724.5051319607211  3.0095734117493294  -0.023735188546035478  14.055047185382653
1.0128325607820878  822  749  748.845748602865  3.116791277806101  -0.02326356319608764  13.995428412818692
1.0128325607820878  822  773  772.8114923129007  3.1432442065696478  -0.01931498445786934  13.936174552598326
1.0128325607820878  821  796  796.4887916021538  3.109863664908744  -0.022270190827894405  13.877469853207606
1.0128325607820878  820  820  819.8499539367301  3.147171419352162  -7.364792849188643e-05  13.819173488962395
1.0128325607820878  820  843  842.7731450054492  3.1257634270201606  -0.03608702983706978  13.76162809128386
1.0128325607820878  819  866  865.5526564452059  3.0909773626324295  -0.011379453985955437  13.704583558457013
1.0128325607820878  818  888  887.9641183228343  2.9839251447001516  -0.008274722138741494  13.6480347738012
1.0128325607820878  817  910  910.0621048742127  2.9750732875197627  -0.005577203361019177  13.591888765640986
1.0128325607820878  817  932  931.8461853790628  2.921078344206535  -0.012711361114489002  13.536189577466194
1.0128325607820878  816  953  953.4369488709234  2.916315896981132  -0.0027019383890937144  13.480873471062468
1.0128325607820878  815  975  974.7354377586138  2.9608160563109323  -0.0141366164570168  13.42597356799033
1.0128325607820878  814  996  995.8060185945294  2.859309017216674  -0.0035060479924433306  13.371617538388005
1.0128325607820878  813  1017  1016.5393337627761  2.766443954554802  -0.023512420414249495  13.31768711234676
1.2602825607820876  811  5  5.0019556203283955  3.3608303951321066  -0.02672153668596097  15.686793604965871
1.2602825607820876  813  41  41.38164848129474  2.957113835118335  -0.0004333559089859141  15.610557377671974
1.2602825607820876  814  77  76.97662367497082  3.149884081177305  -0.019927478964791388  15.534859792547497
1.2602825607820876  816  112  112.08128018164457  2.829532597946411  0.009981531441235963  15.46016712791969
1.2602825607820876  817  146  146.36320843763738  2.936631129861979  -0.03111506937871072  15.386084610113443
1.2602825607820876  818  180  180.2514669355701  2.7610138845606116  0.018703691902933785  15.31289922166435
1.2602825607820876  819  213  213.33882496734762  2.753737686467332  -0.014173367428813019  15.240384575104041
1.2602825607820876  820  246  246.0294815881689  2.76403972419547  0.002902119625299975  15.168712665944321
1.2602825607820876  821  278  278.0532990930791  2.6633844818238686  -0.009484643223606155  15.097573789649545
1.2602825607820876  822  310  309.5597833625432  2.7477395951412973  0.0023286232533473433  15.027414165301082
1.2602825607820876  822  341  340.51752521011457  2.5798061785583286  -0.019600693614036515  14.957700000753945
1.2602825607820876  823  371  370.9076459676811  2.7232416929170427  -0.03960985700792186  14.88899120872048
1.2602825607820876  823  401  400.92441758354596  2.76076172674982  -0.0047990735962254736  14.820789521373039
1.2602825607820876  823  430  430.37030400520854  2.615564161174575  -0.012208026179129043  14.753305173998903
1.2602825607820876  824  459  459.2861347197455  2.697846177374231  -0.01540997785105761  14.68668724474506
1.2602825607820876  824  488  487.7948721817468  2.758433609361873  -0.004367934786643684  14.620481583720924
1.2602825607820876  824  516  515.782255654825  2.737784619646959  -0.02047510120989218  14.555071695719535
1.2602825607820876  824  543  543.3643492649061  2.7665396160177806  0.0015588250446875362  14.490483362816486
1.2602825607820876  824  570  570.4540732460966  2.8109461159483544  -0.0355269905171912  14.426317719474104
1.2602825607820876  823  597  597.2364236259365  2.911935261583949  0.0037654542058061322  14.362792536985046
1.2602825607820876  823  624  623.4826588217895  2.9384776433976185  -0.0072832726083923  14.300095569086018
1.2602825607820876  823  649  649.3269751640481  3.001346440283669  -0.0094788553321267  14.2380322665459
1.2602825607820876  823  675  674.7268870502973  3.0034551936257685  -0.038437662679756054  14.176301113131764
1.2602825607820876  822  700  699.8524057035977  3.0029554074665157  -0.017633821501709408  14.115348448441837
1.2602825607820876  822  725  724.5620556805139  3.0547991052435464  -0.014324418069906824  14.055047185382653
1.2602825607820876  821  749  748.9031431133311  3.0971237169723054  -0.020371823257721258  13.995428412818692
1.2602825607820876  821  773  772.8582593497555  3.1475005801223688  -0.022735005558065506  13.936174552598326
1.2602825607820876  820  796  796.49860322891  3.1198952382301286  -0.041542923612578476  13.877469853207606
1.2602825607820876  819  820  819.8898810108808  3.1783153852891246  -0.01049064927764299  13.819173488962395
1.2602825607820876  819  843  842.8570705574695  3.12274975093635  -0.026620389087348092  13.76162809128386
1.2602825607820876  818  866  865.6166768920075  3.063202974889691  -0.009468933788409168  13.704583558457013
1.2602825607820876  817  888  888.0267410267168  2.9843204878434335  -0.014332294726719787  13.6480347738012
1.2602825607820876  817  910  910.0930296715868  3.002201961221317  -0.015841325208392373  13.591888765640986
1.2602825607820876  816  932  931.8988067492784  2.924641572773453  -0.01578617693197891  13.536189577466194
1.2602825607820876  815  953  953.4840320470311  2.955776637448025  -0.015155292482535818  13.480873471062468
1.2602825607820876  814  975  974.7915622969897  2.9539016449534756  -0.017759055890006984  13.42597356799033
1.2602825607820876  813  996  995.8690807492985  2.8246765199837682  -0.006134390274353954  13.371617538388005
1.2602825607820876  812  1017  1016.6081409429813  2.7817607412360985  -0.024548556450679743  13.31768711234676
1.5077325607820873  810  5  4.97902979245462  3.373310414269156  -0.024239167821588043  15.686793604965871
1.5077325607820873  812  41  41.352685812809085  2.9961381962454823  -0.0021267760723393233  15.610557377671974
1.5077325607820873  813  77  76.96010309601807  3.1916286201064565  -0.0186708111561978  15.534859792547497
1.5077325607820873  815  112  112.0711991721382  2.792715672323922  0.003350967765340717  15.46016712791969
1.5077325607820873  816  146  146.34859052701523  2.943174241575207  -0.03592974162592471  15.386084610113443
1.5077325607820873  817  180  180.24573182428466  2.7404486718631915  0.015816837197063248  15.31289922166435
1.5077325607820873  818  213  213.3459203137886  2.76393234445419  -0.008600590890702078  15.240384575104041
1.5077325607820873  819  246  246.06106829381105  2.8081761557328377  0.018892822577151233  15.168712665944321
1.5077325607820873  820  278  278.0321406375394  2.6415271313143194  -0.015815237256586737  15.097573789649545
1.5077325607820873  821  310  309.5613651403479  2.752415309568619  -3.156747574042249e-05  15.027414165301082
1.5077325607820873  821  341  340.5266547701229  2.5793099698948936  -0.01887648742781811  14.957700000753945
1.5077325607820873  822  371  370.9184071128402  2.7245983049577376  -0.03923506172500083  14.88899120872048
1.5077325607820873  822  401  400.9314979890753  2.7628351019913  -0.008365509953901461  14.820789521373039
1.5077325607820873  822  430  430.36470326399694  2.581377154466054  -0.021825788793488614  14.753305173998903
1.5077325607820873  823  459  459.3115191339298  2.7509140455965735  -0.009644124289260135  14.68668724474506
1.5077325607820873  823  488  487.8053442404958  2.7826992475378347  -0.014060548089510792  14.620481583720924
1.5077325607820873  823  516  515.8176335625229  2.7406706696867786  -0.007334679139516191  14.555071695719535
1.5077325607820873  823  543  543.3861589956227  2.7837419072197918  -0.0024624631178132373  14.490483362816486
1.5077325607820873  823  570  570.4754056507087  2.8018555161733047  -0.0338881790302411  14.426317719474104
1.5077325607820873  822  597  597.2786625398729  2.9116316723045657  0.0028183044208481786  14.362792536985046
1.5077325607820873  822  624  623.5107616829242  2.9343380689647347  -0.012623128486273685  14.300095569086018
1.5077325607820873  822  649  649.3611456487488  2.9755750423732934  -0.016232497168533283  14.2380322665459
1.5077325607820873  822  675  674.8092995163765  3.0294399806582533  -0.02233092381067796  14.176301113131764
1.5077325607820873  821  700  699.9174893016317  3.0577986207456433  -0.010112979992226944  14.115348448441837
1.5077325607820873  821  725  724.5793194924014  3.053192357000171  -0.01910605668892043  14.055047185382653
1.5077325607820873  820  749  748.9472413576524  3.136323412820502  -0.016971662197795112  13.995428412818692
1.5077325607820873  820  773  772.908962185063  3.142093066342227  -0.022979940600599904  13.936174552598326
1.5077325607820873  819  797  796.5676272417091  3.1178339278168323  -0.03548256382728293  13.877469853207606
1.5077325607820873  819  820  819.8970780111819  3.1171871482745246  -0.022806636644151283  13.819173488962395
1.5077325607820873  818  843  842.938419108498  3.136605829108703  -0.017142590915550225  13.76162809128386
1.5077325607820873  817  866  865.659543872907  3.0620648901583536  -0.01684142261515302  13.704583558457013
1.5077325607820873  816  888  888.0923473622873  2.995855788591598  -0.009523649702890472  13.6480347738012
1.5077325607820873  816  910  910.1402961324046  2.996831359586622  -0.02665655238654579  13.591888765640986
1.5077325607820873  815  932  931.9902511476994  2.949053517890661  -0.014767616962624274  13.536189577466194
1.5077325607820873  814  954  953.5666056427998  2.9636892900462044  -0.007194675279984839  13.480873471062468
1.5077325607820873  813  975  974.8598576075841  2.9467191831460013  -0.021436809656742606  13.42597356799033
1.5077325607820873  812  996  995.9529199765358  2.83877582635796  -0.007775401500468033  13.371617538388005
1.5077325607820873  811  1017  1016.6666002108018  2.76272511323873  -0.039669805037687564  13.31768711234676
1.755182560782087  809  5  4.97779408946555  3.3696548901906365  -0.008840940159265629  15.686793604965871
1.755182560782087  811  41  41.29768596559497  2.997529586858832  -0.01485855281828048  15.610557377671974
1.755182560782087  812  77  76.97011519190846  3.21979313891282  -0.012079446172451954  15.534859792547497
1.755182560782087  814  112  112.0486266666476  2.7835804662890666  0.003945321348640139  15.46016712791969
1.755182560782087  815  146  146.346186129441  2.9686314861390883  -0.025875778128086915  15.386084610113443
1.755182560782087  816  180  180.2350022118828  2.718434612602721  0.011545624533034787  15.31289922166435
1.755182560782087  817  213  213.33621511973465  2.8124931224659235  -0.01822279661194386  15.240384575104041
1.755182560782087  818  246  246.05811765217013  2.773589486522951  0.016311332131478423  15.168712665944321
1.755182560782087  819  278  278.0258858611295  2.619846536204932  -0.01601845418534317  15.097573789649545
1.755182560782087  820  310  309.58389219287056  2.7701111087745858  0.007991802374204252  15.027414165301082
1.755182560782087  820  341  340.54545324696807  2.6160107285461436  -0.013859155143218274  14.957700000753945
1.755182560782087  821  371  370.93946017217706  2.7327483466032163  -0.03423835601503297  14.88899120872048
1.755182560782087  821  401  400.94470605972026  2.775732068257412  -0.011796970027765223  14.820789521373039
1.755182560782087  821  430  430.364244379062  2.6085810144970765  -0.026145244122175917  14.753305173998903
1.755182560782087  822  459  459.3550142032341  2.7257023454841374  0.0026584672368979846  14.68668724474506
1.755182560782087  822  488  487.8245189120125  2.749529087366227  -0.013552895417573145  14.620481583720924
1.755182560782087  822  516  515.8508890113698  2.7192377625380004  -0.008025968497288379  14.555071695719535
1.755182560782087  822  543  543.411113931032  2.784478855050793  -0.0003346722840238681  14.490483362816486
1.755182560782087  822  570  570.5159390147605  2.825309892207656  -0.023629308347644738  14.426317719474104
1.755182560782087  821  597  597.3085660894591  2.9313875578368425  0.011402360663190544  14.362792536985046
1.755182560782087  821  624  623.5508029737257  2.898977009427881  -0.013699718044305472  14.300095569086018
1.755182560782087  821  649  649.4072435861252  2.966535844378541  -0.014767597870829634  14.2380322665459
1.755182560782087  821  675  674.8404560234744  3.0609278540739524  -0.024400748143855563  14.176301113131764
1.755182560782087  820  700  699.9487653783287  3.0609768619958686  -0.015559648521748605  14.115348448441837
1.755182560782087  820  725  724.6160242550678  3.0128050013511256  -0.03026038362272117  14.055047185382653
1.755182560782087  819  749  749.0068393439989  3.095488456006251  -0.01652133368316366  13.995428412818692
1.755182560782087  819  773  772.9688302000814  3.1603381281718157  -0.01622872617715869  13.936174552598326
1.755182560782087  818  797  796.6359025247845  3.1264022615962404  -0.03206235693650377  13.877469853207606
1.755182560782087  818  820  819.93961098398  3.0681684165249408  -0.029036039576834493  13.819173488962395
1.755182560782087  817  843  842.9916500948325  3.1170519081797465  -0.016695069775464675  13.76162809128386
1.755182560782087  816  866  865.7121780688319  3.0612867257868857  -0.019723592381720396  13.704583558457013
1.755182560782087  815  888  888.1546901513782  2.982934997546863  -0.013598377866054473  13.6480347738012
1.755182560782087  815  910  910.2140505645749  2.957102323576237  -0.014968725588608721  13.591888765640986
1.755182560782087  814  932  932.0653330124838  2.931280506192934  -0.015688248245893526  13.536189577466194
1.755182560782087  813  954  953.6478195743783  2.940466925776491  -0.004702321891352951  13.480873471062468
1.755182560782087  812  975  974.925310243281  2.973130381946021  -0.0247264110695462  13.42597356799033
1.755182560782087  811  996  996.0273116864994  2.8107020605993966  -0.001703165428272212  13.371617538388005
1.755182560782087  810  1017  1016.7593662048873  2.796244095444763  -0.024667357125184006  13.31768711234676
2.0026325607820867  808  5  4.9645883361386645  3.3423567600817847  -0.009024268035693308  15.686793604965871
2.0026325607820867  810  41  41.24763034849807  2.9768015304470268  -0.02341863924121671  15.610557377671974
2.0026325607820867  811  77  76.97735811014428  3.215264306920119  -0.0037479544613667993  15.534859792547497
2.0026325607820867  813  112  112.00025751082165  2.8205319839723586  -0.0004062215771564033  15.46016712791969
2.0026325607820867  814  146  146.34297517066904  2.9955070613482917  -0.018466783857438246  15.386084610113443
2.0026325607820867  815  180  180.2338617021649  2.7257733522837384  0.015090697391200085  15.31289922166435
2.0026325607820867  816  213  213.30204947347391  2.803487025264957  -0.033436417485531715  15.240384575104041
2.0026325607820867  817  246  246.0442940134655  2.7654180143115923  0.014931603573980693  15.168712665944321
2.0026325607820867  818  278  278.0161035035686  2.6706509052569345  -0.024877497739780232  15.097573789649545
2.0026325607820867  819  310  309.61363751650015  2.765085349782453  0.014696777006087954  15.027414165301082
2.0026325607820867  819  341  340.54298557586003  2.601341688090656  -0.024942702460739638  14.957700000753945
2.0026325607820867  820  371  370.95694396885506  2.7623668668810524  -0.03110117525613546  14.88899120872048
2.0026325607820867  820  401  400.9834254031626  2.7397970525728397  -0.0008096561848445851  14.820789521373039
2.0026325607820867  820  430  430.3961988258545  2.6172574838467426  -0.02122092186071237  14.753305173998903
2.0026325607820867  821  459  459.35562356738683  2.7463255182957482  -0.002127550587784154  14.68668724474506
2.0026325607820867  821  488  487.84800309888715  2.7362710948032145  -0.010339981688835546  14.620481583720924
2.0026325607820867  821  516  515.8948181848706  2.7326324282420273  -0.0009514017539343009  14.555071695719535
2.0026325607820867  821  543  543.4314324518018  2.8095888484049283  -0.00505369539547604  14.490483362816486
2.0026325607820867  821  571  570.5498165220843  2.836331324002913  -0.02773970357447742  14.426317719474104
2.0026325607820867  821  597  597.2995986264133  2.923023028210764  -0.002793623768833765  14.362792536985046
2.0026325607820867  820  624  623.5869917820996  2.9227384047408123  -0.013630404388856206  14.300095569086018
2.0026325607820867  820  649  649.432322955623  2.927019423089405  -0.01871934121412504  14.2380322665459
2.0026325607820867  820  675  674.8870350642421  3.0374251247642405  -0.019992890916740523  14.176301113131764
2.0026325607820867  819  700  700.0211668210677  3.036557182383831  -0.004937677533233828  14.115348448441837
2.0026325607820867  819  725  724.6989563046177  3.0616055270543256  -0.01497586827540413  14.055047185382653
2.0026325607820867  818  749  749.0724396668401  3.0947933080067287  -0.011286723240229508  13.995428412818692
2.0026325607820867  818  773  773.0333865759494  3.132740377375285  -0.010080832098032608  13.936174552598326
2.0026325607820867  817  797  796.6981164616985  3.1143461643274577  -0.02952707258086693  13.877469853207606
2.0026325607820867  817  820  819.9941465009109  3.0918306384261314  -0.028597831469199784  13.819173488962395
2.0026325607820867  816  843  843.0598655156333  3.119369851151532  -0.014961520807754501  13.76162809128386
2.0026325607820867  815  866  865.8009927791028  3.0566030782681537  -0.015359340057252776  13.704583558457013
2.0026325607820867  814  888  888.2305350315976  2.962401044643002  -0.007210091319205246  13.6480347738012
2.0026325607820867  814  910  910.2921929116532  2.967405177909086  -0.006540409502793589  13.591888765640986
2.0026325607820867  813  932  932.1435479326309  2.916563356641518  -0.014549391241423753  13.536189577466194
2.0026325607820867  812  954  953.7168673033381  2.911763958847132  -0.0017887942560337721  13.480873471062468
2.0026325607820867  811  975  975.0135913429265  2.9908753140027784  -0.016613687745315058  13.42597356799033
2.0026325607820867  810  996  996.0906527588204  2.8285402760845955  -0.002236920281555737  13.371617538388005
2.0026325607820867  809  1017  1016.8331007389172  2.78804773185459  -0.033283040926710916  13.31768711234676
2.2500825607820865  807  5  4.946700311587227  3.327448865276537  -0.008323584314316911  15.686793604965871
2.2500825607820865  809  41  41.23024417157547  2.972554198050304  -0.023368680499339527  15.610557377671974
2.2500825607820865  810  77  76.94634457971307  3.212381659976529  -0.006812258025059046  15.534859792547497
2.2500825607820865  812  112  111.9783907229395  2.8158261345618882  0.006296295949602012  15.46016712791969
2.2500825607820865  813  146  146.3234320857104  3.0026651025560227  -0.02193554892071029  15.386084610113443
2.2500825607820865  814  180  180.20611729104635  2.6818510586368802  0.00021763857412491862  15.31289922166435
2.2500825607820865  815  213  213.3238247028497  2.8892431858768646  -0.017396286175281477  15.240384575104041
2.2500825607820865  816  246  246.02614520811665  2.7066742973071314  0.01107953398219881  15.168712665944321
2.2500825607820865  817  278  278.0231008010374  2.6477028913251957  -0.02824854301900521  15.097573789649545
2.2500825607820865  818  310  309.6099503522287  2.790737570478427  0.012758653768637686  15.027414165301082
2.2500825607820865  818  341  340.53013732093586  2.6186264596915407  -0.02659973145255738  14.957700000753945
2.2500825607820865  819  371  370.9764537677834  2.760697411302033  -0.030030281059589596  14.88899120872048
2.2500825607820865  819  401  400.9999568481025  2.747132974113697  0.0039010194773292633  14.820789521373039
2.2500825607820865  819  430  430.4004438786994  2.584268020649745  -0.033358122657651534  14.753305173998903
2.2500825607820865  820  459  459.37264615701656  2.754279572393898  -0.005842834058113039  14.68668724474506
2.2500825607820865  820  488  487.899695384418  2.7673364565754355  0.0003610706665080334  14.620481583720924
2.2500825607820865  820  516  515.9028486736014  2.718261415270945  -0.009558512606821437  14.555071695719535
2.2500825607820865  820  543  543.479954236248  2.78646464692315  -0.007151834909964898  14.490483362816486
2.2500825607820865  820  571  570.5872143045116  2.846500227482011  -0.028548601553746628  14.426317719474104
2.2500825607820865  820  597  597.3246242419206  2.9375536784568794  -0.00648983214917322  14.362792536985046
2.2500825607820865  819  624  623.5927681438687  2.931682514148747  -0.029553977601267763  14.300095569086018
2.2500825607820865  819  649  649.4814276239421  2.9564241135863085  -0.019396004589872565  14.2380322665459
2.2500825607820865  819  675  674.9170230646688  3.0398447134773505  -0.024809997587232114  14.176301113131764
2.2500825607820865  818  700  700.0809912602406  3.026137435883811  -0.0024067539910073528  14.115348448441837
2.2500825607820865  818  725  724.7246241170348  3.0612228648428754  -0.02318789667031864  14.055047185382653
2.2500825607820865  817  749  749.1210591849904  3.1390081916788404  -0.013707554005024155  13.995428412818692
2.2500825607820865  817  773  773.0815240762918  3.137960905306727  -0.016307671576610127  13.936174552598326
2.2500825607820865  816  797  796.7622882616209  3.10839782727885  -0.02833780113589042  13.877469853207606
2.2500825607820865  816  820  820.0651090872153  3.124242271057142  -0.019767076575293824  13.819173488962395
2.2500825607820865  815  843  843.124578635076  3.101190783843549  -0.011662167563511454  13.76162809128386
2.2500825607820865  814  866  865.8567295345435  3.0607103692143482  -0.02214087569172793  13.704583558457013
2.2500825607820865  813  888  888.2884409317776  3.0102763849008625  -0.009742713319949376  13.6480347738012
2.2500825607820865  813  910  910.352008828833  2.9613277298512912  -0.01722528603181023  13.591888765640986
2.2500825607820865  812  932  932.2138574181242  2.9396799831272347  -0.009034385113050297  13.536189577466194
2.2500825607820865  811  954  953.799648382445  2.9392583397732324  -0.0024469720888787914  13.480873471062468
2.2500825607820865  810  975  975.1201143116222  2.9491947234027975  -0.0018073497534832606  13.42597356799033
2.2500825607820865  809  996  996.1534327283672  2.7927021108414465  -0.016007083852853446  13.371617538388005
2.2500825607820865  808  1017  1016.9348284795151  2.8151286719207747  -0.025085774948743988  13.31768711234676
2.497532560782086  806  5  4.964148139868559  3.2802244609081246  0.00530581733311873  15.686793604965871
2.497532560782086  808  41  41.20710139051928  3.01068824254763  -0.01947707088515839  15.610557377671974
2.497532560782086  809  77  76.94556012824654  3.2111090200962167  0.004749184075790623  15.534859792547497
2.497532560782086  811  112  111.94219947212015  2.8210438409782057  -0.015988108198782422  15.46016712791969
2.497532560782086  812  146  146.3467973349999  3.036127169394092  -0.011632860113359999  15.386084610113443
2.497532560782086  813  180  180.1808973934056  2.6692010394561407  -0.0028640396027800564  15.31289922166435
2.497532560782086  814  213  213.33658366796877  2.911065552830223  -0.015581355557752492  15.240384575104041
2.497532560782086  815  246  246.01494758914015  2.694959741069056  0.007904214434651929  15.168712665944321
2.497532560782086  816  278  278.0205557510565  2.6383358370721908  -0.03003815561133843  15.097573789649545
2.497532560782086  817  310  309.609555821251  2.744480159666523  0.007982764630564219  15.027414165301082
2.497532560782086  817  340  340.5120990867484  2.5651851760001705  -0.04554771809702119  14.957700000753945
2.497532560782086  818  371  371.002314205102  2.7744953424611367  -0.026418235468925882  14.88899120872048
2.497532560782086  818  401  400.99829828087906  2.732633943182691  -0.004052680333113626  14.820789521373039
2.497532560782086  818  430  430.41255708921517  2.6148453272296024  -0.03136358570379745  14.753305173998903
2.497532560782086  819  459  459.41915372969373  2.772310634316682  0.0027622245031860165  14.68668724474506
2.497532560782086  819  488  487.9411543351673  2.752344550676071  0.0041799975696300345  14.620481583720924
2.497532560782086  819  516  515.9215163364112  2.7393457528920635  -0.012418212152245376  14.555071695719535
2.497532560782086  819  544  543.5179968211196  2.8237851265162135  -0.004036869322322952  14.490483362816486
2.497532560782086  819  571  570.6413799917902  2.8608667643491117  -0.02061213316949661  14.426317719474104
2.497532560782086  819  597  597.3683358698229  2.8882283931670827  0.003340140426373489  14.362792536985046
2.497532560782086  818  624  623.638366775854  2.8945021377319335  -0.0334019790487358  14.300095569086018
2.497532560782086  818  650  649.5333318267467  2.943288400528445  -0.018938757044570254  14.2380322665459
2.497532560782086  818  675  674.9677894570675  3.050144024640872  -0.019976169621215664  14.176301113131764
2.497532560782086  817  700  700.13305798646  3.014985736009976  -0.004654535338736708  14.115348448441837
2.497532560782086  817  725  724.7814070373313  3.0769600983012424  -0.02123197298414144  14.055047185382653
2.497532560782086  816  749  749.1885597950721  3.0900970433026487  -0.005680915963556345  13.995428412818692
2.497532560782086  816  773  773.1591796995776  3.1343862572789476  -0.006718937469284649  13.936174552598326
2.497532560782086  815  797  796.809818535069  3.1381959268029505  -0.0330478450739017  13.877469853207606
2.497532560782086  815  820  820.1128735380208  3.064791675887932  -0.025085317233661444  13.819173488962395
2.497532560782086  814  843  843.1975365927495  3.1367999438755305  -0.007657288627391367  13.76162809128386
2.497532560782086  813  866  865.9136718160545  3.042519891047732  -0.024093542235129592  13.704583558457013
2.497532560782086  812  888  888.342856234426  2.971568806125447  -0.022463940443779726  13.6480347738012
2.497532560782086  812  910  910.4076512109118  2.9471085792533813  -0.023406022608065673  13.591888765640986
2.497532560782086  811  932  932.2865345309318  2.940020174150277  -0.012418049359459544  13.536189577466194
2.497532560782086  810  954  953.8682344921543  2.933101177947947  -0.005681006272022083  13.480873471062468
2.497532560782086  809  975  975.1975634712073  2.926275103322496  0.0030124430616957423  13.42597356799033
2.497532560782086  808  996  996.2178643900545  2.799856545580724  -0.020687027648634507  13.371617538388005
2.497532560782086  807  1017  1017.0287865684563  2.831919312086825  -0.012538973406961904  13.31768711234676
