# Band 1C   Etalon 1A   Slice 18
# Distortion map version 06.04.00 - date 2018-10-16
# Trace (isoalpha): Take pixel trace along specified slice, specified alpha position trace is built by taking the pixel in every detector row with alpha value closest to the one specified 
# xpos[i] = np.argmin(alpha_img[i,:])+funcs.find_nearest(alpha_img[i,:][(slice_img[i,:]!=0)],alpha_pos)
#    alpha       x  y      center         FWHM          skewness
0.0  193  6  5.93585121278  1.48402949791  0.00676804914509
0.0  193  16  16.369847484  1.278792776  0.139769347195
0.0  193  27  26.6584265665  1.32285405356  -0.0553991513514
0.0  193  37  37.2596453512  1.46582251205  0.065785119427
0.0  193  48  47.7107781967  1.40166849789  -0.0491645948991
0.0  194  58  58.4480128166  1.27715210858  0.060313220957
0.0  194  69  69.1334622889  1.55077951122  0.0143856937538
0.0  194  80  79.8595073872  1.50015337337  -0.0339673652862
0.0  194  91  90.6858175706  1.40907369438  -0.0982722296323
0.0  194  102  101.633575034  1.33267459075  -0.0551067361012
0.0  194  113  112.631006932  1.39589606516  -0.023931267143
0.0  194  124  123.696489876  1.38426972368  -0.0805241458734
0.0  194  135  134.879043198  1.57886380414  0.010369450633
0.0  195  146  146.176441315  1.54415102339  0.108012430703
0.0  195  157  157.469868567  1.31922064172  0.0476517395921
0.0  195  169  168.774745492  1.49890753708  -0.0368556664883
0.0  195  180  180.330217182  1.47826754335  0.0966038004354
0.0  195  192  191.738246268  1.47697460208  -0.147159395049
0.0  195  203  203.472800632  1.35782572792  0.0581462015258
0.0  195  215  215.169263812  1.61957387863  0.0272717136084
0.0  195  227  226.893235818  1.63193906252  -0.0775620274653
0.0  195  239  238.766562594  1.57519838164  -0.0524734663034
0.0  195  251  250.716002096  1.55350121948  -0.0917150943386
0.0  196  263  262.750113894  1.58856529378  -0.0592235384648
0.0  196  275  274.897762369  1.65351542206  -0.00102644730614
0.0  196  287  287.152657305  1.67412887234  0.0663859745316
0.0  196  299  299.462904188  1.47113141642  0.0931515472036
0.0  196  312  311.767499483  1.56205756401  -0.0121114100127
0.0  196  324  324.326973682  1.53839435653  0.100471674415
0.0  196  337  336.798225901  1.61455513807  -0.0524957774621
0.0  196  350  349.514943923  1.34727468207  0.0247284193391
0.0  196  362  362.294161994  1.63357895389  0.0542192194253
0.0  196  375  375.108834933  1.75517801885  -0.00416352197644
0.0  196  388  388.040817805  1.730841704  -0.000799409107155
0.0  196  401  401.094070228  1.76839816675  0.00129093382908
0.0  196  414  414.256749396  1.7076230085  0.0368377835784
0.0  196  427  427.475563993  1.61381553371  0.0615462964774
0.0  196  441  440.751218765  1.70900023178  -0.0262193330976
0.0  196  454  454.254889325  1.70894094435  0.0776201545367
0.0  196  468  467.731411407  1.69003044641  0.0146549688407
0.0  197  481  481.402439409  1.59977773694  0.118104612895
0.0  197  495  495.122457089  1.77255137123  0.0392363222544
0.0  197  509  508.929004205  1.78901385393  -0.018592012936
0.0  197  523  522.89606411  1.78578934539  -0.0234130331843
0.0  197  537  536.965626324  1.82123872793  -0.0351392407447
0.0  197  551  551.185970909  1.82593486192  0.0230822517516
0.0  197  565  565.466211603  1.70839203213  0.0467424788108
0.0  197  580  579.813049433  1.79994464628  -0.0368052743387
0.0  197  594  594.378330069  1.74218185395  0.0499502098697
0.0  196  609  609.010625573  1.87683246674  0.0413794127838
0.0  196  624  623.719771111  1.75201853276  0.0167631444623
0.0  196  639  638.549525177  1.63261790357  -0.00181101621892
0.0  196  654  653.555754863  1.57494131125  0.0225965080548
0.0  196  669  668.613454903  1.67776311878  -0.0775954946288
0.0  196  684  683.871427698  1.84326436989  -0.0288911794067
0.0  196  699  699.286941278  1.86052749781  0.0512918128439
0.0  196  715  714.69435465  1.836119505  -0.0583412197795
0.0  196  730  730.351123262  1.84171517583  0.0479330557342
0.0  196  746  746.054312147  1.92661606885  0.0295789364152
0.0  196  762  761.86475162  1.93285827784  -0.000720359903355
0.0  196  778  777.843653616  1.91541795346  0.0247177133811
0.0  196  794  793.978012133  1.9189527922  0.0583800010283
0.0  196  810  810.249179736  1.86137499704  0.0828602951418
0.0  195  827  826.644952476  1.78820801834  -0.00741140552963
0.0  195  843  843.276153658  1.99162879674  0.102482291617
0.0  195  860  859.92030838  1.92220520137  -0.0360439457756
0.0  195  877  876.756592666  1.89160551251  -0.0425162622644
0.0  195  894  893.749995789  1.93526654921  -0.0138599826648
0.0  195  911  910.87876246  1.9753153105  -0.0195481145486
0.0  195  928  928.188905481  1.96785083663  0.0489739799074
0.0  194  946  945.620893194  1.91476964815  0.0264111062569
0.0  194  963  963.227749768  1.97042423737  0.0821792189255
0.0  194  981  980.918221796  1.97936460074  0.0350715319793
0.0  194  999  998.812544103  1.94222847808  0.0268561191422
0.0  194  1017  1016.9215959  1.96740216933  0.0355490434308
-1.37981223109  186  6  5.84440082562  1.49385270954  -0.0131082511214
-1.37981223109  186  16  16.2966079851  1.36000842872  0.137215356493
-1.37981223109  186  27  26.6110384954  1.27992248989  -0.0385215058913
-1.37981223109  186  37  37.1856262825  1.50699138897  0.0486253903338
-1.37981223109  186  48  47.6654827778  1.35800440804  -0.0454617994667
-1.37981223109  186  58  58.3961907068  1.32448424065  0.0488107449009
-1.37981223109  186  69  69.0610071065  1.56930820616  -0.0189952935244
-1.37981223109  187  80  79.82885952  1.53328253879  -0.0362971872068
-1.37981223109  187  91  90.6526261269  1.40292584999  -0.0946110739883
-1.37981223109  187  102  101.615452296  1.34850803992  -0.0390024979508
-1.37981223109  187  113  112.625775406  1.42367955341  -0.0130364109339
-1.37981223109  187  124  123.694675289  1.44502297989  -0.073013580208
-1.37981223109  187  135  134.881440296  1.58168147472  0.0245333654462
-1.37981223109  187  146  146.190968768  1.55867490426  0.113087584822
-1.37981223109  187  157  157.476266891  1.30903305856  0.050213961198
-1.37981223109  188  169  168.777050238  1.48462992158  -0.0794580974334
-1.37981223109  188  180  180.353157336  1.41988574347  0.0999825087416
-1.37981223109  188  192  191.789475303  1.51248150975  -0.125105944649
-1.37981223109  188  204  203.508021073  1.27027499417  0.0150379151802
-1.37981223109  188  215  215.229418253  1.60898710749  0.0478244216447
-1.37981223109  188  227  226.976007511  1.67604807331  -0.0595520456936
-1.37981223109  188  239  238.835468968  1.63775002964  -0.043739690444
-1.37981223109  188  251  250.79696173  1.62517475473  -0.042507446248
-1.37981223109  188  263  262.854057233  1.66508899202  -0.0373856182905
-1.37981223109  188  275  275.016879674  1.69058189049  0.028990483059
-1.37981223109  188  287  287.285614736  1.62627023793  0.10433221985
-1.37981223109  189  300  299.520240822  1.30532688987  0.0275053701383
-1.37981223109  189  312  311.899805291  1.65945428945  0.0258926217631
-1.37981223109  189  324  324.436821558  1.45996512562  0.107683726645
-1.37981223109  189  337  336.951240038  1.69551492919  -0.0209609696522
-1.37981223109  189  350  349.600260723  1.39485162345  -0.0365414076045
-1.37981223109  189  362  362.432657639  1.52786925394  0.0600048520653
-1.37981223109  189  375  375.279432356  1.69262772573  0.0271238605181
-1.37981223109  189  388  388.239053222  1.70770150337  0.0476940118743
-1.37981223109  189  401  401.28927658  1.71218771275  0.0390184323944
-1.37981223109  189  414  414.428109744  1.64803245916  0.04134052139
-1.37981223109  189  428  427.622494796  1.64667679503  -0.00457362318541
-1.37981223109  189  441  440.981504397  1.78161893201  0.025284996785
-1.37981223109  189  454  454.44163429  1.59927311703  0.0656845054654
-1.37981223109  189  468  467.97423857  1.76069912884  0.0512254851187
-1.37981223109  189  482  481.59490553  1.54770478862  0.0272962884808
-1.37981223109  189  495  495.411653755  1.62884220921  0.0889963440765
-1.37981223109  189  509  509.272388249  1.73376172364  0.0775572865491
-1.37981223109  189  523  523.23863564  1.74893411427  0.0682484893558
-1.37981223109  189  537  537.320197774  1.7347925606  0.0440016393881
-1.37981223109  189  551  551.487557583  1.65671944897  0.0299000232305
-1.37981223109  189  566  565.732780037  1.75638554459  -0.0368808903139
-1.37981223109  189  580  580.197108593  1.81769644411  0.0316070087846
-1.37981223109  189  595  594.666825798  1.76855276658  -0.0220852996881
-1.37981223109  189  609  609.358302609  1.8031468822  0.0961461036904
-1.37981223109  189  624  624.075877051  1.82309461286  0.0678205793382
-1.37981223109  189  639  638.902486445  1.83291502647  0.0252657109807
-1.37981223109  189  654  653.88647665  1.8125189919  0.0169247528793
-1.37981223109  189  669  669.004067085  1.86977046958  0.00780865810109
-1.37981223109  189  684  684.269919034  1.79648504739  0.0566285113152
-1.37981223109  189  700  699.595755046  1.66882468112  -0.0253298183208
-1.37981223109  189  715  715.106359892  1.92089534914  -0.00284509044889
-1.37981223109  189  731  730.669268907  1.83431452493  -0.0308839921969
-1.37981223109  189  746  746.446804596  1.79171333265  0.0367150075975
-1.37981223109  189  762  762.311172654  1.84975414802  0.0512862244929
-1.37981223109  189  778  778.296560132  1.81546448766  0.0840028112168
-1.37981223109  188  794  794.47391316  1.71195232334  0.106533598907
-1.37981223109  188  811  810.665666038  1.8068933554  -0.0263087027606
-1.37981223109  188  827  827.144991124  1.92523944045  0.0698245410833
-1.37981223109  188  844  843.660648511  1.7705128532  -0.00186941504088
-1.37981223109  188  860  860.423547369  1.75676073778  0.0186934147011
-1.37981223109  188  877  877.29043771  1.90923103845  0.0329629689745
-1.37981223109  188  894  894.283328601  1.89798379561  0.0533256279709
-1.37981223109  187  911  911.476762936  1.85891011167  0.0244185393969
-1.37981223109  187  929  928.719530113  1.9450515169  -0.0179014765476
-1.37981223109  187  946  946.195330219  1.95228417546  0.0783054736012
-1.37981223109  187  964  963.726735089  1.94348064181  0.0252899701327
-1.37981223109  187  981  981.504342105  1.87242687783  0.0744156692164
-1.37981223109  186  999  999.486611621  1.89728458913  0.114499541532
-1.37981223109  186  1018  1017.55777999  1.84042613056  0.0404309265298
-1.19988423109  187  6  5.84822300832  1.47698518285  -0.000107149697871
-1.19988423109  187  16  16.2972286642  1.38229007406  0.132631036354
-1.19988423109  187  27  26.6125131122  1.27448733601  -0.0455647172566
-1.19988423109  187  37  37.1793591644  1.52819572281  0.0378539725176
-1.19988423109  187  48  47.6649074964  1.37336177828  -0.064452749029
-1.19988423109  187  58  58.401029842  1.36504895233  0.0592591323048
-1.19988423109  187  69  69.0599197841  1.5665590258  -0.0340482772423
-1.19988423109  188  80  79.8167347394  1.47540347404  -0.0703694341659
-1.19988423109  188  91  90.6594296574  1.4041433605  -0.0889985558712
-1.19988423109  188  102  101.608728857  1.31149810274  -0.0464920766286
-1.19988423109  188  113  112.618559744  1.35907839217  -0.0283678467752
-1.19988423109  188  124  123.694177601  1.41863733589  -0.0668287409332
-1.19988423109  188  135  134.872085577  1.56062682155  0.0035133390036
-1.19988423109  188  146  146.187056033  1.52566672138  0.123142754119
-1.19988423109  188  157  157.480380505  1.3107005864  0.0599326357066
-1.19988423109  188  169  168.781739225  1.4974067594  -0.0417316895049
-1.19988423109  189  180  180.355719363  1.44331488481  0.113937356188
-1.19988423109  189  192  191.779911189  1.51354905686  -0.12267489573
-1.19988423109  189  203  203.490322561  1.29672131431  0.0447326681548
-1.19988423109  189  215  215.220745168  1.60876411734  0.0373872988132
-1.19988423109  189  227  226.959070293  1.65358326367  -0.0651123946071
-1.19988423109  189  239  238.822693781  1.61970589189  -0.0584694140227
-1.19988423109  189  251  250.781928746  1.62564022413  -0.038881443461
-1.19988423109  189  263  262.841242605  1.64666149885  -0.0370274042354
-1.19988423109  189  275  274.99876318  1.69210070227  0.0243790495872
-1.19988423109  189  287  287.265134462  1.63633608159  0.0922291130424
-1.19988423109  190  300  299.523676362  1.31415516292  0.0363174101226
-1.19988423109  190  312  311.877765555  1.64263449261  0.0158126132345
-1.19988423109  190  324  324.420862259  1.44943949384  0.095763996482
-1.19988423109  190  337  336.933136423  1.69329555203  -0.0284642564722
-1.19988423109  190  350  349.587688887  1.3700093176  -0.0296356600433
-1.19988423109  190  362  362.408986491  1.54859496309  0.0537772188113
-1.19988423109  190  375  375.270852797  1.69042239231  0.0336427877338
-1.19988423109  190  388  388.196933268  1.70692574046  0.0313636011997
-1.19988423109  190  401  401.262471578  1.7426602786  0.0411003951934
-1.19988423109  190  414  414.397896123  1.65105911231  0.0367975693452
-1.19988423109  190  428  427.604956055  1.65131055759  0.010856893141
-1.19988423109  190  441  440.944921737  1.78601683255  0.0108588267118
-1.19988423109  190  454  454.41684051  1.64010834945  0.0670435849768
-1.19988423109  190  468  467.942862412  1.76113227935  0.0517504990438
-1.19988423109  190  482  481.569946189  1.57613110274  0.0332681881192
-1.19988423109  190  495  495.370730164  1.64402856986  0.0836298440352
-1.19988423109  190  509  509.234415264  1.74347312739  0.0620749241037
-1.19988423109  190  523  523.198551188  1.76825397642  0.0659279164164
-1.19988423109  190  537  537.274892548  1.77239712444  0.0345154001571
-1.19988423109  190  551  551.460758925  1.69094291823  0.0363502562772
-1.19988423109  190  566  565.707326506  1.75808369081  -0.0236026304495
-1.19988423109  190  580  580.154286708  1.83368799203  0.0351820738058
-1.19988423109  190  595  594.655439111  1.74896940705  -0.0690379221716
-1.19988423109  190  609  609.303664107  1.81654358533  0.0860648268279
-1.19988423109  190  624  624.009007947  1.84784826888  0.0412720966477
-1.19988423109  190  639  638.849822414  1.8036021898  0.0158575531817
-1.19988423109  190  654  653.834188163  1.80115896985  0.0124247997844
-1.19988423109  190  669  668.939102179  1.8764771815  -0.0137969125003
-1.19988423109  190  684  684.224527343  1.81417570802  0.0487989750785
-1.19988423109  190  700  699.552602146  1.68302890816  -0.00915378580599
-1.19988423109  190  715  715.03892067  1.92243118092  -0.0270056967851
-1.19988423109  190  731  730.630679144  1.81228028002  -0.0275587010653
-1.19988423109  190  746  746.396737715  1.83788577868  0.0430799712171
-1.19988423109  190  762  762.247192573  1.89621784307  0.0497780572057
-1.19988423109  189  778  778.296349022  1.81672849646  0.0835380761511
-1.19988423109  189  794  794.416150527  1.75336207296  0.11498748757
-1.19988423109  189  811  810.609662693  1.75837762841  -0.0174963088321
-1.19988423109  189  827  827.088488421  1.92511874647  0.0588383315285
-1.19988423109  189  844  843.596401322  1.72340569218  -0.00101233221779
-1.19988423109  189  860  860.37171937  1.8189530275  0.0334396960426
-1.19988423109  189  877  877.215594981  1.91282447363  0.0183157753708
-1.19988423109  189  894  894.207882171  1.934061876  0.0456394629284
-1.19988423109  188  911  911.418008802  1.90247364169  0.0365267366366
-1.19988423109  188  929  928.642855641  1.88489915608  -0.0183335045955
-1.19988423109  188  946  946.114182877  1.98419639737  0.0790696640003
-1.19988423109  188  964  963.637437036  1.89212444075  0.0187413477527
-1.19988423109  188  981  981.433449124  1.84932512242  0.0952251189031
-1.19988423109  187  999  999.422695546  1.819455382  0.122151165927
-1.19988423109  187  1017  1017.49478784  1.81800355846  0.072372036903
-1.01995623109  187  6  5.84300273487  1.48265300007  -0.0526834475021
-1.01995623109  188  16  16.3109927395  1.3457652203  0.137547677312
-1.01995623109  188  27  26.6116111258  1.28536023998  -0.0575066004863
-1.01995623109  188  37  37.190967001  1.50142380672  0.0376224185176
-1.01995623109  188  48  47.6736213101  1.33247930418  -0.0568051894454
-1.01995623109  188  58  58.3998234074  1.30548943289  0.0510731983381
-1.01995623109  188  69  69.0758745041  1.57552193684  -0.00829658252603
-1.01995623109  188  80  79.8204931851  1.48876764116  -0.0299144442334
-1.01995623109  189  91  90.6600596541  1.38958994683  -0.0860635375642
-1.01995623109  189  102  101.603997822  1.32967875148  -0.0596198368264
-1.01995623109  189  113  112.619431676  1.34876423964  -0.0167510351516
-1.01995623109  189  124  123.68163082  1.41293053822  -0.0790961777285
-1.01995623109  189  135  134.872320545  1.57461566127  0.00730067554929
-1.01995623109  189  146  146.170241298  1.56221321615  0.110402692777
-1.01995623109  189  157  157.47183026  1.32029130045  0.0538417700225
-1.01995623109  189  169  168.779320738  1.5168162664  -0.0414391126192
-1.01995623109  190  180  180.346460195  1.40995160961  0.103913644097
-1.01995623109  190  192  191.771856699  1.50117784954  -0.133865934105
-1.01995623109  190  203  203.497095391  1.30794686649  0.0499482720576
-1.01995623109  190  215  215.209847619  1.62600084691  0.0381473196019
-1.01995623109  190  227  226.943428229  1.6480191612  -0.071060139039
-1.01995623109  190  239  238.816602143  1.63141923118  -0.0482158896696
-1.01995623109  190  251  250.78165154  1.63373365142  -0.034787163912
-1.01995623109  190  263  262.818085767  1.62440059222  -0.0531103984931
-1.01995623109  190  275  274.98274201  1.69654937828  0.0203407391206
-1.01995623109  190  287  287.251207473  1.65227064965  0.0936123737033
-1.01995623109  190  300  299.514935173  1.38672209014  0.0369952025444
-1.01995623109  191  312  311.860760965  1.65324728541  0.0121151493567
-1.01995623109  191  324  324.402957943  1.50611209596  0.0949676755625
-1.01995623109  191  337  336.901361255  1.6766335008  -0.0352860515647
-1.01995623109  191  350  349.572439218  1.39860291936  -0.0282555214993
-1.01995623109  191  362  362.385165929  1.62078355326  0.045451948992
-1.01995623109  191  375  375.231212722  1.72863704512  0.0233338442092
-1.01995623109  191  388  388.161828599  1.74240398664  0.0244982127025
-1.01995623109  191  401  401.220270253  1.7609287918  0.0257917772028
-1.01995623109  191  414  414.361025707  1.69397735084  0.0294678036725
-1.01995623109  191  428  427.580140474  1.69287580505  0.0154835290364
-1.01995623109  191  441  440.918533807  1.78155143959  0.0217429564622
-1.01995623109  191  454  454.381816497  1.68278609356  0.061774989781
-1.01995623109  191  468  467.88118537  1.75372903959  0.02513547533
-1.01995623109  191  482  481.543869198  1.6173332209  0.0593904662364
-1.01995623109  191  495  495.335891315  1.68627370687  0.0699345644377
-1.01995623109  191  509  509.181551719  1.76183131238  0.0429235371976
-1.01995623109  191  523  523.149827588  1.78940478256  0.045330340971
-1.01995623109  191  537  537.219682649  1.80392860429  0.0154417263098
-1.01995623109  191  551  551.412965314  1.73567034515  0.0339256414333
-1.01995623109  191  566  565.660835132  1.72656880249  -0.0278587688644
-1.01995623109  191  580  580.081268005  1.85208750209  0.00433076178451
-1.01995623109  191  594  594.940847085  0.0113970208117  139.012957398
-1.01995623109  191  609  609.251516281  1.82272915809  0.075019449617
-1.01995623109  191  624  623.954837249  1.83755274472  0.0379598503324
-1.01995623109  191  639  638.787305809  1.800867598  5.12456977255e-05
-1.01995623109  191  654  653.773683484  1.796148273  0.00249313015729
-1.01995623109  191  669  668.875013637  1.8385848228  -0.0312013924666
-1.01995623109  191  684  684.148535145  1.85275661204  0.0297797214937
-1.01995623109  191  700  699.513353575  1.74155115722  0.010403259715
-1.01995623109  191  715  714.971990906  1.92539580843  -0.0365723836726
-1.01995623109  191  731  730.574334155  1.82676548449  -0.0126433516913
-1.01995623109  191  746  746.347516283  1.84270515667  0.0509967025636
-1.01995623109  191  762  762.188278535  1.89801118512  0.034334625613
-1.01995623109  190  778  778.237442496  1.85701464287  0.0839247653875
-1.01995623109  190  794  794.353873801  1.77626722466  0.115871634648
-1.01995623109  190  811  810.567405865  1.7054573216  0.00408854535489
-1.01995623109  190  827  826.984389985  1.92360199896  0.0252163440343
-1.01995623109  190  844  843.54383801  1.68217831093  0.0187402354627
-1.01995623109  190  860  860.288638571  1.87300986547  0.0296974562601
-1.01995623109  190  877  877.133202902  1.964864061  0.0122389211666
-1.01995623109  190  894  894.118364371  1.98661413699  0.00424135642432
-1.01995623109  189  911  911.349295657  1.93979764599  0.0351653583744
-1.01995623109  189  929  928.5766157  1.87654631257  -0.0076100232791
-1.01995623109  189  946  946.035502293  1.99009091295  0.0615677950841
-1.01995623109  189  964  963.579339071  1.86797679455  0.0330050600246
-1.01995623109  189  981  981.356109857  1.88813932157  0.107641254183
-1.01995623109  188  999  999.34512855  1.86209107266  0.119658165537
-1.01995623109  188  1017  1017.42647116  1.8432634708  0.100894690915
-0.840028231091  188  6  5.85753035334  1.4659794156  -0.0263974738243
-0.840028231091  189  16  16.3162202595  1.34391082048  0.133675670905
-0.840028231091  189  27  26.626376928  1.29189452436  -0.049452776747
-0.840028231091  189  37  37.1948980324  1.48179551483  0.0303787758854
-0.840028231091  189  48  47.6772974851  1.35435330116  -0.0523743048991
-0.840028231091  189  58  58.4050747289  1.32745824055  0.0544126252546
-0.840028231091  189  69  69.091120688  1.57031682867  0.00847360655455
-0.840028231091  189  80  79.8167168474  1.51143984643  -0.0411618296966
-0.840028231091  190  91  90.6594951308  1.39588788437  -0.102680573953
-0.840028231091  190  102  101.612747704  1.30795893232  -0.057867716721
-0.840028231091  190  113  112.614639665  1.35569015106  -0.0342689472751
-0.840028231091  190  124  123.682405993  1.39482978557  -0.0730086758448
-0.840028231091  190  135  134.854326692  1.55364128941  -0.00443462773602
-0.840028231091  190  146  146.163141237  1.53419360906  0.10274894188
-0.840028231091  190  157  157.466180069  1.32662712435  0.0544825979362
-0.840028231091  190  169  168.775372341  1.49756010288  -0.0557741526694
-0.840028231091  190  180  180.34675577  1.40794241035  0.111250233758
-0.840028231091  191  192  191.756665603  1.47635972741  -0.157758069497
-0.840028231091  191  203  203.481883802  1.34927265593  0.045790173814
-0.840028231091  191  215  215.189074671  1.64219438328  0.0251956463327
-0.840028231091  191  227  226.926923339  1.64111899485  -0.0768411574926
-0.840028231091  191  239  238.797396324  1.59200756149  -0.055076927855
-0.840028231091  191  251  250.772568499  1.5873322728  -0.0325798326575
-0.840028231091  191  263  262.809189599  1.62759625775  -0.0431397094239
-0.840028231091  191  275  274.966652419  1.68274860706  0.0191752616943
-0.840028231091  191  287  287.227004075  1.64951192576  0.0872752898907
-0.840028231091  191  299  299.503384113  1.40301582324  0.0583471989563
-0.840028231091  191  312  311.859167736  1.65105457995  0.000413907955812
-0.840028231091  192  324  324.383395976  1.47257262994  0.0952471528397
-0.840028231091  192  337  336.866600509  1.65352317318  -0.0518578857678
-0.840028231091  192  350  349.551985582  1.29485620938  -0.0165549688219
-0.840028231091  192  362  362.367162873  1.56260732666  0.0566672865747
-0.840028231091  192  375  375.214908658  1.72246585924  0.0302055621823
-0.840028231091  192  388  388.153049266  1.71144559662  0.030200041154
-0.840028231091  192  401  401.197579221  1.75900732799  0.0274368167792
-0.840028231091  192  414  414.352998801  1.67004784304  0.0481975110805
-0.840028231091  192  428  427.557628757  1.58766147422  0.0160792578862
-0.840028231091  192  441  440.869875947  1.76674061656  -0.00247733486215
-0.840028231091  192  454  454.364745834  1.63303271871  0.0756017753361
-0.840028231091  192  468  467.842659204  1.71295711484  0.0116234872493
-0.840028231091  192  482  481.516919694  1.48886268692  0.0663761991769
-0.840028231091  192  495  495.308420957  1.70994166401  0.0824145487621
-0.840028231091  192  509  509.142133974  1.77902637317  0.051030669282
-0.840028231091  192  523  523.115901707  1.78230681366  0.0386305449483
-0.840028231091  192  537  537.186374603  1.78990347896  0.0161250044814
-0.840028231091  192  551  551.382984742  1.7297477323  0.0479988578179
-0.840028231091  192  566  565.614832508  1.68196142193  -0.033151096187
-0.840028231091  192  580  580.046578849  1.85122780379  0.0198575074132
-0.840028231091  192  593  593.348024467  1.04237319013  1.98384673583
-0.840028231091  192  609  609.206712344  1.85054570371  0.0771084097463
-0.840028231091  192  624  623.894144814  1.83641921572  0.0289001420912
-0.840028231091  192  639  638.717493163  1.75561384467  -0.0256769308929
-0.840028231091  192  654  653.71068826  1.74686583954  -0.01716028619
-0.840028231091  192  669  668.809110802  1.8242603559  -0.0459357393638
-0.840028231091  192  684  684.103043634  1.85546054464  0.0378545809304
-0.840028231091  192  699  699.463305178  1.70344203609  0.0276960294245
-0.840028231091  192  715  714.902861716  1.93170545402  -0.0486652824955
-0.840028231091  192  731  730.533538329  1.77723980304  0.000387216078421
-0.840028231091  192  746  746.29604083  1.86127805895  0.0727729100851
-0.840028231091  191  762  762.189405226  1.89617553841  0.0477445604759
-0.840028231091  191  778  778.17231982  1.87785497099  0.0779191841
-0.840028231091  191  794  794.295177635  1.81719371388  0.106660208902
-0.840028231091  191  811  810.514471875  1.71353274242  0.0269854216018
-0.840028231091  191  827  826.91973466  1.9294386932  0.0238732510766
-0.840028231091  191  843  843.499290213  1.7029134437  0.0641251509372
-0.840028231091  191  860  860.212580808  1.90299894258  0.0162089438466
-0.840028231091  191  877  877.060455824  1.97885765961  2.90311303864e-05
-0.840028231091  190  894  894.117171304  1.97938437825  0.0223452372181
-0.840028231091  190  911  911.279065782  1.96336502051  0.0443439824893
-0.840028231091  190  929  928.511070121  1.85132690802  0.0299790596121
-0.840028231091  190  946  945.933233636  1.98437795282  0.0521721451015
-0.840028231091  190  964  963.503113747  1.87176179542  0.0470979273935
-0.840028231091  190  981  981.273073083  1.95178108783  0.104000260836
-0.840028231091  189  999  999.274909781  1.94159356016  0.123976152908
-0.840028231091  189  1017  1017.35444993  1.90740719223  0.0969803713764
-0.660100231091  189  6  5.87061880764  1.46777881162  -0.0216459091694
-0.660100231091  190  16  16.3283606192  1.3230765456  0.122348090467
-0.660100231091  190  27  26.6362781575  1.31269919821  -0.0534542560745
-0.660100231091  190  37  37.216202204  1.50202913979  0.0398471090904
-0.660100231091  190  48  47.6925321553  1.36005458097  -0.0547308200692
-0.660100231091  190  58  58.4092374509  1.3329080901  0.053360053554
-0.660100231091  190  69  69.077758675  1.56003038153  -0.0179037060536
-0.660100231091  190  80  79.8317828291  1.46057165497  -0.0310208622234
-0.660100231091  190  91  90.6702374916  1.42829895925  -0.0813814331073
-0.660100231091  191  102  101.616329648  1.34125879483  -0.0554979787445
-0.660100231091  191  113  112.628331841  1.38736733346  -0.0109161281564
-0.660100231091  191  124  123.689534788  1.43692114017  -0.0682250939408
-0.660100231091  191  135  134.856846355  1.55447043902  -0.000284751469833
-0.660100231091  191  146  146.168417016  1.53869415217  0.0967206540936
-0.660100231091  191  157  157.461210344  1.29194396479  0.025944462036
-0.660100231091  191  169  168.771632803  1.48484399511  -0.0501285986323
-0.660100231091  191  180  180.334634169  1.46732216198  0.0914070678623
-0.660100231091  192  192  191.748410129  1.45850455812  -0.171136888132
-0.660100231091  192  203  203.478815926  1.31350716795  0.0467104094811
-0.660100231091  192  215  215.187256984  1.62051868968  0.0352311387963
-0.660100231091  192  227  226.921800367  1.64644377412  -0.0755497703649
-0.660100231091  192  239  238.786729063  1.58587082433  -0.0577072181036
-0.660100231091  192  251  250.747107191  1.57829275871  -0.0553234011298
-0.660100231091  192  263  262.78630965  1.61452187773  -0.0570634287759
-0.660100231091  192  275  274.951732635  1.69225574108  0.0130454486689
-0.660100231091  192  287  287.213958722  1.65106742927  0.0775572142122
-0.660100231091  192  299  299.487335994  1.36148812102  0.0676381519399
-0.660100231091  192  312  311.83227044  1.61572448067  -0.0063861544995
-0.660100231091  192  324  324.38352628  1.46900821796  0.105362110525
-0.660100231091  193  337  336.848228589  1.64478543384  -0.0568375658929
-0.660100231091  193  350  349.539122868  1.28179690457  -0.0170389181287
-0.660100231091  193  362  362.346823028  1.59568881774  0.0516602849505
-0.660100231091  193  375  375.179107456  1.71765518342  0.00993281825479
-0.660100231091  193  388  388.117456126  1.73262395398  0.0130045759196
-0.660100231091  193  401  401.161852655  1.76133457127  0.0143890584635
-0.660100231091  193  414  414.321306818  1.6883888662  0.0461575055558
-0.660100231091  193  428  427.525147787  1.60379094622  0.0297350747136
-0.660100231091  193  441  440.834225501  1.74226642738  -0.0150651782266
-0.660100231091  193  454  454.32566527  1.66188540957  0.0809926617263
-0.660100231091  193  468  467.815441835  1.71464732438  0.0148699182613
-0.660100231091  193  481  481.490715075  1.50826502294  0.0907806527682
-0.660100231091  193  495  495.260610841  1.72868172764  0.0695704056592
-0.660100231091  193  509  509.098177256  1.76832732526  0.0349163737565
-0.660100231091  193  523  523.051957692  1.78311420758  0.0199451833566
-0.660100231091  193  537  537.121536908  1.80805489583  -0.00230210121345
-0.660100231091  193  551  551.344844243  1.75132673655  0.0487291611915
-0.660100231091  193  566  565.581201648  1.6456395922  -0.014048317311
-0.660100231091  193  580  579.997198366  1.84955522494  0.0117955795024
-0.660100231091  193  593  592.647021609  0.433263263832  0.0
-0.660100231091  193  609  609.13658777  1.85976353664  0.0409661120281
-0.660100231091  193  624  623.825087158  1.80130898769  -0.00183079484378
-0.660100231091  193  639  638.681359175  1.72232223105  -0.00402079143476
-0.660100231091  193  654  653.663768788  1.70686710098  -0.0100883239535
-0.660100231091  193  669  668.749048955  1.75232942364  -0.0661571485927
-0.660100231091  193  684  684.036437171  1.86424369888  0.0178316049849
-0.660100231091  193  699  699.424361581  1.74908837602  0.0514424913557
-0.660100231091  193  715  714.85030927  1.89854679289  -0.0516566848619
-0.660100231091  193  730  730.4823494  1.76799192861  0.0214870578534
-0.660100231091  193  746  746.283348228  1.92425670178  0.0766584245298
-0.660100231091  192  762  762.128025682  1.92354696956  0.0430161385503
-0.660100231091  192  778  778.109902487  1.90937561296  0.0771470891169
-0.660100231091  192  794  794.227543367  1.86177436043  0.107986740307
-0.660100231091  192  810  810.468167345  1.68781015012  0.0592052775628
-0.660100231091  192  827  826.833891923  1.8972021917  -0.00826658198634
-0.660100231091  192  843  843.458633392  1.71359657207  0.0927614552089
-0.660100231091  192  860  860.154593609  1.93695046939  0.0246319935225
-0.660100231091  192  877  876.968044088  1.99014460477  -0.0204772019939
-0.660100231091  191  894  894.0461979  1.94721961584  0.0217612338192
-0.660100231091  191  911  911.181419798  1.97313589397  0.0156329853733
-0.660100231091  191  928  928.446506582  1.93025863834  0.0763450895148
-0.660100231091  191  946  945.857330171  1.98136068611  0.0346533772659
-0.660100231091  191  963  963.4513898  1.88185813514  0.0742769486455
-0.660100231091  191  981  981.241754548  2.02631506746  0.084288266429
-0.660100231091  190  999  999.173749165  1.97734102155  0.104011789282
-0.660100231091  190  1017  1017.27433054  1.93886012243  0.0951924442519
-0.480172231091  190  6  5.88435284375  1.46158226833  -0.010185786203
-0.480172231091  190  16  16.3383499431  1.29371682571  0.152679863333
-0.480172231091  191  27  26.6429692091  1.31123333317  -0.0557004173917
-0.480172231091  191  37  37.2251167035  1.48554137974  0.0328037181509
-0.480172231091  191  48  47.6966329174  1.37200960671  -0.0622586694259
-0.480172231091  191  58  58.428013776  1.30003352075  0.0519758947038
-0.480172231091  191  69  69.0913048577  1.54872483388  -0.0208906189976
-0.480172231091  191  80  79.8323281959  1.51215647786  -0.0417001244971
-0.480172231091  191  91  90.6663733444  1.37738690128  -0.0949449265647
-0.480172231091  192  102  101.618735361  1.33374938906  -0.0671703982207
-0.480172231091  192  113  112.623042391  1.38023093537  -0.0367030417441
-0.480172231091  192  124  123.697358537  1.39127744161  -0.0743880010817
-0.480172231091  192  135  134.878996477  1.56059270516  0.00808035434675
-0.480172231091  192  146  146.172693289  1.52387882542  0.095253171606
-0.480172231091  192  157  157.469055947  1.31409863  0.0452680916614
-0.480172231091  192  169  168.771925465  1.4980918328  -0.0417955914386
-0.480172231091  192  180  180.336866145  1.4533399589  0.0841314079272
-0.480172231091  192  192  191.759987751  1.47903488828  -0.135388829668
-0.480172231091  193  203  203.472158404  1.31926465099  0.049265001836
-0.480172231091  193  215  215.179154945  1.62582035865  0.027224174194
-0.480172231091  193  227  226.904051565  1.63122139431  -0.0764004365226
-0.480172231091  193  239  238.780270849  1.59147949494  -0.0658573103771
-0.480172231091  193  251  250.74771532  1.56929529636  -0.0452666572316
-0.480172231091  193  263  262.77496298  1.59212963492  -0.0704343448211
-0.480172231091  193  275  274.943443129  1.67580474867  0.00987638407187
-0.480172231091  193  287  287.195433985  1.66779996053  0.0756910286689
-0.480172231091  193  299  299.479132839  1.40138319279  0.0831260243888
-0.480172231091  193  312  311.813820569  1.62583796547  0.00129012403109
-0.480172231091  193  324  324.365724186  1.51587166603  0.101991345139
-0.480172231091  194  337  336.834756367  1.63765946661  -0.0524575830803
-0.480172231091  194  350  349.530101662  1.30543091836  -0.00464548945011
-0.480172231091  194  362  362.328376408  1.6074060237  0.0515652332976
-0.480172231091  194  375  375.152641732  1.73439918604  0.0119218817181
-0.480172231091  194  388  388.094483809  1.7309071802  0.00827753059124
-0.480172231091  194  401  401.148118901  1.77032277732  0.0137437695239
-0.480172231091  194  414  414.291368231  1.70058246317  0.0298713774926
-0.480172231091  194  428  427.507726234  1.63972883099  0.0300402971461
-0.480172231091  194  441  440.812271951  1.73877353085  -0.00828014330351
-0.480172231091  194  454  454.301146423  1.69514936461  0.0695430922827
-0.480172231091  194  468  467.785665764  1.70398827375  0.0121861697657
-0.480172231091  194  481  481.465784639  1.55729399085  0.0910792428638
-0.480172231091  194  495  495.227100533  1.73048719471  0.0604606423723
-0.480172231091  194  509  509.039244398  1.78601751609  -0.0081446342921
-0.480172231091  194  523  523.014478717  1.79411815472  0.00763515674347
-0.480172231091  194  537  537.089915661  1.82917434567  -0.00527796494055
-0.480172231091  194  551  551.290421959  1.76666852488  0.0251364061721
-0.480172231091  194  566  565.564688548  1.69300940251  0.00809388955591
-0.480172231091  194  580  579.962191118  1.85399298323  0.00609288905352
-0.480172231091  194  593  593.0  3.5325  0.0
-0.480172231091  194  609  609.103285283  1.86371525278  0.0544012466006
-0.480172231091  194  624  623.791329805  1.80115151518  0.0118792812718
-0.480172231091  194  639  638.635883351  1.69622634805  -0.0138814595906
-0.480172231091  194  654  653.623933198  1.66001300026  -0.00492394520944
-0.480172231091  194  669  668.717904187  1.73183589709  -0.0654444153288
-0.480172231091  194  684  683.990833833  1.88060947182  0.00342512803444
-0.480172231091  194  699  699.381346636  1.79766007639  0.0503752891009
-0.480172231091  194  715  714.80107153  1.87242108819  -0.0500988616702
-0.480172231091  194  730  730.444655215  1.81400362782  0.0372150105734
-0.480172231091  193  746  746.242123083  1.89071786579  0.0654641798898
-0.480172231091  193  762  762.059360718  1.92927531323  0.0303714890907
-0.480172231091  193  778  778.032002803  1.93005054847  0.056151664513
-0.480172231091  193  794  794.176079137  1.87505351016  0.105007251485
-0.480172231091  193  810  810.415051243  1.72282102225  0.0657603509769
-0.480172231091  193  827  826.772318898  1.85931288485  -0.00973078784799
-0.480172231091  193  843  843.398895025  1.76166679303  0.0883971410016
-0.480172231091  193  860  860.078867343  1.94099759073  0.00297794570989
-0.480172231091  193  877  876.877313046  1.94523237861  -0.0614094516222
-0.480172231091  192  894  893.97108575  1.98567932842  0.0154181675545
-0.480172231091  192  911  911.106532341  1.99386966895  0.01904929088
-0.480172231091  192  928  928.388736938  1.86886326659  0.0443776815803
-0.480172231091  192  946  945.762600138  1.96457500152  0.0142957950104
-0.480172231091  192  963  963.377760954  1.90186025071  0.0878397520069
-0.480172231091  191  981  981.189514019  1.96416329261  0.0948138983867
-0.480172231091  191  999  999.082108448  1.98945191346  0.0809105213231
-0.480172231091  191  1017  1017.18534105  1.96344257385  0.0723923235062
-0.300244231091  191  6  5.90158804037  1.49400853313  -0.0028510483378
-0.300244231091  191  16  16.3420566767  1.33600433624  0.136850256116
-0.300244231091  192  27  26.6573764839  1.31287040506  -0.0493515902959
-0.300244231091  192  37  37.2487349215  1.4746439278  0.0586920808825
-0.300244231091  192  48  47.713215104  1.36473530544  -0.0426041213803
-0.300244231091  192  58  58.4319972726  1.28089938597  0.0488953719569
-0.300244231091  192  69  69.1037057713  1.55834936425  -0.000678811916304
-0.300244231091  192  80  79.8527762553  1.51284758433  -0.0331787664393
-0.300244231091  192  91  90.6762655582  1.38373763218  -0.109390916361
-0.300244231091  193  102  101.617606823  1.34514310458  -0.0448346530139
-0.300244231091  193  113  112.62929983  1.36662835505  -0.0208953230216
-0.300244231091  193  124  123.694887636  1.40948886546  -0.081670683358
-0.300244231091  193  135  134.878875335  1.57087727277  0.0127811403059
-0.300244231091  193  146  146.169062737  1.55870531784  0.104062683163
-0.300244231091  193  157  157.466450002  1.30272138817  0.0500854699695
-0.300244231091  193  169  168.769196467  1.49728026214  -0.0496172792104
-0.300244231091  193  180  180.331865683  1.47485593927  0.0953650316687
-0.300244231091  193  192  191.748745731  1.48489631802  -0.152166119275
-0.300244231091  194  203  203.482760174  1.3446613215  0.0638931061199
-0.300244231091  194  215  215.177378009  1.6378163993  0.0308388009274
-0.300244231091  194  227  226.902746016  1.63071388373  -0.0744213051092
-0.300244231091  194  239  238.783562608  1.58542221835  -0.0422069912224
-0.300244231091  194  251  250.727350228  1.58419774907  -0.0548141204916
-0.300244231091  194  263  262.761834093  1.58777736063  -0.0739391099556
-0.300244231091  194  275  274.926893908  1.66762295898  0.00272680430713
-0.300244231091  194  287  287.187694087  1.67992817215  0.070488899549
-0.300244231091  194  299  299.469201482  1.43590117843  0.0734511135831
-0.300244231091  194  312  311.798150757  1.6005595009  -0.00527511409247
-0.300244231091  194  324  324.351028522  1.52763149013  0.0861743764466
-0.300244231091  194  337  336.834398122  1.6368242892  -0.0535996755588
-0.300244231091  195  350  349.526387852  1.33178253127  0.0141566588299
-0.300244231091  195  362  362.304832209  1.64848854499  0.0465585518974
-0.300244231091  195  375  375.12250643  1.75130427548  -0.00890306178814
-0.300244231091  195  388  388.059869009  1.73802300377  -0.00074307852919
-0.300244231091  195  401  401.118737214  1.76375778262  0.00440477655593
-0.300244231091  195  414  414.260485675  1.72499277222  0.023578903806
-0.300244231091  195  427  427.487363584  1.66624333876  0.0393513838575
-0.300244231091  195  441  440.781725517  1.73159750828  -0.00544525840973
-0.300244231091  195  454  454.262633879  1.72032868902  0.0609202579882
-0.300244231091  195  468  467.758665109  1.70449234539  0.0204845177144
-0.300244231091  195  481  481.440547377  1.6274106835  0.101304420595
-0.300244231091  195  495  495.186393315  1.74501291519  0.0510038052029
-0.300244231091  195  509  509.009048068  1.77012608782  -0.00793184317179
-0.300244231091  195  523  522.967157234  1.78022815701  -0.00365378088737
-0.300244231091  195  537  537.035591514  1.81813773186  -0.0263547592595
-0.300244231091  195  551  551.25882122  1.8014379686  0.029621233992
-0.300244231091  195  566  565.522019193  1.72109262181  0.00356905855413
-0.300244231091  195  580  579.90517054  1.82972634803  -0.00238185778843
-0.300244231091  195  594  593.982594821  0.017780090836  117.107910112
-0.300244231091  195  609  609.058095905  1.86647825215  0.0559139358996
-0.300244231091  195  624  623.751929521  1.76309071321  0.0105838439266
-0.300244231091  195  639  638.600988506  1.7050581493  0.0126161376923
-0.300244231091  195  654  653.594225207  1.64115921635  0.0216197954645
-0.300244231091  195  669  668.669781229  1.72202938816  -0.0550024283233
-0.300244231091  195  684  683.930558699  1.83675461063  -0.00699447002379
-0.300244231091  195  699  699.332238101  1.8412683453  0.0436524907038
-0.300244231091  195  715  714.733330931  1.84054975189  -0.0646079504723
-0.300244231091  194  730  730.436656819  1.83401452176  0.0274279376142
-0.300244231091  194  746  746.160622808  1.91332142478  0.0350403289125
-0.300244231091  194  762  761.994513331  1.94304639236  0.0183027020276
-0.300244231091  194  778  777.966528702  1.91288916387  0.0436377923617
-0.300244231091  194  794  794.108999844  1.91955308588  0.0895509172437
-0.300244231091  194  810  810.371535374  1.79596691525  0.083644381881
-0.300244231091  194  827  826.704118359  1.81382207077  -0.0237845449292
-0.300244231091  194  843  843.352415989  1.76429084427  0.0847928510041
-0.300244231091  194  860  859.999133482  1.95634429592  -0.0163241253485
-0.300244231091  193  877  876.886886215  1.94870894622  -0.0383259635663
-0.300244231091  193  894  893.902007263  1.9730020542  0.000424062978566
-0.300244231091  193  911  911.019321272  2.00192847876  -0.00539173850661
-0.300244231091  193  928  928.330342958  1.89601687782  0.0465870282571
-0.300244231091  193  946  945.702901168  1.94148687017  0.0249424417946
-0.300244231091  193  963  963.315105904  1.95161342329  0.0889493248909
-0.300244231091  192  981  981.100637915  1.9924398948  0.0759524651302
-0.300244231091  192  999  999.002150066  2.01994338767  0.0620553802087
-0.300244231091  192  1017  1017.10613486  1.97965979202  0.0790518856841
-0.120316231091  192  6  5.91956904124  1.47924746953  -0.00879132351052
-0.120316231091  192  16  16.3508108473  1.30302480336  0.135046548863
-0.120316231091  193  27  26.6632168876  1.3207119942  -0.0388163457055
-0.120316231091  193  37  37.2596453512  1.46582251205  0.065785119427
-0.120316231091  193  48  47.7107781967  1.40166849789  -0.0491645948991
-0.120316231091  193  58  58.4389399225  1.28673031167  0.0554993075574
-0.120316231091  193  69  69.1259452761  1.56230792723  0.00845559345859
-0.120316231091  193  80  79.8512947379  1.54028609578  -0.026028348738
-0.120316231091  193  91  90.6842426616  1.40139704356  -0.0970613719343
-0.120316231091  193  102  101.625431558  1.34326048232  -0.0529956230917
-0.120316231091  194  113  112.631006932  1.39589606516  -0.023931267143
-0.120316231091  194  124  123.696489876  1.38426972368  -0.0805241458734
-0.120316231091  194  135  134.879043198  1.57886380414  0.010369450633
-0.120316231091  194  146  146.171628848  1.50958615535  0.102583247398
-0.120316231091  194  157  157.469198726  1.31718953968  0.0589037602893
-0.120316231091  194  169  168.767517715  1.50869857813  -0.0423170916792
-0.120316231091  194  180  180.331312865  1.4452740439  0.0870888199614
-0.120316231091  194  192  191.744748262  1.44201399398  -0.151785350575
-0.120316231091  194  203  203.482463067  1.3550071614  0.0651477257237
-0.120316231091  195  215  215.169263812  1.61957387863  0.0272717136084
-0.120316231091  195  227  226.893235818  1.63193906252  -0.0775620274653
-0.120316231091  195  239  238.766562594  1.57519838164  -0.0524734663034
-0.120316231091  195  251  250.732287505  1.5782443816  -0.034799286021
-0.120316231091  195  263  262.766865966  1.59772864818  -0.0561386534286
-0.120316231091  195  275  274.916465786  1.6689260956  0.0120114873407
-0.120316231091  195  287  287.172406975  1.67725486559  0.0668830566349
-0.120316231091  195  299  299.46382211  1.49289161327  0.0841262628261
-0.120316231091  195  312  311.780335945  1.61155742085  -0.015503949105
-0.120316231091  195  324  324.335001688  1.56991461864  0.0836016937523
-0.120316231091  195  337  336.819533366  1.63844413389  -0.0484498715501
-0.120316231091  195  350  349.526369365  1.32462749576  0.00872701898411
-0.120316231091  196  362  362.293188272  1.63888253186  0.0485857012178
-0.120316231091  196  375  375.108834933  1.75517801885  -0.00416352197644
-0.120316231091  196  388  388.040817805  1.730841704  -0.000799409107155
-0.120316231091  196  401  401.094070228  1.76839816675  0.00129093382908
-0.120316231091  196  414  414.256749396  1.7076230085  0.0368377835784
-0.120316231091  196  427  427.475563993  1.61381553371  0.0615462964774
-0.120316231091  196  441  440.751218765  1.70900023178  -0.0262193330976
-0.120316231091  196  454  454.254889325  1.70894094435  0.0776201545367
-0.120316231091  196  468  467.728647696  1.6759773914  0.00223924362985
-0.120316231091  196  481  481.41944065  1.59605890037  0.107961156686
-0.120316231091  196  495  495.160757059  1.77431698805  0.0625080491583
-0.120316231091  196  509  508.96672143  1.771207211  -0.0081285199995
-0.120316231091  196  523  522.930845669  1.78160552268  -0.0157579674962
-0.120316231091  196  537  536.999367495  1.81769096344  -0.0312076723469
-0.120316231091  196  551  551.216547365  1.82008056873  0.0299692615726
-0.120316231091  196  565  565.499464947  1.72377851907  0.0395752961985
-0.120316231091  196  580  579.866629905  1.81709700072  -0.0241021953231
-0.120316231091  196  594  594.477778861  1.7279817964  0.0431672028614
-0.120316231091  196  609  609.010633953  1.87682717599  0.0414264287872
-0.120316231091  196  624  623.719771111  1.75201853276  0.0167631444623
-0.120316231091  196  639  638.549525177  1.63261790357  -0.00181101621892
-0.120316231091  196  654  653.555754863  1.57494131125  0.0225965080548
-0.120316231091  196  669  668.613454903  1.67776311878  -0.0775954946288
-0.120316231091  196  684  683.871427698  1.84326436989  -0.0288911794067
-0.120316231091  196  699  699.286941278  1.86052749781  0.0512918128439
-0.120316231091  196  715  714.69740383  1.85927957682  -0.0372275364794
-0.120316231091  195  730  730.399277393  1.83262846815  0.0368357131817
-0.120316231091  195  746  746.086214588  1.92766889483  0.00805567942493
-0.120316231091  195  762  761.935551889  1.91444898479  0.0165727262585
-0.120316231091  195  778  777.913226975  1.90079608848  0.038203378918
-0.120316231091  195  794  794.037352847  1.91079058371  0.0741482048674
-0.120316231091  195  810  810.31274939  1.82521801722  0.0778601275844
-0.120316231091  195  827  826.645051226  1.78760611043  -0.0141383674636
-0.120316231091  195  843  843.276153658  1.99162879674  0.102482291617
-0.120316231091  195  860  859.92030838  1.92220520137  -0.0360439457756
-0.120316231091  194  877  876.818070816  1.94289229524  -0.0430559932663
-0.120316231091  194  894  893.819992974  1.95151700757  -0.0050793542676
-0.120316231091  194  911  910.94540001  2.00511064143  -0.0178832515766
-0.120316231091  194  928  928.261870697  1.93688880184  0.0494778372907
-0.120316231091  194  946  945.620893194  1.91476964815  0.0264111062569
-0.120316231091  194  963  963.227681465  1.97056892792  0.0810760774171
-0.120316231091  193  981  981.011342844  1.99383621523  0.0518565601605
-0.120316231091  193  999  998.905932938  1.99096825149  0.0402328376013
-0.120316231091  193  1017  1017.00258208  1.99720078914  0.0463947531555
0.0596117689092  193  6  5.93585121278  1.48402949791  0.00676804914509
0.0596117689092  193  16  16.369847484  1.278792776  0.139769347195
0.0596117689092  193  27  26.658509471  1.32341001018  -0.0549171886139
0.0596117689092  194  37  37.2713873111  1.45380190008  0.0524687672369
0.0596117689092  194  48  47.7323775825  1.40428237237  -0.0515179588209
0.0596117689092  194  58  58.4480236523  1.27688832204  0.0605293900833
0.0596117689092  194  69  69.1334622889  1.55077951122  0.0143856937538
0.0596117689092  194  80  79.8595073872  1.50015337337  -0.0339673652862
0.0596117689092  194  91  90.6858175706  1.40907369438  -0.0982722296323
0.0596117689092  194  102  101.633575034  1.33267459075  -0.0551067361012
0.0596117689092  195  113  112.646143556  1.40868859611  -0.00478381665404
0.0596117689092  195  124  123.70873764  1.44196189355  -0.0744633655568
0.0596117689092  195  135  134.888452488  1.55980975901  0.0107425919115
0.0596117689092  195  146  146.176441315  1.54415102339  0.108012430703
0.0596117689092  195  157  157.469868567  1.31922064172  0.0476517395921
0.0596117689092  195  169  168.774745492  1.49890753708  -0.0368556664883
0.0596117689092  195  180  180.330217182  1.47826754335  0.0966038004354
0.0596117689092  195  192  191.738246268  1.47697460208  -0.147159395049
0.0596117689092  195  203  203.472800632  1.35782572792  0.0581462015258
0.0596117689092  196  215  215.167913182  1.65707158183  0.0209827502727
0.0596117689092  196  227  226.88802292  1.62618018506  -0.0830604181059
0.0596117689092  196  239  238.758736484  1.59763437802  -0.0535644188358
0.0596117689092  196  251  250.715289749  1.55276656368  -0.0512698739258
0.0596117689092  196  263  262.750113894  1.58856529378  -0.0592235384648
0.0596117689092  196  275  274.897762369  1.65351542206  -0.00102644730614
0.0596117689092  196  287  287.152657305  1.67412887234  0.0663859745316
0.0596117689092  196  299  299.462904188  1.47113141642  0.0931515472036
0.0596117689092  196  312  311.767499483  1.56205756401  -0.0121114100127
0.0596117689092  196  324  324.326973682  1.53839435653  0.100471674415
0.0596117689092  196  337  336.798225901  1.61455513807  -0.0524957774621
0.0596117689092  196  350  349.514943923  1.34727468207  0.0247284193391
0.0596117689092  196  362  362.294161994  1.63357895389  0.0542192194253
0.0596117689092  197  375  375.095807106  1.76053516334  0.00674523757732
0.0596117689092  197  388  388.008866625  1.74068395699  -0.0136224045451
0.0596117689092  197  401  401.059893319  1.77623288454  -0.00149069919985
0.0596117689092  197  414  414.212922128  1.73534070869  0.0210896025849
0.0596117689092  197  427  427.467431235  1.61698218857  0.0732293133912
0.0596117689092  197  441  440.733653968  1.70848934659  -0.0162722577463
0.0596117689092  197  454  454.261442495  1.66948632151  0.21422813944
0.0596117689092  197  468  467.700270989  1.64030613553  0.00862782616585
0.0596117689092  197  481  481.402439409  1.59977773694  0.118104612895
0.0596117689092  197  495  495.122457089  1.77255137123  0.0392363222544
0.0596117689092  197  509  508.929004205  1.78901385393  -0.018592012936
0.0596117689092  197  523  522.89606411  1.78578934539  -0.0234130331843
0.0596117689092  197  537  536.965626324  1.82123872793  -0.0351392407447
0.0596117689092  197  551  551.185970909  1.82593486192  0.0230822517516
0.0596117689092  197  565  565.466211603  1.70839203213  0.0467424788108
0.0596117689092  197  580  579.813049433  1.79994464628  -0.0368052743387
0.0596117689092  197  594  594.378330069  1.74218185395  0.0499502098697
0.0596117689092  197  609  608.96123475  1.86184289814  0.0369214477336
0.0596117689092  197  624  623.66837567  1.72376819231  0.00916283688795
0.0596117689092  197  639  638.535972841  1.62603039669  0.0361517468059
0.0596117689092  197  654  653.515640642  1.59651481038  0.0365190970205
0.0596117689092  197  669  668.584654715  1.63360531057  -0.0579380705358
0.0596117689092  197  684  683.811674975  1.81752490002  -0.0337481663373
0.0596117689092  197  699  699.237735982  1.85511869717  0.0337330648575
0.0596117689092  196  715  714.69435465  1.836119505  -0.0583412197795
0.0596117689092  196  730  730.351123262  1.84171517583  0.0479330557342
0.0596117689092  196  746  746.054312147  1.92661606885  0.0295789364152
0.0596117689092  196  762  761.86475162  1.93285827784  -0.000720359903355
0.0596117689092  196  778  777.843653616  1.91541795346  0.0247177133811
0.0596117689092  196  794  793.978012133  1.9189527922  0.0583800010283
0.0596117689092  196  810  810.249179736  1.86137499704  0.0828602951418
0.0596117689092  196  827  826.598882812  1.74764910337  -0.0140050621588
0.0596117689092  196  843  843.092921294  2.28653468109  0.132380813
0.0596117689092  196  860  859.872064403  1.93315333062  -0.0266986156115
0.0596117689092  195  877  876.756592666  1.89160551251  -0.0425162622644
0.0596117689092  195  894  893.749995789  1.93526654921  -0.0138599826648
0.0596117689092  195  911  910.87876246  1.9753153105  -0.0195481145486
0.0596117689092  195  928  928.189187601  1.96743586372  0.0515806855433
0.0596117689092  195  946  945.574944194  1.9125162086  0.0322580607447
0.0596117689092  195  963  963.205620647  2.02023174311  0.0626199206502
0.0596117689092  194  981  980.918221796  1.97936460074  0.0350715319793
0.0596117689092  194  999  998.812544103  1.94222847808  0.0268561191422
0.0596117689092  194  1017  1016.92112781  1.96661351585  0.033027162281
0.239539768909  194  6  6.0010492436  1.47605707321  0.135953626587
0.239539768909  194  16  16.3847473628  1.24828036096  0.145925208588
0.239539768909  194  27  26.6862512928  1.36926643166  -0.0420369501801
0.239539768909  195  37  37.289937088  1.43638099316  0.0759785874557
0.239539768909  195  48  47.7487377905  1.41216394829  -0.0467393336311
0.239539768909  195  58  58.4519256645  1.2587372441  0.0472979196675
0.239539768909  195  69  69.1398306871  1.58162777164  -0.00278029957714
0.239539768909  195  80  79.8738305453  1.53589682009  -0.0255435038619
0.239539768909  195  91  90.7049321491  1.42949801946  -0.0936472624844
0.239539768909  195  102  101.640469131  1.38083117582  -0.0635325534555
0.239539768909  195  113  112.635704311  1.37061963204  -0.0431260636984
0.239539768909  196  124  123.715836547  1.42427012576  -0.0667950145655
0.239539768909  196  135  134.895799095  1.57282903362  0.0082827498431
0.239539768909  196  146  146.201026992  1.51320701529  0.133212522347
0.239539768909  196  157  157.470409003  1.30435124155  0.0373722202159
0.239539768909  196  169  168.776734926  1.50196806073  -0.0479220288877
0.239539768909  196  180  180.334489343  1.440641579  0.0909911634215
0.239539768909  196  192  191.749016555  1.45625192204  -0.141608354086
0.239539768909  196  203  203.476015713  1.34442338265  0.0588774501706
0.239539768909  196  215  215.178897823  1.64581419061  0.0459504503617
0.239539768909  197  227  226.892564604  1.62391658702  -0.0879881898964
0.239539768909  197  239  238.756726761  1.56596322822  -0.0473218538576
0.239539768909  197  251  250.719855829  1.56891290614  -0.0369503716956
0.239539768909  197  263  262.740922174  1.58229425028  -0.0570416888589
0.239539768909  197  275  274.885661785  1.66424276431  -0.00607407393842
0.239539768909  197  287  287.15471728  1.67173867709  0.0747254740325
0.239539768909  197  299  299.451124234  1.46942328995  0.0890911189832
0.239539768909  197  312  311.755308173  1.58300895051  -0.00437159108465
0.239539768909  197  324  324.31157494  1.57745677068  0.0987739320562
0.239539768909  197  337  336.793825123  1.59945309434  -0.0540159587946
0.239539768909  197  349  349.500752684  1.38971294254  0.0509733998396
0.239539768909  197  362  362.269398911  1.6674305652  0.0470391732591
0.239539768909  197  375  375.096073747  1.76042042227  0.00860804958093
0.239539768909  198  388  387.999389072  1.73265787785  -0.0148776267975
0.239539768909  198  401  401.050619346  1.77583783882  -0.0116355762033
0.239539768909  198  414  414.198510525  1.73944854077  0.0152744488403
0.239539768909  198  427  427.443141709  1.66186173708  0.0688934904752
0.239539768909  198  441  440.714868526  1.6951017705  -0.0139345295719
0.239539768909  198  454  454.139262141  1.62562947599  0.144231454569
0.239539768909  198  468  467.684879663  1.64424558348  0.0203170128983
0.239539768909  198  481  481.389164631  1.62187540965  0.119058284956
0.239539768909  198  495  495.080580519  1.77329248269  0.0236402780929
0.239539768909  198  509  508.896657203  1.76243674774  -0.0385897793025
0.239539768909  198  523  522.867667061  1.7663863229  -0.0188685831695
0.239539768909  198  537  536.935528136  1.80879109646  -0.0466359040148
0.239539768909  198  551  551.144826839  1.83350669485  0.0027085837787
0.239539768909  198  565  565.44913518  1.72979101921  0.056408758865
0.239539768909  198  580  579.791116638  1.8180981496  -0.0247301435544
0.239539768909  198  594  594.339938565  1.76124587059  0.0551600843926
0.239539768909  198  609  608.909280022  1.86747735025  0.0255948921414
0.239539768909  198  624  623.632819335  1.73288074078  0.0238659241051
0.239539768909  198  639  638.505858618  1.61551812625  0.051259378954
0.239539768909  198  653  653.496088449  1.61595136537  0.0687883478799
0.239539768909  198  669  668.548545634  1.59094836954  -0.0421084546664
0.239539768909  198  684  683.775876349  1.81059604061  -0.039367290363
0.239539768909  197  699  699.237753403  1.85509453505  0.0343781819284
0.239539768909  197  715  714.643593786  1.80238045455  -0.0646018945843
0.239539768909  197  730  730.30364358  1.86713329278  0.0394912278296
0.239539768909  197  746  745.998202611  1.94321320384  0.0227661066142
0.239539768909  197  762  761.813185274  1.9057358095  -0.0150861604425
0.239539768909  197  778  777.778763852  1.87683800629  0.0122702438593
0.239539768909  197  794  793.901925853  1.91674612169  0.0485231130314
0.239539768909  197  810  810.204802297  1.87591192559  0.0707035234837
0.239539768909  197  827  826.55772676  1.72192910268  0.000701749835478
0.239539768909  197  843  843.22932778  1.80035261672  0.336922188369
0.239539768909  196  860  859.860751131  1.92291179898  -0.0464820186148
0.239539768909  196  877  876.689120375  1.87488583297  -0.0458843927186
0.239539768909  196  894  893.685863708  1.8983875107  -0.0141791787981
0.239539768909  196  911  910.795515767  1.96471922763  -0.0422583547145
0.239539768909  196  928  928.112012977  1.98927054921  0.0356246064467
0.239539768909  196  946  945.5094365  1.88103455818  0.0378981545726
0.239539768909  195  963  963.162467803  1.9618629326  0.0752627609053
0.239539768909  195  981  980.83963042  1.96474713836  0.0186949260272
0.239539768909  195  999  998.735448501  1.92710558054  0.00955502630608
0.239539768909  195  1017  1016.83579841  1.97528561143  0.00554969895668
0.419467768909  195  6  6.05377082626  1.45369904813  0.295355481966
0.419467768909  195  16  16.4045211004  1.26473167599  0.147323628275
0.419467768909  195  27  26.7051090328  1.38257002279  -0.0402775349204
0.419467768909  195  37  37.3054402451  1.46340118177  0.029334872718
0.419467768909  196  48  47.7569046696  1.3988558659  -0.0511042774152
0.419467768909  196  58  58.464195576  1.24828933196  0.0459682622662
0.419467768909  196  69  69.1636638231  1.54901015921  0.0160680101524
0.419467768909  196  80  79.892720517  1.5157002182  -0.0206868725147
0.419467768909  196  91  90.7048247248  1.4534118038  -0.106161188952
0.419467768909  196  102  101.648411352  1.34696922122  -0.0502574629723
0.419467768909  196  113  112.647055308  1.39069002215  -0.0180980085671
0.419467768909  197  124  123.717908793  1.46779489495  -0.0652836130041
0.419467768909  197  135  134.902860045  1.56381255996  0.0237856518726
0.419467768909  197  146  146.198961404  1.52420020056  0.128082740498
0.419467768909  197  157  157.467639082  1.32395913412  0.045846907914
0.419467768909  197  169  168.779516758  1.50640517152  -0.0369735904193
0.419467768909  197  180  180.340160305  1.46890810219  0.0919751446954
0.419467768909  197  192  191.746734584  1.48502960569  -0.139165387693
0.419467768909  197  203  203.476346689  1.3639675492  0.0604639842563
0.419467768909  197  215  215.167950141  1.63549739304  0.0329747831332
0.419467768909  198  227  226.887271058  1.6402242944  -0.0832538782118
0.419467768909  198  239  238.75447639  1.57603139901  -0.0452693052707
0.419467768909  198  251  250.712626553  1.57765084819  -0.037849066337
0.419467768909  198  263  262.740268765  1.56698821183  -0.0648181271595
0.419467768909  198  275  274.87744681  1.67651256274  -0.000610043428125
0.419467768909  198  287  287.133325217  1.66136524319  0.0668145204741
0.419467768909  198  299  299.444919808  1.51299163777  0.0954833951216
0.419467768909  198  312  311.748654231  1.57705674833  -0.00275997427371
0.419467768909  198  324  324.294458764  1.57103122282  0.0916261012857
0.419467768909  198  337  336.779187707  1.5992113897  -0.0600359293272
0.419467768909  198  349  349.4969971  1.40456962082  0.0681427336322
0.419467768909  198  362  362.25403436  1.6662574397  0.0343732257207
0.419467768909  198  375  375.071376538  1.76077060983  -0.0105984644722
0.419467768909  198  388  388.000732907  1.73354719504  -0.00740456551706
0.419467768909  199  401  401.025289404  1.77662077152  -0.0105212000948
0.419467768909  199  414  414.162857695  1.75642056561  0.00451531421307
0.419467768909  199  427  427.406881032  1.68999997223  0.0549965491021
0.419467768909  199  441  440.706384975  1.71115624662  0.00396798791034
0.419467768909  199  454  454.159870389  1.73212653359  0.0586189931711
0.419467768909  199  468  467.664917509  1.66351923358  0.0326152565081
0.419467768909  199  481  481.351642439  1.65904439529  0.104820752802
0.419467768909  199  495  495.052312306  1.77809572979  0.0122936453763
0.419467768909  199  509  508.867637509  1.74508834849  -0.0405010435567
0.419467768909  199  523  522.822947563  1.74279986118  -0.0353295669703
0.419467768909  199  537  536.891180002  1.79082958674  -0.0614337371534
0.419467768909  199  551  551.101009907  1.8301016627  -0.00671845396612
0.419467768909  199  565  565.412419691  1.76666683653  0.0437305548143
0.419467768909  199  580  579.762121842  1.81036658022  -0.0204973563666
0.419467768909  199  594  594.295701822  1.81284761657  0.042993586742
0.419467768909  199  609  608.868547914  1.8562413248  0.0207518768023
0.419467768909  199  624  623.601193851  1.71310203816  0.0238478606034
0.419467768909  199  638  638.47722795  1.67277621409  0.0685626481819
0.419467768909  199  653  653.474629126  1.66980115497  0.0861510746728
0.419467768909  199  669  668.542952879  1.66466861073  0.00312613036862
0.419467768909  198  684  683.774809851  1.80648576248  -0.0557999697114
0.419467768909  198  699  699.175026813  1.90015713756  0.028524423745
0.419467768909  198  715  714.604574695  1.79345807543  -0.0599577124138
0.419467768909  198  730  730.254624367  1.88506644574  0.0447937145361
0.419467768909  198  746  745.94414916  1.93352245935  0.0101381939099
0.419467768909  198  762  761.764450187  1.88334871516  -0.00936107455285
0.419467768909  198  778  777.736648151  1.87625729027  0.026935502834
0.419467768909  198  794  793.844482347  1.89729367921  0.0437398354106
0.419467768909  198  810  810.125145286  1.90578087027  0.0495529681222
0.419467768909  198  827  826.51453271  1.67169055468  0.0236502554289
0.419467768909  198  843  843.111699899  1.91178564296  0.109871241673
0.419467768909  197  860  859.786638833  1.88410883909  -0.0618984509935
0.419467768909  197  877  876.623931259  1.8280433371  -0.0637134329933
0.419467768909  197  894  893.630329385  1.86824486115  -0.0221662298267
0.419467768909  197  911  910.728940936  1.92606571775  -0.0506820283176
0.419467768909  197  928  928.049849249  1.97954471482  0.0308548924506
0.419467768909  197  945  945.448225296  1.85988583903  0.0573059277267
0.419467768909  196  963  963.086849403  1.98152132952  0.0587857827366
0.419467768909  196  981  980.76361098  1.92645941028  0.00514313530615
0.419467768909  196  999  998.659329585  1.85916326829  0.0179758197812
0.419467768909  196  1017  1016.73878213  1.95050932653  -0.000437311704706
0.599395768909  196  6  6.03833377463  1.47817650139  0.12226609621
0.599395768909  196  16  16.4134507867  1.22459861397  0.140752066691
0.599395768909  196  27  26.7082807178  1.38021605624  -0.0523196842294
0.599395768909  196  37  37.3127137449  1.3916403597  0.0622300648017
0.599395768909  197  48  47.7820687652  1.43835681955  -0.0360801183462
0.599395768909  197  58  58.4824868392  1.24081523157  0.0500628894445
0.599395768909  197  69  69.1700699601  1.55747897352  0.0169925929886
0.599395768909  197  80  79.9106354252  1.53948809436  -0.0187469775521
0.599395768909  197  91  90.720977764  1.44200793728  -0.0990554835198
0.599395768909  197  102  101.66145464  1.38761894654  -0.0340972054457
0.599395768909  197  113  112.660312081  1.40951783932  -0.0110913570879
0.599395768909  197  124  123.72174655  1.4846896687  -0.0584817768052
0.599395768909  198  135  134.913190611  1.58102222943  0.00972690264874
0.599395768909  198  146  146.203462119  1.50603969632  0.12404781387
0.599395768909  198  157  157.482788429  1.30849392412  0.0559007603258
0.599395768909  198  169  168.784687203  1.50588493177  -0.0337832951486
0.599395768909  198  180  180.338113771  1.4721084505  0.0871291848056
0.599395768909  198  192  191.75730331  1.47896491944  -0.127973291123
0.599395768909  198  203  203.47570222  1.33269023186  0.0686963240223
0.599395768909  198  215  215.17343852  1.64492611594  0.0385040999706
0.599395768909  198  227  226.889616652  1.64437016721  -0.0709759382635
0.599395768909  199  239  238.751459315  1.59276934597  -0.0466609625937
0.599395768909  199  251  250.721849251  1.58542216735  -0.0279007203397
0.599395768909  199  263  262.734226219  1.57164418296  -0.0470566831785
0.599395768909  199  275  274.87233071  1.66133952374  -0.0001483070276
0.599395768909  199  287  287.120449456  1.68047818068  0.0624282555368
0.599395768909  199  299  299.432462778  1.52610135201  0.0843041044378
0.599395768909  199  312  311.731072408  1.57194874153  -0.00291256483318
0.599395768909  199  324  324.281352078  1.60989335743  0.0873304015114
0.599395768909  199  337  336.768283962  1.58835446369  -0.0512036037842
0.599395768909  199  349  349.489595986  1.44027353544  0.069274111977
0.599395768909  199  362  362.225565871  1.68774469422  0.0279684146329
0.599395768909  199  375  375.050644032  1.7349668697  -0.02035232903
0.599395768909  199  388  387.984577011  1.75968967005  -0.0132876116908
0.599395768909  199  401  401.023445995  1.7755119399  -0.0211945477685
0.599395768909  200  414  414.161151001  1.74325105159  0.0214383393395
0.599395768909  200  427  427.410635159  1.65713295597  0.0790429567848
0.599395768909  200  441  440.667887522  1.67172972914  -0.023417515217
0.599395768909  200  454  454.145029328  1.72908136217  0.0598005206146
0.599395768909  200  468  467.637968298  1.60204884284  0.0179176515012
0.599395768909  200  481  481.33780901  1.66701537241  0.125330090744
0.599395768909  200  495  495.011362312  1.78862934912  -0.00210488483108
0.599395768909  200  509  508.847124728  1.73955936005  -0.0316945081209
0.599395768909  200  523  522.795705703  1.75693274981  -0.0437039296955
0.599395768909  200  537  536.851576682  1.78998576343  -0.0735519029951
0.599395768909  200  551  551.063141701  1.84644392908  -0.0124543982038
0.599395768909  200  565  565.384617255  1.77487862753  0.0508555847334
0.599395768909  200  580  579.721118557  1.7810698578  -0.0284017555568
0.599395768909  200  594  594.27163468  1.77100788124  0.0526194266033
0.599395768909  200  609  608.828885197  1.85073009946  0.0058852566214
0.599395768909  200  624  623.565855094  1.70226457621  0.0301476746347
0.599395768909  200  638  638.444883093  1.65653491923  0.0781259068983
0.599395768909  200  653  653.432724861  1.67251563352  0.08820524582
0.599395768909  200  668  668.505055068  1.64139202046  0.0435706523913
0.599395768909  199  684  683.731505944  1.7803253899  -0.0405222466849
0.599395768909  199  699  699.130682919  1.904785424  0.0274566627588
0.599395768909  199  715  714.572553729  1.8082830473  -0.0333757891833
0.599395768909  199  730  730.204951431  1.90076128247  0.0357011617927
0.599395768909  199  746  745.893245835  1.91391441677  0.0157775867906
0.599395768909  199  762  761.720072803  1.88349295766  0.000771125830824
0.599395768909  199  778  777.686363088  1.91016666177  0.0207149714253
0.599395768909  199  794  793.795531794  1.88124461076  0.0432729532321
0.599395768909  199  810  810.066728951  1.91484818613  0.0443366797847
0.599395768909  199  826  826.473064314  1.73014342203  0.0567330404404
0.599395768909  199  843  843.055028209  2.00048819195  0.0274352669196
0.599395768909  198  860  859.721962247  1.85308661176  -0.0731867761499
0.599395768909  198  877  876.586564957  1.81837522755  -0.0308686002998
0.599395768909  198  894  893.56304949  1.85201865153  -0.0138948661985
0.599395768909  198  911  910.666161185  1.91726154227  -0.045660078967
0.599395768909  198  928  927.955307139  1.98951381861  0.0226643885533
0.599395768909  198  945  945.393135984  1.89988969691  0.0850326234078
0.599395768909  197  963  962.999520926  2.00878540951  0.0397183179112
0.599395768909  197  981  980.692709153  1.89945841196  0.00491762685566
0.599395768909  197  999  998.604530443  1.82725337547  0.0277885574712
0.599395768909  197  1017  1016.67505843  1.88355889676  0.00495473787599
0.779323768909  197  6  6.0478954297  1.48889560442  0.0530029366394
0.779323768909  197  16  16.4290378357  1.22378850556  0.136853878389
0.779323768909  197  27  26.7402793292  1.40968030277  -0.040186668023
0.779323768909  197  37  37.3243525673  1.396226106  0.0734633844871
0.779323768909  198  48  47.7989302847  1.44218269757  -0.0368459219979
0.779323768909  198  58  58.4848821628  1.2359752217  0.0206431761267
0.779323768909  198  69  69.2018489328  1.53858376191  0.0369253893346
0.779323768909  198  80  79.9236222121  1.53283224606  -0.00954165056311
0.779323768909  198  91  90.7276982897  1.45941263308  -0.0975178986285
0.779323768909  198  102  101.680514681  1.39523088511  0.0395651682432
0.779323768909  198  113  112.665255275  1.41316369006  -0.0296695663543
0.779323768909  198  124  123.733338336  1.43233673643  -0.0559534971592
0.779323768909  199  135  134.916021737  1.56607812901  0.00869024661766
0.779323768909  199  146  146.222247237  1.53310781426  0.127647810026
0.779323768909  199  157  157.47200141  1.2749002603  0.0289422126358
0.779323768909  199  169  168.796225676  1.51675906892  -0.0282273835511
0.779323768909  199  180  180.34094531  1.48593645355  0.100741609614
0.779323768909  199  192  191.762515737  1.50331134437  -0.131744979299
0.779323768909  199  203  203.472674261  1.33249536557  0.054107967962
0.779323768909  199  215  215.177805453  1.63274406039  0.0403466162938
0.779323768909  199  227  226.878898033  1.63206620491  -0.0839896483756
0.779323768909  200  239  238.753091671  1.58228873539  -0.070359549277
0.779323768909  200  251  250.701765211  1.56616349939  -0.0480417189271
0.779323768909  200  263  262.731860121  1.59018443834  -0.0546735663797
0.779323768909  200  275  274.868635086  1.68577932967  -0.00497671745081
0.779323768909  200  287  287.136806864  1.69353171582  0.0722293263449
0.779323768909  200  299  299.434103914  1.47704764141  0.088454883429
0.779323768909  200  312  311.72655943  1.55939670892  -0.0115290502513
0.779323768909  200  324  324.283337225  1.59121169497  0.0915604237565
0.779323768909  200  337  336.742522258  1.59086836711  -0.0664513930117
0.779323768909  200  349  349.480234278  1.41277127992  0.0779534852298
0.779323768909  200  362  362.224389271  1.67016713068  0.0418412478205
0.779323768909  200  375  375.039846673  1.77291180236  -0.0132620243173
0.779323768909  200  388  387.969009469  1.73996376139  -0.013525677022
0.779323768909  200  401  401.007384114  1.78195939493  -0.0160354540054
0.779323768909  200  414  414.161151001  1.74325105159  0.0214383393395
0.779323768909  201  427  427.391311774  1.66380845341  0.0697404002602
0.779323768909  201  441  440.650435578  1.68249910624  -0.00163269083457
0.779323768909  201  454  454.11592291  1.76280464233  0.0531895638888
0.779323768909  201  468  467.615282684  1.57679759309  0.0129436426615
0.779323768909  201  481  481.315922439  1.68954266631  0.112725684814
0.779323768909  201  495  494.990832511  1.77127621573  -0.00586449493946
0.779323768909  201  509  508.815107271  1.73072357266  -0.0338219018487
0.779323768909  201  523  522.77278362  1.73349610315  -0.0375552434059
0.779323768909  201  537  536.8273043  1.79659687034  -0.0653560867565
0.779323768909  201  551  551.033144958  1.8546247556  -0.00903801751442
0.779323768909  201  565  565.353401322  1.76315677056  0.0488104581286
0.779323768909  201  580  579.690685397  1.76079595404  -0.0282097789242
0.779323768909  201  594  594.239943255  1.81635042997  0.0568186063639
0.779323768909  201  609  608.796061401  1.84847082117  0.0048195790643
0.779323768909  201  624  623.543732989  1.69991598115  0.0436642076483
0.779323768909  201  638  638.424392178  1.67093005778  0.0935022787561
0.779323768909  201  653  653.43051361  1.74306607427  0.0907743837086
0.779323768909  200  668  668.498294577  1.56773975021  0.00913334915275
0.779323768909  200  684  683.680412514  1.75128895501  -0.0495404162866
0.779323768909  200  699  699.082620684  1.91544246621  0.0044716197631
0.779323768909  200  715  714.525704537  1.74858503146  -0.0383801889416
0.779323768909  200  730  730.162626015  1.90882076592  0.0303082690281
0.779323768909  200  746  745.842780392  1.90595470686  0.0070309887022
0.779323768909  200  762  761.665577542  1.85446129843  -0.00723022527607
0.779323768909  200  778  777.634468429  1.83762262121  0.0186310658801
0.779323768909  200  794  793.733007728  1.86233652625  0.026786563771
0.779323768909  200  810  810.023511781  1.93650356365  0.0352622580612
0.779323768909  200  826  826.435360258  1.74258232295  0.071301822663
0.779323768909  199  843  843.023502892  1.93290867314  0.0409094280733
0.779323768909  199  860  859.677045219  1.81882506947  -0.0550687890456
0.779323768909  199  877  876.540335189  1.82338885506  -0.0196865910661
0.779323768909  199  894  893.52398078  1.86353730285  0.0055962167884
0.779323768909  199  911  910.617238013  1.89412448489  -0.0298193951034
0.779323768909  199  928  927.901485452  1.97667582031  0.0129003410461
0.779323768909  198  945  945.381548158  1.97864439652  0.0821494483833
0.779323768909  198  963  962.917954747  2.00237770335  0.029060550544
0.779323768909  198  981  980.626599857  1.84997793545  0.0141610685377
0.779323768909  198  999  998.548698493  1.77819320593  0.0447744264861
0.779323768909  198  1017  1016.60238376  1.85592904855  -0.00811449004976
0.959251768909  198  6  6.0619684135  1.51525754833  0.040630598089
0.959251768909  198  16  16.4442921003  1.21066895376  0.122375380652
0.959251768909  198  27  26.7566533396  1.42944008878  -0.0473535768675
0.959251768909  198  37  37.3471634091  1.40661034126  0.075010339245
0.959251768909  198  48  47.8050267121  1.46257117294  -0.0115033058381
0.959251768909  199  58  58.5008046507  1.23801768464  0.0302293046932
0.959251768909  199  69  69.2061181914  1.54571245925  0.0184392419547
0.959251768909  199  80  79.9383227615  1.56880597283  -0.00999871997749
0.959251768909  199  91  90.7483774322  1.46321168843  -0.0967213590748
0.959251768909  199  102  101.680029115  1.42303004657  -0.0552279354929
0.959251768909  199  113  112.684132815  1.4509110965  -0.0108032629963
0.959251768909  199  124  123.743552466  1.46473343692  -0.0609085313992
0.959251768909  200  135  134.925935619  1.57965999862  -0.0247315175755
0.959251768909  200  146  146.237209712  1.50628153106  0.150301177593
0.959251768909  200  157  157.495075749  1.28329985308  0.0396219278415
0.959251768909  200  169  168.812481184  1.53783255186  -0.0225985912556
0.959251768909  200  180  180.353775185  1.44737382504  0.0964911723109
0.959251768909  200  192  191.770056493  1.51084860137  -0.125960185661
0.959251768909  200  203  203.482899163  1.34053106422  0.0545116091021
0.959251768909  200  215  215.185641454  1.62927508233  0.0412908294882
0.959251768909  200  227  226.893350206  1.62967815841  -0.0782907951341
0.959251768909  200  239  238.755813389  1.5923471505  -0.0452902817953
0.959251768909  201  251  250.703374658  1.58073375806  -0.0405887074942
0.959251768909  201  263  262.737443178  1.59698669196  -0.052770992411
0.959251768909  201  275  274.865971897  1.66433905436  -0.00691736922042
0.959251768909  201  287  287.12516835  1.67591152869  0.0707125173052
0.959251768909  201  299  299.426162721  1.52172608398  0.0960786584593
0.959251768909  201  312  311.724951948  1.56693065236  -0.0148662718005
0.959251768909  201  324  324.275635994  1.59180143963  0.0928335370241
0.959251768909  201  337  336.744382516  1.59486537526  -0.0660525918393
0.959251768909  201  349  349.470027013  1.45261089319  0.0594833338181
0.959251768909  201  362  362.212257055  1.68581076653  0.0298903146341
0.959251768909  201  375  375.010845424  1.7504915882  -0.0356125885596
0.959251768909  201  388  387.952915815  1.7405648774  -0.0236464852834
0.959251768909  201  401  400.991267795  1.77236858503  -0.0188352840446
0.959251768909  201  414  414.135064953  1.76841540099  0.014113878727
0.959251768909  201  427  427.391311774  1.66380845341  0.0697404002602
0.959251768909  202  441  440.640916787  1.67654009198  -0.0111177201201
0.959251768909  202  454  454.103691413  1.74639215206  0.0393635543986
0.959251768909  202  468  467.610220293  1.63000087353  0.0396704758023
0.959251768909  202  481  481.306954747  1.70332001546  0.119385127278
0.959251768909  202  495  494.979372161  1.76292697122  0.00149577297391
0.959251768909  202  509  508.793345062  1.71314008206  -0.0509505435486
0.959251768909  202  523  522.743305801  1.71646346756  -0.0408302161044
0.959251768909  202  537  536.795858343  1.75092420401  -0.0734140712412
0.959251768909  202  551  550.997680536  1.84352263163  -0.0327641604967
0.959251768909  202  565  565.323479403  1.79209582981  0.0449283997617
0.959251768909  202  580  579.672080525  1.76930527604  -0.025564435774
0.959251768909  202  594  594.209195921  1.82912732564  0.0485465177975
0.959251768909  202  609  608.764004007  1.83528991592  0.000977963089563
0.959251768909  202  624  623.518676374  1.72502703828  0.0496559826103
0.959251768909  201  638  638.424257346  1.6725446503  0.0925574992852
0.959251768909  201  653  653.4130593  1.72889889454  0.103100232093
0.959251768909  201  668  668.473503244  1.64223411011  0.0309239168321
0.959251768909  201  684  683.648924773  1.74196797615  -0.0441752092213
0.959251768909  201  699  699.035362307  1.92433212359  -0.00344212577099
0.959251768909  201  715  714.505499546  1.76608539769  -0.0257890160776
0.959251768909  201  730  730.10741737  1.91857177124  0.0242507077712
0.959251768909  201  746  745.781135416  1.89992822945  -0.00384326668293
0.959251768909  201  762  761.618839662  1.85119469371  -0.00451488261351
0.959251768909  201  778  777.591916222  1.82688834498  0.0230400125588
0.959251768909  201  794  793.695528478  1.83092778738  0.029224566623
0.959251768909  201  810  809.953192961  1.9162209749  0.0117858354991
0.959251768909  201  826  826.394215584  1.76801703129  0.0747909038643
0.959251768909  200  843  842.948599402  1.97758524046  0.00974419756986
0.959251768909  200  860  859.616559995  1.80761433598  -0.0673119474909
0.959251768909  200  876  876.482659836  1.82191622768  -0.0167935045461
0.959251768909  200  893  893.481356438  1.85784407903  0.0155528241673
0.959251768909  200  911  910.564796575  1.89002821263  -0.0344806467616
0.959251768909  200  928  927.823499278  1.9800522852  -0.00109300718467
0.959251768909  199  945  945.330056352  1.92843147221  0.0833156311498
0.959251768909  199  963  962.843702075  1.99530290556  0.0157796546518
0.959251768909  199  981  980.573873778  1.83150437154  0.0175482108029
0.959251768909  199  998  998.494614886  1.78505176818  0.0698358345189
0.959251768909  199  1017  1016.56551544  1.85135789024  0.00948829924417
1.13917976891  199  6  6.08344934944  1.50223065574  0.0349088118887
1.13917976891  199  16  16.4585777442  1.19543054837  0.114923939617
1.13917976891  199  27  26.7854017351  1.45421730788  -0.0349288928947
1.13917976891  199  37  37.3586382996  1.40202576368  0.061859392596
1.13917976891  199  48  47.8176670476  1.4620303612  -0.0405879903991
1.13917976891  200  59  58.5049186359  1.22437520429  -0.0342620253638
1.13917976891  200  69  69.2409002838  1.51184704083  0.0389208078994
1.13917976891  200  80  79.9585610377  1.54843577431  -0.0135607219714
1.13917976891  200  91  90.7642257997  1.48826677698  -0.0880427288762
1.13917976891  200  102  101.701830154  1.43771650901  -0.0559153035382
1.13917976891  200  113  112.695868481  1.46720674165  -0.0253255255384
1.13917976891  200  124  123.748882083  1.45698016934  -0.0728813944948
1.13917976891  200  135  134.94468985  1.57685937904  0.0337742829884
1.13917976891  201  146  146.242467118  1.53222999426  0.128944369353
1.13917976891  201  157  157.496936436  1.26869978624  0.0322355877492
1.13917976891  201  169  168.824945674  1.54369869091  -0.0287398388025
1.13917976891  201  180  180.363525569  1.46484899999  0.0984812405937
1.13917976891  201  192  191.774032161  1.51012305637  -0.138594267839
1.13917976891  201  203  203.477849112  1.33155503671  0.0454671530028
1.13917976891  201  215  215.174372711  1.64169744649  0.0291984486007
1.13917976891  201  227  226.902082195  1.64012619571  -0.0733303768836
1.13917976891  201  239  238.756380582  1.56968089869  -0.0501552106492
1.13917976891  202  251  250.714512015  1.58206750739  -0.0300990815529
1.13917976891  202  263  262.735533652  1.60807676456  -0.0653019144418
1.13917976891  202  275  274.872642868  1.66207648684  -0.0125865120764
1.13917976891  202  287  287.119550509  1.6852550542  0.055361210007
1.13917976891  202  299  299.420013797  1.54394684093  0.0843914485996
1.13917976891  202  312  311.728410129  1.57742131993  -0.012414758222
1.13917976891  202  324  324.271668944  1.59953804436  0.0874642334531
1.13917976891  202  337  336.736240762  1.59344775533  -0.074830692061
1.13917976891  202  349  349.472112738  1.50934642902  0.0831320158712
1.13917976891  202  362  362.201428501  1.66893641183  0.0168641064608
1.13917976891  202  375  375.012262455  1.7465351626  -0.0320194198982
1.13917976891  202  388  387.941533086  1.72220445357  -0.0272618363832
1.13917976891  202  401  400.975568034  1.78253587492  -0.0318992513436
1.13917976891  202  414  414.128428621  1.75211253921  0.00716104198696
1.13917976891  202  427  427.378610314  1.69504997864  0.0658982336619
1.13917976891  202  441  440.640993113  1.67689459462  -0.0123833035513
1.13917976891  202  454  454.105834195  1.74529232851  0.0527669175918
1.13917976891  203  468  467.59711569  1.6772406402  0.0449921161357
1.13917976891  203  481  481.266466756  1.72287045825  0.0818510857558
1.13917976891  203  495  494.956312048  1.77765213904  -0.00831570440706
1.13917976891  203  509  508.772148632  1.71682545608  -0.0413619312154
1.13917976891  203  523  522.727949761  1.72321427877  -0.0376243711346
1.13917976891  203  537  536.774058407  1.75500123237  -0.0788007437449
1.13917976891  203  551  550.969148717  1.83672377913  -0.0353452201889
1.13917976891  203  565  565.296688568  1.79962377574  0.0267058835855
1.13917976891  203  580  579.649811886  1.77085474158  -0.00124180303888
1.13917976891  203  594  594.167497572  1.84685069217  0.0299832643624
1.13917976891  203  609  608.74287869  1.82783495237  0.00169574906093
1.13917976891  202  624  623.518676374  1.72502703828  0.0496559826103
1.13917976891  202  638  638.392957213  1.70987481956  0.0934435724734
1.13917976891  202  653  653.376481061  1.73427990193  0.0871263712441
1.13917976891  202  668  668.446759262  1.70114249139  0.0428681009205
1.13917976891  202  684  683.613904905  1.73857694624  -0.0470312831805
1.13917976891  202  699  698.987291333  1.90977522226  -0.0161301842327
1.13917976891  202  714  714.475928148  1.80264399523  -0.00545815573376
1.13917976891  202  730  730.065142506  1.93267651308  0.00715979947987
1.13917976891  202  746  745.739975043  1.89064149444  -0.0169727896351
1.13917976891  202  762  761.586015979  1.82469246621  0.00608789861135
1.13917976891  202  778  777.561640782  1.81304337522  0.0389853859107
1.13917976891  202  794  793.660733466  1.83916594985  0.0334902764411
1.13917976891  202  810  809.907972444  1.90808515127  0.00797384178337
1.13917976891  201  826  826.39437722  1.7610314206  0.0822589656538
1.13917976891  201  843  842.894207803  1.95302187392  0.000309013552836
1.13917976891  201  860  859.574025825  1.77734054611  -0.0658355574378
1.13917976891  201  876  876.441350758  1.82385674143  0.00123937775106
1.13917976891  201  893  893.428528733  1.87508319286  0.0243074833325
1.13917976891  201  911  910.523365486  1.88777126996  -0.0195509514792
1.13917976891  201  928  927.763220677  1.9547907376  -0.0107380514449
1.13917976891  200  945  945.282723296  1.9543957807  0.0852099129291
1.13917976891  200  963  962.77580229  1.9543591168  0.00067587771668
1.13917976891  200  981  980.507156119  1.82105454496  0.0217931333176
1.13917976891  200  998  998.442268586  1.79601650668  0.0960996706291
1.13917976891  200  1016  1016.50466724  1.84374227273  0.0425121820475
1.31910776891  200  6  6.12624882227  1.47837864832  0.0718275417478
1.31910776891  200  16  16.4720101404  1.16298429241  0.111763090456
1.31910776891  200  27  26.8089692682  1.46085017847  -0.0334573233065
1.31910776891  200  37  37.3851423312  1.34032536981  0.0685537627712
1.31910776891  200  48  47.859500239  1.46934075637  -0.020302650104
1.31910776891  201  59  58.5191234111  1.23354029873  0.0242750829694
1.31910776891  201  69  69.262745481  1.48279763316  0.0395649303916
1.31910776891  201  80  79.978328688  1.54626702518  -0.00838383439969
1.31910776891  201  91  90.7802507601  1.50121524938  -0.0959072991022
1.31910776891  201  102  101.707765757  1.44504693685  -0.0713694218459
1.31910776891  201  113  112.710572818  1.49516913061  -0.0194610148332
1.31910776891  201  124  123.769241905  1.51171418663  -0.0667588145839
1.31910776891  201  135  134.951373425  1.58143226673  0.0265346557201
1.31910776891  202  146  146.242916305  1.49518877312  0.138486903027
1.31910776891  202  158  157.501787347  1.19367284153  -0.00634543688286
1.31910776891  202  169  168.828755442  1.5440045216  -0.0362192524653
1.31910776891  202  180  180.37364582  1.43593258029  0.0919925032903
1.31910776891  202  192  191.789305453  1.49220016028  -0.136801072548
1.31910776891  202  203  203.487490781  1.30908129441  0.0402801434645
1.31910776891  202  215  215.196146574  1.62215379615  0.0355892808926
1.31910776891  202  227  226.918089987  1.63931467717  -0.0663395861972
1.31910776891  202  239  238.762457543  1.59934209452  -0.0529201522283
1.31910776891  202  251  250.715198253  1.58374008374  -0.0356083250838
1.31910776891  203  263  262.743595891  1.60510040327  -0.0453947111336
1.31910776891  203  275  274.875113925  1.67846033711  -0.000643552797437
1.31910776891  203  287  287.108456721  1.70712113782  0.055799112494
1.31910776891  203  299  299.411420169  1.58706450669  0.0722575562811
1.31910776891  203  312  311.722897567  1.62132300261  -0.00620854843283
1.31910776891  203  324  324.260632113  1.63534873109  0.0747506276331
1.31910776891  203  337  336.736308065  1.58897401367  -0.0639261993919
1.31910776891  203  349  349.45142634  1.55181990251  0.0695612317748
1.31910776891  203  362  362.193077619  1.70006519141  0.0321184908366
1.31910776891  203  375  375.000289768  1.7426103113  -0.0293036727521
1.31910776891  203  388  387.933824621  1.74328142776  -0.0229865471414
1.31910776891  203  401  400.972050624  1.77231808475  -0.0233377520916
1.31910776891  203  414  414.109882538  1.75253836997  0.0040261737531
1.31910776891  203  427  427.354035272  1.7295159818  0.0570105992635
1.31910776891  203  441  440.640789796  1.72355066209  0.00710306007997
1.31910776891  203  454  454.072753289  1.75538541453  0.0256951238577
1.31910776891  203  468  467.59711569  1.6772406402  0.0449921161357
1.31910776891  203  481  481.265600631  1.72609264319  0.0687472067372
1.31910776891  204  495  494.920369296  1.79648440768  -0.0107949691763
1.31910776891  204  509  508.739265417  1.72097754942  -0.0382521799297
1.31910776891  204  523  522.695661  1.71465811826  -0.0498290489075
1.31910776891  204  537  536.746725412  1.73472700899  -0.0836041235497
1.31910776891  204  551  550.950635896  1.85144444041  -0.0351540305871
1.31910776891  204  565  565.283239951  1.8304733537  0.0341605115521
1.31910776891  204  580  579.619189453  1.75455960102  -0.0125059580212
1.31910776891  203  594  594.168519575  1.84400044413  0.0350095575245
1.31910776891  203  609  608.74287869  1.82783495237  0.00169574906093
1.31910776891  203  623  623.485980991  1.73943923769  0.046349222376
1.31910776891  203  638  638.358692213  1.76402489928  0.0722258876643
1.31910776891  203  653  653.331001354  1.78861989696  0.0766414802645
1.31910776891  203  668  668.41403663  1.75774426924  0.0360071042075
1.31910776891  203  684  683.603046553  1.77413841267  -0.0110034020803
1.31910776891  203  699  698.943385014  1.90708393907  -0.0240911259468
1.31910776891  203  714  714.440674171  1.84542741455  0.00768530525407
1.31910776891  203  730  730.016456983  1.94601315319  0.00546422334758
1.31910776891  203  746  745.701847864  1.89862528123  -0.00942235821107
1.31910776891  203  762  761.549262275  1.87191830331  0.0067497041842
1.31910776891  203  778  777.520462795  1.86904811005  0.0349671496209
1.31910776891  203  794  793.62145854  1.85680838622  0.0336424350904
1.31910776891  203  810  809.853634404  1.89092656778  0.0072377138021
1.31910776891  202  826  826.352761179  1.80840915555  0.0843357214467
1.31910776891  202  843  842.834518029  1.95636569236  -0.00978298669511
1.31910776891  202  860  859.531321671  1.79681357689  -0.0449177492674
1.31910776891  202  876  876.397617193  1.8466416263  0.0140786872082
1.31910776891  202  893  893.390633884  1.88594905727  0.0427465221194
1.31910776891  202  910  910.480516686  1.89378581529  0.00318398147141
1.31910776891  202  928  927.711114004  1.94004714276  -0.0138232590322
1.31910776891  201  945  945.209350585  1.96108304186  0.073592290221
1.31910776891  201  963  962.708119116  1.93729232512  -0.00994159590663
1.31910776891  201  980  980.470231986  1.79444363993  0.0551235331043
1.31910776891  201  998  998.405242963  1.8085478801  0.10868064486
1.31910776891  201  1016  1016.49811941  1.87666054378  0.0397687050319
