# Band 1C   Etalon 1A   Slice 4
# Distortion map version 06.04.00 - date 2018-10-16
# Trace (isoalpha): Take pixel trace along specified slice, specified alpha position trace is built by taking the pixel in every detector row with alpha value closest to the one specified 
# xpos[i] = np.argmin(alpha_img[i,:])+funcs.find_nearest(alpha_img[i,:][(slice_img[i,:]!=0)],alpha_pos)
#    alpha       x  y      center         FWHM          skewness
0.0  353  8  7.54994970329  1.19596834564  0.0382213122315
0.0  353  18  17.7026145317  1.25908148702  0.00532968854378
0.0  353  28  28.0206016655  1.4203167664  0.105021455106
0.0  353  38  38.3746808393  1.24597307235  0.081095383682
0.0  354  49  48.7452116762  1.36674464661  -0.00162817998631
0.0  354  59  59.3112209993  1.37276977112  0.12979796858
0.0  354  70  69.7468341056  1.36063902452  -0.0212573669659
0.0  354  80  80.4457920961  1.18797531371  0.171359310006
0.0  354  91  91.108220209  1.52447436529  0.0815087128366
0.0  354  102  101.799515967  1.44863286439  0.0363351937873
0.0  354  113  112.635327419  1.45781866494  0.0400077509881
0.0  355  124  123.596971377  1.25845314725  0.00412840907326
0.0  355  135  134.573823136  1.22482381228  0.0518373407204
0.0  355  146  145.604031279  1.29519054384  0.0504243221
0.0  355  157  156.698060859  1.39896171942  -0.0453071690609
0.0  355  168  167.940979502  1.55073589127  0.0685792185807
0.0  355  179  179.256239968  1.50369044172  0.113953714444
0.0  355  191  190.542452801  1.21254502879  -0.0393585370889
0.0  355  202  201.989751193  1.57879201619  0.0185854643781
0.0  356  214  213.572270749  1.33313243638  0.00973516025075
0.0  356  225  225.23224342  1.59139603168  0.0832347218736
0.0  356  237  236.846548394  1.6162102731  0.0369274143549
0.0  356  249  248.608607747  1.41715844382  0.0253979790098
0.0  356  260  260.49486708  1.29930721608  0.138778201852
0.0  356  272  272.450490763  1.3050926769  0.200431450507
0.0  356  284  284.464926718  1.32927966935  0.168975869348
0.0  356  297  296.523200103  1.29216747841  0.0771332289853
0.0  356  309  308.663697315  1.4813116635  0.0300827415626
0.0  356  321  320.9929282  1.66447716252  0.0492575186476
0.0  357  333  333.462521987  1.54023275775  0.155961142109
0.0  357  346  345.86881346  1.6898252277  0.0168109457426
0.0  357  358  358.458333351  1.53535442956  0.0726599952109
0.0  357  371  371.102879602  1.72184957929  0.0621490812472
0.0  357  384  383.798361149  1.69623730994  0.0313804982765
0.0  357  397  396.640681214  1.62649660764  0.00926209279962
0.0  357  410  409.582756919  1.61366481775  0.0580562368224
0.0  357  423  422.591235363  1.59497773405  0.0581310042649
0.0  357  436  435.710268891  1.64242177962  0.0435437580219
0.0  357  449  448.965679247  1.72532160356  0.0922301883752
0.0  357  462  462.341570646  1.57778328032  0.175572009354
0.0  357  476  475.688741759  1.61524432787  0.0150321233564
0.0  357  489  489.303392793  1.67071498973  0.108035817445
0.0  357  503  502.885856459  1.75573354009  0.0333749519842
0.0  357  517  516.605065772  1.65219249604  -0.016773176067
0.0  357  530  530.494558213  1.63610493627  0.0562878083561
0.0  357  544  544.451088032  1.63224554865  0.0709284123948
0.0  357  559  558.509722091  1.66790876656  0.0512927643059
0.0  357  573  572.668097681  1.743017302  0.0340447552536
0.0  357  587  586.981657976  1.83176194759  0.0913570348267
0.0  357  601  601.415573154  1.64483327848  0.149685440199
0.0  357  616  615.875405675  1.79216484669  0.0516627888475
0.0  357  631  630.529138781  1.54584428753  0.0649969041064
0.0  357  645  645.32896514  1.76764994952  0.0916699790491
0.0  357  660  660.201310813  1.82753894079  0.0743901467342
0.0  357  675  675.186425883  1.89043261429  0.059814326302
0.0  357  690  690.278231408  1.85923836811  -0.030557871277
0.0  357  706  705.521473671  1.79206520076  0.0518500169307
0.0  357  721  720.853120675  1.90987409402  0.0380598095111
0.0  357  736  736.378041707  1.8068192236  0.100463675916
0.0  356  752  751.922727459  1.88690343622  0.0824774342469
0.0  356  768  767.652569953  1.76630815045  0.0513811881265
0.0  356  784  783.547992167  1.66694182254  0.0317608531274
0.0  356  800  799.59215483  1.72686286714  0.0396816693107
0.0  356  816  815.753265128  1.87059055697  0.0131730080103
0.0  356  832  832.087994171  1.94415281331  0.0179148680121
0.0  356  849  848.519600949  1.80606587988  0.0188918397577
0.0  356  865  865.119150193  1.99808102633  0.0552066675385
0.0  355  882  881.779590301  1.9302240681  0.0140351880763
0.0  355  899  898.647625211  1.91644918469  0.0293756425582
0.0  355  916  915.656423621  1.91533227195  0.0511323047377
0.0  355  933  932.796042432  1.94334527338  0.0243892596847
0.0  355  950  950.190567296  1.90027791434  0.131009920133
0.0  354  968  967.599555756  1.81051487029  0.054393714051
0.0  354  985  985.324901423  1.88695494441  0.0926816349045
0.0  354  1003  1003.13993141  1.96769289982  0.0686220759231
-1.36640069313  346  7  6.83641778228  1.3453989287  0.033118960983
-1.36640069313  346  17  17.098860047  1.37799946295  0.132038503848
-1.36640069313  346  27  27.3911692076  1.1727261647  0.18034290293
-1.36640069313  347  38  37.6368479438  1.29253938916  -0.0145334849462
-1.36640069313  347  48  48.1933872575  1.38357204177  0.155537664184
-1.36640069313  347  59  58.5700081993  1.21257416709  0.00261441911891
-1.36640069313  347  69  69.163827233  1.44621109495  0.0807555598467
-1.36640069313  347  80  79.6969914955  1.36433902913  0.0258035745505
-1.36640069313  347  90  90.4582175047  1.19540302368  0.119220737831
-1.36640069313  347  101  101.23720821  1.45110013934  0.160130652971
-1.36640069313  348  112  112.16187692  1.45842997574  0.174374144193
-1.36640069313  348  123  123.012160343  1.52043573031  0.0755897378832
-1.36640069313  348  134  134.00240521  1.49622249312  0.137292776522
-1.36640069313  348  145  145.053731816  1.50843979843  0.142499244485
-1.36640069313  348  156  156.198804684  1.45550553821  0.098251076896
-1.36640069313  348  167  167.398533794  1.27791879449  0.191625666766
-1.36640069313  348  179  178.587080798  1.30717832601  0.019826932383
-1.36640069313  348  190  189.965140558  1.54147857998  0.00540930609913
-1.36640069313  349  201  201.500315259  1.35584611518  0.148047283114
-1.36640069313  349  213  213.017510653  1.61289182396  0.0439771093373
-1.36640069313  349  225  224.580506166  1.31333463327  -0.00711597072531
-1.36640069313  349  236  236.358503542  1.43276647278  0.184691402229
-1.36640069313  349  248  248.103854399  1.62245513414  0.111713607529
-1.36640069313  349  260  259.91450579  1.60814936556  0.0669317593074
-1.36640069313  349  272  271.846032006  1.59837829426  0.0917719363513
-1.36640069313  349  284  283.854062322  1.59479046353  0.0531431158279
-1.36640069313  349  296  295.998717184  1.626143138  0.102434033894
-1.36640069313  349  308  308.247235724  1.53958827189  0.186651889673
-1.36640069313  349  320  320.485349413  1.30903213758  0.12038686827
-1.36640069313  350  333  332.913836621  1.65004888318  0.0421461585927
-1.36640069313  350  345  345.417418554  1.48276100231  0.120394283381
-1.36640069313  350  358  357.925924515  1.68621777504  0.0121692304217
-1.36640069313  350  371  370.564359708  1.54888383425  0.0153747824837
-1.36640069313  350  383  383.368227078  1.63259072528  0.115161286228
-1.36640069313  350  396  396.214020669  1.70811312627  0.101956771652
-1.36640069313  350  409  409.147192406  1.73018455387  0.115780269496
-1.36640069313  350  422  422.17954509  1.66450068822  0.145773638363
-1.36640069313  350  435  435.31601528  1.64907552416  0.143243989155
-1.36640069313  350  449  448.509099008  1.41305851411  0.119761599943
-1.36640069313  350  462  461.818030169  1.69041176079  0.0636253707707
-1.36640069313  350  475  475.319407156  1.62082239264  0.11359530238
-1.36640069313  350  489  488.794603371  1.6761545212  0.0233771434616
-1.36640069313  350  502  502.474029812  1.50280755916  0.0961912285341
-1.36640069313  350  516  516.232831655  1.73154798817  0.0526227766793
-1.36640069313  350  530  530.079217515  1.79423166519  0.048875775491
-1.36640069313  350  544  544.05295091  1.8153589653  0.0712990384615
-1.36640069313  350  558  558.131399309  1.80506739753  0.0773423786961
-1.36640069313  350  572  572.323928421  1.71609784531  0.123794669775
-1.36640069313  350  587  586.55980963  1.67137739824  0.070697990935
-1.36640069313  350  601  600.989363904  1.81784321282  0.0874394797747
-1.36640069313  350  616  615.518534476  1.53463844035  0.0950214421598
-1.36640069313  350  630  630.201965851  1.75520587989  0.121997113307
-1.36640069313  350  645  644.911104945  1.84470564262  0.0101970756972
-1.36640069313  350  660  659.808952782  1.82861806398  0.0453570015984
-1.36640069313  350  675  674.782259567  1.86055227693  -0.00739914095557
-1.36640069313  350  690  689.921576553  1.89822248829  0.00440153722867
-1.36640069313  350  705  705.20980351  1.90919133265  0.0740335486901
-1.36640069313  350  721  720.543254394  1.81334478876  0.0328251696505
-1.36640069313  350  736  736.062437985  1.89624179992  0.0743719957715
-1.36640069313  349  752  751.59877678  1.7657827746  0.0777420893554
-1.36640069313  349  767  767.403334138  1.7456332425  0.147374228129
-1.36640069313  349  783  783.315737636  1.79961126958  0.115479548557
-1.36640069313  349  799  799.354923505  1.75350991782  0.123352711965
-1.36640069313  349  816  815.50788691  1.64459921252  0.0514332982121
-1.36640069313  349  832  831.788529475  1.87305937555  -0.0251540064716
-1.36640069313  349  848  848.29532947  1.84874109597  0.0796884215533
-1.36640069313  349  865  864.838904568  1.97211651866  0.00280127417104
-1.36640069313  348  882  881.551824485  1.84775535347  0.0147625434099
-1.36640069313  348  898  898.433005205  1.84294865239  0.0662725923444
-1.36640069313  348  915  915.459460487  1.86777312968  0.0897843187392
-1.36640069313  348  933  932.599208744  1.82876722194  0.0419925964123
-1.36640069313  348  950  949.952776404  1.94880232573  0.091450509122
-1.36640069313  347  967  967.458256239  1.71128459895  0.17325795731
-1.36640069313  347  985  985.10622321  1.95718631457  0.070784553431
-1.36640069313  347  1003  1002.91752936  1.9327216999  0.0232081296021
-1.17588869313  347  7  6.96125122433  1.40841375143  0.0645020826485
-1.17588869313  347  17  17.2299060629  1.314503575  0.163901703935
-1.17588869313  347  27  27.4556661951  1.15152384115  0.158403583081
-1.17588869313  347  38  37.6737483871  1.22627459102  -0.0615030186592
-1.17588869313  348  48  48.3010125972  1.253934541  0.176706197527
-1.17588869313  348  59  58.6398317851  1.28102799401  -0.0141425603085
-1.17588869313  348  69  69.2951576716  1.38150679232  0.134064080611
-1.17588869313  348  80  79.8107398479  1.44047043198  0.0473799207322
-1.17588869313  348  91  90.5103274378  1.20155942201  0.0432243122608
-1.17588869313  348  101  101.350201534  1.33147183275  0.183944589452
-1.17588869313  348  112  112.223333459  1.48230676255  0.212977329123
-1.17588869313  349  123  123.122542821  1.50921393998  0.110017162389
-1.17588869313  349  134  134.120802972  1.48875005759  0.181784083986
-1.17588869313  349  145  145.176097521  1.46841243992  0.193121365423
-1.17588869313  349  156  156.285038554  1.43005833155  0.117984385038
-1.17588869313  349  167  167.4632847  1.22518803136  0.167246149861
-1.17588869313  349  179  178.666021945  1.38587323774  0.00222711717489
-1.17588869313  349  190  190.073806426  1.57717860865  0.038635547541
-1.17588869313  349  201  201.496608067  1.27260565727  0.055200979215
-1.17588869313  350  213  213.127824393  1.59401400108  0.0750300667798
-1.17588869313  350  225  224.653955535  1.45884142478  -0.0303005632733
-1.17588869313  350  236  236.426546092  1.34830933635  0.171602222773
-1.17588869313  350  248  248.193236334  1.57554210657  0.122908048274
-1.17588869313  350  260  260.017952211  1.61074585768  0.091870466067
-1.17588869313  350  272  271.956829717  1.60561994331  0.122313278106
-1.17588869313  350  284  283.969103508  1.62047445469  0.101499128497
-1.17588869313  350  296  296.101125038  1.59578985043  0.133397724538
-1.17588869313  350  308  308.326439503  1.44680521023  0.203470273783
-1.17588869313  350  321  320.528025531  1.29148323434  0.0448991469499
-1.17588869313  351  333  333.000756504  1.65101125062  0.0842733944184
-1.17588869313  351  345  345.470259224  1.44113140869  0.102663527155
-1.17588869313  351  358  358.010760657  1.7090308366  0.0268703502095
-1.17588869313  351  371  370.631216027  1.61811332957  0.0107831586134
-1.17588869313  351  383  383.423356158  1.61664651862  0.0961250351952
-1.17588869313  351  396  396.270231276  1.67473715494  0.0935642735034
-1.17588869313  351  409  409.230890744  1.68096883198  0.146498123572
-1.17588869313  351  422  422.243911073  1.64741899626  0.147161375157
-1.17588869313  351  435  435.366910476  1.60302822768  0.123548003283
-1.17588869313  351  449  448.562148974  1.53619341871  0.0883393874152
-1.17588869313  351  462  461.89961339  1.70603528929  0.0868736104054
-1.17588869313  351  475  475.377921221  1.5984968649  0.114231018008
-1.17588869313  351  489  488.874077339  1.69806412577  0.0383554576714
-1.17588869313  351  503  502.524834782  1.62318014398  0.0528662652569
-1.17588869313  351  516  516.292113692  1.71272152593  0.0482181842181
-1.17588869313  351  530  530.149417294  1.77724157099  0.0551558660719
-1.17588869313  351  544  544.120063023  1.78467480536  0.082258634901
-1.17588869313  351  558  558.185120957  1.77789451262  0.0796681701222
-1.17588869313  351  572  572.368403466  1.72923657692  0.102283143066
-1.17588869313  351  587  586.614255448  1.71941240096  0.0614418340939
-1.17588869313  351  601  601.058428171  1.81690473175  0.104977261637
-1.17588869313  351  616  615.568328198  1.6317902499  0.075746006987
-1.17588869313  351  630  630.24911654  1.74326208081  0.117314609293
-1.17588869313  351  645  644.978075578  1.83425813993  0.0231643884042
-1.17588869313  351  660  659.8511  1.83556183453  0.0175331442494
-1.17588869313  351  675  674.856538028  1.87237557733  0.00617731391381
-1.17588869313  351  690  689.9972865  1.85312938899  0.0234058667631
-1.17588869313  351  705  705.254994451  1.89221234814  0.0738306883045
-1.17588869313  351  721  720.581780958  1.85079001249  0.0253738480335
-1.17588869313  351  736  736.106626091  1.87883628706  0.0829158596694
-1.17588869313  350  752  751.635916921  1.80345732248  0.0635113645379
-1.17588869313  350  767  767.44583964  1.71107434637  0.138500854254
-1.17588869313  350  783  783.355695595  1.77861382879  0.118583470678
-1.17588869313  350  799  799.399172412  1.74568699726  0.116323382978
-1.17588869313  350  816  815.533278987  1.6751149673  0.0355360622887
-1.17588869313  350  832  831.82572229  1.89087684556  -0.0308150415719
-1.17588869313  350  848  848.336860836  1.84196432734  0.0723390532531
-1.17588869313  350  865  864.873348328  1.98060443411  0.00802579632107
-1.17588869313  349  882  881.585677612  1.85518533059  0.00928354614741
-1.17588869313  349  898  898.472924631  1.82516209248  0.0717132143877
-1.17588869313  349  915  915.484613789  1.86883336413  0.0793834445606
-1.17588869313  349  933  932.61675079  1.81874297893  0.025851423396
-1.17588869313  349  950  949.998046289  1.94439408712  0.101918162492
-1.17588869313  348  967  967.475549744  1.73826844436  0.139249188355
-1.17588869313  348  985  985.13835242  1.96101106005  0.0744674935727
-1.17588869313  348  1003  1002.95462808  1.96066860749  0.0351762147271
-0.985376693134  348  7  7.10460464514  1.40824454409  0.109693100535
-0.985376693134  348  17  17.3390793427  1.2289140618  0.184155847024
-0.985376693134  348  28  27.5195390192  1.22115385403  0.0682219995383
-0.985376693134  348  38  37.7791441908  1.32875974757  -0.0128057024536
-0.985376693134  349  48  48.3913452944  1.17580484833  0.172534640575
-0.985376693134  349  59  58.7337426636  1.35365593965  -0.0111384520807
-0.985376693134  349  69  69.3725309262  1.30717108025  0.130326798917
-0.985376693134  349  80  79.9281992025  1.49210780809  0.0848415534463
-0.985376693134  349  91  90.5783591965  1.23727465993  0.00319273493976
-0.985376693134  349  101  101.411709677  1.24013917384  0.173771054897
-0.985376693134  349  112  112.274850681  1.38098891915  0.247026367721
-0.985376693134  350  123  123.242849218  1.45771142968  0.138509570343
-0.985376693134  350  134  134.224177057  1.42239537005  0.207543798765
-0.985376693134  350  145  145.274330507  1.40702574998  0.212779453305
-0.985376693134  350  156  156.371779666  1.34734838833  0.114400398183
-0.985376693134  350  168  167.516972015  1.22961120986  0.0849070437545
-0.985376693134  350  179  178.744890568  1.48211508816  0.00160074263791
-0.985376693134  350  190  190.176271891  1.52264757595  0.0493363353556
-0.985376693134  350  202  201.564130472  1.28977499634  0.0347467021006
-0.985376693134  351  213  213.216228096  1.56769766584  0.090045431749
-0.985376693134  351  225  224.747790108  1.53995461075  -0.0082399281513
-0.985376693134  351  236  236.489249045  1.28864226125  0.156940267668
-0.985376693134  351  248  248.28414242  1.55590861198  0.153979837947
-0.985376693134  351  260  260.118971633  1.61098207855  0.124655362089
-0.985376693134  351  272  272.054613932  1.61907711017  0.146551378624
-0.985376693134  351  284  284.071253341  1.63960398936  0.128020146951
-0.985376693134  351  296  296.193533146  1.56114066134  0.15276710469
-0.985376693134  351  308  308.393352149  1.40712506675  0.20648306811
-0.985376693134  351  321  320.585200905  1.38046700576  0.0100913417013
-0.985376693134  351  333  332.964190329  1.63899797221  -0.015116255719
-0.985376693134  352  346  345.52599628  1.36089222685  0.0426177461128
-0.985376693134  352  358  358.106878143  1.68181711665  0.0631087812127
-0.985376693134  352  371  370.695104612  1.64254555813  -0.00834722401423
-0.985376693134  352  383  383.487904284  1.50061712959  0.0891121355611
-0.985376693134  352  396  396.345145532  1.61988155123  0.108226447627
-0.985376693134  352  409  409.296262999  1.6386513111  0.149911620412
-0.985376693134  352  422  422.330697321  1.5743239275  0.186450302117
-0.985376693134  352  435  435.440991546  1.53771229434  0.14994220296
-0.985376693134  352  449  448.606192575  1.48646658216  0.050198840024
-0.985376693134  352  462  461.977760176  1.73633247794  0.100449860289
-0.985376693134  352  475  475.443887508  1.5089038882  0.123854929891
-0.985376693134  352  489  488.929595611  1.74340327202  0.0293866120746
-0.985376693134  352  503  502.561643372  1.55101462464  0.021238469739
-0.985376693134  352  516  516.369186588  1.64340999533  0.0779180820371
-0.985376693134  352  530  530.226075361  1.75608695005  0.0678161962855
-0.985376693134  352  544  544.181129824  1.7765607676  0.0909834526665
-0.985376693134  352  558  558.247644982  1.73767773605  0.0937226055293
-0.985376693134  352  572  572.428017224  1.65278209713  0.109476639747
-0.985376693134  352  587  586.660611936  1.71064442813  0.0505133805149
-0.985376693134  352  601  601.115909115  1.81027727347  0.108790476713
-0.985376693134  352  616  615.601748578  1.611615923  0.0537113476911
-0.985376693134  352  630  630.311834269  1.70160697419  0.126444286921
-0.985376693134  352  645  645.044128375  1.85691107203  0.0428376728908
-0.985376693134  352  660  659.917425684  1.84621063429  0.0319378047545
-0.985376693134  352  675  674.889896841  1.8905580097  -0.00327861528891
-0.985376693134  352  690  690.062505703  1.9500646167  0.0199137895802
-0.985376693134  352  705  705.311170136  1.86158610479  0.0856770844071
-0.985376693134  352  721  720.622802053  1.83415798699  0.0297651474576
-0.985376693134  352  736  736.16338263  1.86283666711  0.100019912163
-0.985376693134  351  752  751.690453396  1.82883081972  0.0667292621334
-0.985376693134  351  767  767.473949766  1.71599334337  0.126607149114
-0.985376693134  351  783  783.388274955  1.77724644975  0.105524938471
-0.985376693134  351  799  799.435860549  1.74994143189  0.114568138394
-0.985376693134  351  816  815.563656522  1.75447224858  0.0306500575003
-0.985376693134  351  832  831.876221557  1.90882920997  -0.0145960100608
-0.985376693134  351  848  848.364309736  1.83333985366  0.0562044294827
-0.985376693134  351  865  864.912632832  1.98372202456  0.00507559979346
-0.985376693134  350  882  881.612971781  1.8920726981  0.010515579219
-0.985376693134  350  898  898.499071359  1.84391060024  0.0666726519452
-0.985376693134  350  916  915.512183113  1.8755851394  0.0667732947232
-0.985376693134  350  933  932.641823131  1.85631314333  0.027482267047
-0.985376693134  350  950  950.024914606  1.94271122466  0.103196404513
-0.985376693134  349  967  967.501325229  1.72329908053  0.129709632321
-0.985376693134  349  985  985.166614807  1.95222493235  0.0737668651845
-0.985376693134  349  1003  1002.98925992  1.96449800251  0.0526677264426
-0.794864693134  349  7  7.24506316505  1.28962865652  0.158702776434
-0.794864693134  349  17  17.4158475341  1.16973356479  0.179792496223
-0.794864693134  349  28  27.5909100923  1.24272668616  0.0561893982449
-0.794864693134  349  38  37.900627678  1.41170555341  0.00825164566223
-0.794864693134  350  48  48.4549885188  1.13107781223  0.139444960066
-0.794864693134  350  59  58.8503020243  1.43271486383  0.00485794958624
-0.794864693134  350  69  69.4594558932  1.18876888755  0.122855971404
-0.794864693134  350  80  80.0451875517  1.4770288964  0.11126436475
-0.794864693134  350  91  90.6553101438  1.3408850366  -0.0171152072344
-0.794864693134  350  101  101.489922653  1.18895115673  0.157184786677
-0.794864693134  350  112  112.361837134  1.2780955725  0.242170753159
-0.794864693134  351  123  123.328475002  1.39254096475  0.142251067073
-0.794864693134  351  134  134.324231585  1.34009869305  0.227022380466
-0.794864693134  351  145  145.360510461  1.32184248245  0.230240640586
-0.794864693134  351  156  156.446192118  1.28376908928  0.0976997341738
-0.794864693134  351  168  167.580369777  1.26425596763  0.0432803225516
-0.794864693134  351  179  178.848961409  1.54215028964  0.0251898812635
-0.794864693134  351  190  190.26943094  1.49332313382  0.0708293498065
-0.794864693134  351  202  201.637502863  1.42953702897  0.00786068111594
-0.794864693134  352  213  213.311473475  1.49683721152  0.102073594407
-0.794864693134  352  225  224.837190591  1.57292697766  -0.0229107726403
-0.794864693134  352  237  236.536813805  1.26554809562  0.0671583616241
-0.794864693134  352  248  248.361223658  1.45024011425  0.155711055909
-0.794864693134  352  260  260.215784164  1.55249142775  0.142648036241
-0.794864693134  352  272  272.159414919  1.58577289905  0.187865767842
-0.794864693134  352  284  284.166155117  1.58077755818  0.154893193835
-0.794864693134  352  296  296.280444535  1.49595894432  0.188043176526
-0.794864693134  352  308  308.451059453  1.29288418136  0.188338690952
-0.794864693134  352  321  320.639281527  1.47927141822  -0.0100589183763
-0.794864693134  352  333  333.091699266  1.6657749354  0.081986934323
-0.794864693134  353  346  345.573444013  1.42631978789  0.0111707599244
-0.794864693134  353  358  358.190208109  1.68327968345  0.0731617488832
-0.794864693134  353  371  370.768532059  1.67017219132  -0.00417227487022
-0.794864693134  353  384  383.531786847  1.54196165325  0.043868842302
-0.794864693134  353  396  396.400615221  1.6006313849  0.100482217626
-0.794864693134  353  409  409.365785975  1.61065991321  0.143969727981
-0.794864693134  353  422  422.384214015  1.53541717289  0.172525736011
-0.794864693134  353  435  435.492042487  1.46943671138  0.138987119993
-0.794864693134  353  449  448.67837126  1.6005459833  0.0487901929163
-0.794864693134  353  462  462.054906519  1.71812168563  0.131631923234
-0.794864693134  353  475  475.489669243  1.41935509548  0.108446457829
-0.794864693134  353  489  489.002892693  1.7418587968  0.0477784386341
-0.794864693134  353  503  502.616062951  1.61606776948  0.0058187159039
-0.794864693134  353  516  516.415754375  1.62070592396  0.0632392149707
-0.794864693134  353  530  530.286133393  1.71855524254  0.0710322159535
-0.794864693134  353  544  544.247953203  1.77320575251  0.0990022122213
-0.794864693134  353  558  558.314250526  1.74139389796  0.101356199399
-0.794864693134  353  572  572.46679167  1.62985540789  0.0842504042863
-0.794864693134  353  587  586.722504716  1.77719567423  0.0506044919208
-0.794864693134  353  601  601.191071159  1.77979091929  0.130690363719
-0.794864693134  353  616  615.64301395  1.66983753615  0.0315499169431
-0.794864693134  353  630  630.360358432  1.67137362189  0.129414899362
-0.794864693134  353  645  645.101479084  1.82979832052  0.0566589876074
-0.794864693134  353  660  659.96109436  1.838508328  0.0367696987259
-0.794864693134  353  675  674.96785467  1.89566590885  0.0254922525003
-0.794864693134  353  690  690.087961844  1.9001382867  -0.0281421823979
-0.794864693134  353  705  705.368860857  1.83601249801  0.0937287926483
-0.794864693134  353  721  720.65367911  1.83567153659  0.0166227342299
-0.794864693134  352  736  736.151745123  1.87234534634  0.0655664598574
-0.794864693134  352  752  751.726067243  1.83327139912  0.0551056191622
-0.794864693134  352  768  767.506502475  1.66434477835  0.0989076553257
-0.794864693134  352  783  783.422997102  1.69406300465  0.0971907979165
-0.794864693134  352  799  799.46739725  1.66953555038  0.10763608985
-0.794864693134  352  816  815.597478815  1.73643254502  0.00736961089347
-0.794864693134  352  832  831.914247505  1.89983248839  -0.00761761341635
-0.794864693134  352  848  848.40556626  1.80464577911  0.0626980843221
-0.794864693134  352  865  864.976081853  1.97910650473  0.0578996565106
-0.794864693134  351  882  881.639914329  1.90899932679  -0.00910137454371
-0.794864693134  351  899  898.51550063  1.88512283411  0.0393399770395
-0.794864693134  351  916  915.540993848  1.89647240783  0.0678206537959
-0.794864693134  351  933  932.668654642  1.887096374  0.0203951945809
-0.794864693134  351  950  950.059190648  1.91198460762  0.113997303343
-0.794864693134  350  968  967.52207083  1.74941588512  0.103841953481
-0.794864693134  350  985  985.201080018  1.93288872783  0.0819152661204
-0.794864693134  350  1003  1003.01778042  1.96475012174  0.050127107336
-0.604352693134  350  7  7.34426281432  1.19909730281  0.178370838309
-0.604352693134  350  17  17.4849772458  1.15972668485  0.151304785791
-0.604352693134  350  28  27.6690082419  1.28327262482  0.0401491039051
-0.604352693134  350  38  38.0490713503  1.39387299882  0.0615864694043
-0.604352693134  351  49  48.5200012912  1.1830829669  0.0623221665851
-0.604352693134  351  59  58.9654560508  1.46507746733  0.0390509033744
-0.604352693134  351  70  69.512130074  1.17747712317  0.0304738394165
-0.604352693134  351  80  80.1693540752  1.45770343306  0.15829117803
-0.604352693134  351  91  90.7539378374  1.42836899221  -0.0168568939302
-0.604352693134  351  102  101.535935885  1.1930975229  0.052859464615
-0.604352693134  351  112  112.432944985  1.17738106946  0.235499192503
-0.604352693134  352  123  123.424894977  1.2805788842  0.148244926494
-0.604352693134  352  134  134.409323033  1.19544486644  0.247593614955
-0.604352693134  352  145  145.439584952  1.2143453101  0.233475574926
-0.604352693134  352  156  156.501938193  1.24531894487  0.0672777141583
-0.604352693134  352  168  167.652490666  1.35399854226  0.0364162954437
-0.604352693134  352  179  178.958697622  1.57695280907  0.0646603268599
-0.604352693134  352  190  190.367938391  1.39568032156  0.0951233002811
-0.604352693134  352  202  201.720949464  1.46977862205  0.00908911842492
-0.604352693134  353  213  213.398781354  1.41022332192  0.135192824753
-0.604352693134  353  225  224.932173338  1.60080518307  0.00825010808173
-0.604352693134  353  237  236.608138209  1.42262197417  0.0417940745513
-0.604352693134  353  248  248.438388901  1.38206904692  0.15706316243
-0.604352693134  353  260  260.298094344  1.52443591107  0.163359877866
-0.604352693134  353  272  272.238902772  1.53164372217  0.201544342137
-0.604352693134  353  284  284.256163423  1.54242880544  0.175928728525
-0.604352693134  353  296  296.354472126  1.46020856058  0.188772433932
-0.604352693134  353  308  308.503021242  1.25370145315  0.172108341698
-0.604352693134  353  321  320.723312708  1.54534212501  -0.00175256837756
-0.604352693134  353  333  333.169974763  1.62762364745  0.101604112551
-0.604352693134  354  346  345.623258101  1.56472286649  0.0121724256504
-0.604352693134  354  358  358.263495744  1.63400785794  0.0804653340843
-0.604352693134  354  371  370.859610427  1.71315304609  0.0136515232652
-0.604352693134  354  384  383.58995826  1.60587045098  0.0326908317219
-0.604352693134  354  396  396.465920346  1.56177248781  0.0890766833833
-0.604352693134  354  409  409.419986829  1.5851673563  0.131069323176
-0.604352693134  354  422  422.436935666  1.46276012806  0.156189103468
-0.604352693134  354  436  435.541340455  1.49196970306  0.0876316748179
-0.604352693134  354  449  448.743243761  1.66359340093  0.0452749926871
-0.604352693134  354  462  462.129588135  1.68864818542  0.130726187058
-0.604352693134  354  476  475.531772408  1.45928155621  0.0610939002899
-0.604352693134  354  489  489.094202983  1.72231264705  0.070456996241
-0.604352693134  354  503  502.681696058  1.66870257136  0.00600778398174
-0.604352693134  354  516  516.467980193  1.59338407497  0.045332310005
-0.604352693134  354  530  530.349370474  1.70345829544  0.0785989550776
-0.604352693134  354  544  544.306585631  1.73652270249  0.101813958595
-0.604352693134  354  558  558.372480489  1.72116668119  0.0960510959091
-0.604352693134  354  573  572.511130035  1.67430802162  0.056707495483
-0.604352693134  354  587  586.784934358  1.772298882  0.0613772536545
-0.604352693134  354  601  601.254278174  1.7682558185  0.140643477538
-0.604352693134  354  616  615.698560347  1.7204643995  0.039731703517
-0.604352693134  354  630  630.41351337  1.5954283758  0.121907893674
-0.604352693134  354  645  645.174842284  1.83084919483  0.078671695581
-0.604352693134  354  660  660.026964595  1.84878809258  0.0424059949477
-0.604352693134  354  675  675.02075182  1.90828898832  0.0251652249643
-0.604352693134  354  690  690.14683963  1.86705555718  0.0113287767818
-0.604352693134  354  705  705.400107367  1.82942717838  0.0890165658948
-0.604352693134  354  721  720.708216527  1.89819015729  0.0245266332294
-0.604352693134  353  736  736.188031089  1.85674893792  0.0891565518441
-0.604352693134  353  752  751.783224784  1.83816443349  0.0686376990304
-0.604352693134  353  768  767.540155759  1.65936165504  0.0891454148614
-0.604352693134  353  783  783.467321607  1.68209627705  0.09375215694
-0.604352693134  353  799  799.495460918  1.62906583951  0.108394191981
-0.604352693134  353  816  815.619425756  1.78592457311  0.00347585115619
-0.604352693134  353  832  831.964986122  1.92615618406  0.00011219791644
-0.604352693134  353  848  848.442106513  1.76155947413  0.0604188168071
-0.604352693134  352  865  864.955201347  1.97197517368  0.00671381120252
-0.604352693134  352  882  881.676115239  1.90828083944  -0.0048503141888
-0.604352693134  352  899  898.554000185  1.87719994859  0.0421835103099
-0.604352693134  352  916  915.573785269  1.86799920451  0.0727784009581
-0.604352693134  352  933  932.719646689  1.90189340175  0.0365098555772
-0.604352693134  352  950  950.098358262  1.92240434818  0.118763858436
-0.604352693134  351  968  967.540185829  1.75547223929  0.0876313011024
-0.604352693134  351  985  985.235054845  1.90212253043  0.0852078061554
-0.604352693134  351  1003  1003.06454059  1.95256955499  0.0604294425373
-0.413840693134  351  7  7.42002444725  1.1896052954  0.150195333202
-0.413840693134  351  18  17.543578644  1.17005690156  0.0307335338373
-0.413840693134  351  28  27.7671674381  1.37654506446  0.034050484889
-0.413840693134  351  38  38.1665916738  1.39171503098  0.0820120749812
-0.413840693134  352  49  48.5866658868  1.2030790824  0.000709997111842
-0.413840693134  352  59  59.105147466  1.47024732132  0.0960401743725
-0.413840693134  352  70  69.5791685073  1.20464714669  -0.00426869783948
-0.413840693134  352  80  80.2829239378  1.34075361741  0.179099950919
-0.413840693134  352  91  90.8742167445  1.5044651001  0.0227963208742
-0.413840693134  352  102  101.610239852  1.25683823334  0.0302869544442
-0.413840693134  352  112  112.491265977  1.14236335232  0.192329945449
-0.413840693134  353  123  123.480706649  1.20866788026  0.149052122298
-0.413840693134  353  134  134.462583181  1.15072246648  0.212653827649
-0.413840693134  353  145  145.492116246  1.21265390937  0.175404658851
-0.413840693134  353  157  156.558452755  1.23685628091  -0.0185878925333
-0.413840693134  353  168  167.744554957  1.45892829453  0.0425608946211
-0.413840693134  353  179  179.073638249  1.56705942699  0.0876104287933
-0.413840693134  353  190  190.437587501  1.35206276433  0.0774800917832
-0.413840693134  353  202  201.81394019  1.56352257654  0.0269249237174
-0.413840693134  353  213  213.394604692  1.41767948349  0.0874289811818
-0.413840693134  354  225  225.033194569  1.63276643358  0.0237916361689
-0.413840693134  354  237  236.678731695  1.50681751423  0.0302049102918
-0.413840693134  354  248  248.491122611  1.27143657933  0.1260674587
-0.413840693134  354  260  260.376837362  1.43934110452  0.17102286687
-0.413840693134  354  272  272.322277023  1.45967154531  0.226589111911
-0.413840693134  354  284  284.335894152  1.4775892824  0.191906913611
-0.413840693134  354  296  296.423406649  1.38352789807  0.188570199954
-0.413840693134  354  309  308.546883312  1.2957753899  0.0894170810356
-0.413840693134  354  321  320.818438836  1.61316064446  0.0135700483794
-0.413840693134  354  333  333.266226545  1.62502371655  0.12161536929
-0.413840693134  354  346  345.659132526  1.55198068303  0.017910459815
-0.413840693134  355  358  358.330223225  1.63461200817  0.0753333378747
-0.413840693134  355  371  370.92911285  1.7242071438  0.0296339495264
-0.413840693134  355  384  383.657402486  1.66465136125  0.0280204900644
-0.413840693134  355  397  396.522142088  1.59367299053  0.0593542566393
-0.413840693134  355  409  409.469306912  1.5948027152  0.111637705732
-0.413840693134  355  422  422.491098786  1.56135114241  0.116359931879
-0.413840693134  355  436  435.592264843  1.59222797421  0.0692935490631
-0.413840693134  355  449  448.816239866  1.6760124004  0.0608782509841
-0.413840693134  355  462  462.209953183  1.64517132942  0.155373535402
-0.413840693134  355  476  475.577859259  1.54491665994  0.0309153178369
-0.413840693134  355  489  489.158584523  1.72060176829  0.0803163754439
-0.413840693134  355  503  502.747532369  1.72417963048  0.00901321354965
-0.413840693134  355  517  516.510022661  1.63971842422  0.00591457870639
-0.413840693134  355  530  530.39681655  1.68936449566  0.0688265315609
-0.413840693134  355  544  544.352141534  1.69745396085  0.0787101572117
-0.413840693134  355  558  558.418041089  1.69640382056  0.0819047225346
-0.413840693134  355  573  572.565851608  1.71924403912  0.0438610447204
-0.413840693134  355  587  586.856342079  1.80020632062  0.0616036682102
-0.413840693134  355  601  601.310037872  1.7260173601  0.147211593478
-0.413840693134  355  616  615.77052083  1.75324911551  0.0482271324432
-0.413840693134  355  630  630.449720408  1.60616298758  0.099603054121
-0.413840693134  355  645  645.225949429  1.81526491871  0.083416432984
-0.413840693134  355  660  660.081483867  1.84428062014  0.0420353393864
-0.413840693134  355  675  675.084711047  1.90390994652  0.0421945243449
-0.413840693134  355  690  690.193205548  1.87430879799  0.00310626473857
-0.413840693134  355  705  705.443899317  1.82718766614  0.0763160312974
-0.413840693134  355  721  720.753227913  1.88831371981  0.0213920869402
-0.413840693134  354  736  736.251015567  1.84833058715  0.105873956634
-0.413840693134  354  752  751.829701793  1.87426811393  0.0756580749499
-0.413840693134  354  768  767.581078824  1.71128553302  0.0785289004963
-0.413840693134  354  783  783.501504412  1.63341967145  0.0800770721026
-0.413840693134  354  800  799.533763691  1.67431151579  0.0763736962676
-0.413840693134  354  816  815.668368335  1.81443568399  0.00434270552018
-0.413840693134  354  832  832.009035621  1.91589858935  0.00944725332712
-0.413840693134  354  848  848.465919694  1.78771673466  0.0514198722402
-0.413840693134  353  865  865.005986024  1.98585371516  0.037633693163
-0.413840693134  353  882  881.721128297  1.89803708969  0.00159693175529
-0.413840693134  353  899  898.584793569  1.87546886306  0.0302607401936
-0.413840693134  353  916  915.608056923  1.87315868636  0.0608730831944
-0.413840693134  353  933  932.732308136  1.9165771475  0.0221190889614
-0.413840693134  353  950  950.132415331  1.91906380349  0.130680453778
-0.413840693134  352  968  967.559988963  1.73111938277  0.0825120604385
-0.413840693134  352  985  985.273765522  1.90189957885  0.091171043901
-0.413840693134  352  1003  1003.08610268  1.96601597866  0.0621792934892
-0.223328693134  352  7  7.49620669056  1.17162891007  0.117676695666
-0.223328693134  352  18  17.6227138435  1.18999067557  0.0265925891473
-0.223328693134  352  28  27.8909002408  1.42151177477  0.0711703128444
-0.223328693134  352  38  38.2839305307  1.2943001176  0.123005268253
-0.223328693134  353  49  48.6102749103  1.29484808442  -0.00491664346752
-0.223328693134  353  59  59.2172050891  1.41743663177  0.112350055707
-0.223328693134  353  70  69.6450514418  1.28296435822  -0.0394128006794
-0.223328693134  353  80  80.3735409625  1.31342785734  0.196351610088
-0.223328693134  353  91  90.9766519892  1.52712752253  0.0453724600284
-0.223328693134  353  102  101.69246545  1.36873304138  0.00937073627464
-0.223328693134  353  113  112.543390377  1.19812002936  0.102354820212
-0.223328693134  353  123  123.476381076  1.25942383035  0.0642053109648
-0.223328693134  354  135  134.514058661  1.19347196933  0.0865496780905
-0.223328693134  354  146  145.541020498  1.2310945089  0.0894229589234
-0.223328693134  354  157  156.617882468  1.30202393467  -0.0393436606877
-0.223328693134  354  168  167.850937755  1.51687473345  0.060013147082
-0.223328693134  354  179  179.182557415  1.54212526977  0.12078964146
-0.223328693134  354  190  190.490705421  1.25941619736  0.0427768902968
-0.223328693134  354  202  201.911222967  1.56973818799  0.0527107712998
-0.223328693134  354  213  213.466511296  1.36021501309  0.122217096801
-0.223328693134  355  225  225.127883096  1.60926470095  0.0448104229053
-0.223328693134  355  237  236.77904807  1.56106076863  0.0487255828435
-0.223328693134  355  249  248.541094035  1.32253381054  0.0550194457416
-0.223328693134  355  260  260.441391941  1.3994099006  0.15578763171
-0.223328693134  355  272  272.390233489  1.43186455378  0.219800403664
-0.223328693134  355  284  284.400471057  1.41366015363  0.191675346514
-0.223328693134  355  296  296.483506114  1.30200037988  0.167147758426
-0.223328693134  355  309  308.60984718  1.38597762311  0.0580284839614
-0.223328693134  355  321  320.914012202  1.64503611381  0.0458055038462
-0.223328693134  355  333  333.332419693  1.55313298544  0.113005645783
-0.223328693134  355  346  345.72406622  1.64236283208  0.0221608502397
-0.223328693134  356  358  358.392280347  1.59828366126  0.0602831225568
-0.223328693134  356  371  371.018050075  1.73370935767  0.0472635983227
-0.223328693134  356  384  383.730029074  1.66634071184  0.0250162042412
-0.223328693134  356  397  396.5671309  1.55728635221  0.0166071368856
-0.223328693134  356  410  409.530996233  1.55412911112  0.091664811821
-0.223328693134  356  423  422.528385104  1.47306916176  0.0749095639307
-0.223328693134  356  436  435.640489413  1.55380950717  0.0534456754496
-0.223328693134  356  449  448.895825826  1.71483791567  0.0663880480664
-0.223328693134  356  462  462.276122099  1.59139418015  0.16984602989
-0.223328693134  356  476  475.625730336  1.53010807419  0.0198313903663
-0.223328693134  356  489  489.233648914  1.70642594248  0.098723475263
-0.223328693134  356  503  502.812175506  1.73773556051  0.0180446827143
-0.223328693134  356  517  516.556320479  1.59355640857  -0.0129805900104
-0.223328693134  356  530  530.444164917  1.62810691971  0.0640758023655
-0.223328693134  356  544  544.415827731  1.65522300061  0.0929443971579
-0.223328693134  356  558  558.456428939  1.65765206876  0.0670192262327
-0.223328693134  356  573  572.598706735  1.7088728471  0.023815756868
-0.223328693134  356  587  586.915665951  1.81981311011  0.0767841440314
-0.223328693134  356  601  601.369257864  1.70017419819  0.150643975003
-0.223328693134  356  616  615.82139443  1.75614982113  0.0529260605265
-0.223328693134  356  630  630.493483683  1.46986120648  0.110384194735
-0.223328693134  356  645  645.278151899  1.79459818228  0.0872616054709
-0.223328693134  356  660  660.151626473  1.83542178757  0.066955543011
-0.223328693134  356  675  675.134047601  1.91860149209  0.050184714464
-0.223328693134  356  690  690.226671769  1.88628057204  -0.042161176347
-0.223328693134  356  705  705.487391849  1.79296745708  0.0685197019048
-0.223328693134  355  721  720.761795761  1.89240073902  0.0382560701489
-0.223328693134  355  736  736.288425117  1.8411222973  0.093938516768
-0.223328693134  355  752  751.873073398  1.87549877322  0.0772831794337
-0.223328693134  355  768  767.609549079  1.74519475497  0.0659861116954
-0.223328693134  355  784  783.524161697  1.67453677381  0.0485093990159
-0.223328693134  355  800  799.559249616  1.72123631621  0.049380885289
-0.223328693134  355  816  815.686902482  1.92063736414  -0.0145686697698
-0.223328693134  355  832  832.042038006  1.91826061524  0.00717434140186
-0.223328693134  355  848  848.495309806  1.81155993737  0.0369440525334
-0.223328693134  354  865  865.043238253  1.99138201221  0.0458800796184
-0.223328693134  354  882  881.734588413  1.9242413822  -0.00172319408087
-0.223328693134  354  899  898.605032866  1.88307738115  0.0285369376006
-0.223328693134  354  916  915.62167886  1.8991322296  0.0532074027234
-0.223328693134  354  933  932.756779166  1.93767822095  0.0198615947405
-0.223328693134  354  950  950.156569955  1.91757750519  0.134824281028
-0.223328693134  353  968  967.583737362  1.76021146535  0.072383098901
-0.223328693134  353  985  985.308566169  1.88561552666  0.100039418095
-0.223328693134  353  1003  1003.11446552  1.97116936958  0.0695350527112
-0.0328166931338  353  8  7.54994970329  1.19596834564  0.0382213122315
-0.0328166931338  353  18  17.7026145317  1.25908148702  0.00532968854378
-0.0328166931338  353  28  28.0206016655  1.4203167664  0.105021455106
-0.0328166931338  353  38  38.3772352175  1.2648029371  0.11637686544
-0.0328166931338  353  49  48.656451293  1.27692259836  -0.00212408416298
-0.0328166931338  354  59  59.3112209993  1.37276977112  0.12979796858
-0.0328166931338  354  70  69.7468341056  1.36063902452  -0.0212573669659
-0.0328166931338  354  80  80.4457920961  1.18797531371  0.171359310006
-0.0328166931338  354  91  91.108220209  1.52447436529  0.0815087128366
-0.0328166931338  354  102  101.799515967  1.44863286439  0.0363351937873
-0.0328166931338  354  113  112.611763571  1.27700219654  0.0604609714952
-0.0328166931338  354  124  123.539367553  1.21087158515  0.0528753427814
-0.0328166931338  355  135  134.573823136  1.22482381228  0.0518373407204
-0.0328166931338  355  146  145.604031279  1.29519054384  0.0504243221
-0.0328166931338  355  157  156.698060859  1.39896171942  -0.0453071690609
-0.0328166931338  355  168  167.940979502  1.55073589127  0.0685792185807
-0.0328166931338  355  179  179.256239968  1.50369044172  0.113953714444
-0.0328166931338  355  191  190.542452801  1.21254502879  -0.0393585370889
-0.0328166931338  355  202  202.014029179  1.58994746419  0.082407638082
-0.0328166931338  355  214  213.514940232  1.39247920335  0.0525796283149
-0.0328166931338  356  225  225.222826949  1.60200132451  0.0682641957246
-0.0328166931338  356  237  236.846548394  1.6162102731  0.0369274143549
-0.0328166931338  356  249  248.608607747  1.41715844382  0.0253979790098
-0.0328166931338  356  260  260.49486708  1.29930721608  0.138778201852
-0.0328166931338  356  272  272.450490763  1.3050926769  0.200431450507
-0.0328166931338  356  284  284.464926718  1.32927966935  0.168975869348
-0.0328166931338  356  297  296.523200103  1.29216747841  0.0771332289853
-0.0328166931338  356  309  308.663697315  1.4813116635  0.0300827415626
-0.0328166931338  356  321  320.9929282  1.66447716252  0.0492575186476
-0.0328166931338  356  333  333.411203327  1.46707903486  0.135835724102
-0.0328166931338  356  346  345.800015757  1.65867103175  0.0231000144303
-0.0328166931338  356  358  358.403435826  1.53751583328  0.0966199105856
-0.0328166931338  357  371  371.102879602  1.72184957929  0.0621490812472
-0.0328166931338  357  384  383.798361149  1.69623730994  0.0313804982765
-0.0328166931338  357  397  396.640681214  1.62649660764  0.00926209279962
-0.0328166931338  357  410  409.582756919  1.61366481775  0.0580562368224
-0.0328166931338  357  423  422.591235363  1.59497773405  0.0581310042649
-0.0328166931338  357  436  435.710268891  1.64242177962  0.0435437580219
-0.0328166931338  357  449  448.965679247  1.72532160356  0.0922301883752
-0.0328166931338  357  462  462.341570646  1.57778328032  0.175572009354
-0.0328166931338  357  476  475.688741759  1.61524432787  0.0150321233564
-0.0328166931338  357  489  489.303392793  1.67071498973  0.108035817445
-0.0328166931338  357  503  502.885856459  1.75573354009  0.0333749519842
-0.0328166931338  357  517  516.605065772  1.65219249604  -0.016773176067
-0.0328166931338  357  530  530.494558213  1.63610493627  0.0562878083561
-0.0328166931338  357  544  544.451088032  1.63224554865  0.0709284123948
-0.0328166931338  357  559  558.509722091  1.66790876656  0.0512927643059
-0.0328166931338  357  573  572.668097681  1.743017302  0.0340447552536
-0.0328166931338  357  587  586.981657976  1.83176194759  0.0913570348267
-0.0328166931338  357  601  601.415573154  1.64483327848  0.149685440199
-0.0328166931338  357  616  615.875405675  1.79216484669  0.0516627888475
-0.0328166931338  357  631  630.529138781  1.54584428753  0.0649969041064
-0.0328166931338  357  645  645.32896514  1.76764994952  0.0916699790491
-0.0328166931338  357  660  660.201310813  1.82753894079  0.0743901467342
-0.0328166931338  357  675  675.186425883  1.89043261429  0.059814326302
-0.0328166931338  357  690  690.278231408  1.85923836811  -0.030557871277
-0.0328166931338  357  706  705.521473671  1.79206520076  0.0518500169307
-0.0328166931338  356  721  720.807484505  1.91507318696  0.030291271084
-0.0328166931338  356  736  736.332441075  1.81596158184  0.108085834984
-0.0328166931338  356  752  751.922727459  1.88690343622  0.0824774342469
-0.0328166931338  356  768  767.652569953  1.76630815045  0.0513811881265
-0.0328166931338  356  784  783.547992167  1.66694182254  0.0317608531274
-0.0328166931338  356  800  799.59215483  1.72686286714  0.0396816693107
-0.0328166931338  356  816  815.753265128  1.87059055697  0.0131730080103
-0.0328166931338  356  832  832.087994171  1.94415281331  0.0179148680121
-0.0328166931338  356  849  848.519552521  1.81342039767  0.0236516685281
-0.0328166931338  355  865  865.079629006  1.97107185595  0.0424955549559
-0.0328166931338  355  882  881.779590301  1.9302240681  0.0140351880763
-0.0328166931338  355  899  898.647625211  1.91644918469  0.0293756425582
-0.0328166931338  355  916  915.656423621  1.91533227195  0.0511323047377
-0.0328166931338  355  933  932.796042432  1.94334527338  0.0243892596847
-0.0328166931338  354  950  950.144453383  1.93129621048  0.0876185259291
-0.0328166931338  354  968  967.598795908  1.80442685661  0.0601409718597
-0.0328166931338  354  985  985.324901423  1.88695494441  0.0926816349045
-0.0328166931338  354  1003  1003.13993141  1.96769289982  0.0686220759231
0.157695306866  354  8  7.62872400627  1.20628293776  0.0126407126799
0.157695306866  354  18  17.8078767952  1.34779465015  0.0144469692879
0.157695306866  354  28  28.1535450156  1.37468963507  0.152059384547
0.157695306866  354  38  38.4466754268  1.18465719969  0.102010609531
0.157695306866  354  49  48.7452116762  1.36674464661  -0.00162817998631
0.157695306866  355  59  59.403498863  1.30759524122  0.118451333477
0.157695306866  355  70  69.8499399147  1.45783237526  -0.00837174787835
0.157695306866  355  80  80.5065040875  1.17224878084  0.141401444955
0.157695306866  355  91  91.2108534793  1.48840313461  0.109680277128
0.157695306866  355  102  101.911095395  1.51250495071  0.0446125561496
0.157695306866  355  113  112.70212363  1.41319684692  0.0572457618062
0.157695306866  355  124  123.596971377  1.25845314725  0.00412840907326
0.157695306866  356  135  134.638257048  1.33157441817  0.0165152045325
0.157695306866  356  146  145.689297247  1.38866519658  0.0547570243034
0.157695306866  356  157  156.803914559  1.49972453067  -0.0180522347872
0.157695306866  356  168  168.059720129  1.53815518424  0.10543611269
0.157695306866  356  179  179.359868694  1.41198534231  0.137485352782
0.157695306866  356  191  190.600793585  1.31735722758  -0.0648086406649
0.157695306866  356  202  202.116096407  1.57314165235  0.101992462854
0.157695306866  356  214  213.572270749  1.33313243638  0.00973516025075
0.157695306866  357  225  225.395699537  1.41095403732  0.560279764667
0.157695306866  357  237  236.948166121  1.64195000947  0.0520805606635
0.157695306866  357  249  248.682671627  1.49549263521  0.0118892021965
0.157695306866  357  261  260.546082136  1.30322569059  0.0596095058443
0.157695306866  357  272  272.506907092  1.2460862614  0.161079275898
0.157695306866  357  285  284.510308513  1.31514098135  0.0919464497555
0.157695306866  357  297  296.571971709  1.32323150184  0.0431215447899
0.157695306866  357  309  308.754263697  1.58161399348  0.0409972602655
0.157695306866  357  321  321.070835137  1.67074288572  0.0590025030614
0.157695306866  357  333  333.461147822  1.43010848149  0.107631208261
0.157695306866  357  346  345.86881346  1.6898252277  0.0168109457426
0.157695306866  357  358  358.458333351  1.53535442956  0.0726599952109
0.157695306866  358  371  371.193100511  1.68934796868  0.0906708816998
0.157695306866  358  384  383.886730622  1.7129265763  0.0426504554267
0.157695306866  358  397  396.702372981  1.67206543579  0.0118170892167
0.157695306866  358  410  409.642619785  1.6264604077  0.0496455790067
0.157695306866  358  423  422.655692836  1.66057478459  0.0430845596741
0.157695306866  358  436  435.788882231  1.66894047751  0.0617038960418
0.157695306866  358  449  449.051945201  1.73500041975  0.10059634743
0.157695306866  358  462  462.398673276  1.49395943129  0.16720076105
0.157695306866  358  476  475.763597445  1.65653972194  0.0113018084808
0.157695306866  358  489  489.353194709  1.64384298557  0.098577498679
0.157695306866  358  503  502.951871969  1.76823872398  0.0416278378953
0.157695306866  358  517  516.645796537  1.66954559357  -0.0451961210345
0.157695306866  358  531  530.536791994  1.65039635975  0.0205664148007
0.157695306866  358  544  544.499676392  1.64118338173  0.0603796927063
0.157695306866  358  559  558.558998433  1.70320988754  0.0326610515965
0.157695306866  358  573  572.718746617  1.77773168553  0.0218165918243
0.157695306866  358  587  587.044113547  1.84056834093  0.0987392658558
0.157695306866  358  601  601.461812364  1.64644422494  0.133417529606
0.157695306866  358  616  615.946297132  1.80181062922  0.0638511357447
0.157695306866  358  631  630.562167188  1.61615270392  0.0333275959029
0.157695306866  358  645  645.377450757  1.75360913729  0.0843030852842
0.157695306866  358  660  660.250129913  1.81031505586  0.0711423433293
0.157695306866  358  675  675.240926985  1.86974347932  0.0686027703988
0.157695306866  358  690  690.349896988  1.83512085519  0.0501024313868
0.157695306866  357  706  705.534282244  1.79547112002  0.0564937870493
0.157695306866  357  721  720.853120675  1.90987409402  0.0380598095111
0.157695306866  357  736  736.378038046  1.80688903188  0.100317562026
0.157695306866  357  752  751.96739884  1.89079329465  0.0951219735371
0.157695306866  357  768  767.689441185  1.798857994  0.0463090767181
0.157695306866  357  784  783.582904554  1.70135903466  0.0225117376515
0.157695306866  357  800  799.628755706  1.74936299764  0.0377772190606
0.157695306866  357  816  815.790412503  1.88144065885  0.0146290848349
0.157695306866  357  832  832.132159457  1.93578892282  0.0192248353644
0.157695306866  357  849  848.549516421  1.82342288885  0.00600350053061
0.157695306866  356  865  865.118957068  1.9983187998  0.053791261156
0.157695306866  356  882  881.808599302  1.95133545126  0.00522337224391
0.157695306866  356  899  898.675264475  1.91373326372  0.0319797322014
0.157695306866  356  916  915.685473523  1.91123479998  0.0560953093963
0.157695306866  356  933  932.819574683  1.98051045733  0.0261612731068
0.157695306866  355  950  950.193350367  1.88987907949  0.147849917198
0.157695306866  355  968  967.627540914  1.8466316257  0.0493856916615
0.157695306866  355  985  985.339083815  1.86729534092  0.0846129748567
0.157695306866  355  1003  1003.1782181  1.94227498088  0.0674085743668
0.348207306866  355  8  7.70930669929  1.28797896812  -0.00918879431678
0.348207306866  355  18  17.9258343912  1.42787246934  0.0279899876041
0.348207306866  355  28  28.2598281906  1.31740518592  0.174925580333
0.348207306866  355  39  38.5097131611  1.18091109325  0.000689117831329
0.348207306866  355  49  48.8621202234  1.43058925068  0.0135391393932
0.348207306866  356  59  59.4826498223  1.2086182718  0.104561473445
0.348207306866  356  70  69.977944138  1.47583060161  0.0256658970091
0.348207306866  356  81  80.5578062772  1.22309916193  0.0388301432752
0.348207306866  356  91  91.3150246653  1.43510041287  0.120578021474
0.348207306866  356  102  102.023480017  1.49781336914  0.0669896726309
0.348207306866  356  113  112.803883445  1.49357650401  0.0712033594607
0.348207306866  356  124  123.677311885  1.34018258948  -0.00640306351623
0.348207306866  357  135  134.734909586  1.43903495554  0.0305176939881
0.348207306866  357  146  145.795044641  1.52250152231  0.0635465688287
0.348207306866  357  157  156.959790924  1.52962195551  0.226554678324
0.348207306866  357  168  168.160832018  1.53019590529  0.122402617105
0.348207306866  357  179  179.427406443  1.34378014295  0.125218471133
0.348207306866  357  191  190.683282117  1.42902249433  -0.0650381318848
0.348207306866  357  202  202.210388992  1.55797178823  0.119771108316
0.348207306866  357  214  213.633900194  1.45832200157  -0.0126188707389
0.348207306866  357  225  225.368513512  1.41452528783  0.320898131753
0.348207306866  358  237  237.050176154  1.64034952226  0.081106058037
0.348207306866  358  249  248.768115731  1.5731856043  0.0185748401464
0.348207306866  358  261  260.605620767  1.4062281079  0.00519590755014
0.348207306866  358  273  272.55358387  1.27861422672  0.0897917482324
0.348207306866  358  285  284.56003301  1.30458315272  0.0539544856512
0.348207306866  358  297  296.638495094  1.46516961688  0.0117349857971
0.348207306866  358  309  308.840412552  1.62959780335  0.0378479838729
0.348207306866  358  321  321.182974351  1.64735181034  0.0986622332967
0.348207306866  358  334  333.512588018  1.40972198176  0.0495475744724
0.348207306866  358  346  345.969058261  1.69360305343  0.048942778688
0.348207306866  358  359  358.507540353  1.48888642479  0.0252405719497
0.348207306866  358  371  371.192565526  1.69134931748  0.0889614821072
0.348207306866  359  384  383.960008357  1.74205644036  0.0462835395325
0.348207306866  359  397  396.772340486  1.6865171487  0.00952294950978
0.348207306866  359  410  409.712611836  1.70586633508  0.0605727633686
0.348207306866  359  423  422.732001826  1.70388222386  0.0589865841731
0.348207306866  359  436  435.859028176  1.71959461564  0.0581971180209
0.348207306866  359  449  449.126772997  1.70711039965  0.127699764088
0.348207306866  359  462  462.447166053  1.47432815968  0.138000399335
0.348207306866  359  476  475.829053431  1.69993735652  0.0280224969245
0.348207306866  359  489  489.411825066  1.65591268545  0.0907351197138
0.348207306866  359  503  503.018918115  1.77056957841  0.0529894343379
0.348207306866  359  517  516.724749075  1.7229241684  -0.0262234710313
0.348207306866  359  531  530.588870956  1.68740790939  0.0037501763242
0.348207306866  359  545  544.548944973  1.73351162753  0.0301061156234
0.348207306866  359  559  558.613139205  1.7513783162  0.0209537120806
0.348207306866  359  573  572.775549585  1.82949305261  0.0236628656555
0.348207306866  359  587  587.103419573  1.84326615896  0.113062105366
0.348207306866  359  601  601.508592378  1.6504827114  0.112882154378
0.348207306866  359  616  616.007117768  1.78130175269  0.0772073607031
0.348207306866  359  631  630.614728656  1.71436817021  0.0264095531643
0.348207306866  359  645  645.427912225  1.74695038397  0.0788568706458
0.348207306866  359  660  660.282720449  1.79408344578  0.0606156789231
0.348207306866  359  675  675.277517145  1.8656199815  0.0548715331615
0.348207306866  359  690  690.384663163  1.84241169195  0.0412569687619
0.348207306866  358  706  705.565606384  1.84363382276  0.0470458845853
0.348207306866  358  721  720.904814577  1.9457396793  0.0405560559254
0.348207306866  358  736  736.413677606  1.76738210791  0.089916598441
0.348207306866  358  752  752.019053004  1.88857830496  0.102720659216
0.348207306866  358  768  767.737178533  1.8239080475  0.0491570419473
0.348207306866  358  784  783.618143305  1.73622422495  0.00804880588143
0.348207306866  358  800  799.661284501  1.77843156921  0.0285503384831
0.348207306866  358  816  815.832850733  1.91641455933  0.0106093506272
0.348207306866  358  832  832.172098041  1.92114685156  0.0214531135598
0.348207306866  357  849  848.550080981  1.83302090009  0.0049341907275
0.348207306866  357  865  865.160716928  1.9924992523  0.0559311952545
0.348207306866  357  882  881.846798703  1.96407205144  0.00408174205701
0.348207306866  357  899  898.698082064  1.91586153689  0.0237393977297
0.348207306866  357  916  915.719684246  1.93099542908  0.0553983874277
0.348207306866  357  933  932.868243557  1.97203609496  0.0309422745745
0.348207306866  356  950  950.218850862  1.89242846564  0.134173727737
0.348207306866  356  968  967.654208209  1.84543443397  0.0481550268369
0.348207306866  356  985  985.377818247  1.86643169266  0.095772805858
0.348207306866  356  1003  1003.19759666  1.95086685595  0.0752259398698
0.538719306866  356  8  7.82757761149  1.35328244098  0.0171429877498
0.538719306866  356  18  18.0784777726  1.41445748676  0.0985906622175
0.538719306866  356  28  28.3641242302  1.19186208521  0.177998043577
0.538719306866  356  39  38.5739046068  1.18535877203  -0.0237531531262
0.538719306866  356  49  49.0014677631  1.46993681404  0.0557345252711
0.538719306866  357  60  59.539992184  1.21195961815  0.0359325837719
0.538719306866  357  70  70.0934884913  1.49675628079  0.0504377895613
0.538719306866  357  81  80.6381814767  1.31646884355  0.0147729502608
0.538719306866  357  91  91.3930404443  1.34754739977  0.116027648645
0.538719306866  357  102  102.135284262  1.50662780795  0.0924708372279
0.538719306866  357  113  112.910071594  1.52603520466  0.0864369023904
0.538719306866  357  124  123.771199115  1.46571836566  -0.0091926847042
0.538719306866  357  135  134.781345196  1.60344265822  0.00381780989455
0.538719306866  358  146  145.904179473  1.52400013933  0.0952225035448
0.538719306866  358  157  157.053263212  1.55115506279  0.178500832721
0.538719306866  358  168  168.273372588  1.45123467801  0.164506397001
0.538719306866  358  179  179.498979333  1.27583116385  0.103860000515
0.538719306866  358  191  190.771968992  1.52265266092  -0.0575924289414
0.538719306866  358  202  202.29398764  1.48011902316  0.11692844244
0.538719306866  358  214  213.735558826  1.54210656997  0.0121028749236
0.538719306866  358  225  225.366192699  1.646398828  -0.00938937782361
0.538719306866  359  237  237.149873439  1.60592881889  0.108222387636
0.538719306866  359  249  248.870194861  1.63408338535  0.0373502182689
0.538719306866  359  261  260.689903485  1.53069544971  0.0213044829508
0.538719306866  359  273  272.618100951  1.45163521099  0.0551209242367
0.538719306866  359  285  284.623042912  1.44241270111  0.0283081320932
0.538719306866  359  297  296.723072073  1.53943689763  0.0228698246424
0.538719306866  359  309  308.940096463  1.65791097846  0.0670030416226
0.538719306866  359  321  321.256703291  1.60668492707  0.101289070985
0.538719306866  359  334  333.563044766  1.44245921894  0.0185166139146
0.538719306866  359  346  346.042671667  1.7012489293  0.0650014939439
0.538719306866  359  359  358.570754398  1.53185009673  0.0048169498033
0.538719306866  359  371  371.25677116  1.6855220978  0.0843469687429
0.538719306866  360  384  384.039427193  1.73061772471  0.0418091810742
0.538719306866  360  397  396.835745767  1.7258782108  -0.000951366529126
0.538719306866  360  410  409.773276956  1.69865580691  0.0444471383152
0.538719306866  360  423  422.801843149  1.71727673675  0.0596628383872
0.538719306866  360  436  435.941897171  1.70389095816  0.0725231652967
0.538719306866  360  449  449.213142014  1.7127318616  0.147082322506
0.538719306866  360  462  462.492179799  1.30083266417  0.130067909652
0.538719306866  360  476  475.892009672  1.72513750816  0.0238644349438
0.538719306866  360  489  489.470200345  1.52219594799  0.0923535584103
0.538719306866  360  503  503.092820411  1.7729397714  0.0605874907283
0.538719306866  360  517  516.775249965  1.74801397103  -0.0341968324519
0.538719306866  360  531  530.634981838  1.68682466785  -0.0230812002124
0.538719306866  360  545  544.599520467  1.70266537439  0.0191003716295
0.538719306866  360  559  558.6634445  1.75752057302  0.00603620833504
0.538719306866  360  573  572.836576981  1.81638786394  0.0321079155025
0.538719306866  360  587  587.182306708  1.8068734584  0.127585574202
0.538719306866  360  602  601.546512881  1.58884641076  0.0832113431691
0.538719306866  360  616  616.082464011  1.78160653421  0.101902045765
0.538719306866  360  631  630.656303372  1.73745001332  0.00476882462657
0.538719306866  360  645  645.473784382  1.64414677382  0.0695742203576
0.538719306866  360  660  660.340681389  1.74444431349  0.0632404585017
0.538719306866  360  675  675.340856679  1.83280659049  0.0643097835517
0.538719306866  360  690  690.439637277  1.73519395177  0.0972915400517
0.538719306866  359  706  705.603676613  1.85718948157  0.0423308055811
0.538719306866  359  721  720.968933267  1.93379197288  0.0560045053855
0.538719306866  359  736  736.450781202  1.77807242211  0.068992623218
0.538719306866  359  752  752.060519391  1.87094921919  0.0986308582287
0.538719306866  359  768  767.779382722  1.83506151204  0.05229117346
0.538719306866  359  784  783.666890953  1.76525101006  0.0198973617724
0.538719306866  359  800  799.701839733  1.80918775768  0.0280501248292
0.538719306866  359  816  815.876319459  1.87902301294  0.0155163747187
0.538719306866  359  832  832.200370993  1.90310715999  0.0176961696265
0.538719306866  358  849  848.571740538  1.84918368129  -0.00942648178025
0.538719306866  358  865  865.200130452  1.9897976264  0.0584368936071
0.538719306866  358  882  881.882564727  1.95247937838  0.00600175934555
0.538719306866  358  899  898.728569897  1.93775087157  0.020272882453
0.538719306866  358  916  915.743233281  1.94397978435  0.047588468793
0.538719306866  358  933  932.901035946  1.96476246764  0.0446629853774
0.538719306866  357  950  950.254352123  1.86720048186  0.1403830846
0.538719306866  357  968  967.688718294  1.85409598286  0.059909013293
0.538719306866  357  985  985.392290503  1.84073210165  0.0866682036615
0.538719306866  357  1003  1003.22075332  1.94379049518  0.0805176790667
0.729231306866  357  8  7.95092588086  1.41408887693  0.0504162716828
0.729231306866  357  18  18.1903267718  1.37624364217  0.126348258314
0.729231306866  357  28  28.4411802263  1.16344222236  0.168439287058
0.729231306866  357  39  38.6424891554  1.23702897447  -0.0526441102887
0.729231306866  357  49  49.1270921264  1.45538607877  0.0875209966837
0.729231306866  357  60  59.5411012274  1.28654633712  -0.0433005360427
0.729231306866  358  70  70.207787447  1.43797907306  0.075986925838
0.729231306866  358  81  80.7293406876  1.42167649047  0.0133282151687
0.729231306866  358  91  91.4802878312  1.25929850753  0.126168680644
0.729231306866  358  102  102.246974409  1.44452213065  0.122614591325
0.729231306866  358  113  113.041477503  1.54152304742  0.133086012053
0.729231306866  358  124  123.87804097  1.49321428584  0.0249427398679
0.729231306866  358  135  134.839787584  1.51677486953  0.0314568702202
0.729231306866  359  146  146.014425587  1.55292726631  0.122939463348
0.729231306866  359  157  157.122920541  1.55804402157  0.0575980165417
0.729231306866  359  168  168.345696458  1.42723871889  0.141000799631
0.729231306866  359  180  179.54173701  1.25264814054  0.0262304297923
0.729231306866  359  191  190.867540466  1.56612060014  -0.0530318135092
0.729231306866  359  202  202.373187107  1.43917606286  0.118424143037
0.729231306866  359  214  213.90530493  1.6669294529  0.167871561662
0.729231306866  359  225  225.450021196  1.59219070695  0.00141065043153
0.729231306866  360  237  237.204120077  1.69814384826  0.0801746200172
0.729231306866  360  249  248.954801878  1.65345721963  0.0487524852324
0.729231306866  360  261  260.767565953  1.56973165762  0.00050322738545
0.729231306866  360  273  272.698641824  1.52689424449  0.0413765212133
0.729231306866  360  285  284.693348986  1.49495193944  0.0161096466149
0.729231306866  360  297  296.800644038  1.60592974631  0.0217436817058
0.729231306866  360  309  309.039962173  1.66200835852  0.0908315631657
0.729231306866  360  321  321.343572645  1.54230265539  0.106122914898
0.729231306866  360  334  333.619060572  1.48093953699  -0.01494171276
0.729231306866  360  346  346.14171379  1.66653807601  0.0880983079697
0.729231306866  360  359  358.622330307  1.55720166387  -0.0338679739482
0.729231306866  360  371  371.337633091  1.63854535785  0.0912940034633
0.729231306866  360  384  384.042738572  1.72635198063  0.0590384446696
0.729231306866  361  397  396.90969195  1.73674256837  0.0230936996271
0.729231306866  361  410  409.849589391  1.72175094747  0.0539629579683
0.729231306866  361  423  422.862949593  1.74676963346  0.0588432813732
0.729231306866  361  436  436.007331398  1.73749903649  0.0680946951207
0.729231306866  361  449  449.26472757  1.66947155302  0.134486678465
0.729231306866  361  463  462.534446786  1.38477220855  0.0738209015863
0.729231306866  361  476  475.960247288  1.74919758446  0.027480918219
0.729231306866  361  490  489.507152628  1.55327102686  0.0408704708816
0.729231306866  361  503  503.166856182  1.75449965897  0.0780334217292
0.729231306866  361  517  516.850135549  1.77379807068  -0.02034331366
0.729231306866  361  531  530.696760122  1.73821000322  -0.00844131586384
0.729231306866  361  545  544.666361646  1.74238090051  0.0196216844028
0.729231306866  361  559  558.718298441  1.77544318891  0.00819350628856
0.729231306866  361  573  572.904705429  1.8222170726  0.0451049769503
0.729231306866  361  587  587.246409783  1.75824649366  0.14287455469
0.729231306866  361  602  601.578185654  1.62173226573  0.0504806282644
0.729231306866  361  616  616.141391477  1.76433164919  0.102543434271
0.729231306866  361  631  630.717864136  1.76452963668  0.00730119187666
0.729231306866  361  646  645.514687268  1.65674053079  0.0421798761408
0.729231306866  361  660  660.385381861  1.75458014609  0.0564196244557
0.729231306866  361  675  675.371205005  1.81287415636  0.0552282777009
0.729231306866  360  690  690.438339163  1.77483265379  0.0350838159354
0.729231306866  360  706  705.646154102  1.85922615251  0.0271866997618
0.729231306866  360  721  721.007461734  1.94114373502  0.0529046774647
0.729231306866  360  736  736.482366973  1.75248254854  0.0542683382672
0.729231306866  360  752  752.117549877  1.88807411801  0.114299898836
0.729231306866  360  768  767.835348974  1.86454616217  0.0614794365773
0.729231306866  360  784  783.708458741  1.78547410478  0.00416463369836
0.729231306866  360  800  799.739256256  1.82521073802  0.0149225218871
0.729231306866  360  816  815.933509495  1.93632359452  0.029613275163
0.729231306866  360  832  832.252863149  1.89314600096  0.0365286373752
0.729231306866  359  849  848.603963786  1.86585368549  -0.00859226351121
0.729231306866  359  865  865.239542124  1.96372455822  0.056592942349
0.729231306866  359  882  881.929362963  1.95983458615  0.00886678961939
0.729231306866  359  899  898.762425298  1.9472387589  0.0200797381646
0.729231306866  359  916  915.783751961  1.94599257555  0.0488500124157
0.729231306866  359  933  932.932499289  1.9809143054  0.0317345572149
0.729231306866  358  950  950.28340907  1.85728430867  0.140001606955
0.729231306866  358  968  967.701298764  1.87858891999  0.0518314213259
0.729231306866  358  985  985.417913229  1.82105091898  0.0921582401464
0.729231306866  358  1003  1003.24997925  1.92069432291  0.0800506813256
0.919743306866  358  8  8.09978789526  1.39509888669  0.114900464331
0.919743306866  358  18  18.3126104976  1.27540526421  0.148184954253
0.919743306866  358  28  28.5008129902  1.15756977401  0.134816640182
0.919743306866  358  39  38.7453492974  1.3346607894  -0.0392695858829
0.919743306866  358  49  49.2340690992  1.41092112903  0.125391292736
0.919743306866  358  60  59.6099800017  1.23376569871  0.00339716384633
0.919743306866  359  70  70.3077630981  1.41441529696  0.0894985524133
0.919743306866  359  81  80.8493334234  1.48851141072  0.0446831760446
0.919743306866  359  92  91.5288262152  1.20621032251  0.0381691815507
0.919743306866  359  102  102.337771218  1.41830254983  0.131996415462
0.919743306866  359  113  113.151935242  1.51721917255  0.151310966941
0.919743306866  359  124  124.00232893  1.52350015686  0.057370907599
0.919743306866  359  135  134.952874403  1.55473389371  0.0676508534247
0.919743306866  360  146  146.12018765  1.51232271833  0.14919902517
0.919743306866  360  157  157.238200997  1.53285949312  0.0835199466834
0.919743306866  360  168  168.422468174  1.29370765715  0.135722203799
0.919743306866  360  180  179.610834383  1.32884301848  0.01438874012
0.919743306866  360  191  190.973071164  1.6069382003  -0.0166029638265
0.919743306866  360  202  202.451574425  1.32202060598  0.118785546648
0.919743306866  360  214  213.920474309  1.599974592  0.0293990655862
0.919743306866  360  226  225.519284527  1.30312181094  0.000991118981603
0.919743306866  360  237  237.248510449  1.57143466492  0.122512333393
0.919743306866  361  249  249.046693484  1.63209733208  0.0689645896971
0.919743306866  361  261  260.856851783  1.6042276563  0.022608153608
0.919743306866  361  273  272.773383836  1.5984723145  0.0437310797533
0.919743306866  361  285  284.769581057  1.56638488208  0.0210139511299
0.919743306866  361  297  296.894455304  1.63624017648  0.0383436334046
0.919743306866  361  309  309.125900383  1.65605669877  0.115845828954
0.919743306866  361  321  321.397020436  1.51398108032  0.101122334582
0.919743306866  361  334  333.686230318  1.57992832837  -0.0257106170764
0.919743306866  361  346  346.224575178  1.65051851905  0.0979389680112
0.919743306866  361  359  358.688825065  1.61109318668  -0.0358195707148
0.919743306866  361  371  371.398552985  1.61891504789  0.0918949629855
0.919743306866  361  384  384.120527987  1.73088419721  0.073052893476
0.919743306866  361  397  396.907392909  1.7322814668  0.0101543902093
0.919743306866  362  410  409.933694221  1.72601724079  0.0694426568473
0.919743306866  362  423  422.957034171  1.77499952581  0.0862935736494
0.919743306866  362  436  436.085848412  1.71559678489  0.0943450692312
0.919743306866  362  449  449.335255784  1.62012342211  0.145398545965
0.919743306866  362  463  462.591729131  1.56608384133  0.0411099750051
0.919743306866  362  476  476.042751179  1.72029757118  0.0452294157239
0.919743306866  362  490  489.563290412  1.57571891891  0.0394818565688
0.919743306866  362  503  503.228421899  1.75637577351  0.081461152251
0.919743306866  362  517  516.911617095  1.81188158528  -0.0125926819658
0.919743306866  362  531  530.753319083  1.76953936207  -0.0207651819815
0.919743306866  362  545  544.719328103  1.77732902123  0.0183313885741
0.919743306866  362  559  558.775246088  1.81913239655  0.0118461906919
0.919743306866  362  573  572.968856761  1.85198363562  0.051726195179
0.919743306866  362  587  587.294678516  1.75468842141  0.133616119345
0.919743306866  362  602  601.633053649  1.69924647953  0.0501275839326
0.919743306866  362  616  616.191450365  1.76461743298  0.105182605352
0.919743306866  362  631  630.766993501  1.80320022566  0.00527222975012
0.919743306866  362  646  645.551995081  1.7033948136  0.0225049887985
0.919743306866  362  660  660.426716253  1.7235085619  0.0387341041699
0.919743306866  362  675  675.424783299  1.78840070945  0.0862028529304
0.919743306866  361  690  690.482406137  1.77703137635  0.0337918054898
0.919743306866  361  706  705.687305299  1.85146049132  0.0408823221688
0.919743306866  361  721  721.068255062  1.93757966293  0.0655384475499
0.919743306866  361  737  736.513836071  1.76866822522  0.0434945715465
0.919743306866  361  752  752.177648477  1.85292366397  0.12226107856
0.919743306866  361  768  767.886416813  1.87527379886  0.0682266448705
0.919743306866  361  784  783.746910757  1.82038128498  0.00845137807559
0.919743306866  361  800  799.779910376  1.84237380939  0.0198968322653
0.919743306866  361  816  815.971653414  1.90288308153  0.0328071207663
0.919743306866  361  832  832.282199117  1.87986704295  0.028625711777
0.919743306866  360  849  848.634909213  1.8907453564  -0.0137351807804
0.919743306866  360  865  865.273494109  1.9341019421  0.0661131782648
0.919743306866  360  882  881.951780521  1.98766709369  0.00409389629086
0.919743306866  360  899  898.792752937  1.95129831497  0.0177459178618
0.919743306866  360  916  915.819504823  1.96900605151  0.0501859607203
0.919743306866  360  933  932.981110455  2.00566292547  0.0702712773421
0.919743306866  359  950  950.310960364  1.83155005375  0.130838950752
0.919743306866  359  968  967.748441475  1.90877459665  0.0561705501476
0.919743306866  359  985  985.441646504  1.84537329693  0.0759196503346
0.919743306866  359  1003  1003.27624952  1.91683431433  0.0766107674174
1.11025530687  359  8  8.21021568949  1.36365186566  0.128898557422
1.11025530687  359  18  18.4008220657  1.19444667167  0.171814672253
1.11025530687  359  29  28.5611805858  1.19498049753  0.0600605455469
1.11025530687  359  39  38.851360529  1.4152932319  -0.0158967337457
1.11025530687  359  49  49.3423034102  1.33609045915  0.135411291789
1.11025530687  359  60  59.6865101366  1.32867448167  -0.0238036824845
1.11025530687  360  70  70.4008611655  1.30938254107  0.0956185796785
1.11025530687  360  81  80.9588121616  1.52921621909  0.0707104523759
1.11025530687  360  92  91.5937237417  1.25693408071  0.00409322339897
1.11025530687  360  102  102.416889513  1.29323553686  0.129777852926
1.11025530687  360  113  113.256420761  1.46390632551  0.180710300995
1.11025530687  360  124  124.112773794  1.522950251  0.087840458082
1.11025530687  360  135  135.062307767  1.5518614407  0.0928340299734
1.11025530687  361  146  146.236820384  1.43922431393  0.241513911496
1.11025530687  361  157  157.314787081  1.48503775416  0.0854193793348
1.11025530687  361  168  168.48370602  1.24226905229  0.124029414323
1.11025530687  361  180  179.695748061  1.48524659077  0.00127014250616
1.11025530687  361  191  191.061062263  1.62815145069  -0.00218432415287
1.11025530687  361  203  202.512059137  1.32334836919  0.0503440544435
1.11025530687  361  214  213.997963268  1.63934174997  -0.0200374588742
1.11025530687  361  226  225.569278966  1.35911029503  -0.0362305859052
1.11025530687  361  237  237.324760353  1.53197667142  0.121116219833
1.11025530687  362  249  249.143243181  1.62946034124  0.081449795262
1.11025530687  362  261  260.957734302  1.65014809606  0.0401712653165
1.11025530687  362  273  272.870485203  1.63405948181  0.0699774188581
1.11025530687  362  285  284.876586624  1.6275253226  0.0505741178128
1.11025530687  362  297  296.988790121  1.66169385559  0.0567728799682
1.11025530687  362  309  309.219681978  1.60390774741  0.140914717286
1.11025530687  362  321  321.464996408  1.47523244166  0.0871736102951
1.11025530687  362  334  333.785482996  1.62181989644  0.00284200054468
1.11025530687  362  346  346.29789009  1.60484168778  0.102283027519
1.11025530687  362  359  358.764077823  1.67077814254  -0.0250454078339
1.11025530687  362  371  371.462386261  1.59052307826  0.0743729807573
1.11025530687  362  384  384.202393487  1.70696141759  0.0808862471277
1.11025530687  362  397  397.001817288  1.76728980718  0.0400624247108
1.11025530687  363  410  410.020906792  1.74096137264  0.104064362317
1.11025530687  363  423  423.032873337  1.77114482964  0.0973806671169
1.11025530687  363  436  436.150745587  1.70692827323  0.0883591506288
1.11025530687  363  449  449.376909107  1.62570257627  0.132444549977
1.11025530687  363  463  462.655864934  1.66066418866  0.0390245302402
1.11025530687  363  476  476.115368228  1.71585053788  0.0667193593207
1.11025530687  363  490  489.615154115  1.6638219189  0.0208082010707
1.11025530687  363  503  503.281996463  1.73705190088  0.0815970581245
1.11025530687  363  517  516.978322924  1.81720418282  -0.00230662535488
1.11025530687  363  531  530.817978154  1.79130750647  -0.00603021645165
1.11025530687  363  545  544.781547495  1.80015217815  0.0262867752578
1.11025530687  363  559  558.848932239  1.83900650656  0.0298285534995
1.11025530687  363  573  573.033488293  1.83495076486  0.0617532558421
1.11025530687  363  587  587.337826485  1.7274556689  0.122908642148
1.11025530687  363  602  601.684249571  1.75176457384  0.041700806539
1.11025530687  363  616  616.232295038  1.77466633081  0.083578146096
1.11025530687  363  631  630.83338079  1.83479705317  0.0279923061941
1.11025530687  363  646  645.595984417  1.73283160185  0.0197042341231
1.11025530687  363  660  660.48082232  1.80396480289  0.0365044382144
1.11025530687  362  675  675.42111991  1.81453023424  0.0494814612183
1.11025530687  362  691  690.503542477  1.80936034928  -3.63678140528e-05
1.11025530687  362  706  705.742138724  1.87878226791  0.0447304758739
1.11025530687  362  721  721.115970891  1.94121816998  0.068543669857
1.11025530687  362  737  736.54447137  1.80126037644  0.0275416052922
1.11025530687  362  752  752.212578846  1.84815473975  0.121036786092
1.11025530687  362  768  767.925510495  1.89433598728  0.0622786032594
1.11025530687  362  784  783.790778015  1.84012827862  0.00824811454865
1.11025530687  362  800  799.823626675  1.87230213037  0.018670076731
1.11025530687  362  816  816.019835862  1.91305693101  0.0487584822563
1.11025530687  361  832  832.293621416  1.83319493059  0.0227419464102
1.11025530687  361  849  848.673490819  1.87431476973  -0.0120166006278
1.11025530687  361  865  865.306034876  1.92568509122  0.0539096962549
1.11025530687  361  882  881.991602132  1.97010273634  0.016873137936
1.11025530687  361  899  898.824729487  1.98120443325  0.017500486272
1.11025530687  361  916  915.860366162  1.99320019794  0.0501289134369
1.11025530687  360  933  932.960040562  1.99764197566  0.0178109322465
1.11025530687  360  950  950.331779224  1.81297741129  0.128259516391
1.11025530687  360  968  967.76748985  1.9105353921  0.0496817502775
1.11025530687  360  985  985.463189846  1.82115658085  0.0682281805687
1.11025530687  360  1003  1003.30967462  1.9211939132  0.0879733641478
1.30076730687  360  8  8.31237794818  1.24293142139  0.150387251676
1.30076730687  360  18  18.4595294975  1.13600142291  0.141759898325
1.30076730687  360  29  28.6300198861  1.24183275968  0.0313816879723
1.30076730687  360  39  38.9770680689  1.46268664577  0.0203830437944
1.30076730687  360  49  49.4216908048  1.21848889672  0.130218483353
1.30076730687  360  60  59.797330524  1.42258267016  0.00741154477298
1.30076730687  361  70  70.4683501674  1.14546453683  0.136856697217
1.30076730687  361  81  81.0675562738  1.52705040954  0.095747785728
1.30076730687  361  92  91.6740933696  1.37097627014  -0.0117942754108
1.30076730687  361  102  102.482342452  1.21940169752  0.107606768589
1.30076730687  361  113  113.345879206  1.38194752034  0.201546531726
1.30076730687  361  124  124.211435686  1.49440893901  0.115879224662
1.30076730687  361  135  135.176050061  1.51821005527  0.125301513262
1.30076730687  361  146  146.222499265  1.4747651703  0.187534325249
1.30076730687  362  157  157.399940088  1.42309284307  0.0859964758437
1.30076730687  362  169  168.535708824  1.24679706144  0.0279070004183
1.30076730687  362  180  179.789575682  1.51392091107  0.014747494458
1.30076730687  362  191  191.174045746  1.59336710583  0.021364101756
1.30076730687  362  203  202.566299104  1.38056174941  0.00713439882473
1.30076730687  362  214  214.113997541  1.59258444577  0.0665066562322
1.30076730687  362  226  225.651584341  1.47905534396  -0.0375662817418
1.30076730687  362  237  237.407358094  1.4730695748  0.124910444883
1.30076730687  363  249  249.214676645  1.71560460764  0.136368193176
1.30076730687  363  261  261.04772291  1.6471591098  0.0660955196694
1.30076730687  363  273  272.983043566  1.64606457998  0.105939440725
1.30076730687  363  285  284.988219862  1.64113447063  0.0833682786293
1.30076730687  363  297  297.095473443  1.65507723839  0.0902202874307
1.30076730687  363  309  309.291880974  1.5789502182  0.135070992317
1.30076730687  363  322  321.515318712  1.4528139222  0.0323957005197
1.30076730687  363  334  333.860974891  1.65987548868  0.0142982746234
1.30076730687  363  346  346.369037289  1.60677709982  0.0929001469287
1.30076730687  363  359  358.838404154  1.70379938269  -0.0255163866777
1.30076730687  363  372  371.503921283  1.63735261168  0.0338095217018
1.30076730687  363  384  384.275907399  1.70652180955  0.0917641688459
1.30076730687  363  397  397.072755683  1.74131356488  0.0406048497065
1.30076730687  363  410  410.011323588  1.74378918233  0.0883082558071
1.30076730687  364  423  423.117349302  1.74988493823  0.117445176654
1.30076730687  364  436  436.239517669  1.67897815899  0.115218399681
1.30076730687  364  449  449.452453023  1.55934301713  0.134337796128
1.30076730687  364  463  462.707546348  1.68021994598  0.0212494984846
1.30076730687  364  476  476.190255622  1.70037032652  0.0815234475634
1.30076730687  364  490  489.670398194  1.63781683324  0.000215019141417
1.30076730687  364  503  503.363634759  1.65659308853  0.102267230204
1.30076730687  364  517  517.064906331  1.80824566541  0.0206904002077
1.30076730687  364  531  530.8890763  1.81858465069  -0.00472114077336
1.30076730687  364  545  544.845642522  1.81499943336  0.0198780768424
1.30076730687  364  559  558.909070315  1.84140401264  0.0172346033087
1.30076730687  364  573  573.105035331  1.84327257207  0.068339932817
1.30076730687  364  587  587.405565725  1.71392868419  0.127145973247
1.30076730687  364  602  601.750867269  1.76805188595  0.0427025817384
1.30076730687  364  616  616.30890539  1.71718263466  0.112539874534
1.30076730687  364  631  630.899163365  1.83851134089  0.0347039231467
1.30076730687  364  646  645.639221195  1.73094625103  -0.000960898038137
1.30076730687  363  660  660.480755146  1.76987972374  0.0506744959289
1.30076730687  363  675  675.470240676  1.80115897021  0.048301099534
1.30076730687  363  691  690.549532327  1.83575222732  0.00294192482095
1.30076730687  363  706  705.786343886  1.87205142988  0.0452746297614
1.30076730687  363  721  721.159967754  1.91592098537  0.0668266778829
1.30076730687  363  737  736.608700243  1.84382504733  0.0305694067932
1.30076730687  363  752  752.257892114  1.83920931992  0.11358183237
1.30076730687  363  768  767.976873314  1.89618184826  0.0729802916775
1.30076730687  363  784  783.834862058  1.85071929728  0.00923240733426
1.30076730687  363  800  799.876803081  1.86873560387  0.0360661540772
1.30076730687  363  816  816.057639474  1.90649544931  0.0439798084129
1.30076730687  362  832  832.324578888  1.86586791813  0.0295322899696
1.30076730687  362  849  848.705525032  1.90188734056  -0.0128713168193
1.30076730687  362  865  865.339749236  1.91900650338  0.0556226449788
1.30076730687  362  882  882.039176057  1.99138049893  0.0270963741906
1.30076730687  362  899  898.877386175  1.97923392341  0.0251704641333
1.30076730687  362  916  915.905289718  1.9878488478  0.0604463045887
1.30076730687  361  933  933.025117989  2.00250288012  0.0522415187693
1.30076730687  361  950  950.360074853  1.82450430783  0.119103620334
1.30076730687  361  968  967.808858344  1.91226109355  0.0585422709523
1.30076730687  361  985  985.485524136  1.8134133918  0.0542254522584
1.30076730687  361  1003  1003.33978216  1.86997473301  0.0984636188167
