# Band 1C   Etalon 1A   Slice 13
# Distortion map version 06.04.00 - date 2018-10-16
# Trace (isoalpha): Take pixel trace along specified slice, specified alpha position trace is built by taking the pixel in every detector row with alpha value closest to the one specified 
# xpos[i] = np.argmin(alpha_img[i,:])+funcs.find_nearest(alpha_img[i,:][(slice_img[i,:]!=0)],alpha_pos)
#    alpha       x  y      center         FWHM          skewness
0.0  420  5  4.54106087631  1.08916500312  -0.04441013341
0.0  420  15  14.5714029539  1.18026570115  0.0540787003325
0.0  421  25  24.6783700133  1.39347758132  -0.0391802765941
0.0  421  35  34.9615472271  1.43226134815  0.0215066471445
0.0  421  45  45.256406707  1.35005772876  0.156645080484
0.0  421  55  55.4872314612  1.20065894151  0.0542612152507
0.0  421  66  65.7667478075  1.37981269577  -0.0148219787465
0.0  421  76  76.3041252598  1.37154637966  0.136484828174
0.0  421  87  86.6637926732  1.30352809565  -0.0677962119144
0.0  422  97  97.4839053087  1.19521674665  0.158405490676
0.0  422  108  108.119990274  1.50895726026  0.101647730987
0.0  422  119  118.738623942  1.42487726682  -0.0060457372102
0.0  422  130  129.561899426  1.21137596666  0.0945955304815
0.0  422  140  140.465983696  1.25270532144  0.120838249487
0.0  422  151  151.424064304  1.29755652811  0.194305098762
0.0  422  162  162.418127995  1.25977967008  0.169114623054
0.0  423  174  173.55740919  1.19846664217  -0.0248157409344
0.0  423  185  184.705176173  1.3974221809  -0.0189388143698
0.0  423  196  195.976432495  1.57808339067  0.0284762422973
0.0  423  207  207.336261856  1.46862876973  0.0403401817473
0.0  423  219  218.649130727  1.41201833601  -0.0173850030717
0.0  423  230  230.187905175  1.59548654562  0.0691163554367
0.0  423  242  241.665553489  1.47495753778  -0.051475349189
0.0  423  253  253.391483709  1.48418730792  0.118605317897
0.0  423  265  265.098539684  1.62271455919  0.0578832228433
0.0  424  277  277.040338538  1.63918755562  0.038027068766
0.0  424  289  288.921468803  1.59956362903  0.0540811047894
0.0  424  301  300.875870919  1.59971734923  -0.00764641542531
0.0  424  313  312.800530591  1.61000423761  -0.385243149912
0.0  424  325  325.164491165  1.62365715843  0.0788083103464
0.0  424  337  337.401652504  1.49986259775  0.0627686841694
0.0  424  350  349.658264676  1.52603181918  -0.050139187122
0.0  424  362  362.125775133  1.68026234327  0.0242152454534
0.0  424  375  374.585296535  1.52297225265  -0.0620730139157
0.0  424  387  387.250171491  1.68004850625  0.0647582511979
0.0  424  400  399.904494058  1.72656739084  0.00828394043122
0.0  424  413  412.677823293  1.62661318494  -0.0180243443805
0.0  424  426  425.603571038  1.56762532003  0.0498333080496
0.0  424  439  438.576528517  1.5053676394  0.0249647869741
0.0  424  452  451.661515569  1.53880944523  -0.00833611927598
0.0  424  465  464.870654296  1.70268219987  0.0141710831379
0.0  425  478  478.373663741  1.51209483524  0.102423068973
0.0  425  492  491.691139486  1.57505747724  -0.0602628028284
0.0  425  505  505.270991665  1.64152640105  0.0616537798693
0.0  425  519  518.82180335  1.67006763951  -0.0455730834535
0.0  425  533  532.555842424  1.55441024769  -0.0293368060853
0.0  425  546  546.409443227  1.59892625498  0.0659961510742
0.0  425  560  560.345539628  1.68130166406  0.077856713027
0.0  425  574  574.384259262  1.662681901  0.0892667288721
0.0  425  589  588.504709495  1.58128472653  0.0700932694468
0.0  424  603  602.616950911  1.616200287  0.00459664495717
0.0  424  617  617.036338775  1.81486918355  0.0365212118143
0.0  424  632  631.520271681  1.53445140733  0.0133820362736
0.0  424  646  646.142287308  1.82322886708  0.0113040913685
0.0  424  661  660.815975063  1.82120635097  -0.0581759702743
0.0  424  676  675.656891889  1.77630776364  -0.039822972531
0.0  424  691  690.617718136  1.7716941962  -0.0515231917074
0.0  424  706  705.697263447  1.83390453306  -0.0133722536303
0.0  424  721  720.903771745  1.89582907728  0.00906820082804
0.0  424  736  736.275011191  1.82104101533  0.0751478650984
0.0  424  752  751.680531457  1.77683893449  0.0201947945331
0.0  424  767  767.353759194  1.76824216658  0.116421948641
0.0  424  783  783.054267402  1.89986078504  0.026788686574
0.0  424  799  798.923219979  1.90293397784  0.0203090528697
0.0  423  815  814.800632313  1.87355996197  -0.0304885669836
0.0  423  831  830.956929645  1.90543833855  -0.045430866961
0.0  423  847  847.296259873  1.86788151532  0.0385087839777
0.0  423  864  863.672946525  1.82908492577  -0.0191572036981
0.0  423  880  880.261253251  1.90133588928  0.0213292618533
0.0  423  897  896.92859166  1.96512451505  0.0183778647809
0.0  422  914  913.671146924  1.89268412268  0.00874275780185
0.0  422  931  930.654620262  1.86400466365  -0.00554038301901
0.0  422  948  947.819279362  1.94878758552  0.039882620634
0.0  422  965  965.188012901  1.96579454485  0.096982433533
0.0  422  983  982.614067843  1.7796610117  0.00490796803659
0.0  421  1000  1000.2494789  1.90229267424  0.110565798083
0.0  421  1018  1018.0461793  1.98794088448  0.0510583158225
-1.34966909355  414  14  13.6188593631  1.21699593985  0.0793863863224
-1.34966909355  414  24  23.6929219013  1.26750555375  0.0140338863447
-1.34966909355  414  34  33.8536088038  1.37889461037  0.035359386036
-1.34966909355  414  44  44.1552412655  1.39231547519  0.141399409528
-1.34966909355  414  54  54.4380147133  1.19183200892  0.108478964065
-1.34966909355  414  65  64.7021915221  1.33295283544  0.00900958400904
-1.34966909355  414  75  75.2181492858  1.45871051722  0.0885409650013
-1.34966909355  415  86  85.762537238  1.43686997851  -0.0313248291755
-1.34966909355  415  96  96.4422538558  1.25136662038  0.209643382295
-1.34966909355  415  107  107.030200583  1.55791046352  0.0524968812909
-1.34966909355  415  118  117.698445218  1.42252394202  0.0133350865214
-1.34966909355  415  129  128.537997458  1.22151965682  0.142454873766
-1.34966909355  415  139  139.437295177  1.34289247054  0.138023778128
-1.34966909355  415  150  150.395140212  1.32061946303  0.213947932023
-1.34966909355  416  161  161.507804318  1.24805927528  0.142270779103
-1.34966909355  416  173  172.546539553  1.21742220657  -0.0274425778376
-1.34966909355  416  184  183.692205757  1.42343524839  0.0101813723626
-1.34966909355  416  195  194.961540607  1.58556555088  0.0118761405431
-1.34966909355  416  206  206.332035282  1.43478166291  0.0598664452765
-1.34966909355  416  218  217.64385451  1.44329517874  -0.0125892259675
-1.34966909355  416  229  229.191387783  1.59427655629  0.0391408174924
-1.34966909355  416  241  240.681961329  1.50222640415  -0.0409417996545
-1.34966909355  417  253  252.525485625  1.59660469738  0.154152677992
-1.34966909355  417  264  264.293391181  1.55912020187  0.114943291085
-1.34966909355  417  276  276.081281445  1.64746451012  0.0923571681516
-1.34966909355  417  288  287.953616327  1.64332357378  0.0660347584583
-1.34966909355  417  300  299.92651137  1.63061601404  0.0120346815195
-1.34966909355  417  312  312.039367846  1.62921110348  0.0726935417731
-1.34966909355  417  324  324.218191753  1.57732904254  0.0896693400861
-1.34966909355  417  336  336.451542383  1.37842240921  0.0590961068661
-1.34966909355  417  349  348.709174866  1.5913313996  -0.0419673807316
-1.34966909355  417  361  361.187885482  1.68862931762  0.0197056948571
-1.34966909355  417  374  373.657266224  1.6112575207  -0.052057104061
-1.34966909355  417  386  386.341466389  1.63015441676  0.0772635149887
-1.34966909355  417  399  399.000648153  1.75118036345  0.0102277884825
-1.34966909355  418  412  411.942470194  1.7453014149  0.08277625274
-1.34966909355  418  425  424.824294007  1.73119675336  0.0348108977765
-1.34966909355  418  438  437.811427949  1.69110668509  0.0244785383679
-1.34966909355  418  451  450.910423233  1.73563345773  0.0134487798273
-1.34966909355  418  464  464.177662886  1.68744537748  0.109358466081
-1.34966909355  418  477  477.472588728  1.51205104272  0.0791469848063
-1.34966909355  418  491  490.813332438  1.67411375461  -0.0538331946791
-1.34966909355  418  504  504.389116948  1.56946038603  0.0616222085492
-1.34966909355  418  518  517.968163883  1.74600196405  -0.0276016486336
-1.34966909355  418  532  531.667409562  1.6191175182  -0.0526200993924
-1.34966909355  418  546  545.528510238  1.65030491827  0.0160927852126
-1.34966909355  418  559  559.475514742  1.66232343071  0.0483755654897
-1.34966909355  418  574  573.516581657  1.66226445209  0.0395831571686
-1.34966909355  418  588  587.636324107  1.66232613534  0.0337951504243
-1.34966909355  418  602  601.917511923  1.78462210368  0.0329903823464
-1.34966909355  418  616  616.343841882  1.6683112967  0.0869427900811
-1.34966909355  418  631  630.774636583  1.78560886566  -0.0293248047642
-1.34966909355  418  645  645.447302308  1.71239863687  0.0276763182129
-1.34966909355  418  660  660.164631645  1.85048229653  0.00726045895831
-1.34966909355  417  675  674.849400389  1.86526908985  -0.0575127791771
-1.34966909355  417  690  689.800333126  1.83696194114  -0.0689583134403
-1.34966909355  417  705  704.909035444  1.91092691356  -0.00784070322728
-1.34966909355  417  720  720.145487172  1.88487116188  0.0424742330535
-1.34966909355  417  735  735.474498774  1.76303693045  0.051184112844
-1.34966909355  417  751  750.877433193  1.89291280015  -0.140392282958
-1.34966909355  417  767  766.532173971  1.63509391586  0.0420192909033
-1.34966909355  417  782  782.318332717  1.78222369992  0.0702005054394
-1.34966909355  417  798  798.201940808  1.84531591175  0.0710584483138
-1.34966909355  417  814  814.222517831  1.85728213613  0.0365209892774
-1.34966909355  416  830  830.260855259  1.8676461074  0.000610847551675
-1.34966909355  416  847  846.524030342  1.77709076404  -0.0130458034304
-1.34966909355  416  863  862.945465442  1.96686663465  -0.028173250508
-1.34966909355  416  880  879.522432993  1.83713183399  -0.00327221526342
-1.34966909355  416  896  896.268886536  1.91303908246  0.0746226378552
-1.34966909355  416  913  913.085477585  2.00201181982  0.044976181808
-1.34966909355  415  930  929.992864133  1.97434372817  0.0416772479262
-1.34966909355  415  947  947.165774862  1.98364853416  0.0989803555222
-1.34966909355  415  964  964.472233116  1.81916707927  0.0805812255125
-1.34966909355  415  982  981.943503485  1.96335236947  0.02199482157
-1.34966909355  415  1000  999.587761619  1.67849682864  0.0500460302346
-1.34966909355  414  1017  1017.39922621  1.89644576677  0.0673539996613
-1.15915709355  415  14  13.6721617732  1.40729839497  0.0401456788805
-1.15915709355  415  24  23.8568905582  1.41101775146  0.0273918716212
-1.15915709355  415  34  34.057742165  1.43292653071  0.0812929166526
-1.15915709355  415  44  44.3353425845  1.26102514561  0.210635552512
-1.15915709355  415  55  54.534776532  1.18069150766  0.00259668961088
-1.15915709355  415  65  64.8718220747  1.45713471445  0.0388884411957
-1.15915709355  415  75  75.367983882  1.32975782922  0.132409704999
-1.15915709355  416  86  85.9530540013  1.48377555478  0.0306298302204
-1.15915709355  416  97  96.5308246936  1.21785330182  0.0776484064705
-1.15915709355  416  107  107.219064393  1.50433174565  0.112515312081
-1.15915709355  416  118  117.871107961  1.5202366796  0.0474224489978
-1.15915709355  416  129  128.637052081  1.31441064603  0.0573525212038
-1.15915709355  416  140  139.536135701  1.22460274786  0.0363946544473
-1.15915709355  416  150  150.497512273  1.20950966697  0.165983294232
-1.15915709355  417  162  161.587435949  1.28097085378  0.037766580465
-1.15915709355  417  173  172.649538877  1.30601976438  -0.0618097064698
-1.15915709355  417  184  183.841886685  1.53816145854  0.0287749572953
-1.15915709355  417  195  195.193195664  1.61718060836  0.0482672153993
-1.15915709355  417  206  206.459253803  1.30419747083  0.0490239093834
-1.15915709355  417  218  217.784264321  1.58065486928  -0.00496563034527
-1.15915709355  417  229  229.3369893  1.50985877801  0.0753426765474
-1.15915709355  417  241  240.833811307  1.59793265463  -0.022553049162
-1.15915709355  417  253  252.514590069  1.33430199079  0.0704554231833
-1.15915709355  418  264  264.417737488  1.44962773442  0.114108455536
-1.15915709355  418  276  276.241467176  1.55203912717  0.126604046647
-1.15915709355  418  288  288.138964899  1.58862618851  0.129597897
-1.15915709355  418  300  300.106610948  1.62140410562  0.0635534610472
-1.15915709355  418  312  312.202356093  1.55631789762  0.117711866839
-1.15915709355  418  324  324.35985993  1.47439754319  0.108236932566
-1.15915709355  418  337  336.533419663  1.34826745554  -0.0492147646517
-1.15915709355  418  349  348.854234496  1.6688187365  -0.0285286707003
-1.15915709355  418  361  361.342613306  1.61863658464  0.0638573444755
-1.15915709355  418  374  373.787170487  1.66480864159  -0.052363513928
-1.15915709355  418  386  386.447968964  1.55564998915  0.0563913978457
-1.15915709355  418  399  399.156138232  1.7484113411  0.0388649398983
-1.15915709355  418  412  411.921350825  1.73494224733  0.0181523955816
-1.15915709355  419  425  424.976679912  1.74664329035  0.0745067402191
-1.15915709355  419  438  437.944744792  1.7404075669  0.0396023376343
-1.15915709355  419  451  451.06479059  1.72484105324  0.054965034187
-1.15915709355  419  464  464.308666947  1.62762211576  0.122141581772
-1.15915709355  419  478  477.556128839  1.52308540948  0.00400431262325
-1.15915709355  419  491  490.957776746  1.70670842616  -0.0314699964165
-1.15915709355  419  504  504.490100189  1.53654258804  0.026670243673
-1.15915709355  419  518  518.101433768  1.75001303988  -0.00613449906062
-1.15915709355  419  532  531.787740378  1.70366672465  -0.0506319810888
-1.15915709355  419  546  545.625451677  1.66416720243  -0.00973810383115
-1.15915709355  419  560  559.564364622  1.67084188473  0.00127518703787
-1.15915709355  419  574  573.60700664  1.67875566384  0.0135670896692
-1.15915709355  419  588  587.755132434  1.73609992085  0.0334065437995
-1.15915709355  419  602  602.055402956  1.77799482401  0.0665273813922
-1.15915709355  419  616  616.444758643  1.64074291955  0.0659774316275
-1.15915709355  419  631  630.905887992  1.81424101085  -0.00615252026497
-1.15915709355  419  646  645.532593777  1.67406662988  -0.0234181691687
-1.15915709355  418  660  660.163649344  1.85339378246  0.0025577259356
-1.15915709355  418  675  674.981622922  1.90246928701  -0.0247649553859
-1.15915709355  418  690  689.93698816  1.872591715  -0.0357892455321
-1.15915709355  418  705  705.034589999  1.9186014599  0.00545499526631
-1.15915709355  418  720  720.258488945  1.83036996001  0.0574480503224
-1.15915709355  418  736  735.572241485  1.77422544915  0.0266338770194
-1.15915709355  418  751  750.999490603  1.8965669042  -0.0648852852074
-1.15915709355  418  767  766.618341824  1.72983746873  0.00930972275658
-1.15915709355  418  782  782.417647085  1.71290221795  0.0683221304534
-1.15915709355  418  798  798.321994941  1.77439902164  0.0926628608001
-1.15915709355  418  814  814.330200476  1.8129760834  0.0464949571402
-1.15915709355  417  830  830.367066541  1.80990403411  0.0140109308995
-1.15915709355  417  847  846.603663692  1.78476120477  -0.0417695566998
-1.15915709355  417  863  863.057761484  1.96000886158  -0.0133283676459
-1.15915709355  417  880  879.602358779  1.82525597614  -0.0372345905646
-1.15915709355  417  896  896.360470096  1.86159957044  0.0662590782127
-1.15915709355  417  913  913.203873309  1.98250785441  0.0624322937054
-1.15915709355  416  930  930.10504462  1.98341460325  0.0580545728693
-1.15915709355  416  947  947.281492526  1.93793991213  0.123308143939
-1.15915709355  416  965  964.542675937  1.77260342395  0.045955507874
-1.15915709355  416  982  982.067122178  1.98608925002  0.0556665458687
-1.15915709355  415  1000  999.6037022  1.81363570793  0.0388446096512
-1.15915709355  415  1017  1017.47535725  1.8639803058  0.0523654176236
-0.968645093553  415  14  13.7529752879  1.34272224485  0.0331174816341
-0.968645093553  416  24  24.072375555  1.40289659612  0.10009991154
-0.968645093553  416  34  34.2661025398  1.31380623828  0.150317443532
-0.968645093553  416  44  44.4477620109  1.15208912632  0.157633102712
-0.968645093553  416  55  54.6333850033  1.24788558178  -0.0507223609139
-0.968645093553  416  65  65.0799421063  1.48134457543  0.0930986596245
-0.968645093553  416  75  75.4953467451  1.22141214734  0.107752412456
-0.968645093553  417  86  86.1497350007  1.50685338311  0.0810971369252
-0.968645093553  417  97  96.6452586579  1.33492721485  0.0335114900848
-0.968645093553  417  107  107.368480271  1.41027141313  0.144441374424
-0.968645093553  417  118  118.05363775  1.55282640539  0.10716272682
-0.968645093553  417  129  128.796336014  1.48168132155  0.0876395470875
-0.968645093553  417  140  139.628362896  1.26599894731  -0.0201305654435
-0.968645093553  417  151  150.582866351  1.23816478157  0.0616720673021
-0.968645093553  418  162  161.733657813  1.400022214  0.0892924371736
-0.968645093553  418  173  172.805209923  1.48011673575  -0.0511361343496
-0.968645093553  418  184  184.036075406  1.54601700003  0.0931748106948
-0.968645093553  418  195  195.310499532  1.43002354811  0.0215853386011
-0.968645093553  418  207  206.539398425  1.2076151465  -0.0662492278529
-0.968645093553  418  218  217.977566768  1.5924609833  0.0419883639384
-0.968645093553  418  229  229.46881286  1.35855787724  0.0771145659664
-0.968645093553  418  241  241.006283009  1.62563498209  0.0170637519565
-0.968645093553  418  253  252.618018137  1.46443501029  0.00997019402692
-0.968645093553  419  265  264.523618622  1.41992445398  0.0681417679889
-0.968645093553  419  276  276.373674139  1.50572421857  0.144598489544
-0.968645093553  419  288  288.290443506  1.54156593592  0.149729909793
-0.968645093553  419  300  300.259397453  1.57003464016  0.107813082647
-0.968645093553  419  312  312.33716204  1.4856497425  0.139552746242
-0.968645093553  419  324  324.472142099  1.3606808554  0.096066304119
-0.968645093553  419  337  336.645245427  1.49266917465  -0.0713929569882
-0.968645093553  419  349  349.007895032  1.68341116114  -0.00179753632974
-0.968645093553  419  361  361.478143526  1.26175974156  0.165920652376
-0.968645093553  419  374  373.932777792  1.71099789456  -0.0250092518509
-0.968645093553  419  387  386.552724548  1.60897715366  0.0111401607227
-0.968645093553  419  399  399.279832976  1.70390198366  0.0401035874596
-0.968645093553  419  412  412.064534721  1.74048639882  0.0446474837613
-0.968645093553  419  425  424.975438363  1.74716041157  0.0673338033596
-0.968645093553  420  438  438.099061358  1.71252665479  0.081961272437
-0.968645093553  420  451  451.219003424  1.70170378323  0.101029434111
-0.968645093553  420  464  464.422259858  1.47780169095  0.135438662392
-0.968645093553  420  478  477.660183562  1.5625527698  -0.0252250634739
-0.968645093553  420  491  491.115269943  1.71335365496  0.0140783788831
-0.968645093553  420  505  504.583177727  1.52430482956  -0.027338243631
-0.968645093553  420  518  518.240979871  1.68390584899  0.0275518410051
-0.968645093553  420  532  531.918324247  1.74649164823  -0.0407662748039
-0.968645093553  420  546  545.748878739  1.69270036071  -0.0141975194574
-0.968645093553  420  560  559.674038549  1.67796542995  -0.0105583343374
-0.968645093553  420  574  573.710812954  1.71748334266  -0.0141435999885
-0.968645093553  420  588  587.878137291  1.76898308126  0.0346431808646
-0.968645093553  420  602  602.193481365  1.73551147393  0.0979982286122
-0.968645093553  420  617  616.526369725  1.4962470451  0.00995911754107
-0.968645093553  420  631  631.04809205  1.8313199173  0.0254878701109
-0.968645093553  419  646  645.530506191  1.63304388342  -0.00755441672682
-0.968645093553  419  660  660.285553247  1.81263203882  0.00899754045878
-0.968645093553  419  675  675.109346683  1.90569270509  -0.0033653650905
-0.968645093553  419  690  690.055146697  1.88265520898  -0.0244314935893
-0.968645093553  419  705  705.166996012  1.89659293839  0.0297418666441
-0.968645093553  419  720  720.37077585  1.80180222511  0.0542358214694
-0.968645093553  419  736  735.67266541  1.81083184919  0.00998173891975
-0.968645093553  419  751  751.157646955  1.87566124885  0.0226810752843
-0.968645093553  419  767  766.720173835  1.81651015647  0.00146732798106
-0.968645093553  419  782  782.498872585  1.64774296684  0.0333855998052
-0.968645093553  419  798  798.409697122  1.72765063162  0.0652250354106
-0.968645093553  419  814  814.418278576  1.72175320688  0.0593028823308
-0.968645093553  418  830  830.452550727  1.75862963894  -0.00594996434045
-0.968645093553  418  847  846.702914328  1.83891721154  -0.0522320047551
-0.968645093553  418  863  863.181088018  1.9471513846  0.0204948616554
-0.968645093553  418  880  879.697392108  1.87137960159  -0.0520439358306
-0.968645093553  418  896  896.444653157  1.8326261179  0.0542583766909
-0.968645093553  418  913  913.312624388  1.93028461298  0.0772854036904
-0.968645093553  417  930  930.219474051  1.93467208596  0.0796537569457
-0.968645093553  417  947  947.365880849  1.8847833991  0.117963670347
-0.968645093553  417  965  964.62445087  1.81090906157  0.0207433010328
-0.968645093553  417  982  982.182035268  1.95758572974  0.078472247166
-0.968645093553  416  1000  999.683623649  1.86591735504  0.00966926214578
-0.968645093553  416  1018  1017.53862467  1.84086753147  0.0240336524076
-0.778133093553  416  14  13.9526603476  1.42094566365  0.102885407914
-0.778133093553  417  24  24.2691594006  1.31758714259  0.163194396883
-0.778133093553  417  34  34.4060989966  1.17979922712  0.168093821083
-0.778133093553  417  45  44.5552054008  1.2032582037  0.0551327195104
-0.778133093553  417  55  54.7885315607  1.36004227346  -0.0453959964979
-0.778133093553  417  65  65.2648287496  1.39630095674  0.151631034742
-0.778133093553  417  76  75.5852212212  1.24887794819  -0.00904965405324
-0.778133093553  418  86  86.2649652438  1.63041909159  0.121944485342
-0.778133093553  418  97  96.8061313881  1.48628628585  0.0487599317205
-0.778133093553  418  107  107.497619944  1.25736520115  0.142513343959
-0.778133093553  418  118  118.243711538  1.4711320977  0.152554632543
-0.778133093553  418  129  128.983302751  1.55312481109  0.120704284709
-0.778133093553  418  140  139.78229117  1.45346524524  -0.0117493605143
-0.778133093553  418  151  150.722731383  1.40911186305  0.0438212947553
-0.778133093553  418  162  161.727121051  1.41347144561  0.0308408674171
-0.778133093553  419  173  172.981523001  1.52993060453  -0.00458091648402
-0.778133093553  419  184  184.210223402  1.51398736266  0.119356543081
-0.778133093553  419  195  195.423713164  1.33377698262  0.087778226949
-0.778133093553  419  207  206.657738952  1.38678719802  -0.0871642197047
-0.778133093553  419  218  218.134304062  1.58866617567  0.0785043846418
-0.778133093553  419  230  229.559419378  1.37589496542  -0.0257755203731
-0.778133093553  419  241  241.163198918  1.60927280658  0.0450070500451
-0.778133093553  419  253  252.760317078  1.57675145437  0.024247257749
-0.778133093553  420  265  264.572624685  1.49043829119  -0.00104364654832
-0.778133093553  420  276  276.493827587  1.30764100122  0.138271977981
-0.778133093553  420  288  288.420694324  1.37310954272  0.176090180788
-0.778133093553  420  300  300.398570742  1.41420380193  0.1264549257
-0.778133093553  420  312  312.454171643  1.3109551705  0.129138860301
-0.778133093553  420  325  324.550365883  1.32229410899  -0.0168807817159
-0.778133093553  420  337  336.777923912  1.57757288224  -0.0674787557708
-0.778133093553  420  349  349.180324818  1.66110798134  0.0525426355957
-0.778133093553  420  362  361.552361593  1.41810096459  -0.0047924435745
-0.778133093553  420  374  374.096126248  1.70952172182  0.0143044067839
-0.778133093553  420  387  386.653723902  1.62827719451  -0.0224095147525
-0.778133093553  420  399  399.42152086  1.60994423928  0.0669097323886
-0.778133093553  420  412  412.212142496  1.71014375125  0.0678761411245
-0.778133093553  420  425  425.111873538  1.73073406973  0.0941878660256
-0.778133093553  420  438  438.099061358  1.71252665479  0.081961272437
-0.778133093553  421  451  451.344543994  1.62849307969  0.111644074504
-0.778133093553  421  465  464.507435405  1.42160801341  0.076717780144
-0.778133093553  421  478  477.768207012  1.66255179026  -0.0356048569977
-0.778133093553  421  491  491.256399176  1.660237466  0.0536661175558
-0.778133093553  421  505  504.683306545  1.61517509677  -0.0468995789678
-0.778133093553  421  518  518.374551988  1.60587029274  0.0478661416436
-0.778133093553  421  532  532.054822821  1.78297527391  -0.00898124439395
-0.778133093553  421  546  545.867990078  1.74607630874  -0.00430213790266
-0.778133093553  421  560  559.78900524  1.74985142415  -0.0072723689006
-0.778133093553  421  574  573.822696637  1.76581580713  -0.00485169315807
-0.778133093553  421  588  588.024380567  1.81072397414  0.0636529228885
-0.778133093553  421  602  602.322125925  1.70010586847  0.114419889082
-0.778133093553  421  617  616.626485006  1.64288234462  -0.0256092864423
-0.778133093553  421  631  631.11989554  1.73789675448  0.0314216415373
-0.778133093553  420  646  645.623076662  1.6822832312  -0.0642311024199
-0.778133093553  420  660  660.402253411  1.72149792576  0.0166057958251
-0.778133093553  420  675  675.259731842  1.85463753774  0.0315306867645
-0.778133093553  420  690  690.195138905  1.88036595685  0.00503720990826
-0.778133093553  420  705  705.293797149  1.87977164606  0.0534874082189
-0.778133093553  420  720  720.467121969  1.74171002356  0.0418852771299
-0.778133093553  420  736  735.767383936  1.8295406812  -0.00261384344956
-0.778133093553  420  751  751.301418167  1.84014615701  0.0827324393115
-0.778133093553  420  767  766.837694569  1.8797901325  0.0104939766157
-0.778133093553  420  783  782.580117964  1.64924531946  -0.0354344635434
-0.778133093553  420  798  798.499701832  1.61228673031  0.0404256569607
-0.778133093553  419  814  814.422299775  1.72463780819  0.0484469627055
-0.778133093553  419  831  830.532148658  1.70198021543  -0.0614937713635
-0.778133093553  419  847  846.807268928  1.90219002599  -0.0435712959417
-0.778133093553  419  863  863.287360091  1.92663056381  0.0250122888387
-0.778133093553  419  880  879.798581333  1.92115260128  -0.0412098506331
-0.778133093553  419  897  896.523369768  1.84589897389  0.00553609761421
-0.778133093553  418  913  913.334883223  1.80142645633  0.039280171837
-0.778133093553  418  930  930.302081459  1.88793311243  0.0816014902644
-0.778133093553  418  947  947.454607909  1.82256670296  0.119923319942
-0.778133093553  418  965  964.725516175  1.89364498042  0.0140027686925
-0.778133093553  418  982  982.287406549  1.90963726924  0.0918002895357
-0.778133093553  417  1000  999.779064455  1.90474671434  0.0135460804864
-0.778133093553  417  1018  1017.62927418  1.87976758133  0.0245392460563
-0.587621093553  417  14  14.1696909521  1.38049880545  0.179029124082
-0.587621093553  418  24  24.4133308857  1.17843543233  0.171676792283
-0.587621093553  418  35  34.5050378135  1.19415020565  0.0427453243999
-0.587621093553  418  45  44.6671414165  1.26317200163  0.0126854916821
-0.587621093553  418  55  54.9923520578  1.45557062798  0.0119457579968
-0.587621093553  418  65  65.4128673148  1.25411758964  0.15410173525
-0.587621093553  418  76  75.724359867  1.36364740261  -0.0136942044148
-0.587621093553  418  86  86.3234644006  1.38182777621  0.129356423587
-0.587621093553  419  97  96.9993585224  1.537531887  0.101763484912
-0.587621093553  419  108  107.586477856  1.21330104037  0.00873187055768
-0.587621093553  419  118  118.391987686  1.38832893994  0.168118979536
-0.587621093553  419  129  129.166939442  1.51451213095  0.177896054364
-0.587621093553  419  140  139.962596748  1.52987197138  0.0332035358706
-0.587621093553  419  151  150.902876053  1.50823207948  0.0774502190038
-0.587621093553  419  162  161.914231265  1.54621787982  0.0784447291958
-0.587621093553  420  173  173.172437412  1.53688145486  0.0575030058152
-0.587621093553  420  184  184.364805637  1.35585600343  0.15394642896
-0.587621093553  420  196  195.534686933  1.24638991024  0.0113576528101
-0.587621093553  420  207  206.812699537  1.5031605587  -0.0766324070575
-0.587621093553  420  218  218.296093376  1.47349506216  0.126339337222
-0.587621093553  420  230  229.678371026  1.46367904288  -0.0534330437423
-0.587621093553  420  241  241.331824054  1.51689136736  0.0915097551364
-0.587621093553  420  253  252.92139541  1.63017800335  0.046646659684
-0.587621093553  420  265  264.617059183  1.39594458408  -0.0159467027905
-0.587621093553  421  277  276.574476465  1.30042139658  0.0214427519039
-0.587621093553  421  289  288.521406272  1.30074444607  0.109971416919
-0.587621093553  421  300  300.505088796  1.29357402972  0.0958025976078
-0.587621093553  421  313  312.535667509  1.29625444553  0.0249002289847
-0.587621093553  421  325  324.669681978  1.4784439198  -0.031716554826
-0.587621093553  421  337  336.926701219  1.63544373838  -0.0375392406708
-0.587621093553  421  349  349.315228432  1.58688748335  0.0696107049426
-0.587621093553  421  362  361.659475988  1.5991168751  -0.056499878771
-0.587621093553  421  374  374.236012782  1.66192131735  0.0331361097232
-0.587621093553  421  387  386.776950361  1.68280431219  -0.0239224693418
-0.587621093553  421  400  399.513971333  1.58899407413  0.0171769498689
-0.587621093553  421  412  412.347495338  1.65993531955  0.0819445642031
-0.587621093553  421  425  425.256648142  1.68945284954  0.11383166435
-0.587621093553  421  438  438.236539535  1.66963902973  0.0955821628367
-0.587621093553  421  451  451.344543994  1.62849307969  0.111644074504
-0.587621093553  422  465  464.606929688  1.53171622028  0.0152348045896
-0.587621093553  422  478  477.933796266  1.69206666602  0.00314381033419
-0.587621093553  422  491  491.383633691  1.58988134  0.0601399336132
-0.587621093553  422  505  504.815968858  1.69093659967  -0.0381312892852
-0.587621093553  422  518  518.473593284  1.4983629011  0.0208595458625
-0.587621093553  422  532  532.206218644  1.73360326513  0.0281147672072
-0.587621093553  422  546  546.017518204  1.76340007009  0.0247487734817
-0.587621093553  422  560  559.933431349  1.77190513992  0.0117160269096
-0.587621093553  422  574  573.981786234  1.78203343894  0.0319785735041
-0.587621093553  422  588  588.171107632  1.75651813538  0.0979160046393
-0.587621093553  422  602  602.422652874  1.56198742479  0.100918755239
-0.587621093553  422  617  616.690777334  1.53355351414  -0.0191862122072
-0.587621093553  421  631  631.188232011  1.80318675254  0.0545211108358
-0.587621093553  421  646  645.731258363  1.73696042607  -0.0665476789534
-0.587621093553  421  660  660.489206744  1.70202277205  -0.0044889307929
-0.587621093553  421  675  675.373519752  1.79124700289  0.0342525436652
-0.587621093553  421  690  690.307924553  1.83839010628  0.019314752017
-0.587621093553  421  705  705.412665747  1.80244583331  0.0656367968065
-0.587621093553  421  721  720.556813112  1.75254892822  0.0129775995833
-0.587621093553  421  736  735.884447746  1.85853491748  0.00529800679959
-0.587621093553  421  751  751.393106887  1.76559792849  0.0650458014386
-0.587621093553  421  767  766.965075171  1.89968949344  0.0423000220687
-0.587621093553  421  783  782.666966187  1.75137423045  -0.0459273363706
-0.587621093553  421  799  798.572434723  1.69771722748  -0.0152152710234
-0.587621093553  420  815  814.505235622  1.69246711204  -0.00764209568495
-0.587621093553  420  831  830.617975683  1.7436583509  -0.088144261034
-0.587621093553  420  847  846.922002907  1.95367144709  -0.0257899350623
-0.587621093553  420  863  863.39434  1.84236536074  0.031046715447
-0.587621093553  420  880  879.901465339  1.9542090024  -0.0320400291925
-0.587621093553  420  897  896.614575826  1.85452030872  0.00587262924377
-0.587621093553  419  913  913.40204156  1.8713692814  0.080670650101
-0.587621093553  419  930  930.392573185  1.86735010074  0.0645435760557
-0.587621093553  419  948  947.532659365  1.82728229807  0.0769935909272
-0.587621093553  419  965  964.826344386  1.95367590572  0.0227092357135
-0.587621093553  419  982  982.372458913  1.85491367141  0.0769849440313
-0.587621093553  418  1000  999.885551641  1.96090365981  0.0274845855716
-0.587621093553  418  1018  1017.72092554  1.92316069241  0.00910514986658
-0.397109093553  418  14  14.3430133685  1.21533998725  0.2192259312
-0.397109093553  419  25  24.5278517372  1.35317335839  0.170505734348
-0.397109093553  419  35  34.6124258235  1.19030067858  -0.0200223566033
-0.397109093553  419  45  44.840012509  1.39186068796  0.0302105754718
-0.397109093553  419  55  55.1909868476  1.42784055844  0.069204686748
-0.397109093553  419  66  65.5062140036  1.19106548021  0.0423426701349
-0.397109093553  419  76  75.9024399339  1.47927051908  0.0237623119691
-0.397109093553  419  86  86.4583010906  1.25277822063  0.114225846592
-0.397109093553  420  97  97.1905623517  1.47788516374  0.148429709916
-0.397109093553  420  108  107.729188983  1.39708648693  -0.0119248487409
-0.397109093553  420  118  118.502857483  1.20953771559  0.137244719528
-0.397109093553  420  129  129.344644803  1.38640601046  0.22262436277
-0.397109093553  420  140  140.155001622  1.52066278147  0.0863123504852
-0.397109093553  420  151  151.089766292  1.52214155606  0.117220536351
-0.397109093553  420  162  162.108250102  1.51311699469  0.138813135528
-0.397109093553  421  173  173.344567861  1.40492381085  0.0977950390519
-0.397109093553  421  184  184.478077442  1.24313454349  0.132461094248
-0.397109093553  421  196  195.639275218  1.3767121508  -0.0490448824087
-0.397109093553  421  207  206.985318671  1.57109615866  -0.0264577860823
-0.397109093553  421  218  218.434857589  1.32075757187  0.123627662131
-0.397109093553  421  230  229.833639372  1.58806453967  -0.0221817800275
-0.397109093553  421  241  241.456293819  1.37876764106  0.0761085320728
-0.397109093553  421  253  253.091765428  1.60977345775  0.0830594329656
-0.397109093553  421  265  264.753152337  1.55142439104  -0.0149952228688
-0.397109093553  422  277  276.720718898  1.50806507858  0.0148538903694
-0.397109093553  422  289  288.608597699  1.35176360492  0.0248693751117
-0.397109093553  422  301  300.591544287  1.30043209931  -0.01578795883
-0.397109093553  422  313  312.662824755  1.4598324987  -0.0028442381121
-0.397109093553  422  325  324.811927368  1.58745314072  -0.0235276050599
-0.397109093553  422  337  337.105909487  1.64746290409  0.0181499760965
-0.397109093553  422  349  349.446759253  1.45680879371  0.0686308193412
-0.397109093553  422  362  361.799109095  1.63436814876  -0.0439682498099
-0.397109093553  422  374  374.376020733  1.60974833121  0.0393232161619
-0.397109093553  422  387  386.946889186  1.73358657141  0.00813693161136
-0.397109093553  422  400  399.624830753  1.61048453342  -0.00619033233962
-0.397109093553  422  412  412.461753923  1.60577150561  0.0671268350716
-0.397109093553  422  425  425.389539083  1.63300206445  0.120339048489
-0.397109093553  422  438  438.364244926  1.59868264413  0.101550894016
-0.397109093553  422  451  451.458116206  1.52704887927  0.096574265857
-0.397109093553  422  465  464.606929688  1.53171622028  0.0152348045896
-0.397109093553  423  478  478.103993774  1.69845526895  0.107697458974
-0.397109093553  423  491  491.493867237  1.36564220316  0.0713717974241
-0.397109093553  423  505  504.961580788  1.716623043  -0.00849436190363
-0.397109093553  423  519  518.568917206  1.58434966348  -0.0372384636756
-0.397109093553  423  532  532.336300086  1.70250643752  0.0329394738344
-0.397109093553  423  546  546.155101985  1.75554176808  0.0445192584724
-0.397109093553  423  560  560.080637978  1.76719047942  0.0500658609127
-0.397109093553  423  574  574.118598327  1.78002965599  0.0524586424436
-0.397109093553  423  588  588.288468451  1.71739857302  0.113903899591
-0.397109093553  422  602  602.420349235  1.59986260123  0.0809001840265
-0.397109093553  422  617  616.733336429  1.74050632434  -0.0403509665127
-0.397109093553  422  631  631.31007039  1.73525376914  0.0655476100127
-0.397109093553  422  646  645.867069953  1.80265237576  -0.0418855590877
-0.397109093553  422  661  660.584085868  1.72796106037  -0.0599563780083
-0.397109093553  422  675  675.464454653  1.74010924953  0.0193984461065
-0.397109093553  422  690  690.418692694  1.76200268582  0.00946184151045
-0.397109093553  422  706  705.507374425  1.79723704837  0.0416447770263
-0.397109093553  422  721  720.649424256  1.79970597787  -0.00615246351914
-0.397109093553  422  736  736.016842101  1.88884755041  0.0300474485561
-0.397109093553  422  751  751.492250645  1.69027709491  0.0689317024089
-0.397109093553  422  767  767.093033273  1.91531855713  0.0647600123823
-0.397109093553  422  783  782.787857369  1.84438614006  -0.0346035324471
-0.397109093553  422  799  798.671602937  1.78447028814  -0.0214798792132
-0.397109093553  421  815  814.583994922  1.70917567076  -0.0422802615421
-0.397109093553  421  831  830.720083248  1.82596877151  -0.0837988857401
-0.397109093553  421  847  847.048749296  1.94393559624  0.00160661175952
-0.397109093553  421  863  863.48202099  1.78419137641  0.0178582637444
-0.397109093553  421  880  880.022885628  1.95127440212  -0.0102847001802
-0.397109093553  421  897  896.707455693  1.88946896266  -0.0092965342731
-0.397109093553  420  913  913.486121011  1.84749772066  0.0565661343888
-0.397109093553  420  930  930.482117635  1.81462463714  0.0523556554647
-0.397109093553  420  948  947.618979078  1.85805129989  0.0530755433557
-0.397109093553  420  965  964.932029293  1.96901635568  0.0361265686566
-0.397109093553  420  982  982.466263031  1.77753783098  0.0924855042964
-0.397109093553  419  1000  1000.00194471  1.9653490388  0.0449901101555
-0.397109093553  419  1018  1017.82939678  1.94408963962  0.0198500078159
-0.206597093553  419  14  14.4681896045  1.13622000947  0.198525625742
-0.206597093553  419  25  24.5171933819  1.18308592476  0.0162523029401
-0.206597093553  420  35  34.7654389839  1.33110995766  -0.0203942378348
-0.206597093553  420  45  45.0523273985  1.42959097721  0.0887847531806
-0.206597093553  420  55  55.3685569356  1.2888267115  0.0865021857051
-0.206597093553  420  66  65.6162423532  1.24081796249  -0.0151378098377
-0.206597093553  420  76  76.1175611252  1.46900552528  0.0954489598542
-0.206597093553  420  87  86.5482582999  1.1776969058  -0.0191212363305
-0.206597093553  421  97  97.3549892737  1.33893163366  0.186893519567
-0.206597093553  421  108  107.903290325  1.51640828899  0.0239145902285
-0.206597093553  421  119  118.597861641  1.21779379141  0.00377300950468
-0.206597093553  421  129  129.46555726  1.20833808398  0.217453539246
-0.206597093553  421  140  140.329939186  1.42052050257  0.126109822442
-0.206597093553  421  151  151.271195437  1.43371653832  0.16644164081
-0.206597093553  421  162  162.271867781  1.43972019932  0.165179603172
-0.206597093553  421  173  173.337155824  1.39603689839  0.00916644704578
-0.206597093553  422  185  184.569644411  1.23736380875  0.00683835835624
-0.206597093553  422  196  195.79228774  1.48794211822  -0.0225313934441
-0.206597093553  422  207  207.169848619  1.55918767783  0.0127684214184
-0.206597093553  422  219  218.5249875  1.23999299301  0.0108054369416
-0.206597093553  422  230  230.016985541  1.60162670663  0.0236020652542
-0.206597093553  422  242  241.551411612  1.25335958957  -0.0265647035936
-0.206597093553  422  253  253.262845755  1.56957014567  0.127599414281
-0.206597093553  422  265  264.929905309  1.61908468392  0.0175736071571
-0.206597093553  422  277  276.723167724  1.5193044167  0.00937690386781
-0.206597093553  423  289  288.750829532  1.53614831565  0.0273275037342
-0.206597093553  423  301  300.723667452  1.47014595672  -0.0357403773537
-0.206597093553  423  313  312.811511875  1.56741863469  0.0342859210067
-0.206597093553  423  325  324.979940962  1.63872979834  0.0179287841146
-0.206597093553  423  337  337.256692187  1.60169432867  0.0429467206091
-0.206597093553  423  350  349.532163115  1.38061623947  -0.0268429424616
-0.206597093553  423  362  361.959128537  1.69853403784  -0.00854026141846
-0.206597093553  423  374  374.493738573  1.5711171136  0.023612042771
-0.206597093553  423  387  387.087569232  1.7280979001  0.0296105361548
-0.206597093553  423  400  399.749999392  1.68737108054  -0.0122098690589
-0.206597093553  423  413  412.575026061  1.62405818686  0.0275100340336
-0.206597093553  423  425  425.486508813  1.62884359328  0.0826049500966
-0.206597093553  423  438  438.484651671  1.56808660865  0.0812614759319
-0.206597093553  423  452  451.557183057  1.58814924751  0.0336170255994
-0.206597093553  423  465  464.73079602  1.64369679658  0.00226866344921
-0.206597093553  423  478  478.078715833  1.71611702359  0.0345743327177
-0.206597093553  423  491  491.493867237  1.36564220316  0.0713717974241
-0.206597093553  424  505  505.107393476  1.71492096472  0.000731086596106
-0.206597093553  424  519  518.682927795  1.62172548121  -0.0685195282487
-0.206597093553  424  532  532.457814662  1.54944258487  0.0315680166208
-0.206597093553  424  546  546.294756757  1.67444661014  0.0653351303611
-0.206597093553  424  560  560.227410775  1.73243461953  0.0740306669875
-0.206597093553  423  574  574.130009832  1.77054865967  0.0739939505463
-0.206597093553  423  588  588.288468451  1.71739857302  0.113903899591
-0.206597093553  423  603  602.521502739  1.57149094401  0.0424478995637
-0.206597093553  423  617  616.890070048  1.78192658227  0.00121257007425
-0.206597093553  423  631  631.424520056  1.69706160037  0.0613438638159
-0.206597093553  423  646  646.001767161  1.82592684647  -0.0173476056641
-0.206597093553  423  661  660.695658607  1.79947029545  -0.0679278923705
-0.206597093553  423  676  675.554327492  1.74704274541  -0.0203036836413
-0.206597093553  423  691  690.514288346  1.79178244588  -0.0218929559738
-0.206597093553  423  706  705.591260677  1.78867595545  0.0186063258034
-0.206597093553  423  721  720.766641419  1.87115720011  -0.00362155495851
-0.206597093553  423  736  736.142439934  1.86858510405  0.0518604304964
-0.206597093553  423  752  751.586220002  1.73797342919  0.0407232764985
-0.206597093553  423  767  767.242620277  1.81738002636  0.130397113794
-0.206597093553  423  783  782.90639157  1.88007367224  -0.0104019023597
-0.206597093553  422  799  798.666567479  1.79433179905  -0.0353040537301
-0.206597093553  422  815  814.69077044  1.78882557329  -0.0473653263135
-0.206597093553  422  831  830.840139244  1.89799480105  -0.0712163677625
-0.206597093553  422  847  847.181727711  1.92511538274  0.0292925931949
-0.206597093553  422  864  863.572070622  1.786822132  -0.0157156700488
-0.206597093553  422  880  880.149595277  1.92304984049  0.00960474463358
-0.206597093553  422  897  896.823480625  1.93939796913  0.00640976236636
-0.206597093553  421  914  913.575135973  1.85633640979  0.0281393690228
-0.206597093553  421  931  930.572420025  1.82980850003  0.0272806290719
-0.206597093553  421  948  947.719006089  1.89131931776  0.0367975584667
-0.206597093553  421  965  965.071307458  1.99517409288  0.069599775711
-0.206597093553  420  983  982.509051812  1.65723412519  0.0593874291035
-0.206597093553  420  1000  1000.12175765  1.97590298959  0.0722932638488
-0.206597093553  420  1018  1017.94004273  1.98539324411  0.0316924863418
-0.0160850935534  420  5  4.54106087631  1.08916500312  -0.04441013341
-0.0160850935534  420  15  14.5714029539  1.18026570115  0.0540787003325
-0.0160850935534  420  25  24.6268705224  1.21131490075  0.00628081935803
-0.0160850935534  421  35  34.9615472271  1.43226134815  0.0215066471445
-0.0160850935534  421  45  45.256406707  1.35005772876  0.156645080484
-0.0160850935534  421  55  55.4872314612  1.20065894151  0.0542612152507
-0.0160850935534  421  66  65.7667478075  1.37981269577  -0.0148219787465
-0.0160850935534  421  76  76.3041252598  1.37154637966  0.136484828174
-0.0160850935534  421  87  86.6637926732  1.30352809565  -0.0677962119144
-0.0160850935534  421  97  97.4368268703  1.39019277439  0.177547210473
-0.0160850935534  422  108  108.119990274  1.50895726026  0.101647730987
-0.0160850935534  422  119  118.738623942  1.42487726682  -0.0060457372102
-0.0160850935534  422  130  129.561899426  1.21137596666  0.0945955304815
-0.0160850935534  422  140  140.465983696  1.25270532144  0.120838249487
-0.0160850935534  422  151  151.424064304  1.29755652811  0.194305098762
-0.0160850935534  422  162  162.420102012  1.23922145749  0.188219863381
-0.0160850935534  422  173  173.469667043  1.27021993366  0.0531189538133
-0.0160850935534  423  185  184.705176173  1.3974221809  -0.0189388143698
-0.0160850935534  423  196  195.976432495  1.57808339067  0.0284762422973
-0.0160850935534  423  207  207.336261856  1.46862876973  0.0403401817473
-0.0160850935534  423  219  218.649130727  1.41201833601  -0.0173850030717
-0.0160850935534  423  230  230.187905175  1.59548654562  0.0691163554367
-0.0160850935534  423  242  241.665553489  1.47495753778  -0.051475349189
-0.0160850935534  423  253  253.391483709  1.48418730792  0.118605317897
-0.0160850935534  423  265  265.098539684  1.62271455919  0.0578832228433
-0.0160850935534  423  277  276.870864502  1.59266208481  0.0199974237266
-0.0160850935534  424  289  288.919722228  1.59836296852  0.043184225287
-0.0160850935534  424  301  300.875870919  1.59971734923  -0.00764641542531
-0.0160850935534  424  313  312.800530591  1.61000423761  -0.385243149912
-0.0160850935534  424  325  325.164491165  1.62365715843  0.0788083103464
-0.0160850935534  424  337  337.401652504  1.49986259775  0.0627686841694
-0.0160850935534  424  350  349.658264676  1.52603181918  -0.050139187122
-0.0160850935534  424  362  362.125775133  1.68026234327  0.0242152454534
-0.0160850935534  424  375  374.585296535  1.52297225265  -0.0620730139157
-0.0160850935534  424  387  387.250171491  1.68004850625  0.0647582511979
-0.0160850935534  424  400  399.904494058  1.72656739084  0.00828394043122
-0.0160850935534  424  413  412.677823293  1.62661318494  -0.0180243443805
-0.0160850935534  424  426  425.603571038  1.56762532003  0.0498333080496
-0.0160850935534  424  439  438.576528517  1.5053676394  0.0249647869741
-0.0160850935534  424  452  451.661515569  1.53880944523  -0.00833611927598
-0.0160850935534  424  465  464.870654296  1.70268219987  0.0141710831379
-0.0160850935534  424  478  478.238146863  1.6493455727  0.0830927724381
-0.0160850935534  424  492  491.58682142  1.43334529172  0.0515736178534
-0.0160850935534  424  505  505.112850432  1.70460875751  0.0253910208821
-0.0160850935534  424  519  518.682927795  1.62172548121  -0.0685195282487
-0.0160850935534  424  532  532.457814662  1.54944258487  0.0315680166208
-0.0160850935534  424  546  546.294756757  1.67444661014  0.0653351303611
-0.0160850935534  424  560  560.227410775  1.73243461953  0.0740306669875
-0.0160850935534  424  574  574.264894681  1.72851718175  0.083562545426
-0.0160850935534  424  588  588.405440669  1.60247528228  0.117826642178
-0.0160850935534  424  603  602.616375332  1.61318720118  0.0105001016092
-0.0160850935534  424  617  617.036338775  1.81486918355  0.0365212118143
-0.0160850935534  424  632  631.520271681  1.53445140733  0.0133820362736
-0.0160850935534  424  646  646.142287308  1.82322886708  0.0113040913685
-0.0160850935534  424  661  660.815975063  1.82120635097  -0.0581759702743
-0.0160850935534  424  676  675.656891889  1.77630776364  -0.039822972531
-0.0160850935534  424  691  690.617718136  1.7716941962  -0.0515231917074
-0.0160850935534  424  706  705.697263447  1.83390453306  -0.0133722536303
-0.0160850935534  424  721  720.903771745  1.89582907728  0.00906820082804
-0.0160850935534  424  736  736.275011191  1.82104101533  0.0751478650984
-0.0160850935534  424  752  751.680531457  1.77683893449  0.0201947945331
-0.0160850935534  424  767  767.353759194  1.76824216658  0.116421948641
-0.0160850935534  424  783  783.054267402  1.89986078504  0.026788686574
-0.0160850935534  423  799  798.784229231  1.85818934729  -0.0133894903568
-0.0160850935534  423  815  814.800632313  1.87355996197  -0.0304885669836
-0.0160850935534  423  831  830.956929645  1.90543833855  -0.045430866961
-0.0160850935534  423  847  847.296259873  1.86788151532  0.0385087839777
-0.0160850935534  423  864  863.672946525  1.82908492577  -0.0191572036981
-0.0160850935534  423  880  880.261253251  1.90133588928  0.0213292618533
-0.0160850935534  423  897  896.877591825  1.86629421454  -0.00208301549309
-0.0160850935534  422  914  913.671146924  1.89268412268  0.00874275780185
-0.0160850935534  422  931  930.654620262  1.86400466365  -0.00554038301901
-0.0160850935534  422  948  947.819279362  1.94878758552  0.039882620634
-0.0160850935534  422  965  965.188012901  1.96579454485  0.096982433533
-0.0160850935534  421  983  982.528319561  1.73504727463  0.0317476990256
-0.0160850935534  421  1000  1000.2494789  1.90229267424  0.110565798083
-0.0160850935534  421  1018  1018.0461793  1.98794088448  0.0510583158225
0.174426906447  421  5  4.64559173848  1.10806208174  -0.126316120988
0.174426906447  421  15  14.6977789666  1.27010384614  0.02195618791
0.174426906447  421  25  24.7729599951  1.33078134354  -0.0186913349928
0.174426906447  422  35  35.1901863509  1.3944464403  0.0976418415465
0.174426906447  422  45  45.4171435146  1.17604824712  0.166991315977
0.174426906447  422  56  55.5877932974  1.17020510054  -0.0616073289959
0.174426906447  422  66  65.9706799579  1.47016324011  0.0377707286935
0.174426906447  422  76  76.4407564826  1.19604035766  0.140349082793
0.174426906447  422  87  86.8478928985  1.46327123579  -0.031797960628
0.174426906447  422  97  97.4841261265  1.18748523353  0.163666855108
0.174426906447  423  108  108.295387027  1.45960044096  0.12419791789
0.174426906447  423  119  118.929378006  1.51601099208  0.0377524352906
0.174426906447  423  130  129.684528591  1.39420813538  0.0421708032374
0.174426906447  423  141  140.557789137  1.17638101873  0.0192562475349
0.174426906447  423  152  151.51468766  1.21393431551  0.0744832325379
0.174426906447  423  163  162.520926228  1.22132743482  0.0942538973342
0.174426906447  423  174  173.551093028  1.16492949098  -0.0545086160259
0.174426906447  424  185  184.862046292  1.5275069879  -0.00890490171939
0.174426906447  424  196  196.182259553  1.51302199497  0.0974756184063
0.174426906447  424  207  207.466856052  1.29549782743  0.035789836641
0.174426906447  424  219  218.799272632  1.52394116091  -0.00235575586626
0.174426906447  424  230  230.350177366  1.44165097775  0.0981260558934
0.174426906447  424  242  241.829944139  1.54919379352  -0.031954636779
0.174426906447  424  254  253.515733477  1.3667651574  0.0761147132621
0.174426906447  424  265  265.273179046  1.57380736216  0.106809728581
0.174426906447  424  277  277.044106686  1.63559136683  0.0578800423641
0.174426906447  424  289  288.919626219  1.59467160046  0.0442211058421
0.174426906447  425  301  301.066461596  1.61874749914  0.0538576139456
0.174426906447  425  313  313.156744509  1.58274218552  0.102106506785
0.174426906447  425  325  325.31268696  1.53117392469  0.104528418584
0.174426906447  425  338  337.502917306  1.2974040618  -0.0339743950719
0.174426906447  425  350  349.805750871  1.63105085637  -0.0322323284134
0.174426906447  425  362  362.283694195  1.61937805567  0.0645511130193
0.174426906447  425  375  374.718735921  1.6154814729  -0.0612771760996
0.174426906447  425  387  387.378538297  1.63420620525  0.0653200471662
0.174426906447  425  400  400.062808578  1.7275475155  0.0383152789555
0.174426906447  425  413  412.824754579  1.69778731689  -0.00722503462415
0.174426906447  425  426  425.711072906  1.64078545044  0.0263017474366
0.174426906447  425  439  438.698523325  1.60578697134  0.00910597757185
0.174426906447  425  452  451.796790788  1.66044555112  0.00170889899968
0.174426906447  425  465  465.042587708  1.7049708348  0.0694332691482
0.174426906447  425  478  478.370284131  1.54327898248  0.0810395792283
0.174426906447  425  492  491.691139486  1.57505747724  -0.0602628028284
0.174426906447  425  505  505.270991665  1.64152640105  0.0616537798693
0.174426906447  425  519  518.82180335  1.67006763951  -0.0455730834535
0.174426906447  425  533  532.555842424  1.55441024769  -0.0293368060853
0.174426906447  425  546  546.409443227  1.59892625498  0.0659961510742
0.174426906447  425  560  560.345539628  1.68130166406  0.077856713027
0.174426906447  425  574  574.384259262  1.662681901  0.0892667288721
0.174426906447  425  589  588.504709495  1.58128472653  0.0700932694468
0.174426906447  425  603  602.736403022  1.71245173638  0.00691682962082
0.174426906447  425  617  617.176254156  1.77916293111  0.0665208039703
0.174426906447  425  632  631.61663127  1.62010224745  -0.0193342924314
0.174426906447  425  646  646.278629431  1.77443539896  0.035299890313
0.174426906447  425  661  660.955145303  1.86718482787  -0.0344552360307
0.174426906447  425  676  675.769802603  1.81434978508  -0.038136479977
0.174426906447  425  691  690.727193988  1.83177596921  -0.0479799424368
0.174426906447  425  706  705.807600132  1.84385405341  -0.0130687608781
0.174426906447  425  721  721.031415716  1.89870798556  0.0351405029436
0.174426906447  425  736  736.382290051  1.77529422714  0.0724398428925
0.174426906447  425  752  751.802034144  1.85223781073  0.029663826144
0.174426906447  425  767  767.452022725  1.67618269948  0.104265332616
0.174426906447  425  783  783.196029343  1.86868511165  0.0600660640269
0.174426906447  424  799  798.919679871  1.89638028951  0.00023455103708
0.174426906447  424  815  814.938847278  1.91266253181  -0.00972891235617
0.174426906447  424  831  831.099823437  1.9332752941  -0.0089566259729
0.174426906447  424  847  847.404425067  1.79900930795  0.0460183813429
0.174426906447  424  864  863.772484953  1.88059854841  -0.0317139536676
0.174426906447  424  880  880.389270644  1.86982879876  0.0376449093629
0.174426906447  423  897  896.929436917  1.96448664876  0.0247546046744
0.174426906447  423  914  913.77477687  1.91518530853  0.018875168002
0.174426906447  423  931  930.774242851  1.9257329426  0.00141233999283
0.174426906447  423  948  947.934335177  1.98716849202  0.0572638907996
0.174426906447  423  965  965.302345174  1.91102371743  0.114375374795
0.174426906447  422  983  982.614363682  1.78318964847  0.00569473850844
0.174426906447  422  1000  1000.355161  1.85147839177  0.120173706098
0.174426906447  422  1018  1018.17130133  1.9497652413  0.0758456318907
0.364938906447  422  5  4.83395359689  1.37159088819  -0.0750023464066
0.364938906447  422  15  14.8880073998  1.40933763908  0.0521747018169
0.364938906447  422  25  24.9780415998  1.43057122628  0.0405769999186
0.364938906447  422  35  35.2973531639  1.46825009384  0.144364235599
0.364938906447  423  46  45.5153656765  1.20000621809  0.0557141819934
0.364938906447  423  56  55.7284430085  1.31604324036  -0.0632459878306
0.364938906447  423  66  66.1784921038  1.44806933716  0.0876092697909
0.364938906447  423  77  76.5408934601  1.18084058181  0.0264410480518
0.364938906447  423  87  87.046821842  1.5035148718  0.0161637548299
0.364938906447  423  98  97.5700693615  1.20394342804  0.0305118793351
0.364938906447  424  108  108.437309844  1.28351863232  0.135324513236
0.364938906447  424  119  119.136069317  1.51754314833  0.0897705233322
0.364938906447  424  130  129.882947995  1.49596168169  0.091510543352
0.364938906447  424  141  140.681550936  1.32310113256  -0.0311454764568
0.364938906447  424  152  151.625265002  1.25414891574  0.0135645813314
0.364938906447  424  163  162.623402987  1.27574607216  0.0331638857087
0.364938906447  424  174  173.689521352  1.33330198203  -0.0788563052041
0.364938906447  424  185  184.861250959  1.52147544038  -0.00831493528865
0.364938906447  425  196  196.345898525  1.39956299775  0.118002911327
0.364938906447  425  208  207.5528281  1.20629947182  -0.0889293599063
0.364938906447  425  219  218.986822529  1.59050640643  0.0375013987512
0.364938906447  425  230  230.47805998  1.30886422031  0.0894296625793
0.364938906447  425  242  242.004507798  1.62220206554  0.00990213998199
0.364938906447  425  254  253.620701188  1.43937626455  0.0178272908557
0.364938906447  425  265  265.410242326  1.44599087877  0.119062071834
0.364938906447  425  277  277.223940603  1.59624265215  0.111443228229
0.364938906447  425  289  289.090530649  1.60844422378  0.102069086864
0.364938906447  426  301  301.246686268  1.57286859855  0.101895033864
0.364938906447  426  313  313.321037015  1.52377659116  0.121503935334
0.364938906447  426  325  325.452896424  1.35386153331  0.107792185421
0.364938906447  426  338  337.601521808  1.39746181797  -0.0891410210224
0.364938906447  426  350  349.979468204  1.65629405045  0.00914305877443
0.364938906447  426  362  362.416897668  1.51802596917  0.0533643431314
0.364938906447  426  375  374.863599409  1.68059280575  -0.0405092928262
0.364938906447  426  388  387.512937044  1.58077445439  0.0396367454887
0.364938906447  426  400  400.216926156  1.70300875033  0.0637813354872
0.364938906447  426  413  412.987968963  1.73231741252  0.0317219027722
0.364938906447  426  426  425.875144281  1.69280850329  0.0572370076275
0.364938906447  426  439  438.840910912  1.71888424824  0.0205881194682
0.364938906447  426  452  451.965101367  1.69273878616  0.0389305706247
0.364938906447  426  465  465.205537174  1.66124474092  0.102929369687
0.364938906447  426  478  478.47881883  1.38389913002  0.0697660471927
0.364938906447  426  492  491.832374068  1.65544840769  -0.0534147453872
0.364938906447  426  505  505.403669345  1.58368278788  0.067321465094
0.364938906447  426  519  518.964469352  1.74942746623  -0.0205039118408
0.364938906447  426  533  532.662265938  1.60946744608  -0.0606790412257
0.364938906447  426  547  546.509519176  1.61218395904  0.0188171004056
0.364938906447  426  560  560.461680182  1.6377486374  0.0654794027833
0.364938906447  426  574  574.481806473  1.62829349879  0.055716884908
0.364938906447  426  589  588.603442758  1.6071964042  0.0248382211626
0.364938906447  426  603  602.868257822  1.78237908214  0.0123362359243
0.364938906447  426  617  617.315547994  1.73465706951  0.0953140730303
0.364938906447  426  632  631.743394478  1.72548933109  -0.0274427270738
0.364938906447  426  646  646.391891055  1.7009258238  0.0171978181149
0.364938906447  426  661  661.10899086  1.84134768962  0.00544893690408
0.364938906447  426  676  675.916853757  1.84768120657  -0.0196108153203
0.364938906447  426  691  690.853267578  1.87167488526  -0.0409624444153
0.364938906447  426  706  705.948054198  1.886983542  0.007344568435
0.364938906447  426  721  721.186969529  1.88910385247  0.0674859553122
0.364938906447  426  736  736.493970386  1.72701286276  0.053986538705
0.364938906447  426  752  751.959025165  1.87527526537  0.067920884454
0.364938906447  426  768  767.54493694  1.64402996237  0.0686934956246
0.364938906447  425  783  783.195648128  1.87007357921  0.0569430493189
0.364938906447  425  799  799.063677947  1.89167220733  0.0437612210816
0.364938906447  425  815  815.06789034  1.89767364418  0.0169167807819
0.364938906447  425  831  831.232460345  1.89435850884  0.00941986288558
0.364938906447  425  847  847.499379595  1.74960305403  0.0226653972393
0.364938906447  425  864  863.89080955  1.93559104202  -0.0215025469889
0.364938906447  425  880  880.47775547  1.81256484454  0.0114239805838
0.364938906447  424  897  897.065531964  1.98566191341  0.0401224851264
0.364938906447  424  914  913.90463187  1.95867844525  0.0368517800778
0.364938906447  424  931  930.889079022  1.97997350435  0.0152112665885
0.364938906447  424  948  948.09125606  1.94565562918  0.114873970911
0.364938906447  424  965  965.39637388  1.83638707626  0.109735368165
0.364938906447  423  983  982.706535813  1.84807872363  -0.00533657648437
0.364938906447  423  1000  1000.4330429  1.80109414297  0.0922492217327
0.364938906447  423  1018  1018.27718144  1.90022468954  0.079299948181
0.555450906447  423  5  5.05993541377  1.46394339391  0.0080914692968
0.555450906447  423  15  15.1138656035  1.41005969593  0.128095235589
0.555450906447  423  25  25.2049997044  1.39057494153  0.122393924212
0.555450906447  423  35  35.3703025346  1.24242189274  0.122428582364
0.555450906447  424  46  45.6431741667  1.22940746151  0.0279015224403
0.555450906447  424  56  55.9280386524  1.42275444832  -0.0108272678709
0.555450906447  424  66  66.3563383095  1.25161143846  0.136036735747
0.555450906447  424  77  76.6649502592  1.30956028314  -0.0126610212692
0.555450906447  424  87  87.2422154332  1.4526041738  0.0675634290906
0.555450906447  424  98  97.7269370912  1.41004125835  0.0157595929638
0.555450906447  424  108  108.499966647  1.2487693603  0.128549255253
0.555450906447  425  119  119.311543674  1.42146215401  0.130153905155
0.555450906447  425  130  130.066441182  1.52187900038  0.151773341206
0.555450906447  425  141  140.860233142  1.47271002431  0.0132724576974
0.555450906447  425  152  151.775051546  1.44451552812  0.0144840104322
0.555450906447  425  163  162.77864  1.45122219463  0.0396283960812
0.555450906447  425  174  173.848761739  1.46489261551  -0.0536124165681
0.555450906447  425  185  185.074739819  1.52767227099  0.0826286582301
0.555450906447  426  196  196.465832137  1.24039148817  0.100679156118
0.555450906447  426  208  207.680550954  1.37713933135  -0.102582953062
0.555450906447  426  219  219.176414709  1.55738416921  0.0823587442361
0.555450906447  426  231  230.566882889  1.30860942402  -0.0308748353325
0.555450906447  426  242  242.18985849  1.5701429617  0.0653060954441
0.555450906447  426  254  253.773342519  1.52929186075  0.0194399762859
0.555450906447  426  266  265.524575986  1.26906280004  0.0399898558677
0.555450906447  426  277  277.380320294  1.48733797199  0.126789290684
0.555450906447  426  289  289.274115696  1.52387464643  0.151602868791
0.555450906447  426  301  301.239696806  1.57938620869  0.0631154747963
0.555450906447  427  313  313.444322816  1.39502785948  0.127072333895
0.555450906447  427  326  325.53860625  1.28325040529  0.00527015024731
0.555450906447  427  338  337.743446477  1.55254682034  -0.0740196299163
0.555450906447  427  350  350.139696382  1.66130511749  0.045503696868
0.555450906447  427  363  362.519875151  1.48929426474  -0.00254610624992
0.555450906447  427  375  375.019400209  1.70546902596  -0.0196656095357
0.555450906447  427  388  387.62584938  1.61743302015  0.00511717411786
0.555450906447  427  400  400.364193266  1.66494278541  0.0814566727263
0.555450906447  427  413  413.134604694  1.71936026944  0.0587042519313
0.555450906447  427  426  426.025624681  1.70737933339  0.0773315573303
0.555450906447  427  439  438.99908368  1.71567277909  0.0539765578297
0.555450906447  427  452  452.102497382  1.70087676929  0.0521126295952
0.555450906447  427  465  465.336026501  1.5991255752  0.120295890529
0.555450906447  427  479  478.573846206  1.50131660032  -0.0024435381028
0.555450906447  427  492  491.979774398  1.68732293264  -0.0303715834833
0.555450906447  427  506  505.505722907  1.58498806423  0.00537442747963
0.555450906447  427  519  519.122534358  1.71684430466  0.0223372078597
0.555450906447  427  533  532.791849507  1.67803565703  -0.0514661466219
0.555450906447  427  547  546.621322848  1.67304723365  -0.00280418169364
0.555450906447  427  561  560.563657379  1.64912893173  0.0204484599736
0.555450906447  427  575  574.594636339  1.65944014614  0.0239913225767
0.555450906447  427  589  588.727857596  1.73113363066  0.0197405592509
0.555450906447  427  603  603.030350092  1.78774696979  0.0643852115632
0.555450906447  427  617  617.425713717  1.66199718383  0.0770491144978
0.555450906447  427  632  631.871606533  1.7626948905  -0.000280814783114
0.555450906447  427  647  646.498334436  1.68226709443  -0.0145346274533
0.555450906447  427  661  661.241401954  1.80912010844  0.0294496224315
0.555450906447  427  676  676.045265825  1.87314311148  -0.00703614652946
0.555450906447  427  691  690.991083973  1.89502961121  -0.0116129179693
0.555450906447  427  706  706.068898969  1.87722014841  0.0234871587554
0.555450906447  427  721  721.302935567  1.83816901549  0.0791249508457
0.555450906447  427  737  736.584856424  1.7859058545  0.0207087617348
0.555450906447  427  752  752.094782735  1.88179102324  0.0904140808642
0.555450906447  427  768  767.647024646  1.73306351834  0.0344800639545
0.555450906447  426  783  783.331768806  1.79347683932  0.0742206769781
0.555450906447  426  799  799.198265065  1.8675864505  0.0743352799732
0.555450906447  426  815  815.208935325  1.88290231699  0.0438445247765
0.555450906447  426  831  831.36390312  1.8026806904  0.0343886034259
0.555450906447  426  848  847.594889245  1.76856028426  -0.0188999632905
0.555450906447  426  864  864.022626146  1.94807975823  0.00642306749303
0.555450906447  426  881  880.56739456  1.80717065576  -0.0253217788115
0.555450906447  425  897  897.193777906  1.94970504828  0.0574949057043
0.555450906447  425  914  914.025595087  1.97366114465  0.0501043603858
0.555450906447  425  931  931.012985277  1.98728637208  0.0376135420719
0.555450906447  425  948  948.179073478  1.97394369861  0.0967598873293
0.555450906447  425  965  965.492938723  1.81075234186  0.0961834701315
0.555450906447  424  983  982.819515235  1.93686698946  -0.0003710814786
0.555450906447  424  1001  1000.51460144  1.7460807911  0.0451906360396
0.555450906447  424  1018  1018.38007231  1.85731570815  0.0830525534155
0.745962906447  424  5  5.27277732958  1.40987412169  0.057507914862
0.745962906447  424  15  15.3097805921  1.27557128009  0.173646737862
0.745962906447  424  25  25.3846374403  1.23449504926  0.155674861828
0.745962906447  424  35  35.4964609349  1.19440054653  0.106393527732
0.745962906447  425  46  45.7966465355  1.36963877092  0.0281842243344
0.745962906447  425  56  56.1463350088  1.4206593964  0.0573911637801
0.745962906447  425  66  66.4864725332  1.16713325731  0.115407792764
0.745962906447  425  77  76.8356175557  1.45170600931  0.00663743356412
0.745962906447  425  87  87.4030068995  1.32262924801  0.0946080961713
0.745962906447  425  98  97.9071105639  1.51465684934  0.0574876534508
0.745962906447  425  109  108.545333468  1.19080767778  0.0423085302305
0.745962906447  426  119  119.456488715  1.24150409057  0.13633289733
0.745962906447  426  130  130.274445228  1.37736844782  0.229081158577
0.745962906447  426  141  141.060536282  1.53373492507  0.0597686149994
0.745962906447  426  152  151.975157668  1.50362762213  0.0574240776891
0.745962906447  426  163  162.982100568  1.51602946708  0.096278496877
0.745962906447  426  174  174.054432349  1.51513795485  0.010647615481
0.745962906447  426  185  185.263716534  1.44926226286  0.123660278463
0.745962906447  427  197  196.577569385  1.28378325553  0.125933208112
0.745962906447  427  208  207.854104138  1.52855699837  -0.059338713019
0.745962906447  427  219  219.342227198  1.45093820986  0.124173324565
0.745962906447  427  231  230.714917952  1.48720518526  -0.0244708416091
0.745962906447  427  242  242.351313009  1.4805443472  0.0900059027753
0.745962906447  427  254  253.945811127  1.61153018802  0.0639037054026
0.745962906447  427  266  265.642426236  1.46619075055  0.00668065521169
0.745962906447  427  277  277.491933224  1.37227814445  0.115002598198
0.745962906447  427  289  289.41371158  1.40973814216  0.15955545933
0.745962906447  427  301  301.385295466  1.46507464794  0.115869058418
0.745962906447  428  314  313.545072773  1.25714356278  0.0126859248363
0.745962906447  428  326  325.657141177  1.43823190398  -0.021411772027
0.745962906447  428  338  337.911257976  1.61774583638  -0.0323399111949
0.745962906447  428  350  350.31312821  1.54886964909  0.0793504508476
0.745962906447  428  363  362.626060426  1.50235436018  -0.0486261180904
0.745962906447  428  375  375.197087842  1.6646193696  0.0269886898809
0.745962906447  428  388  387.747246858  1.63684434212  -0.01256217709
0.745962906447  428  400  400.482875518  1.51370422634  0.0638435046994
0.745962906447  428  413  413.300899576  1.67754523574  0.090029605585
0.745962906447  428  426  426.187922029  1.67899185966  0.117532336532
0.745962906447  428  439  439.172318725  1.70246469618  0.0962592439396
0.745962906447  428  452  452.27427992  1.62040604661  0.10902329908
0.745962906447  428  465  465.463970546  1.4262953729  0.13019145918
0.745962906447  428  479  478.677343092  1.5820266797  -0.0432021289835
0.745962906447  428  492  492.137375819  1.66902556652  0.0125577089592
0.745962906447  428  506  505.603387633  1.47842385975  -0.0356025518937
0.745962906447  428  519  519.275984644  1.67145336408  0.0511626782196
0.745962906447  428  533  532.944744567  1.75761353792  -0.0270584538478
0.745962906447  428  547  546.747622294  1.70195009346  -0.0259306003394
0.745962906447  428  561  560.671208107  1.67921781459  -0.0184642884791
0.745962906447  428  575  574.704659568  1.69329255776  -0.00756122528264
0.745962906447  428  589  588.871240811  1.78361079294  0.0332581075652
0.745962906447  428  603  603.18766228  1.77953640115  0.103635616021
0.745962906447  428  618  617.525412244  1.55768548688  0.0355326563943
0.745962906447  428  632  632.02429928  1.81286914061  0.0273478187693
0.745962906447  428  647  646.592137505  1.63525793901  -0.0576990516761
0.745962906447  428  661  661.37114634  1.75188209162  0.0396016427437
0.745962906447  428  676  676.19311395  1.8224722451  0.02671307657
0.745962906447  428  691  691.141015933  1.89777917187  0.0115520979135
0.745962906447  428  706  706.22573462  1.82280968586  0.0523659540687
0.745962906447  428  721  721.424171219  1.77669486135  0.0769158535094
0.745962906447  428  737  736.691710951  1.79311303331  -0.00692440695289
0.745962906447  428  752  752.227428515  1.81192612972  0.117932673138
0.745962906447  427  768  767.639509885  1.68740089974  0.00461487724751
0.745962906447  427  783  783.426736107  1.74887749064  0.0624776794525
0.745962906447  427  799  799.317829541  1.81096942587  0.0818329750331
0.745962906447  427  815  815.323491236  1.84026408613  0.0533875691486
0.745962906447  427  831  831.46031269  1.7749904747  0.0196400167993
0.745962906447  427  848  847.686804689  1.83701694321  -0.0317338349611
0.745962906447  427  864  864.151677191  1.92189543168  0.0251441688241
0.745962906447  426  881  880.617679946  1.73438992327  -0.0520732225971
0.745962906447  426  897  897.308457433  1.91518244193  0.077205978661
0.745962906447  426  914  914.151613127  1.94617745539  0.0763281003719
0.745962906447  426  931  931.139918158  1.96285264287  0.0669546128072
0.745962906447  426  948  948.298664754  1.86287104966  0.120236960869
0.745962906447  425  965  965.496440781  1.65227342654  0.0560930332619
0.745962906447  425  983  982.943496323  1.98571331734  0.0172273401388
0.745962906447  425  1001  1000.60082971  1.805207138  0.0251104816719
0.745962906447  425  1018  1018.46409198  1.80638082843  0.0619555379877
0.936474906447  425  5  5.43105105721  1.26760555589  0.0745819150604
0.936474906447  425  15  15.4498851902  1.1528489843  0.157947830194
0.936474906447  425  25  25.5023617933  1.18904511775  0.118453721914
0.936474906447  425  36  35.5925662035  1.19498835936  -0.021803324515
0.936474906447  425  46  45.8994936361  1.64161025463  0.0243686985045
0.936474906447  426  56  56.3422692478  1.25900006928  0.101540084588
0.936474906447  426  67  66.591554983  1.19421599086  -0.0190129574044
0.936474906447  426  77  77.046848525  1.48775087519  0.0629496024059
0.936474906447  426  88  87.5181169087  1.18194824182  -0.0102706738059
0.936474906447  426  98  98.1303752016  1.48550921355  0.128716916394
0.936474906447  426  109  108.668355001  1.34222984174  -0.00650745692355
0.936474906447  427  120  119.555125007  1.16682809947  0.023716254122
0.936474906447  427  130  130.416438536  1.26579274962  0.224776421388
0.936474906447  427  141  141.263365395  1.45432080144  0.125812521071
0.936474906447  427  152  152.180020037  1.47950959488  0.119041874493
0.936474906447  427  163  163.192995159  1.46512810467  0.175665195421
0.936474906447  427  174  174.247838753  1.46839490498  0.0676389976957
0.936474906447  427  185  185.403755303  1.32124937886  0.128686162214
0.936474906447  427  197  196.563312015  1.22696999352  -0.00350420508191
0.936474906447  428  208  208.052803642  1.55905539642  -0.0069262395128
0.936474906447  428  219  219.476493006  1.25930056671  0.10831856618
0.936474906447  428  231  230.882503654  1.58015631107  -0.00155890680754
0.936474906447  428  242  242.479936235  1.30461232672  0.0793575717274
0.936474906447  428  254  254.145330247  1.57899954621  0.121985801905
0.936474906447  428  266  265.792333887  1.53057515779  0.00590950629786
0.936474906447  428  278  277.586609492  1.30526774261  -0.00270771179591
0.936474906447  428  290  289.517423075  1.28035285096  0.0808400627964
0.936474906447  428  302  301.502225141  1.31679040141  0.0456026098532
0.936474906447  428  314  313.54520452  1.2630434076  0.0201612753948
0.936474906447  429  326  325.809969761  1.58499770547  -0.00460532522945
0.936474906447  429  338  338.087389527  1.63889776838  0.0210984805962
0.936474906447  429  350  350.437713921  1.46856763913  0.0819695695774
0.936474906447  429  363  362.771084159  1.62725760935  -0.040600665055
0.936474906447  429  375  375.340601162  1.61071531947  0.0447541017585
0.936474906447  429  388  387.906035681  1.70238543773  0.00999764330552
0.936474906447  429  401  400.596632561  1.57484708118  0.0207700454037
0.936474906447  429  413  413.419156256  1.60667734672  0.0773144937357
0.936474906447  429  426  426.332945947  1.62026698784  0.138311674895
0.936474906447  429  439  439.31351718  1.63012217846  0.126333795424
0.936474906447  429  452  452.400841477  1.56295124727  0.10415492612
0.936474906447  429  466  465.548591813  1.44690885  0.0455787035885
0.936474906447  429  479  478.82394695  1.64450020721  -0.0097618365576
0.936474906447  429  492  492.295932172  1.62465006536  0.0435147177663
0.936474906447  429  506  505.732474652  1.61213644098  -0.0291822975281
0.936474906447  429  519  519.40712315  1.59754370131  0.0660199961545
0.936474906447  429  533  533.103676194  1.74866517589  0.014877270199
0.936474906447  429  547  546.897752708  1.74794912574  0.0037952950456
0.936474906447  429  561  560.803081897  1.75558502782  -0.00137538545295
0.936474906447  429  575  574.846336598  1.7575025323  0.0127230923709
0.936474906447  429  589  589.023085953  1.78837216997  0.0742203543815
0.936474906447  429  603  603.319333626  1.67773782343  0.127186304952
0.936474906447  429  618  617.624923476  1.59463523028  -0.00461288717132
0.936474906447  429  632  632.184350065  1.76659463403  0.0675410433172
0.936474906447  429  647  646.71225586  1.75507134758  -0.0575399035515
0.936474906447  429  661  661.487203026  1.69185014817  0.0332550315774
0.936474906447  429  676  676.329404129  1.78226601618  0.0414877550671
0.936474906447  429  691  691.276905649  1.84694482964  0.0390163612447
0.936474906447  429  706  706.348283122  1.784762986  0.0631406458103
0.936474906447  429  722  721.525307682  1.74482075788  0.0428083429032
0.936474906447  429  737  736.825116993  1.86613523837  0.00672411165461
0.936474906447  429  752  752.347318865  1.72608182804  0.119613132488
0.936474906447  428  768  767.765018799  1.81862684184  0.0242962408581
0.936474906447  428  784  783.518938382  1.68267549296  0.0194987975213
0.936474906447  428  799  799.432479809  1.70302962543  0.0791651872307
0.936474906447  428  815  815.441245357  1.71979048012  0.060311266314
0.936474906447  428  832  831.548051997  1.72755438165  -0.0326227918085
0.936474906447  428  848  847.818472505  1.89478613963  -0.0257765481023
0.936474906447  428  864  864.282413494  1.87681075804  0.0385987359061
0.936474906447  427  881  880.6676962  1.84602184055  -0.0282184403029
0.936474906447  427  897  897.416254442  1.88382870358  0.0613091006148
0.936474906447  427  914  914.264367071  1.90870176303  0.0781051996091
0.936474906447  427  931  931.254310669  1.94463400288  0.0789137604992
0.936474906447  427  948  948.413578864  1.83747255589  0.11650606976
0.936474906447  426  966  965.578152028  1.81807466113  0.0553242374208
0.936474906447  426  983  983.080305978  1.97289283969  0.0467242149277
0.936474906447  426  1001  1000.70207765  1.86660251161  0.00801475343354
0.936474906447  426  1019  1018.56616373  1.86433877665  0.0335652984981
1.12698690645  426  6  5.5595190043  1.18040415572  0.0339348591868
1.12698690645  426  16  15.5696488168  1.18037825004  0.0570098476362
1.12698690645  426  26  25.6225330989  1.20764600811  0.0176663354631
1.12698690645  426  36  35.7449262026  1.27430409918  -0.0305143703011
1.12698690645  426  46  46.0338647479  1.40462651629  0.104503865566
1.12698690645  427  56  56.4729516302  1.16386932717  0.0793572677737
1.12698690645  427  67  66.7401660642  1.35821431755  -0.0337204153227
1.12698690645  427  77  77.2595956926  1.39751662201  0.132878639764
1.12698690645  427  88  87.6261384605  1.2463692288  -0.0763185572852
1.12698690645  427  98  98.3183717316  1.37853629872  0.187423386786
1.12698690645  427  109  108.849336619  1.48091210844  0.0280174440154
1.12698690645  428  120  119.615997223  1.36577937474  -0.0525306582796
1.12698690645  428  131  130.525077335  1.19011689963  0.112657915339
1.12698690645  428  141  141.426975111  1.30108525642  0.145462022951
1.12698690645  428  152  152.356769022  1.32276257506  0.162369501243
1.12698690645  428  163  163.368644075  1.31343115551  0.213264464989
1.12698690645  428  174  174.410368995  1.2912721249  0.0780091327095
1.12698690645  428  186  185.517724798  1.22033917896  0.0288841249817
1.12698690645  428  197  196.70369533  1.42021951341  -0.0234849909618
1.12698690645  429  208  208.252094246  1.49322267127  0.059690384203
1.12698690645  429  220  219.565064362  1.27113930345  -0.0296257774124
1.12698690645  429  231  231.082112067  1.59033202773  0.0502728495303
1.12698690645  429  243  242.577926717  1.26651581223  -0.03282838326
1.12698690645  429  254  254.303904068  1.5297856426  0.145948267268
1.12698690645  429  266  265.965441459  1.61976244907  0.0487342205939
1.12698690645  429  278  277.724869363  1.51898974204  -0.00106204343414
1.12698690645  429  290  289.619891694  1.36518817499  0.0283584717946
1.12698690645  429  302  301.599926916  1.2947463405  -0.018218509662
1.12698690645  429  314  313.65412118  1.38916155543  -0.0166794027002
1.12698690645  430  326  326.013645868  1.60828405113  0.0563208249907
1.12698690645  430  338  338.262099997  1.57630753241  0.0526225890101
1.12698690645  430  351  350.535194116  1.33335689966  -0.0232251612491
1.12698690645  430  363  362.946726379  1.68428136524  -0.00712643571382
1.12698690645  430  375  375.479290519  1.55021113686  0.033179282223
1.12698690645  430  388  388.075381838  1.69128683492  0.0436008817693
1.12698690645  430  401  400.724355718  1.65032234886  -0.000437748878616
1.12698690645  430  414  413.544742424  1.56963077932  0.036931296211
1.12698690645  430  426  426.447214286  1.51489167436  0.101147825582
1.12698690645  430  439  439.450849136  1.55210445277  0.118374928163
1.12698690645  430  453  452.522059282  1.43353164244  0.0565182885058
1.12698690645  430  466  465.667456378  1.55039583058  0.00177867494083
1.12698690645  430  479  478.999668056  1.70714010432  0.033921041231
1.12698690645  430  492  492.433124763  1.50616294848  0.0407617060147
1.12698690645  430  506  505.8817448  1.66593780531  -0.0138373696387
1.12698690645  430  520  519.517272051  1.51804046141  0.00577593530337
1.12698690645  430  533  533.255566821  1.70618264848  0.0446588056329
1.12698690645  430  547  547.056601658  1.7771024002  0.0309739099578
1.12698690645  430  561  560.974956892  1.77099555716  0.0309690145279
1.12698690645  430  575  575.01048046  1.79354954628  0.0521897464361
1.12698690645  430  589  589.192155206  1.75986155752  0.110519572859
1.12698690645  430  603  603.44399159  1.6340216841  0.115646720813
1.12698690645  430  618  617.766417641  1.69640242726  0.000718222717999
1.12698690645  430  632  632.320849301  1.68214285167  0.0905445809988
1.12698690645  430  647  646.848489592  1.81045675213  -0.0365869907724
1.12698690645  430  662  661.59137681  1.69837716334  -0.0232329101365
1.12698690645  430  676  676.437249314  1.71056704401  0.0285302632451
1.12698690645  430  691  691.405223821  1.79528417602  0.0335679673821
1.12698690645  430  706  706.458843315  1.73015996865  0.0398865017983
1.12698690645  430  722  721.63469143  1.78658231363  0.0268790498859
1.12698690645  430  737  736.964062964  1.89610625187  0.0323855914813
1.12698690645  430  752  752.391965794  1.64220319281  0.115191642919
1.12698690645  429  768  767.899956861  1.85777175041  0.0450455826855
1.12698690645  429  784  783.613500329  1.68144081268  -0.00861150185924
1.12698690645  429  800  799.514800301  1.6513895726  0.0320233128629
1.12698690645  429  816  815.528976532  1.67703016646  0.0144438034007
1.12698690645  429  832  831.643061627  1.73876334334  -0.0560042777455
1.12698690645  429  848  847.953153737  1.90474588461  0.000356684893211
1.12698690645  429  864  864.399654222  1.8091255157  0.0440986028725
1.12698690645  428  881  880.782414287  1.91472517368  -0.0320274446974
1.12698690645  428  898  897.517613193  1.85149073435  0.0373222340267
1.12698690645  428  914  914.378968786  1.84771864465  0.0808476557409
1.12698690645  428  931  931.373594374  1.89464478138  0.0872985066161
1.12698690645  428  948  948.504385318  1.79509153577  0.080194456919
1.12698690645  427  966  965.681536721  1.88070336701  0.0387199607852
1.12698690645  427  983  983.221281381  1.95008145095  0.0782450460369
1.12698690645  427  1001  1000.82629131  1.93336333845  0.0153663783927
1.12698690645  427  1019  1018.66735128  1.90924955865  0.017301342243
1.31749890645  427  6  5.67475251426  1.21220779066  -0.0107832905905
1.31749890645  427  16  15.6936286577  1.26193934322  0.0303464429313
1.31749890645  427  26  25.7792539202  1.31524265402  0.0192232515287
1.31749890645  427  36  35.9560395481  1.42326446249  0.0212761686141
1.31749890645  427  46  46.2489192775  1.32597550069  0.173552543258
1.31749890645  428  57  56.5719722612  1.18613467532  -0.0344488062657
1.31749890645  428  67  66.9295699033  1.44878367898  0.0146399473495
1.31749890645  428  77  77.4244847928  1.23084352929  0.150869871942
1.31749890645  428  88  87.7989550988  1.40819943216  -0.0557510792727
1.31749890645  428  98  98.458285811  1.16656781147  0.17318375889
1.31749890645  428  109  109.067876456  1.52782354364  0.0884484298403
1.31749890645  428  120  119.691735876  1.34293106372  -0.0244885450643
1.31749890645  429  131  130.638659773  1.27925396036  0.064715880056
1.31749890645  429  142  141.527666654  1.208209408  0.0607541075754
1.31749890645  429  152  152.489069187  1.17583153632  0.158600645561
1.31749890645  429  163  163.487356531  1.19176927198  0.173190495496
1.31749890645  429  175  174.523368086  1.21330331483  0.00833796759952
1.31749890645  429  186  185.637840054  1.31937887029  -0.0243629865796
1.31749890645  429  197  196.881168468  1.51883492076  0.0269471435731
1.31749890645  429  208  208.251466456  1.49674581803  0.064459195669
1.31749890645  430  220  219.714181202  1.43986483879  -0.0177416895977
1.31749890645  430  231  231.272750951  1.51243943331  0.100971884362
1.31749890645  430  243  242.719092643  1.48397244039  -0.0483485910994
1.31749890645  430  254  254.451268994  1.33905944243  0.154065797342
1.31749890645  430  266  266.167013655  1.58084869043  0.10550558721
1.31749890645  430  278  277.915084385  1.5832408454  0.0309666865954
1.31749890645  430  290  289.793672569  1.54407895492  0.0391460288913
1.31749890645  430  302  301.757077393  1.50807399354  -0.0156738443736
1.31749890645  430  314  313.837945664  1.54568003238  0.00574680384885
1.31749890645  430  326  326.012914946  1.60991847409  0.0518274917848
1.31749890645  431  338  338.41255079  1.47276273171  0.0748184809414
1.31749890645  431  351  350.664067562  1.49811784265  -0.0372006283817
1.31749890645  431  363  363.113486456  1.65824199762  0.031382072431
1.31749890645  431  376  375.589850518  1.54233645958  -0.0346224310079
1.31749890645  431  388  388.232505183  1.67317882061  0.0647709696942
1.31749890645  431  401  400.890141404  1.70282572405  0.0298119817525
1.31749890645  431  414  413.674324389  1.64565153794  0.0223750064575
1.31749890645  431  427  426.569471924  1.6046961125  0.058141915967
1.31749890645  431  440  439.571847912  1.6038528335  0.06934985
1.31749890645  431  453  452.637335564  1.59678714509  0.0180257631345
1.31749890645  431  466  465.838758523  1.65749935907  0.0391125388787
1.31749890645  431  479  479.179742416  1.67892856085  0.0777173198418
1.31749890645  431  493  492.536321627  1.53119062173  -0.00659608115695
1.31749890645  431  506  506.043350467  1.70350486308  0.0161460502656
1.31749890645  431  520  519.620740514  1.58258247742  -0.028012875928
1.31749890645  431  533  533.39042287  1.64241067163  0.0478906761794
1.31749890645  431  547  547.214903793  1.72066900925  0.0653765366674
1.31749890645  431  561  561.123407356  1.76574591661  0.0578867922644
1.31749890645  431  575  575.175563235  1.76302337424  0.0840408233576
1.31749890645  431  589  589.330612985  1.71326706764  0.124307787442
1.31749890645  431  604  603.545029977  1.62600588623  0.0589662164363
1.31749890645  431  618  617.918899289  1.7655522201  0.0315721545693
1.31749890645  431  632  632.434704559  1.66464436951  0.072319200077
1.31749890645  431  647  647.013548136  1.83175680603  0.00282159608601
1.31749890645  431  662  661.706061645  1.73439873933  -0.0241623123312
1.31749890645  431  677  676.550209369  1.76003417849  0.00536803460526
1.31749890645  431  692  691.512559935  1.78232309699  0.00445679712319
1.31749890645  431  707  706.566955764  1.77918801522  0.00549433356262
1.31749890645  431  722  721.772748168  1.82703483434  0.0387433138986
1.31749890645  431  737  737.128273362  1.87805628332  0.0681206261203
1.31749890645  430  752  752.45235389  1.71289326606  0.0993070334741
1.31749890645  430  768  768.04699309  1.8656129952  0.0875869935614
1.31749890645  430  784  783.743842049  1.78188918171  -0.0139463733022
1.31749890645  430  800  799.625487502  1.72665956353  0.0151334555663
1.31749890645  430  816  815.632226349  1.73427801146  -0.00824951933214
1.31749890645  430  832  831.765637494  1.81221298854  -0.0477386576692
1.31749890645  430  848  848.09387504  1.89239635402  0.0286635586331
1.31749890645  430  865  864.504811368  1.76769800946  0.0172580273185
1.31749890645  429  881  880.913016331  1.94744616685  -0.0214716764253
1.31749890645  429  898  897.622868222  1.85445933223  0.0218575811707
1.31749890645  429  914  914.483478677  1.81399097578  0.0602641348437
1.31749890645  429  931  931.487132534  1.83378368028  0.071094408205
1.31749890645  429  949  948.608772541  1.82868615125  0.0387673368458
1.31749890645  428  966  965.808687125  1.93748297423  0.0455255204734
1.31749890645  428  983  983.348342249  1.8766497519  0.100061087354
1.31749890645  428  1001  1000.95933368  1.9691421514  0.0349494810112
1.31749890645  428  1019  1018.77513182  1.95402991005  0.0199690100066
