# Band 2B   Etalon 1A   Slice 17
# Distortion map version 06.04.00 - date 2018-10-09
# Trace (isoalpha): Take pixel trace along specified slice, specified alpha position trace is built by taking the pixel in every detector row with alpha value closest to the one specified 
# xpos[i] = np.argmin(alpha_img[i,:])+funcs.find_nearest(alpha_img[i,:][(slice_img[i,:]!=0)],alpha_pos)
#    alpha       x  y      center         FWHM          skewness
0.0  948  11  11.1543903972  2.07047530909  0.0798460966005
0.0  948  25  24.5530607059  1.74933419777  0.07484975966
0.0  949  38  38.2125693178  1.84488485752  0.0698511319008
0.0  950  52  51.964552964  1.88179778933  0.040541998817
0.0  950  66  65.6402386415  1.85148293523  0.0231193503644
0.0  951  80  79.6577937304  1.89042208198  0.0250936654339
0.0  952  94  93.8039577326  1.89882980262  0.041345288368
0.0  952  108  107.857641139  1.91106898853  0.0391982595326
0.0  953  122  122.268444808  1.86419318372  0.0815114468305
0.0  954  137  136.62992388  1.96101117018  0.0193897600715
0.0  954  151  151.209339507  1.87729453885  0.0811572563094
0.0  955  166  165.982192718  1.89674559925  0.0719160550256
0.0  955  181  180.655645054  1.80746004217  0.0179404077242
0.0  956  196  195.731348854  1.88884436115  0.00678024291072
0.0  956  211  210.702339681  1.91189811552  -0.0135555316293
0.0  957  226  226.066750461  2.02713605856  0.0166652600165
0.0  957  241  241.338539082  2.02104789781  0.0146582256955
0.0  958  257  256.9253336  2.07169290008  0.00104210426798
0.0  958  272  272.49947769  2.04779375248  0.034333772569
0.0  958  288  288.323363994  2.24738253066  0.066242270601
0.0  959  304  304.243016037  2.16183652797  0.0779395858707
0.0  959  320  320.261023299  2.1490564464  0.099142962424
0.0  960  337  336.560816468  2.08506887274  0.0656747617957
0.0  960  353  352.880345875  2.21369360045  0.0430771421664
0.0  960  369  369.392885943  2.20604512138  0.0548350665842
0.0  960  386  386.020738509  2.37173326033  -0.0384369040689
0.0  961  403  402.982351397  2.42134659446  -0.0257327991165
0.0  961  420  419.958595067  2.44884682625  -0.0340456857434
0.0  961  437  437.08528883  2.55032652312  -0.0244085136062
0.0  961  454  454.388562177  2.52185465416  -0.00610419430541
0.0  961  472  471.827273068  2.61165723118  -0.000228723828059
0.0  962  490  489.629937825  2.68552063264  0.0262379422304
0.0  962  507  507.411963658  2.73740063976  0.0488732770974
0.0  962  525  525.420165244  2.78448723354  0.0753276703634
0.0  962  544  543.592754242  2.87471099305  0.0520986370943
0.0  962  562  561.970118001  2.98970888925  0.0418200893197
0.0  962  581  580.558022273  3.09372706989  0.00408319496546
0.0  961  599  599.149254558  3.22039332525  -0.0179103846939
0.0  961  618  618.108084158  3.33592635642  -0.0352989446266
0.0  961  637  637.217283605  3.40651526102  -0.0420978176888
0.0  961  657  656.533422052  3.50085543706  -0.0513384302621
0.0  961  676  676.039161351  3.67486884196  -0.0305123531751
0.0  960  696  695.55831617  3.82456035619  -0.0237076790055
0.0  960  715  715.46067055  3.93702438549  0.00625600356214
0.0  960  736  736.832715955  0.0377110640628  9.67655867046
0.0  959  756  755.623343843  4.28970824329  0.0271751523973
0.0  959  776  776.145249501  4.58966309362  0.0483283987117
0.0  958  797  796.733371433  5.12136565426  0.0437028044594
0.0  958  818  817.71840374  5.69510824974  0.0376845932661
0.0  957  839  838.842749895  6.36755000489  0.0330500739667
0.0  956  860  860.27391548  6.91693590656  0.0224261313901
0.0  956  882  881.959384747  7.75867431308  0.0130230679024
0.0  955  904  903.829132054  8.36649763073  -0.00376318168585
0.0  954  926  926.000061316  8.97110810004  -0.00630026029378
0.0  953  948  948.300595148  9.58403992636  -0.000433212489631
0.0  952  971  970.811930702  9.95416903823  -0.019666983582
0.0  951  994  993.625873949  10.2878094462  -0.0238681805144
0.0  950  1016  1017.17940638  9.94257137106  0.0919781785363
-1.86307717912  956  13  12.931467464  1.82763046791  0.081292391257
-1.86307717912  957  26  26.4716495516  1.77850142851  0.108562677988
-1.86307717912  958  40  40.1021712464  1.86870030867  0.0648499065773
-1.86307717912  959  54  53.9080669259  1.90163957798  0.279099496914
-1.86307717912  959  68  67.5454002055  1.87286219592  0.0507307173662
-1.86307717912  960  82  81.5519209708  1.87570933512  0.0612872701994
-1.86307717912  960  95  95.378561231  1.90199207085  -0.00532125150036
-1.86307717912  961  110  109.703843462  1.88627202987  0.0496768637753
-1.86307717912  962  124  124.107276253  1.86031566276  0.0804182443424
-1.86307717912  962  138  138.417411885  1.80620881802  0.100250645878
-1.86307717912  963  153  153.028920219  1.89577390143  0.0607451241379
-1.86307717912  963  167  167.48780886  1.95815649058  -0.0303493714775
-1.86307717912  964  183  182.510581213  1.75935579118  0.0547867225042
-1.86307717912  965  198  197.535908392  1.77992290145  0.0446585748559
-1.86307717912  965  213  212.527882369  1.85072025508  0.0275325914464
-1.86307717912  966  228  227.826629024  1.97448320818  0.0182591390998
-1.86307717912  966  243  243.103742768  2.07168473992  0.013317211953
-1.86307717912  967  259  259.869655689  0.0271963585909  8.06177202047
-1.86307717912  967  274  274.260466547  2.07253925393  0.0561844733753
-1.86307717912  967  290  289.918796938  2.1720605644  0.0413326929761
-1.86307717912  968  306  305.945402365  2.15277459167  0.0514153234521
-1.86307717912  968  322  321.950850608  2.21737665195  0.0650029056412
-1.86307717912  968  338  338.132115365  2.19294963046  0.121334366765
-1.86307717912  969  355  354.577779196  2.06616271667  0.0241524934681
-1.86307717912  969  371  371.076378444  2.2688663178  0.0299641299229
-1.86307717912  969  388  387.674001297  2.25453056805  -0.021633652596
-1.86307717912  970  405  404.64101174  2.26396885094  -0.0212322132717
-1.86307717912  970  422  421.584721135  2.37238385135  -0.0387248479904
-1.86307717912  970  439  438.72061594  2.4599026136  -0.0252006800094
-1.86307717912  970  456  456.02098768  2.54328951423  0.00339173074048
-1.86307717912  970  473  473.45840751  2.60091687205  0.0225646311049
-1.86307717912  970  491  491.057805544  2.71914697579  0.0324187364869
-1.86307717912  970  509  508.848737858  2.73527007414  0.0500737755828
-1.86307717912  970  527  526.805804875  2.81648583206  0.0519409605363
-1.86307717912  970  545  544.995914516  2.91998846857  0.0579958338206
-1.86307717912  970  563  563.376126141  2.96521552265  0.0486862064983
-1.86307717912  970  582  581.933718835  3.13486910832  0.00727978712594
-1.86307717912  970  601  600.666434538  3.17724642669  -0.026818569051
-1.86307717912  970  620  619.61932572  3.32214495694  -0.037367471737
-1.86307717912  970  639  638.708980946  3.39985771466  -0.0459384533896
-1.86307717912  970  658  658.007549865  3.45542626947  -0.01469607619
-1.86307717912  969  678  677.822965414  3.39344690997  -0.00756952984442
-1.86307717912  969  697  697.02591148  3.80714066333  -0.00420994437587
-1.86307717912  969  717  716.880916536  3.88862153396  0.0172886546086
-1.86307717912  968  737  737.238130043  3.37085013236  0.00379532139458
-1.86307717912  968  757  757.053232487  4.30146616013  0.045004204358
-1.86307717912  968  778  778.803072652  0.20157460793  10.1002185607
-1.86307717912  967  798  798.133904737  5.22169092881  0.0532346694045
-1.86307717912  966  820  820.709415261  0.0441034421864  6.58639049147
-1.86307717912  966  840  840.23821369  6.54802937223  0.057761263263
-1.86307717912  965  862  861.530622608  6.87101391877  0.0157560014251
-1.86307717912  964  883  883.69775701  6.86247657404  0.00528421198514
-1.86307717912  964  905  905.116443154  9.16817233442  -0.00774191810748
-1.86307717912  963  927  927.239130551  8.90696071637  0.0192943067259
-1.86307717912  962  949  949.617331079  9.16979734886  0.0402196610007
-1.86307717912  961  972  972.112855952  9.60496686922  0.026327326418
-1.86307717912  960  995  994.803731762  10.0141685829  0.0040652145369
-1.86307717912  959  1018  1019.78829712  0.235655071074  11.7475141721
-1.66903717912  956  13  12.8044350813  1.98860638797  0.0448023540394
-1.66903717912  956  26  26.2722513011  1.80321859736  0.104153941385
-1.66903717912  957  40  39.8765058756  1.8565042104  0.0582914674172
-1.66903717912  958  54  53.6601160219  1.81741685556  0.064991248121
-1.66903717912  958  67  67.3405320049  1.9028247924  0.0487354641832
-1.66903717912  959  81  81.3465299327  1.91948196494  0.0441676287638
-1.66903717912  960  95  95.4662960806  1.89747359583  0.0403879114473
-1.66903717912  960  110  109.518914872  1.90816532568  0.0553982165112
-1.66903717912  961  124  123.90263927  1.93022028464  0.060981860906
-1.66903717912  961  138  138.191093424  1.91869843182  0.0111316953221
-1.66903717912  962  153  152.812767771  1.88609439067  0.0555768141801
-1.66903717912  963  168  167.579237235  1.7845565695  0.0573165328596
-1.66903717912  963  182  182.340803645  1.8754759996  0.102549378546
-1.66903717912  964  197  197.354342157  1.87911757048  0.0532988115599
-1.66903717912  964  212  212.356796844  1.91124470202  0.0503022484133
-1.66903717912  965  228  227.629428905  1.95684507656  -0.00206783115694
-1.66903717912  965  243  242.888156331  2.04938274557  -0.00768715965316
-1.66903717912  966  259  258.503970931  2.0097218707  0.0266110028762
-1.66903717912  966  274  274.065371279  2.15668298683  0.0391593175414
-1.66903717912  966  290  289.714782402  2.15999903823  0.0249478755889
-1.66903717912  967  306  305.752760082  2.14768958675  0.0462007573576
-1.66903717912  967  322  321.730823791  2.15885235323  0.0477296380364
-1.66903717912  968  338  338.140672779  2.21931717667  0.163559579247
-1.66903717912  968  354  354.415782331  2.09807561576  0.0766012596829
-1.66903717912  968  371  370.858730965  2.24308419209  0.0142065746727
-1.66903717912  968  387  387.496062976  2.23242095031  0.00773443013452
-1.66903717912  969  405  404.491590835  2.25924823939  -0.00589328921434
-1.66903717912  969  421  421.43606186  2.37647001546  -0.0192368919085
-1.66903717912  969  439  438.573143961  2.44258040845  -0.0123127735529
-1.66903717912  969  456  455.825354959  2.61273115687  -0.0180884781485
-1.66903717912  969  473  473.292325772  2.61211471789  0.0236131088459
-1.66903717912  969  491  490.866977369  2.72587943151  0.0196714123343
-1.66903717912  970  509  508.848680257  2.73432669206  0.0537807928179
-1.66903717912  970  527  526.805804875  2.81648583206  0.0519409605363
-1.66903717912  970  545  544.995914516  2.91998846857  0.0579958338206
-1.66903717912  970  563  563.376126141  2.96521552265  0.0486862064983
-1.66903717912  969  582  581.749082004  3.13161322203  0.00118621878344
-1.66903717912  969  601  600.500721412  3.1976073612  -0.0294328191398
-1.66903717912  969  619  619.435334067  3.34166925007  -0.0285410056215
-1.66903717912  969  639  638.545683728  3.33779181927  -0.0597108427818
-1.66903717912  969  658  657.841543674  3.48768764905  -0.0514242402289
-1.66903717912  969  677  677.33830224  3.64638998809  -0.0313297471341
-1.66903717912  968  697  696.880033384  3.82799871359  -0.0160418064967
-1.66903717912  968  717  716.718514071  3.89498655601  -0.00668832544021
-1.66903717912  968  737  736.810462367  4.06734637407  0.0199129970551
-1.66903717912  967  757  756.904725237  4.25760487481  0.0305708148812
-1.66903717912  967  777  777.431247  4.62647328185  0.0534607588342
-1.66903717912  966  798  797.983392357  5.09120581721  0.0466242139488
-1.66903717912  966  819  818.951283405  5.71221019371  0.0427621273911
-1.66903717912  965  840  840.083875903  6.349224308  0.0392185058682
-1.66903717912  964  861  861.43175219  7.00648160312  0.0225396994908
-1.66903717912  964  883  883.167208095  7.75069897596  0.0190577685248
-1.66903717912  963  905  905.007256967  8.42687179777  0.00525717255319
-1.66903717912  962  927  927.128842352  8.82870435741  0.00226032836664
-1.66903717912  961  949  949.459615193  9.41010906939  0.00672594459174
-1.66903717912  960  972  972.037224906  9.69584999883  -0.00837363675312
-1.66903717912  959  995  994.751710704  10.1634220532  -0.0162672280978
-1.66903717912  958  1018  1019.79530017  0.235117509546  11.6754950342
-1.47499717912  955  13  12.7052492647  1.76242016474  0.0852419163152
-1.47499717912  955  26  26.0403280106  1.83387320839  0.0788378653484
-1.47499717912  956  40  39.6693375708  1.82126290187  0.0559539268232
-1.47499717912  957  53  53.4565627055  1.85218887574  0.0647532397378
-1.47499717912  957  67  67.1184707802  1.93327521001  0.0313197342009
-1.47499717912  958  81  81.1337710805  1.93513066065  0.0309518274278
-1.47499717912  959  95  95.2709568512  1.9164056604  0.0448174289006
-1.47499717912  959  109  109.311792746  1.90943777153  0.0527082049118
-1.47499717912  960  124  123.671720415  1.90393912346  0.0416695799333
-1.47499717912  961  138  138.10941984  2.18038750624  0.0817762132222
-1.47499717912  961  153  152.610207912  1.78977673656  0.0619672043494
-1.47499717912  962  167  167.410759424  1.79076966099  0.0948901532368
-1.47499717912  962  182  182.120107406  1.93481004856  0.0736310554166
-1.47499717912  963  197  197.15157665  1.9238944634  0.0460912276935
-1.47499717912  963  212  212.147928889  1.98212946136  0.0388586710207
-1.47499717912  964  227  227.444240772  1.94866456391  0.014694044481
-1.47499717912  964  243  242.687358122  2.00011216791  -0.00907110966756
-1.47499717912  965  258  258.329181631  2.05464048017  0.0376942230091
-1.47499717912  965  274  273.846648599  2.16999965817  0.0179575916959
-1.47499717912  966  290  289.736416671  2.28422992987  0.11364057359
-1.47499717912  966  306  305.583460103  2.12780761071  0.0596184701016
-1.47499717912  966  322  321.542391211  2.10204363615  0.0526777622545
-1.47499717912  967  338  337.905310795  2.21195691524  0.0715575845623
-1.47499717912  967  354  354.242240701  2.20690277082  0.082563826241
-1.47499717912  967  371  370.659042942  2.16259763187  0.0178355353454
-1.47499717912  967  387  387.412948868  2.39144376997  0.0147058837792
-1.47499717912  968  404  404.319221607  2.31674971524  0.0136229849106
-1.47499717912  968  421  421.253212672  2.42425896583  -0.021082066323
-1.47499717912  968  438  438.407076815  2.42132930095  0.00753964709663
-1.47499717912  968  456  455.639728649  2.55894805861  -0.0189087910747
-1.47499717912  968  473  473.094670238  2.65591591976  0.00993294282964
-1.47499717912  969  491  490.867000055  2.72580095293  0.0200669695053
-1.47499717912  969  509  508.671151401  2.70427328362  0.0477552336192
-1.47499717912  969  527  526.623261087  2.78580910698  0.0466047492908
-1.47499717912  969  545  544.809835851  2.8607703428  0.0543598424993
-1.47499717912  969  563  563.184121478  3.00214960766  0.0415232395815
-1.47499717912  969  582  581.74901919  3.13269093749  0.00237255712913
-1.47499717912  968  600  600.34643763  3.19099799992  -0.00906367965904
-1.47499717912  968  619  619.265817848  3.31042315257  -0.0358395492866
-1.47499717912  968  638  638.384937976  3.3999336157  -0.0428551540766
-1.47499717912  968  658  657.681276351  3.5577083264  -0.0510664540393
-1.47499717912  968  677  677.165106589  3.65134904236  -0.0351063526164
-1.47499717912  967  697  696.717954  3.80552785382  -0.0158863891745
-1.47499717912  967  717  716.560016314  3.90226791809  -0.0064377889493
-1.47499717912  967  737  736.633889484  4.01854926244  0.0101071047485
-1.47499717912  966  757  756.733873306  4.29577124783  0.0294777242385
-1.47499717912  966  777  777.266926068  4.61419220092  0.0422843986361
-1.47499717912  965  798  797.819831138  5.06228580003  0.0434885159143
-1.47499717912  965  819  818.778849521  5.64470457614  0.033434460885
-1.47499717912  964  840  839.927362922  6.30719775471  0.0323629433813
-1.47499717912  963  861  861.268098346  7.07095355872  0.0255928478763
-1.47499717912  963  883  883.009453146  7.67541358043  0.0156538023429
-1.47499717912  962  905  904.889749376  8.39912235649  0.000695204360825
-1.47499717912  961  927  926.967372913  8.89708285067  -0.0058610461976
-1.47499717912  960  949  949.303355947  9.45224457965  -0.000852167410246
-1.47499717912  959  972  971.856505913  9.79663485157  -0.0154378499585
-1.47499717912  958  995  994.607651588  10.2617095672  -0.0231317985928
-1.47499717912  957  1018  1019.81134405  0.242762547502  11.7183255448
-1.28095717912  954  12  12.5024705728  1.72208676133  0.0976160942833
-1.28095717912  954  26  25.7944901303  1.78855935159  0.0188110268388
-1.28095717912  955  39  39.4652013771  1.82942498745  0.0770612065221
-1.28095717912  956  53  53.2314583424  1.88464528788  0.0491619503195
-1.28095717912  956  67  67.0083699467  2.13022673011  0.0276420105283
-1.28095717912  957  81  80.8974634135  1.88537189924  0.0131523120017
-1.28095717912  958  95  95.0509076545  1.94013087534  0.0391495024769
-1.28095717912  958  109  109.087882811  1.93873195459  0.0336150934147
-1.28095717912  959  123  123.469952605  1.86331553434  0.0545473000897
-1.28095717912  960  138  137.997851039  1.92027664166  0.0893244651337
-1.28095717912  960  152  152.433607842  1.79797794503  0.101086596849
-1.28095717912  961  167  167.199488598  1.89424828366  0.0860108002332
-1.28095717912  961  182  181.87639294  1.9270405321  0.0308068834617
-1.28095717912  962  197  196.916694128  1.94161239889  0.0207655306199
-1.28095717912  962  212  211.916857399  1.99098940725  0.00708475503719
-1.28095717912  963  227  227.241898066  2.0060766403  0.0229007866471
-1.28095717912  963  243  242.511170923  1.97529933826  0.0142130886213
-1.28095717912  964  258  258.112511608  2.10228018234  0.0266409729471
-1.28095717912  964  274  273.649298993  2.09882155839  0.0255559655803
-1.28095717912  965  290  289.539176526  2.12030855086  0.0425744809221
-1.28095717912  965  305  305.38650181  2.15039642053  0.0652612501627
-1.28095717912  965  321  321.376494251  2.124525982  0.0839208220321
-1.28095717912  966  338  337.705311958  2.15030043672  0.0583519671326
-1.28095717912  966  354  354.033321  2.25562030728  0.0652605931985
-1.28095717912  966  370  370.492889016  2.1233618275  0.0516102952488
-1.28095717912  967  387  387.316573989  2.27912820362  0.0250386925138
-1.28095717912  967  404  404.117575085  2.38687214552  -0.00171666298172
-1.28095717912  967  421  421.052876329  2.46280005129  -0.0242295967459
-1.28095717912  967  438  438.2008822  2.49206493757  -0.0020116160445
-1.28095717912  967  455  455.451812213  2.53028631697  -0.0163237194018
-1.28095717912  968  473  473.104679749  2.65106004126  0.0254546536462
-1.28095717912  968  491  490.692959654  2.63788448432  0.0161854987194
-1.28095717912  968  509  508.504950169  2.69812786109  0.0567950451718
-1.28095717912  968  526  526.457702401  2.74737517176  0.0672377803653
-1.28095717912  968  545  544.634848802  2.82979108321  0.0482236047765
-1.28095717912  968  563  563.007258637  3.00456841315  0.0395434029966
-1.28095717912  968  582  581.568004692  3.10003726704  -0.00422148850964
-1.28095717912  968  600  600.346018047  3.18978832329  -0.00506133109718
-1.28095717912  967  619  619.079725939  3.32393755903  -0.0439603656625
-1.28095717912  967  638  638.214748749  3.4074925756  -0.043692371571
-1.28095717912  967  658  657.513595004  3.54864291927  -0.0528238520695
-1.28095717912  967  677  677.02058406  3.66045876009  -0.0335709144415
-1.28095717912  966  697  696.598467986  3.60087499586  -0.0335282559461
-1.28095717912  966  716  716.429589876  3.9457512957  0.00605330131134
-1.28095717912  966  736  736.487616442  4.03999078629  0.0204722736068
-1.28095717912  965  757  757.825177598  0.0382305869146  9.78389367643
-1.28095717912  965  777  777.074207115  4.5913320461  0.0399373967939
-1.28095717912  964  798  797.638706295  5.01781198651  0.0314960738958
-1.28095717912  964  819  818.663757678  5.63907818799  0.0383536315592
-1.28095717912  963  840  839.755212956  6.29503695267  0.030021203993
-1.28095717912  962  861  861.217785858  6.97854421349  0.0249185646733
-1.28095717912  962  883  882.851504392  7.64432058108  0.0129261865327
-1.28095717912  961  905  904.697155877  8.47734800695  -0.00551332029548
-1.28095717912  960  927  926.791375922  8.96980329839  -0.0103738168165
-1.28095717912  959  949  949.146106939  9.31345189238  -0.00593575855391
-1.28095717912  958  971  971.727048445  9.75591965609  -0.00210403665171
-1.28095717912  957  994  994.534042893  10.1699655023  0.00174113685747
-1.28095717912  956  1017  1018.31831428  9.55331043687  0.117207987468
-1.08691717912  953  12  12.2968823833  1.77018342843  0.0954435840058
-1.08691717912  953  26  25.6394509932  2.09759253414  -0.0181223554562
-1.08691717912  954  39  39.2548271703  1.84793223512  0.0615432181956
-1.08691717912  955  53  53.0133227232  1.8725458222  0.0390435279494
-1.08691717912  956  67  66.9184521786  1.92254929463  0.11887827073
-1.08691717912  956  81  80.699763916  1.86909487613  0.0306366945431
-1.08691717912  957  95  94.818628768  1.92686847506  0.0228665616493
-1.08691717912  957  109  108.98975989  2.17370473118  0.0289310071615
-1.08691717912  958  123  123.272420934  1.88561526509  0.0603622584338
-1.08691717912  959  138  137.755475519  1.89218683454  0.0585864728443
-1.08691717912  959  152  152.236538718  1.86933025066  0.11094844378
-1.08691717912  960  167  166.969281317  1.89788080363  0.0564881267372
-1.08691717912  960  182  181.669465045  1.8328048163  0.0235550734563
-1.08691717912  961  197  196.711564724  1.84592405511  0.0135970415231
-1.08691717912  961  212  211.677865101  1.88470571325  -0.0597232072168
-1.08691717912  962  227  227.034347093  2.02839537887  0.00400755328184
-1.08691717912  962  242  242.325963177  2.02445785631  0.0248140942623
-1.08691717912  963  258  257.90111749  2.12388734824  0.012056167601
-1.08691717912  963  273  273.464307507  2.09394675193  0.042505188597
-1.08691717912  964  289  289.34861773  2.13105525883  0.0464387786159
-1.08691717912  964  305  305.19244934  2.1840271072  0.0690604616087
-1.08691717912  964  321  321.181121243  2.16529900592  0.0717835354768
-1.08691717912  965  338  337.511514132  2.10856992929  0.0696849906704
-1.08691717912  965  354  353.816214399  2.21057206183  0.0441124251475
-1.08691717912  965  370  370.328839058  2.17183783709  0.0652341935043
-1.08691717912  966  387  387.121939982  2.32069657318  0.00695733232201
-1.08691717912  966  404  403.91679734  2.42191467164  -0.0203005873543
-1.08691717912  966  421  420.835484729  2.46218288647  -0.0491240297753
-1.08691717912  966  438  438.000461958  2.53257924036  -0.0208143178367
-1.08691717912  966  455  455.284373697  2.57897875454  -0.00606413303321
-1.08691717912  967  473  472.90757112  2.66777885115  0.0109873984655
-1.08691717912  967  491  490.520260086  2.59837788963  0.0329945166523
-1.08691717912  967  508  508.338472909  2.71152379236  0.0703239316329
-1.08691717912  967  526  526.291505468  2.77268676938  0.0752070133955
-1.08691717912  967  544  544.471110747  2.83157275018  0.069126346539
-1.08691717912  967  563  562.810166654  2.98065054517  0.0269574998389
-1.08691717912  967  581  581.401866168  3.07293740761  0.0153402739512
-1.08691717912  967  600  600.158227686  3.2172169428  -0.0128340952298
-1.08691717912  966  619  618.995177654  3.22062378462  -0.0519352981394
-1.08691717912  966  638  638.048933323  3.43622013561  -0.0498191619676
-1.08691717912  966  657  657.344705765  3.5498164463  -0.0382351150731
-1.08691717912  966  677  676.841760291  3.66110571189  -0.0336024950819
-1.08691717912  966  697  697.852520898  0.0354791126549  9.32910538594
-1.08691717912  965  716  716.227580793  3.92283168765  -0.000358536462624
-1.08691717912  965  736  736.315421275  4.08985901389  0.0166992838668
-1.08691717912  964  756  756.41838357  4.25535942849  0.024392762683
-1.08691717912  964  777  776.898046128  4.6344229133  0.0403515394966
-1.08691717912  963  798  798.809862173  0.208469673095  10.1521103754
-1.08691717912  963  819  819.791772255  0.0459722464526  10.4632404931
-1.08691717912  962  840  839.620435644  6.22753048661  0.0257023394393
-1.08691717912  962  861  861.096061671  6.92811061744  0.0280985221061
-1.08691717912  961  883  882.687268126  7.5564067277  0.0070166917716
-1.08691717912  960  904  904.597742022  8.50037292196  0.0159582837622
-1.08691717912  959  927  926.630144658  8.9833364492  -0.0143379695305
-1.08691717912  958  949  948.987643418  9.27441221414  -0.0124277178736
-1.08691717912  957  971  971.624726608  9.76933136631  0.00229938624618
-1.08691717912  956  994  994.384456467  10.1189045946  -0.00673364351691
-1.08691717912  955  1017  1018.18081956  9.63455809985  0.115422367139
-0.892877179124  952  12  12.0879282173  1.81571582258  0.092828582575
-0.892877179124  953  26  25.6351551171  1.99010084485  0.196988488773
-0.892877179124  953  39  39.0216516496  1.84858018875  0.0455630752817
-0.892877179124  954  53  52.7853201796  1.8457298314  0.0282057751995
-0.892877179124  955  67  66.6770636489  1.83481606835  0.0382749258615
-0.892877179124  955  80  80.5023624896  1.8496753138  0.0461571341068
-0.892877179124  956  95  94.6057837549  1.87881981781  0.0223260337771
-0.892877179124  957  109  108.892738789  1.94518527728  0.130952101049
-0.892877179124  957  123  123.052350266  1.91502067624  0.0537430471421
-0.892877179124  958  138  137.557818829  1.85291290247  0.0545853759006
-0.892877179124  958  152  152.014269635  1.90505605616  0.0824038251037
-0.892877179124  959  167  166.752724441  1.82754391853  0.0461345136114
-0.892877179124  959  181  181.481942987  2.05013825661  -0.055953138675
-0.892877179124  960  197  196.53909732  1.78699053999  0.0351514700929
-0.892877179124  961  212  211.585121921  2.04852655697  -0.0115626344109
-0.892877179124  961  227  226.815953832  1.97316234403  -0.0108292548436
-0.892877179124  961  242  242.09471999  2.13801702549  -0.0643209585381
-0.892877179124  962  258  257.699295344  2.06592399636  0.00742865086268
-0.892877179124  962  273  273.274375271  2.12326866492  0.0365208632779
-0.892877179124  963  289  289.167869026  2.15342043067  0.0546043847792
-0.892877179124  963  305  304.988640197  2.19091065343  0.0533633532795
-0.892877179124  964  321  321.104946136  2.40274085526  0.0734800234465
-0.892877179124  964  337  337.342665039  2.18649982581  0.0933115234079
-0.892877179124  964  354  353.615341922  2.16049558715  0.0398989655964
-0.892877179124  964  370  370.135505948  2.33301817165  0.00139934814522
-0.892877179124  965  387  386.905236945  2.35042278824  -0.0126055524361
-0.892877179124  965  404  403.707554696  2.36787383854  -0.0364107921139
-0.892877179124  965  421  420.657715253  2.40154033601  -0.050558060911
-0.892877179124  965  438  437.79115411  2.50553304558  -0.0338159018103
-0.892877179124  966  455  455.29398813  2.58358454923  0.000280806746358
-0.892877179124  966  473  472.721228513  2.60192092464  0.00705786067258
-0.892877179124  966  490  490.362123065  2.6534481146  0.0466420484124
-0.892877179124  966  508  508.129730494  2.77845698278  0.061022622862
-0.892877179124  966  526  526.120855605  2.84666797852  0.0712876150649
-0.892877179124  966  544  544.291195557  2.91025453408  0.06654063617
-0.892877179124  966  563  562.643871213  2.96227533004  0.0249212175507
-0.892877179124  966  581  581.236909359  3.10838889746  0.0163677172443
-0.892877179124  966  600  599.978599119  3.22147449992  -0.0167061056678
-0.892877179124  966  619  618.902457391  3.32708356037  -0.0519704396672
-0.892877179124  965  638  637.87387027  3.41865179683  -0.0521630784216
-0.892877179124  965  657  657.180992534  3.58156458765  -0.037430011942
-0.892877179124  965  677  676.654681993  3.66077117988  -0.0344172912708
-0.892877179124  965  696  696.381028133  3.80773339692  -0.011694078264
-0.892877179124  964  716  716.090083041  3.92501246448  0.00112847352005
-0.892877179124  964  736  736.155712491  4.13705499359  0.0189643134771
-0.892877179124  964  756  756.369016059  4.1196588413  0.0535590380365
-0.892877179124  963  777  776.780315319  4.62283538601  0.0422929129804
-0.892877179124  963  798  798.798549257  0.0427498720204  10.2705215566
-0.892877179124  962  818  818.313854217  5.76072622986  0.0411991340525
-0.892877179124  961  840  840.793423868  0.194125354613  10.5610278895
-0.892877179124  961  861  860.969490264  7.04396083185  0.0211740417107
-0.892877179124  960  883  882.299960978  0.0493917040702  -5.32765093619
-0.892877179124  959  904  904.435063809  8.45641173895  0.011387492426
-0.892877179124  958  926  926.557208897  8.91495050327  0.00624890751987
-0.892877179124  957  949  948.881284351  9.4961991748  -0.0128464153866
-0.892877179124  956  971  971.530697613  9.78910961009  0.000113598908995
-0.892877179124  955  994  994.226714958  10.205610505  -0.00796180480326
-0.892877179124  954  1017  1017.88022988  9.51523870003  0.102625410559
-0.698837179124  951  12  11.8553019417  1.80270437556  0.0799645396067
-0.698837179124  952  25  25.3976161966  1.79324281378  0.0912629682236
-0.698837179124  952  39  38.8032030634  1.82792606762  0.0352013319949
-0.698837179124  953  53  52.5907087845  1.8276109067  0.0497799533865
-0.698837179124  954  66  66.4821491029  1.84667451428  0.0451263014196
-0.698837179124  954  80  80.3079073166  1.87390174343  0.0488217659963
-0.698837179124  955  94  94.418595567  1.86341048729  0.0388051883104
-0.698837179124  956  109  108.654944014  1.85611379053  0.0230238895638
-0.698837179124  956  123  122.833459988  1.88848148971  0.0306631349461
-0.698837179124  957  137  137.374301373  1.83962719642  0.0825350220585
-0.698837179124  957  152  151.774959453  1.85762064121  0.0081289414929
-0.698837179124  958  167  166.562408132  1.72169399863  0.0590105659919
-0.698837179124  959  181  181.488054036  2.09190344093  0.137826940352
-0.698837179124  959  196  196.359757192  1.86453745973  0.0674404472507
-0.698837179124  960  212  211.51010339  1.89943950786  0.0146768608682
-0.698837179124  960  227  226.62674478  1.92154589418  -0.00889406756464
-0.698837179124  961  242  242.130898967  2.09489337696  0.0720024088733
-0.698837179124  961  258  257.518811622  2.03906897837  0.0247901573895
-0.698837179124  961  273  273.067878188  2.12335859176  0.0172990272354
-0.698837179124  962  289  288.943624284  2.14926441464  0.0310708625379
-0.698837179124  962  305  304.775327874  2.14944440048  0.0305396535417
-0.698837179124  963  321  320.975630394  2.1720756826  0.0719571279724
-0.698837179124  963  337  337.133810693  2.20693287406  0.0784393518018
-0.698837179124  963  353  353.449440878  2.14537126173  0.0739294978456
-0.698837179124  964  370  370.143474732  2.29201971953  0.0538301596103
-0.698837179124  964  387  386.723752209  2.23724321415  -0.017416948562
-0.698837179124  964  404  403.546867326  2.29244628382  -0.0260653281123
-0.698837179124  964  420  420.495791263  2.32007825599  -0.0290411811162
-0.698837179124  964  438  437.622306676  2.47773088372  -0.0385412051606
-0.698837179124  965  455  455.089234172  2.59063933386  -0.018979354479
-0.698837179124  965  473  472.543217089  2.57550936747  0.01068025122
-0.698837179124  965  490  490.154216533  2.71330868003  0.03943157349
-0.698837179124  965  508  507.944396169  2.79440918799  0.0491089569466
-0.698837179124  965  526  525.927986332  2.84070025969  0.0643810463561
-0.698837179124  965  544  544.114393014  2.94463277289  0.0672356070575
-0.698837179124  965  562  562.468153689  2.96038784441  0.0422809784879
-0.698837179124  965  581  581.047596504  3.11468331136  0.000610126100223
-0.698837179124  965  600  599.797571231  3.24085802257  -0.0248777913664
-0.698837179124  965  619  618.740995297  3.31578357059  -0.0515050169139
-0.698837179124  964  638  637.717989968  3.2943676998  -0.0874979161499
-0.698837179124  964  657  657.009259526  3.56733483611  -0.0425405006958
-0.698837179124  964  677  677.865535777  0.210969957447  9.26831117014
-0.698837179124  964  696  696.21276098  3.80644376452  -0.0143844913824
-0.698837179124  963  716  715.931928643  3.93601347814  0.00411536739063
-0.698837179124  963  736  735.994944307  4.08991231354  0.0176897535903
-0.698837179124  963  756  756.277899293  4.29857198224  0.043669906496
-0.698837179124  962  777  777.807317579  0.196968281678  10.0007213975
-0.698837179124  962  797  797.38956824  5.01113100192  0.0655904200569
-0.698837179124  961  818  818.193994418  5.68386646346  0.0492497867421
-0.698837179124  960  839  839.306164489  6.32467125929  0.0285245144308
-0.698837179124  960  861  860.813758113  6.90574399535  0.0200936354003
-0.698837179124  959  882  882.393590372  7.81441173392  0.0220445244864
-0.698837179124  958  904  904.28292373  8.46197913705  0.00819865407632
-0.698837179124  957  926  926.406070264  8.90144394287  0.00480674532491
-0.698837179124  956  949  948.813123543  9.53534269507  -0.017269430378
-0.698837179124  956  971  971.354008754  9.77026764083  -0.00139510843022
-0.698837179124  954  994  994.132252433  10.2416691701  -0.0136071813778
-0.698837179124  953  1017  1017.6627447  9.51809253914  0.101052735133
-0.504797179124  950  12  11.6383634336  1.76495003307  0.0640224767305
-0.504797179124  951  25  25.1812410161  1.82538695645  0.075713069442
-0.504797179124  951  39  38.5892883136  1.70171208902  0.0197418509483
-0.504797179124  952  52  52.3980985855  1.83963349168  0.0620388206456
-0.504797179124  953  66  66.2803040447  1.86902313355  0.0467722550042
-0.504797179124  953  80  80.0489380329  1.93422835871  -0.0613179326876
-0.504797179124  954  94  94.2227406858  1.89238530199  0.044856014422
-0.504797179124  955  108  108.471582906  1.86959057544  0.0473326182788
-0.504797179124  955  123  122.635912334  1.85531537332  0.0380967118225
-0.504797179124  956  137  137.17893373  1.8833748702  0.0871934760439
-0.504797179124  957  152  151.667166899  2.00081388853  0.0205093064441
-0.504797179124  957  166  166.403224661  1.78953515955  0.103336028627
-0.504797179124  958  181  181.304894465  1.87999405709  0.0799057986638
-0.504797179124  958  196  196.150301519  1.9280851947  0.0534674971358
-0.504797179124  959  211  211.333697606  1.94116395712  0.0469215913807
-0.504797179124  959  226  226.453390786  1.9135813936  0.026642924368
-0.504797179124  960  242  241.892625379  2.07469185837  -0.00206541998401
-0.504797179124  960  257  257.343815862  2.06702094593  0.0280788272479
-0.504797179124  961  273  272.948944894  2.36176143408  0.00668481250357
-0.504797179124  961  289  288.737752721  2.11837526059  0.0256100814747
-0.504797179124  961  305  304.588880111  2.08133663772  0.0464856323606
-0.504797179124  962  321  320.768309592  2.14664739336  0.050789228345
-0.504797179124  962  337  336.947808773  2.21001154013  0.0646214236261
-0.504797179124  962  353  353.272799176  2.19179909  0.0816818494202
-0.504797179124  963  370  369.919065108  2.27184119518  0.0265040331291
-0.504797179124  963  387  386.551459504  2.18176143839  -0.000768628509196
-0.504797179124  963  403  403.38327018  2.34540461019  0.00189074074521
-0.504797179124  963  420  420.339336046  2.36349296743  -0.0104558441724
-0.504797179124  964  438  437.621881546  2.48960839977  -0.0276160524866
-0.504797179124  964  455  454.891425719  2.5843919733  -0.0256915268657
-0.504797179124  964  472  472.390330594  2.60965856568  0.0297543521475
-0.504797179124  964  490  489.98859313  2.71448091258  0.0351758833176
-0.504797179124  964  508  507.78119049  2.75175891886  0.0466986099003
-0.504797179124  964  526  525.741384114  2.794241819  0.0574150568387
-0.504797179124  964  544  543.93319771  2.93555965388  0.0590519992491
-0.504797179124  964  562  562.326309765  2.93909241599  0.0533163662191
-0.504797179124  964  581  580.863738702  3.08562384685  -0.00576570602672
-0.504797179124  964  600  599.637041502  3.24263696612  -0.0248003352849
-0.504797179124  964  619  618.574232765  3.31310842616  -0.0518694344793
-0.504797179124  964  638  637.701813792  3.42565233718  -0.0548992233409
-0.504797179124  963  657  656.830438738  3.55265047174  -0.0526738193445
-0.504797179124  963  676  676.351682905  3.62605299982  -0.0264950866305
-0.504797179124  963  696  696.0261126  3.78252738838  -0.016712252851
-0.504797179124  962  716  715.799268312  3.78383846274  -0.0126470939241
-0.504797179124  962  736  735.818139015  4.09631504119  0.0137610708363
-0.504797179124  962  756  756.104667414  4.36015402904  0.0292000029231
-0.504797179124  961  776  776.465432305  4.55542521526  0.0546820892629
-0.504797179124  961  797  797.215926482  5.0543908682  0.0530613785106
-0.504797179124  960  818  818.030167628  5.64422483893  0.0436137682272
-0.504797179124  960  839  839.19054226  6.43199277493  0.0347787213996
-0.504797179124  959  861  860.628328592  6.94202111074  0.0116756951405
-0.504797179124  958  882  882.265001985  7.81603620242  0.0173498585205
-0.504797179124  957  904  904.154175108  8.50366094802  0.00845799404134
-0.504797179124  956  926  926.336176731  8.84819747866  0.00358750017312
-0.504797179124  956  948  948.685051672  9.34045182198  0.0098515704107
-0.504797179124  955  971  971.260567339  9.67581661069  -0.00692197245461
-0.504797179124  954  994  994.014369716  10.1717343815  -0.0137432923728
-0.504797179124  952  1017  1017.56516788  0.120801282416  0.094182323299
-0.310757179124  949  11  11.438541306  1.7587756647  0.0873100514995
-0.310757179124  950  25  24.9502563822  1.82304361326  0.0546104808761
-0.310757179124  950  38  38.3942140494  1.93910395337  -0.0519235895967
-0.310757179124  951  52  52.1924569278  1.8712863965  0.0616495493687
-0.310757179124  952  66  66.0733230215  1.89696371858  0.0428429792671
-0.310757179124  953  80  79.965646789  2.13701011929  0.0187525396626
-0.310757179124  953  94  94.0044873219  1.90803991666  0.0377948145684
-0.310757179124  954  108  108.284946598  1.88419044609  0.0617293795484
-0.310757179124  954  122  122.453270964  1.8352407682  0.0631740859195
-0.310757179124  955  137  136.95061062  1.87557099585  0.0640282225118
-0.310757179124  956  152  151.587775816  1.78572649308  0.0650041769015
-0.310757179124  956  166  166.205321053  1.85802384192  0.0995337682585
-0.310757179124  957  181  181.083921721  1.89983305406  0.0565646073655
-0.310757179124  957  196  195.924763229  1.94300374802  0.0256581127304
-0.310757179124  958  211  211.119242879  1.98853885265  0.0248862793809
-0.310757179124  958  226  226.278072593  1.97836404114  0.0394369265195
-0.310757179124  959  242  241.684726906  2.05324819653  -0.0202282654711
-0.310757179124  959  257  257.134887212  2.09429045395  0.0221768051072
-0.310757179124  960  273  272.851897601  2.11584833933  0.00891194559659
-0.310757179124  960  289  288.570074403  2.07005248539  0.0451092025574
-0.310757179124  960  304  304.425234883  2.11612122231  0.076171185508
-0.310757179124  961  321  320.583035223  2.0784706399  0.0527423398548
-0.310757179124  961  337  336.729657151  2.15297155736  0.0509351422329
-0.310757179124  961  353  353.076280463  2.24505076696  0.0596753165237
-0.310757179124  962  370  369.723254919  2.23882658745  0.0151272302722
-0.310757179124  962  386  386.403292371  2.2168542363  0.0294401427256
-0.310757179124  962  403  403.185131971  2.38599207358  -0.00593350211343
-0.310757179124  962  420  420.158851933  2.43990578502  -0.0172848520305
-0.310757179124  963  437  437.454818258  2.48872484008  -0.0169645597645
-0.310757179124  963  455  454.729039705  2.5344875841  -0.0226554904222
-0.310757179124  963  472  472.19187119  2.64216791489  0.0190532715338
-0.310757179124  963  490  489.786564986  2.70729941543  0.0211943288626
-0.310757179124  963  508  507.578310944  2.71048959077  0.0406914897049
-0.310757179124  963  526  525.585533763  2.73876862957  0.0646201919254
-0.310757179124  963  544  543.750101864  2.91065364718  0.0528773708891
-0.310757179124  963  562  562.1615587  3.00011429981  0.0557728083406
-0.310757179124  963  581  580.687441638  3.06062058824  -0.00809062949184
-0.310757179124  963  599  599.477037954  3.19043370229  -0.0103846549174
-0.310757179124  963  618  618.412217869  3.3613868658  -0.035681405157
-0.310757179124  963  638  637.53640176  3.39327615057  -0.0566298153267
-0.310757179124  962  657  656.665732339  3.53297683476  -0.0549477768031
-0.310757179124  962  676  676.18893378  3.6356902602  -0.0300950729826
-0.310757179124  962  696  695.866286462  3.83498759043  -0.0170702269516
-0.310757179124  962  716  715.76586206  3.94305413383  0.00955732327602
-0.310757179124  961  736  735.666235458  4.07107245338  0.0151750883127
-0.310757179124  961  756  755.949477382  4.38735007291  0.0293120495467
-0.310757179124  960  776  776.307011751  4.59146164404  0.0508475152798
-0.310757179124  960  797  797.034309064  5.11653552002  0.0499182869479
-0.310757179124  959  818  817.871970896  5.67769925716  0.0390546170526
-0.310757179124  959  839  839.156653936  6.30673113291  0.0421298820794
-0.310757179124  958  860  860.50804312  7.12609532739  0.0298973473957
-0.310757179124  957  882  882.106291158  7.84720146231  0.0137001386043
-0.310757179124  956  904  903.994107444  8.35739168341  -0.00247939672458
-0.310757179124  956  926  926.172520911  8.82666044965  0.00485761828147
-0.310757179124  955  948  948.572455794  9.40181941461  0.0066137736846
-0.310757179124  954  971  971.165310344  9.76706203242  -0.00596225798706
-0.310757179124  953  994  993.921039008  10.2538844776  -0.0159170073685
-0.310757179124  952  1017  1017.38183664  9.65505936361  0.0915862810971
-0.116717179124  948  11  11.2310331645  1.81177947081  0.0795228780683
-0.116717179124  949  25  24.7347180878  1.77287216641  0.0496710492008
-0.116717179124  950  38  38.3844600444  2.05491928458  0.12740339474
-0.116717179124  950  52  51.964180481  1.88170921344  0.0379628079219
-0.116717179124  951  66  65.8548461273  1.88690151316  0.032223281586
-0.116717179124  952  80  79.8864565545  1.95255915593  0.110116861954
-0.116717179124  952  94  93.8041491794  1.89988895823  0.0393146579275
-0.116717179124  953  108  108.073811439  1.94640979829  0.0554830434062
-0.116717179124  953  122  122.247702378  1.93618678197  -0.0291332830936
-0.116717179124  954  137  136.737212441  1.87213141087  0.0416544305813
-0.116717179124  955  151  151.4118805  1.83191656184  0.088036552547
-0.116717179124  955  166  165.981960995  1.89682420904  0.0702085131054
-0.116717179124  956  181  180.858628737  1.89159660655  0.0200329849717
-0.116717179124  956  196  195.73135646  1.88889549136  0.00689035988448
-0.116717179124  957  211  210.896549267  1.9704864956  -0.00532340579915
-0.116717179124  957  226  226.066855701  2.02596695447  0.01635143201
-0.116717179124  958  242  241.507775895  2.00646480197  -0.00253447716727
-0.116717179124  958  257  256.925210702  2.07064174894  0.000999227967709
-0.116717179124  959  273  272.661312489  2.08670977482  0.0024384272023
-0.116717179124  959  288  288.404033278  2.08748077942  0.0588920101748
-0.116717179124  959  304  304.24413305  2.1573730782  0.0653568176988
-0.116717179124  960  320  320.437616062  2.07936315673  0.09333822209
-0.116717179124  960  337  336.560827882  2.08521505198  0.0656321455388
-0.116717179124  960  353  352.865427073  2.2139622246  -0.000595160106534
-0.116717179124  961  370  369.537093315  2.14542521927  0.00957493374292
-0.116717179124  961  386  386.214413223  2.28360172317  0.0221044713439
-0.116717179124  961  403  402.982351397  2.42134659446  -0.0257327991165
-0.116717179124  962  420  420.080312224  2.63909975738  -0.0165160474047
-0.116717179124  962  437  437.274671771  2.50451149008  -0.0160626042703
-0.116717179124  962  455  454.561769098  2.49345868482  -0.0176266021074
-0.116717179124  962  472  472.011698192  2.66526092451  0.0122328881563
-0.116717179124  962  490  489.629945299  2.68567043027  0.0260123396774
-0.116717179124  962  507  507.411963658  2.73740063976  0.0488732770974
-0.116717179124  962  525  525.420165244  2.78448723354  0.0753276703634
-0.116717179124  962  544  543.592754242  2.87471099305  0.0520986370943
-0.116717179124  962  562  561.970118001  2.98970888925  0.0418200893197
-0.116717179124  962  581  580.558022273  3.09372706989  0.00408319496546
-0.116717179124  962  599  599.32603177  3.20330360837  -0.00881922988598
-0.116717179124  962  618  618.259930338  3.32254593928  -0.0348115649545
-0.116717179124  962  637  637.38684721  3.40876285025  -0.0420007554058
-0.116717179124  962  657  656.610009549  3.30846555188  -0.0425835997197
-0.116717179124  961  676  676.039161351  3.67486884196  -0.0305123531751
-0.116717179124  961  696  695.733114439  3.79009117749  -0.0163099360647
-0.116717179124  961  716  715.587543584  3.92158982514  -0.00539663989097
-0.116717179124  960  736  736.832715955  0.0377110640628  9.67655867046
-0.116717179124  960  756  755.786583123  4.32654535581  0.03167948495
-0.116717179124  959  776  776.14532085  4.58951492338  0.0484568039096
-0.116717179124  959  797  796.86459721  5.1440459934  0.0407465989696
-0.116717179124  958  818  817.720239482  5.6882395546  0.0351471200088
-0.116717179124  958  839  838.993970374  6.35073401404  0.0400875530154
-0.116717179124  957  860  860.368333608  7.15258938445  0.0279249433772
-0.116717179124  956  882  881.969841816  7.73948132316  0.00835124759235
-0.116717179124  955  904  903.897251248  8.40872677834  4.77336141584e-05
-0.116717179124  955  926  926.077112478  8.93563877353  -0.00192381934548
-0.116717179124  954  948  948.436068327  9.48655082952  0.00388183267568
-0.116717179124  953  971  970.99065481  9.91790607967  -0.0131374746559
-0.116717179124  952  994  993.790266141  10.1381658802  -0.0131887076841
-0.116717179124  951  1017  1017.24680322  9.67718022157  0.0858963408778
0.0773228208759  947  11  11.0066051911  1.79857406025  0.0665176993259
0.0773228208759  948  25  24.553104499  1.75172799972  0.075941945246
0.0773228208759  949  38  38.2327976041  1.8177385287  0.132064584877
0.0773228208759  949  52  51.7540379975  1.86501077573  0.0303384014066
0.0773228208759  950  66  65.6411106545  1.86143543243  0.0285343739282
0.0773228208759  951  80  79.6572784402  1.88662950638  0.0265596885905
0.0773228208759  951  94  93.5910218125  1.88566293118  0.0287068027472
0.0773228208759  952  108  107.857702846  1.91124110752  0.039518250508
0.0773228208759  953  122  122.193384317  2.15114800236  0.0879988184904
0.0773228208759  953  137  136.542854695  1.80207972673  0.0436131212455
0.0773228208759  954  151  151.20954463  1.87646184083  0.0824066983096
0.0773228208759  954  166  165.7619033  1.84992882937  0.0432520615808
0.0773228208759  955  181  180.655645054  1.80746004217  0.0179404077242
0.0773228208759  955  196  195.540489909  1.80553267421  0.0256592682446
0.0773228208759  956  211  210.702339681  1.91189811552  -0.0135555316293
0.0773228208759  956  226  225.857994362  1.98639194173  -0.0115692884893
0.0773228208759  957  241  241.338539082  2.02104789781  0.0146582256955
0.0773228208759  957  257  256.728376982  2.04932235667  -0.00013700198168
0.0773228208759  958  272  272.499481111  2.04798069029  0.0341725478836
0.0773228208759  958  288  288.214609235  2.12659895749  0.0588862289462
0.0773228208759  959  304  304.178297284  2.39936309677  0.0842019265398
0.0773228208759  959  320  320.261023299  2.1490564464  0.099142962424
0.0773228208759  959  336  336.405811192  2.1260810559  0.102314107653
0.0773228208759  960  353  352.888404359  2.21428337444  0.0578049121419
0.0773228208759  960  369  369.392885943  2.20604512138  0.0548350665842
0.0773228208759  960  386  386.03030187  2.34098035049  0.00430043579451
0.0773228208759  960  403  402.800890591  2.38421370002  -0.0432681731195
0.0773228208759  961  420  419.958586141  2.44885277849  -0.0341503295842
0.0773228208759  961  437  437.08528883  2.55032652312  -0.0244085136062
0.0773228208759  961  454  454.388562177  2.52185465416  -0.00610419430541
0.0773228208759  961  472  471.827409802  2.61372613618  -7.13154394612e-05
0.0773228208759  961  489  489.465216513  2.6724636989  0.035917852718
0.0773228208759  961  507  507.254225536  2.75090560929  0.0536292227608
0.0773228208759  961  525  525.245524954  2.82721398606  0.0720742730843
0.0773228208759  961  543  543.42859295  2.88190730891  0.0658444749758
0.0773228208759  961  562  561.797388066  2.97084407259  0.0327436432593
0.0773228208759  961  580  580.389051835  3.09473719149  0.0171282465063
0.0773228208759  961  599  599.149181014  3.22087498681  -0.0179531012166
0.0773228208759  961  618  618.108084158  3.33592635642  -0.0352989446266
0.0773228208759  961  637  637.217283605  3.40651526102  -0.0420978176888
0.0773228208759  961  657  656.533421914  3.50085397569  -0.0513669507217
0.0773228208759  960  676  675.891947997  3.70046528725  -0.0286607609852
0.0773228208759  960  696  695.558083573  3.82300385625  -0.0225015999369
0.0773228208759  960  715  715.46067055  3.93702438549  0.00625600356214
0.0773228208759  959  735  735.36848707  4.04768852498  0.0188327248787
0.0773228208759  959  756  755.623343843  4.28970824329  0.0271751523973
0.0773228208759  958  776  776.005776005  4.54722853579  0.0319587878572
0.0773228208759  958  797  796.732675084  5.12638126855  0.0448305266134
0.0773228208759  957  818  817.546792244  5.64337248792  0.0323813320554
0.0773228208759  957  839  838.843395685  6.3706268312  0.0322792199773
0.0773228208759  956  860  860.214407583  7.06697043548  0.0261081561397
0.0773228208759  955  882  881.780836885  7.76368552044  0.00488722326167
0.0773228208759  955  904  903.776200011  8.26022631692  -0.00186551616173
0.0773228208759  954  926  925.976886266  8.87518333441  -0.00119522211669
0.0773228208759  953  948  948.299814029  9.55929766342  -0.000582911316889
0.0773228208759  952  971  970.829235341  9.91863719249  -0.0143550240022
0.0773228208759  951  994  993.62545723  10.268198543  -0.0239985582711
0.0773228208759  950  1016  1017.16668745  0.124245702552  0.0942209985901
0.271362820876  946  11  10.8003794068  1.78221713809  0.0622810337596
0.271362820876  947  24  24.3563074398  1.80840611334  0.0833962933805
0.271362820876  948  38  37.9936959592  1.85334093885  0.053912405937
0.271362820876  948  52  51.5612691496  1.84502641286  0.0453515218316
0.271362820876  949  65  65.4573052414  1.86536158205  0.0458197085788
0.271362820876  950  79  79.4706818684  1.88446177537  0.0333820163521
0.271362820876  950  93  93.4057053003  1.90064123057  0.0400398859602
0.271362820876  951  108  107.654656814  1.89997619356  0.0417572980162
0.271362820876  952  122  122.063416764  1.90401910701  0.0765388185834
0.271362820876  952  136  136.3838503  1.81158345723  0.0998671837803
0.271362820876  953  151  150.997906321  1.90108199745  0.0616340098747
0.271362820876  953  166  165.573045604  1.76506658398  0.0627777429828
0.271362820876  954  181  180.502209951  1.74973693371  0.0575429687965
0.271362820876  954  195  195.375462662  1.85870529948  0.0415445067426
0.271362820876  955  211  210.538397386  1.85217746256  0.00588343294075
0.271362820876  955  226  225.665285011  1.90189724081  -0.0244354575927
0.271362820876  956  241  241.143807279  2.05798457222  0.00611395768377
0.271362820876  956  257  256.563171731  2.01745596104  0.0162351280835
0.271362820876  957  272  272.317909519  2.08672922059  0.044856265697
0.271362820876  957  288  288.012809973  2.17326882029  0.0467173848947
0.271362820876  958  304  304.054958551  2.20750350708  0.071462473163
0.271362820876  958  320  320.076544387  2.2017011796  0.0932782502936
0.271362820876  958  336  336.229774795  2.19734627418  0.10412132258
0.271362820876  959  353  352.687390681  2.13848753771  0.037413906561
0.271362820876  959  369  369.20892208  2.27887079089  0.0477411879019
0.271362820876  959  386  385.825413582  2.29585531178  -0.00798800171792
0.271362820876  959  403  402.631023037  2.31092240891  -0.0384122559371
0.271362820876  960  420  419.780632874  2.4446959106  -0.0422036475425
0.271362820876  960  437  436.907735736  2.53366407972  -0.0393556883605
0.271362820876  960  454  454.237418187  2.57206480161  0.00231278147501
0.271362820876  960  472  471.656660526  2.63587287124  -0.00119219794743
0.271362820876  960  489  489.298672384  2.6879581199  0.0416566099036
0.271362820876  960  507  507.084881344  2.76726261781  0.0466151995792
0.271362820876  960  525  525.071153622  2.85196812274  0.0616530124994
0.271362820876  960  543  543.261809532  2.91743018545  0.0661355737949
0.271362820876  960  562  561.625440727  2.95851318897  0.0338636026636
0.271362820876  960  580  580.247701355  3.12383780643  0.0215296192954
0.271362820876  960  599  598.992138015  3.23366067386  -0.0183725019188
0.271362820876  960  618  617.928923898  3.36385469257  -0.0457374605803
0.271362820876  960  637  637.070145745  3.42435688736  -0.0490430932023
0.271362820876  960  656  656.385561159  3.52411966614  -0.0384288009823
0.271362820876  959  676  675.713691419  3.68874911296  -0.0376160744938
0.271362820876  959  695  695.395608602  3.77538800612  -0.016582590083
0.271362820876  959  715  715.299557279  3.91083304244  0.0031853545153
0.271362820876  958  735  735.204814039  4.10507035659  0.0131368281108
0.271362820876  958  755  755.486609643  4.34096008185  0.0370705671112
0.271362820876  958  776  775.967922753  4.48722664831  0.0581280583108
0.271362820876  957  797  796.577269617  5.15911133695  0.0399445399996
0.271362820876  956  817  817.454029054  5.59753787088  0.0381800233021
0.271362820876  956  839  838.677558178  6.35057455929  0.0276057480088
0.271362820876  955  860  860.053057092  7.05080023623  0.019262299992
0.271362820876  954  882  881.704902892  7.75929203413  0.00134932399108
0.271362820876  954  904  903.695125255  8.30353053036  0.00159375811795
0.271362820876  953  926  925.741195342  9.23664007509  -0.016586759892
0.271362820876  952  948  948.184758875  9.56379728533  -0.00429273105441
0.271362820876  951  971  970.677736245  10.0995054983  -0.019440489574
0.271362820876  950  994  993.468846859  10.2276980742  -0.0251725242102
0.271362820876  949  1016  1016.96993116  9.86258942942  0.086724057786
0.465402820876  945  11  10.5954821957  1.72693805238  0.065979668672
0.465402820876  946  24  24.1591277949  1.83917197779  0.0772945107387
0.465402820876  947  38  37.7860861901  1.82171129801  0.0489201925726
0.465402820876  947  51  51.3398630724  2.00379178689  -0.0723921669742
0.465402820876  948  65  65.2567968439  1.89448084652  0.0396123661479
0.465402820876  949  79  79.2748747178  1.91973339712  0.0395719871154
0.465402820876  949  93  93.1947260978  1.9282628642  0.0276313500003
0.465402820876  950  107  107.462399451  1.9042594239  0.0391204645709
0.465402820876  951  122  121.840061928  1.92782645717  0.04531544441
0.465402820876  951  136  136.190743494  1.87740528849  0.0907623532553
0.465402820876  952  151  150.788896699  1.85105303973  0.0466550543224
0.465402820876  952  165  165.416780578  1.79923841004  0.0909764130076
0.465402820876  953  180  180.334900741  1.82889895498  0.0924498331854
0.465402820876  953  195  195.305085109  2.04624940353  0.0657244418242
0.465402820876  954  210  210.374635068  1.88618114142  0.0463665279637
0.465402820876  955  226  225.58801837  2.04225453609  0.00646098363726
0.465402820876  955  241  240.934924175  2.06823625417  -0.00796199919678
0.465402820876  955  256  256.399084124  2.02853454931  0.0367439556661
0.465402820876  956  272  272.139815016  2.13802957673  0.0362780210343
0.465402820876  956  288  287.821367029  2.15226911955  0.0370946907593
0.465402820876  957  304  303.848130494  2.20520849615  0.0435807170884
0.465402820876  957  320  319.86331384  2.20247536766  0.0670561623362
0.465402820876  957  336  336.039268033  2.21768417163  0.0859265921632
0.465402820876  958  353  352.537715338  2.03363143835  0.0656478707428
0.465402820876  958  369  369.01563722  2.28723110396  0.0336812948478
0.465402820876  958  386  385.651568224  2.24627254733  -0.0145515816265
0.465402820876  958  402  402.500708082  2.50258882311  -0.05619701052
0.465402820876  959  420  419.612390787  2.35072779318  -0.037419404273
0.465402820876  959  437  436.709448843  2.49018705825  -0.0490755937853
0.465402820876  959  454  454.047757519  2.60176680337  -0.0105901777523
0.465402820876  959  471  471.495767398  2.60950301398  0.00507184597192
0.465402820876  959  489  489.119764985  2.67582398245  0.0290289929257
0.465402820876  959  507  506.906903833  2.76414841208  0.0391312606191
0.465402820876  959  525  524.905626099  2.85985924485  0.0546119983076
0.465402820876  959  543  543.091998587  2.9471814175  0.0663754954221
0.465402820876  959  561  561.487464134  2.98232366792  0.0530455520186
0.465402820876  959  580  580.058337662  3.14782783497  0.0122299799031
0.465402820876  959  599  598.821023326  3.2115641689  -0.0246236693721
0.465402820876  959  618  617.764360294  3.32333823255  -0.0517034363384
0.465402820876  959  637  636.909231247  3.42764329556  -0.0532248195143
0.465402820876  959  656  656.220329914  3.55849666449  -0.0458847960604
0.465402820876  958  676  675.595481757  3.5045457404  -0.0607164696089
0.465402820876  958  695  695.256508485  3.79781662973  -0.0152973936885
0.465402820876  958  715  715.154734547  3.91310894861  0.00600380575958
0.465402820876  957  735  735.129101688  3.94542354126  0.0189515971223
0.465402820876  957  755  755.348939856  4.28960169291  0.039119040519
0.465402820876  957  776  775.850669314  4.61158657968  0.0443437090666
0.465402820876  956  796  796.434615138  5.18813578652  0.0519295247861
0.465402820876  956  817  817.356960232  5.54879832789  0.054930659103
0.465402820876  955  838  838.563540893  6.47857575774  0.0411104709919
0.465402820876  954  860  859.896684378  7.08337752099  0.0170772112384
0.465402820876  953  882  881.561694876  7.86719813006  0.00532452839556
0.465402820876  953  904  903.5377971  8.56278143495  -0.00874034158152
0.465402820876  952  926  925.41394759  9.34755470169  -0.0297963989284
0.465402820876  951  948  948.029088789  9.58119951372  -0.00889899277819
0.465402820876  950  970  970.658527192  9.94541938426  0.00359758448005
0.465402820876  949  993  993.43197471  10.2110345633  -0.00270322466349
0.465402820876  948  1016  1016.83950034  10.0374426576  0.0798229676329
0.659442820876  944  10  10.4106257107  1.74000115186  0.0820952315998
0.659442820876  945  24  23.9316580384  1.80864310162  0.061154786828
0.659442820876  946  38  37.5831750843  1.80326940081  0.0593849278846
0.659442820876  946  51  51.2890025253  2.01012129693  0.058456021804
0.659442820876  947  65  65.0332596321  1.88718895812  0.0172946528301
0.659442820876  948  79  79.0666450348  1.9235912539  0.0219746771551
0.659442820876  948  93  93.1109043958  2.12547577128  0.0339625840121
0.659442820876  949  107  107.263480288  1.91435812412  0.0422158401431
0.659442820876  950  122  121.647436024  1.90462324645  0.0454445735382
0.659442820876  950  136  135.984394446  1.92070329825  0.0840209488168
0.659442820876  951  151  150.612069726  1.78136132802  0.0672793338781
0.659442820876  951  165  165.200364047  1.92321789787  -0.00328040808083
0.659442820876  952  180  180.13280967  1.88209165545  0.0712830007231
0.659442820876  953  195  195.199472895  1.91344740536  0.096898745026
0.659442820876  953  210  210.18324666  1.9589605179  0.0336419116109
0.659442820876  954  226  225.511366434  1.90944921559  0.0344011185927
0.659442820876  954  241  240.745159021  2.03011894539  -0.0267896360725
0.659442820876  954  256  256.335550144  2.18439646125  0.0529096376371
0.659442820876  955  272  271.929159115  2.17046447966  0.0199100999307
0.659442820876  955  288  287.641233642  2.11671451832  0.0453340005308
0.659442820876  956  304  303.662370786  2.15142134193  0.0428881142465
0.659442820876  956  320  319.682177878  2.18620931631  0.0605652177718
0.659442820876  956  336  335.84930407  2.20480465708  0.0594151966003
0.659442820876  957  352  352.383193625  2.1579682237  0.0916134143296
0.659442820876  957  369  368.817801631  2.25157739119  0.0139639859863
0.659442820876  957  386  385.502181517  2.20870691492  0.00816129960065
0.659442820876  958  402  402.483000863  2.2628137042  -0.00443951944201
0.659442820876  958  419  419.455921795  2.35141624559  -0.011775251879
0.659442820876  958  437  436.570592203  2.42557661078  -0.0358336869565
0.659442820876  958  454  453.878305497  2.59146473945  -0.0199506475663
0.659442820876  958  471  471.335523039  2.6240203736  0.0153681446206
0.659442820876  958  489  488.941906607  2.66385648634  0.0239898281159
0.659442820876  958  507  506.741518851  2.70382687063  0.0337392105502
0.659442820876  958  525  524.740282868  2.78944408892  0.0481341356657
0.659442820876  958  543  542.921960568  2.94484751516  0.0597720337361
0.659442820876  958  561  561.323981325  2.98791681732  0.04817796916
0.659442820876  958  580  579.892860626  3.12147252673  0.00292463302398
0.659442820876  958  599  598.667470351  3.20599077665  -0.0266657704514
0.659442820876  958  618  617.612349818  3.31628841908  -0.0488003906441
0.659442820876  958  637  636.769145835  3.38331026516  -0.0538897128991
0.659442820876  958  656  656.07483377  3.56953107606  -0.0431143333661
0.659442820876  958  676  675.554119624  3.68556033458  -0.0354996087355
0.659442820876  957  695  695.09397034  3.75579589346  -0.0209403252816
0.659442820876  957  715  714.986575727  3.89740457149  -0.000728545716778
0.659442820876  957  735  735.065080895  4.04976531499  0.0292561356998
0.659442820876  956  755  755.209053273  4.30409903014  0.0388230189444
0.659442820876  956  776  775.694247394  4.63210166065  0.0398932437819
0.659442820876  955  796  796.292107586  5.17489340122  0.050528670505
0.659442820876  955  817  817.287145258  5.60413818544  0.0570554386036
0.659442820876  954  838  838.415177064  6.42522439036  0.038525253266
0.659442820876  953  860  859.750889692  7.20951546286  0.0172313573151
0.659442820876  953  882  881.306490442  0.503472429352  -4.94991657012
0.659442820876  952  903  903.463048306  8.48225408176  0.016218178833
0.659442820876  951  925  925.372159555  9.15372612393  -0.00374217958704
0.659442820876  950  948  947.907071213  9.48192154585  -0.0108848443677
0.659442820876  949  970  970.527848867  9.90210184157  -0.00209079326313
0.659442820876  948  993  993.328460773  10.3590937198  -0.00731846152985
0.659442820876  947  1016  1016.68310523  9.97156102324  0.0788551106669
0.853482820876  943  10  10.1885855646  1.83822886016  -0.0126446250975
0.853482820876  944  24  23.7234906656  1.81245062883  0.0498406425095
0.853482820876  945  37  37.3926595247  1.85445083502  0.0633929709063
0.853482820876  946  51  51.0695248323  2.11312449516  0.0399517619139
0.853482820876  946  65  64.8419265569  1.86316328567  0.0161096536736
0.853482820876  947  79  78.8506767976  1.90691985992  0.00784053405431
0.853482820876  948  93  92.8929134167  2.10018805792  0.0103107019677
0.853482820876  948  107  107.061655175  1.92092335372  0.0321080548548
0.853482820876  949  121  121.467839276  1.88162094061  0.0668063753803
0.853482820876  949  136  135.757188655  1.88798346379  0.0396271968711
0.853482820876  950  150  150.447311469  1.77291190124  0.0994635129698
0.853482820876  951  165  165.142511206  2.14080553773  0.0776849031442
0.853482820876  951  180  179.921068968  1.91826130518  0.0390215068624
0.853482820876  952  195  194.976574304  1.93130149973  0.0280462984847
0.853482820876  952  210  209.975005603  1.97270474065  0.00708342283085
0.853482820876  953  225  225.319425054  1.99263749268  0.0232267265146
0.853482820876  953  241  240.573630111  1.96392662284  -0.00335990833481
0.853482820876  954  256  256.223580197  2.0662742347  0.0710087855795
0.853482820876  954  272  271.74034807  2.13075464091  0.0104896194901
0.853482820876  954  287  287.464511667  2.10772789328  0.0488240181146
0.853482820876  955  303  303.483149456  2.1509608634  0.046973069731
0.853482820876  955  320  319.512246096  2.12009793839  0.0665043755513
0.853482820876  955  336  335.722228842  2.42611731546  0.0214902583566
0.853482820876  956  352  352.211443926  2.22862007453  0.0903691995678
0.853482820876  956  369  368.647488998  2.14695373933  0.011437663514
0.853482820876  956  385  385.336637166  2.26770760302  0.0195990352609
0.853482820876  957  402  402.324911292  2.34950311693  0.00195900976487
0.853482820876  957  419  419.281304189  2.42858923982  -0.0140195549344
0.853482820876  957  436  436.414772237  2.42558363691  -0.0225882834619
0.853482820876  957  454  453.69039798  2.55684044641  -0.0323027020357
0.853482820876  957  471  471.160650926  2.61752812096  0.00252660102125
0.853482820876  957  489  488.78047792  2.66182236612  0.0170043598169
0.853482820876  958  507  506.675316493  2.80412671575  0.0372430368674
0.853482820876  958  525  524.740282868  2.78944408892  0.0481341356657
0.853482820876  958  543  542.921960568  2.94484751516  0.0597720337361
0.853482820876  958  561  561.323981325  2.98791681732  0.04817796916
0.853482820876  957  580  579.727171974  3.10812625392  -0.0023772489619
0.853482820876  957  599  598.507824929  3.1968182389  -0.0242222681118
0.853482820876  957  617  617.476772499  3.3628935679  -0.027912600303
0.853482820876  957  637  636.609340946  3.43129751311  -0.054406329886
0.853482820876  957  656  655.927072284  3.59339632932  -0.0515135843525
0.853482820876  957  675  675.425886979  3.68228905775  -0.0310720709905
0.853482820876  956  695  694.959129985  3.78786968211  -0.0201649111643
0.853482820876  956  715  714.845586596  3.91296287636  -0.00398403737022
0.853482820876  956  735  734.943176394  4.06877440003  0.0216897786487
0.853482820876  955  755  755.056504978  4.24642780545  0.0330305280699
0.853482820876  955  776  776.81179888  0.200475286299  10.0158872583
0.853482820876  954  796  796.136936988  5.10710110881  0.0480824061961
0.853482820876  954  817  817.155694263  5.70260242712  0.0523034588118
0.853482820876  953  838  838.267866194  6.49328222818  0.0364594103753
0.853482820876  952  860  859.63859386  6.95302929199  0.0149851952017
0.853482820876  952  881  881.423443084  7.81590030298  0.0283551874786
0.853482820876  951  903  903.299424014  8.48945342294  0.0112073783996
0.853482820876  950  925  925.476870087  9.0685365621  0.00882275070646
0.853482820876  949  948  947.777755544  9.56056785048  -0.0158044835949
0.853482820876  948  970  970.410155189  9.93507581312  -0.00529131185246
0.853482820876  947  993  993.235386163  10.2987965124  -0.00705035071138
0.853482820876  946  1016  1016.48471644  0.11886951489  0.0732494339926
1.04752282088  942  10  10.1315831287  1.98105661662  0.0872597756788
1.04752282088  943  24  23.5400589845  1.81644670173  0.0720380982637
1.04752282088  944  37  37.1868124408  1.85145052851  0.0522059628358
1.04752282088  945  51  50.9395027247  1.88535016751  0.029670581622
1.04752282088  945  65  64.6502958823  1.8359901007  0.0253386513908
1.04752282088  946  79  78.6663105309  1.86353238267  0.0239903532873
1.04752282088  947  93  92.7892523887  1.91635219917  0.0273368884878
1.04752282088  947  107  106.856847366  1.90155427848  0.027815620202
1.04752282088  948  121  121.278558421  1.89990844128  0.0639861978596
1.04752282088  948  136  135.575539549  1.8086730443  0.043850176632
1.04752282088  949  150  150.269190468  1.8535069526  0.110088074251
1.04752282088  950  165  165.017687289  1.90275258068  0.0693439667289
1.04752282088  950  180  179.713928883  1.85801574775  0.0176433210795
1.04752282088  951  195  194.766592723  1.86904194953  0.00224472673481
1.04752282088  951  210  209.770623658  1.94793583946  -0.00808720204042
1.04752282088  952  225  225.118599998  2.02312280125  -0.00228814474449
1.04752282088  952  240  240.412145769  2.0004735615  0.0118556631331
1.04752282088  953  256  256.01371743  2.10456885483  0.0137675854884
1.04752282088  953  272  271.564395567  2.10076159705  0.00699255368411
1.04752282088  953  287  287.293220496  2.14492189398  0.0341426929952
1.04752282088  954  303  303.313813788  2.12448516659  0.0520582580532
1.04752282088  954  319  319.357598743  2.15509269528  0.0941684364513
1.04752282088  955  336  335.665702004  2.13647468365  0.0775078173681
1.04752282088  955  352  352.0181366  2.25334499474  0.0634133622973
1.04752282088  955  368  368.500739683  2.09465820416  0.0406852975016
1.04752282088  955  385  385.163295623  2.33173112126  0.0139277222379
1.04752282088  956  402  402.144852923  2.3864135717  -0.00470411775149
1.04752282088  956  419  419.101357448  2.47702554657  -0.0366799192863
1.04752282088  956  436  436.257453494  2.47370704381  -0.017687331649
1.04752282088  956  454  453.545857983  2.53098649056  -0.0209254506747
1.04752282088  956  471  470.984136111  2.63556796392  -0.00548684037726
1.04752282088  956  489  488.621706476  2.63044083516  -0.00871177518713
1.04752282088  957  507  506.584734778  2.68242783625  0.041891591439
1.04752282088  957  525  524.589841639  2.77927966744  0.056157344675
1.04752282088  957  543  542.762488062  2.86973110368  0.0519698648135
1.04752282088  957  561  561.16264479  2.9963440438  0.0469742999781
1.04752282088  957  580  579.727112708  3.10767434245  -0.0017954371156
1.04752282088  956  598  598.382933379  3.19219507961  -8.04805042439e-05
1.04752282088  956  617  617.318678728  3.34400982881  -0.0349476636847
1.04752282088  956  636  636.464199127  3.43103168364  -0.0384569173477
1.04752282088  956  656  655.788052139  3.62993663511  -0.0512827505004
1.04752282088  956  675  675.292578258  3.64200316086  -0.0268843934854
1.04752282088  955  695  694.814056346  3.80069287537  -0.0188742461017
1.04752282088  955  715  714.702694835  3.9306484228  -0.00307359783713
1.04752282088  955  735  734.794985116  4.07524312971  0.0182314743191
1.04752282088  954  755  754.91794045  4.28841554159  0.0311343781148
1.04752282088  954  775  775.424658217  4.58566740459  0.0490785288129
1.04752282088  953  796  796.008801273  5.11372325736  0.0467035405586
1.04752282088  953  817  816.990239454  5.71690409337  0.0437938183248
1.04752282088  952  838  838.127212662  6.48192936572  0.0351621743407
1.04752282088  951  860  859.482998579  6.99262658824  0.0124228484963
1.04752282088  951  881  881.282444131  7.90314287258  0.0205670156398
1.04752282088  950  903  903.128019301  8.54625945046  0.00684830295927
1.04752282088  949  925  925.305524127  9.13901566608  0.00225500897838
1.04752282088  948  948  947.652667313  9.65592948723  -0.0215471486803
1.04752282088  947  970  970.265148717  9.92380326662  -0.00600442358701
1.04752282088  946  993  993.077288038  10.3599907129  -0.0169817824579
1.04752282088  945  1016  1016.30926926  9.74006628116  0.0691629142394
1.24156282088  942  10  9.90833153157  1.97985745618  0.0563599753317
1.24156282088  942  23  23.3482185081  1.82659843085  0.0727056003075
1.24156282088  943  37  36.9821260659  1.85944199306  0.0353936197586
1.24156282088  944  51  50.754557964  1.84381671449  0.037440952672
1.24156282088  944  64  64.4740656796  1.86038542446  0.0454568885878
1.24156282088  945  78  78.4910231707  1.89378681229  0.0471117370309
1.24156282088  946  93  92.6046575168  1.87055352571  0.0271881985441
1.24156282088  946  107  106.67556588  1.88563885874  0.0318915893146
1.24156282088  947  121  121.071050793  1.89841489628  0.053930307014
1.24156282088  947  135  135.506420997  1.95508399581  0.0660489585201
1.24156282088  948  150  150.073055013  1.88812521779  0.0925983411345
1.24156282088  949  165  164.807875283  1.85070188223  0.051779072758
1.24156282088  949  180  179.553467563  1.77582581829  0.0428094783454
1.24156282088  950  195  194.596965807  1.77323582714  0.0242064248185
1.24156282088  950  210  209.59110843  1.89369908073  -0.000194788508954
1.24156282088  951  225  224.92325756  2.00629815766  -0.00991157544679
1.24156282088  951  240  240.231545871  2.06104647959  0.0114009357481
1.24156282088  952  256  255.836756151  2.10029599655  0.00544230391247
1.24156282088  952  271  271.404759989  2.11500171147  0.0259281057975
1.24156282088  952  287  287.20312908  2.29888154494  0.0451327438938
1.24156282088  953  303  303.152961383  2.19763622142  0.0576984571306
1.24156282088  953  319  319.180936275  2.20771789645  0.0844356609209
1.24156282088  954  336  335.50389165  2.12762848975  0.0765485901406
1.24156282088  954  352  351.823901296  2.21640330387  0.0451241153418
1.24156282088  954  368  368.360796904  2.20718787457  0.0692677030191
1.24156282088  954  385  385.084197779  2.50641101769  0.0151215057355
1.24156282088  955  402  401.962596127  2.37957073589  -0.025168996943
1.24156282088  955  419  418.931002257  2.45518553793  -0.0476886058434
1.24156282088  955  436  436.080581625  2.52878395611  -0.0299738741532
1.24156282088  955  453  453.386514337  2.56661298781  -0.0141406605824
1.24156282088  955  471  470.832558329  2.62792524124  -0.00873400403255
1.24156282088  956  489  488.626014426  2.63514997026  0.0210430096184
1.24156282088  956  506  506.448755019  2.70989731453  0.0641456043406
1.24156282088  956  524  524.411509195  2.91803326668  0.0556100456462
1.24156282088  956  543  542.612681912  2.83149073279  0.054357055117
1.24156282088  956  561  561.015336905  2.98704660783  0.0456625008737
1.24156282088  956  580  579.585931307  3.09818144197  0.00129870548946
1.24156282088  956  598  598.27622032  3.13889886432  -0.00668388927592
1.24156282088  955  617  617.159298752  3.33173317051  -0.0389277568549
1.24156282088  955  636  636.341523751  3.39647142019  -0.0373741821038
1.24156282088  955  656  655.626878965  3.5872439091  -0.0535908360692
1.24156282088  955  675  675.148516974  3.68815482635  -0.0299639958591
1.24156282088  954  695  694.669752455  3.74680479544  -0.037861325242
1.24156282088  954  715  714.575446516  3.90394061172  -0.00257666121783
1.24156282088  954  735  734.63345421  4.09274436447  0.0139095347781
1.24156282088  953  755  754.78287675  4.28844119882  0.032564174281
1.24156282088  953  775  775.285866797  4.62013351524  0.0463251994864
1.24156282088  952  796  795.883203395  5.09322781683  0.0430516181258
1.24156282088  952  817  816.855727427  5.70024178269  0.0441379211589
1.24156282088  951  838  837.990348913  6.35198362167  0.0357137402737
1.24156282088  951  859  859.407287829  7.17274282093  0.0300930135813
1.24156282088  950  881  881.137583964  7.90122895618  0.0176916201054
1.24156282088  949  903  902.981609721  8.59721494032  0.0025620606404
1.24156282088  948  925  925.131001217  9.09667669525  -0.00123658401366
1.24156282088  947  947  947.585745415  9.61955723852  0.00369656889135
1.24156282088  946  970  970.131232869  9.88526575423  -0.0109886972883
1.24156282088  945  993  992.954956085  10.4679281008  -0.0178140574125
1.24156282088  944  1016  1016.19690176  9.71041866208  0.0627241608308
1.43560282088  941  10  9.83298020165  1.86620710844  0.193892536303
1.43560282088  941  23  23.129777248  1.84063458297  0.0552024408606
1.43560282088  942  37  36.7733403443  1.8134484989  0.0331158005124
1.43560282088  943  51  50.5613731254  1.83115293319  0.0491014295769
1.43560282088  943  64  64.280556308  1.89464585975  0.0364793421352
1.43560282088  944  78  78.2975520814  1.90134311113  0.0374257269666
1.43560282088  945  92  92.4274147676  1.89316821658  0.0351379018823
1.43560282088  945  106  106.488931117  1.8831310039  0.0455795594475
1.43560282088  946  121  120.875270339  1.89133648997  0.0448359063416
1.43560282088  947  135  135.37438926  2.11152101536  0.121198961824
1.43560282088  947  150  149.844385795  1.90997330832  0.0537047188805
1.43560282088  948  165  164.619122278  1.78657708389  0.0457390369683
1.43560282088  948  179  179.392289327  1.82436098584  0.0800954893575
1.43560282088  949  194  194.442868112  1.83700121301  0.067638402146
1.43560282088  949  209  209.437137692  1.88151197405  0.0295288884681
1.43560282088  950  225  224.745418735  1.95738667408  -0.0127791500528
1.43560282088  950  240  240.052859095  2.06294161237  0.00610815238574
1.43560282088  951  256  255.655259005  2.07025992239  0.0123939955841
1.43560282088  951  271  271.230966536  2.12639937931  0.0276763677821
1.43560282088  952  287  287.11200156  2.15979484835  0.0486675630322
1.43560282088  952  303  302.960124388  2.19146637215  0.0421133880863
1.43560282088  952  319  318.987596814  2.2155985316  0.0645762931552
1.43560282088  953  335  335.34306516  2.14237600472  0.0865917769156
1.43560282088  953  352  351.645066965  2.15590840317  0.0373706695892
1.43560282088  953  368  368.18053575  2.25646160123  0.0537137482047
1.43560282088  954  385  384.989954339  2.33991665774  0.002548644152
1.43560282088  954  402  401.780756655  2.35431253353  -0.0434056968181
1.43560282088  954  419  418.759351668  2.39448052386  -0.0562871925408
1.43560282088  954  436  435.911975172  2.51868226381  -0.0409737254213
1.43560282088  954  453  453.237837376  2.58988788979  -0.0137983185677
1.43560282088  955  471  470.716152423  2.75924973934  -0.0211118214931
1.43560282088  955  488  488.48679162  2.61036595247  0.034816390923
1.43560282088  955  506  506.290658758  2.74176330046  0.063964518628
1.43560282088  955  524  524.268510717  2.90298644117  0.0773821841019
1.43560282088  955  542  542.473313178  2.79595240076  0.0788800404396
1.43560282088  955  561  560.860348378  2.983408487  0.0449719256013
1.43560282088  955  579  579.432659187  3.0962737187  0.0190296449951
1.43560282088  955  598  598.215712679  3.20923067315  -0.00667245937682
1.43560282088  954  617  617.02202107  3.3534623257  -0.0389479771664
1.43560282088  954  636  636.176242263  3.40072912549  -0.0443127244801
1.43560282088  954  655  655.482423223  3.54990875022  -0.0409377608847
1.43560282088  954  675  675.009965706  3.68295533867  -0.0306229584713
1.43560282088  954  695  694.630604741  3.58713551394  -0.0154070273427
1.43560282088  953  714  714.431637509  3.90980086364  0.00552107997902
1.43560282088  953  735  735.834114824  0.0378033563444  9.65469937444
1.43560282088  952  755  754.642978491  4.27568457928  0.0283002640409
1.43560282088  952  775  775.142508824  4.60284031593  0.0464797271197
1.43560282088  951  796  795.743064307  5.01807958165  0.0406291091064
1.43560282088  951  817  816.715165342  5.69033236789  0.0431376354131
1.43560282088  950  838  837.878867302  6.33833073735  0.0334978348555
1.43560282088  950  859  859.314733727  7.12086229381  0.0378994021234
1.43560282088  949  881  880.955132756  7.96135043672  0.0129512650873
1.43560282088  948  903  902.85972042  8.54039303672  0.00166892909594
1.43560282088  947  925  924.980689976  9.07566288765  -0.00105210350916
1.43560282088  946  947  947.457480948  9.49942619408  -0.00593057964606
1.43560282088  945  970  970.007846615  9.86304214767  -0.0103004626372
1.43560282088  944  993  992.855966735  10.3407732169  -0.0224787049139
1.43560282088  943  1016  1016.0982446  9.85935311067  0.0610790381993
1.62964282088  940  10  9.60837584185  1.77520890007  0.0814799521716
1.62964282088  940  23  22.9149872178  1.79867515934  0.029442666434
1.62964282088  941  37  36.5889769439  1.78466114097  0.0521363125184
1.62964282088  942  50  50.3912696695  1.85146266966  0.0657913454956
1.62964282088  942  64  64.0609001947  1.93514569971  -0.0365485798156
1.62964282088  943  78  78.1006910696  1.92401036868  0.0338208382773
1.62964282088  944  92  92.2414014519  1.91164108531  0.0348386292793
1.62964282088  944  106  106.311998276  1.89998772079  0.0459183427165
1.62964282088  945  121  120.688142507  1.87309689808  0.0420088716293
1.62964282088  946  135  135.224890533  1.89927261781  0.0816110608148
1.62964282088  946  150  149.658399773  1.86272092806  0.0534076319561
1.62964282088  947  164  164.462672819  1.780960031  0.0846119245049
1.62964282088  947  179  179.201428299  1.88924169689  0.0616240672619
1.62964282088  948  194  194.265571221  1.91457132146  0.0641136681265
1.62964282088  948  209  209.259772455  1.94455863824  0.0292437009531
1.62964282088  949  225  224.563014358  1.90046033786  -0.00430239085316
1.62964282088  949  240  239.848812126  2.04901790881  -0.0100549272283
1.62964282088  950  255  255.478120979  2.0611543512  0.0137943262428
1.62964282088  950  271  271.036371785  2.15002810039  0.00787694043019
1.62964282088  951  287  286.910488372  2.15053120693  -0.000161700218708
1.62964282088  951  303  302.782414601  2.15033169777  0.035834116215
1.62964282088  951  319  318.792667221  2.16404790295  0.0513239677783
1.62964282088  952  335  335.170289274  2.20223019843  0.0826274256624
1.62964282088  952  351  351.500752532  2.13761664179  0.0667019781975
1.62964282088  952  368  367.995996413  2.26692375322  0.0369323925569
1.62964282088  953  385  384.797858169  2.27721878644  -0.0182116882625
1.62964282088  953  402  401.615563461  2.31335749193  -0.0415287024408
1.62964282088  953  419  418.591330266  2.34812575088  -0.0522130321625
1.62964282088  953  436  435.73182533  2.48437092519  -0.0511799371426
1.62964282088  953  453  453.061278319  2.59454065597  -0.0223542524396
1.62964282088  954  471  470.660521482  2.60197371787  -0.0149271522051
1.62964282088  954  488  488.326765191  2.64399192932  0.0381603036754
1.62964282088  954  506  506.130506039  2.78222427915  0.0597852051593
1.62964282088  954  524  524.081068523  2.90813062752  0.057242403595
1.62964282088  954  542  542.329775346  2.87254201318  0.0779885063664
1.62964282088  954  561  560.695214836  2.99333295893  0.0411335292644
1.62964282088  954  579  579.3076949  3.08630479166  0.0235321391949
1.62964282088  954  598  598.074570382  3.24130996287  -0.00727543124968
1.62964282088  953  617  616.870803308  3.27504177542  -0.0651384103119
1.62964282088  953  636  636.029247275  3.45955225754  -0.048869797488
1.62964282088  953  655  655.345141224  3.54831013481  -0.0421700568427
1.62964282088  953  675  674.868363015  3.67611643524  -0.0308923016006
1.62964282088  953  695  694.541233249  3.77076044552  -0.0227918685967
1.62964282088  952  714  714.305419159  3.95046419071  0.00614288755264
1.62964282088  952  734  734.363067385  4.08354305577  0.0191992385293
1.62964282088  951  755  755.825777171  0.0380061190245  9.76187733001
1.62964282088  951  775  775.004658805  4.60624462346  0.047121963169
1.62964282088  950  796  795.691260466  4.99211752659  0.0460790248507
1.62964282088  950  817  816.598099296  5.74837027717  0.0392567456005
1.62964282088  949  838  837.736423328  6.33673628227  0.0343496617034
1.62964282088  949  859  859.169857209  7.17927077074  0.0254251867476
1.62964282088  948  881  880.828331338  7.87687650519  0.0142431160222
1.62964282088  947  903  902.689430479  8.58476475353  -0.00103439624813
1.62964282088  946  925  924.868559826  9.14040579707  -0.00928783848362
1.62964282088  945  947  947.297445693  9.53713992056  -0.00406472725379
1.62964282088  944  970  969.935596566  9.81745962375  -0.0143976025223
1.62964282088  943  993  992.694511571  10.4478566879  -0.0201248880075
1.62964282088  942  1016  1015.94064438  9.56355813091  0.0529895328646
1.82368282088  939  9  9.42291277929  1.77995596328  0.0901184455071
1.82368282088  939  23  22.7044436864  1.71245782193  -0.0109292823814
1.82368282088  940  36  36.4278153573  1.83149542367  0.0743432368133
1.82368282088  941  50  50.1843246335  1.88679019302  0.0392616600723
1.82368282088  941  64  63.9877832157  2.11378511752  0.0251549623695
1.82368282088  942  78  77.8967913553  1.90772133395  0.0216639700864
1.82368282088  943  92  92.0494854552  1.93044406117  0.0318447983036
1.82368282088  943  106  106.099653022  1.94844653804  -0.045936408761
1.82368282088  944  121  120.513865801  1.84268165087  0.0460395073963
1.82368282088  945  135  135.033516101  1.91734405465  0.0685864745304
1.82368282088  945  149  149.492759364  1.81747597239  0.0633899450471
1.82368282088  946  164  164.299493189  1.86978377966  0.106977852651
1.82368282088  946  179  179.00342873  1.89673753304  0.0428256774688
1.82368282088  947  194  194.058387041  1.95449862528  0.0361799475147
1.82368282088  947  209  209.05129965  1.95345031148  -0.00483282941691
1.82368282088  948  224  224.419486753  1.93736954131  0.0333467091151
1.82368282088  948  240  239.676595808  2.0157236024  -0.0113757678779
1.82368282088  949  255  255.30377728  2.08477635145  0.0134915738816
1.82368282088  949  271  270.84019287  2.10095193305  -0.00626608442675
1.82368282088  950  287  286.741504304  2.13388283904  0.0142266682743
1.82368282088  950  303  302.611535911  2.12470233616  0.0419326758701
1.82368282088  950  319  318.627840808  2.1088287464  0.0484592377922
1.82368282088  951  335  334.979290361  2.21803222344  0.0631227894181
1.82368282088  951  351  351.339782739  2.14779423727  0.080408403354
1.82368282088  951  368  367.800346152  2.22985214022  0.0139885983207
1.82368282088  952  385  384.630663619  2.1918273026  -0.0136246607164
1.82368282088  952  401  401.467125031  2.28859462321  -0.0245494807873
1.82368282088  952  418  418.459787267  2.35482604285  -0.0238658093914
1.82368282088  952  436  435.568346573  2.46095758096  -0.0533133740911
1.82368282088  952  453  452.863656095  2.59449947826  -0.047460938034
1.82368282088  953  471  470.515839575  2.57617777305  -0.00128578802629
1.82368282088  953  488  488.169055578  2.73676802319  0.0311756810365
1.82368282088  953  506  505.975434428  2.81331852218  0.0503182902605
1.82368282088  953  524  523.948335804  2.87932603364  0.0582261802614
1.82368282088  953  542  542.182365082  2.90270646384  0.0726418255764
1.82368282088  953  561  560.549458597  2.97729464444  0.0429222705537
1.82368282088  953  579  579.146067585  3.08275632121  0.0221313514716
1.82368282088  953  598  597.904870022  3.2737030025  -0.0155726543788
1.82368282088  953  617  616.857364519  3.35644844831  -0.0487764425079
1.82368282088  952  636  635.867901625  3.45918488532  -0.0521423679311
1.82368282088  952  655  655.198838421  3.58305588102  -0.0426563954959
1.82368282088  952  675  674.70119388  3.6527177612  -0.0379971560581
1.82368282088  952  694  694.421121711  3.80612342226  -0.0130205378191
1.82368282088  951  714  714.155268742  3.96278641527  0.00496512638323
1.82368282088  951  734  734.231143978  4.09927280954  0.0187001666077
1.82368282088  951  755  755.826874314  0.194016635562  9.87747558146
1.82368282088  950  775  774.889517396  4.55790430449  0.0427091162206
1.82368282088  950  796  795.583268542  4.99205716897  0.0510966202276
1.82368282088  949  817  817.792948671  0.0462571589995  10.458233963
1.82368282088  948  838  837.589054244  6.23582584233  0.0240870625419
1.82368282088  948  859  859.052125211  7.18600281751  0.0252914400289
1.82368282088  947  881  880.687221132  7.80487996895  0.00986888290617
1.82368282088  946  903  902.530629722  8.52543559166  -0.00823820179705
1.82368282088  945  925  924.747697899  9.08642098151  -0.0107890325397
1.82368282088  944  947  947.294973808  9.5409602435  -0.0064497300972
1.82368282088  943  970  969.783383494  10.0365203148  -0.013750404183
1.82368282088  942  993  992.685542647  10.4275473697  -0.0214410576617
1.82368282088  941  1015  1015.83386846  9.50910573925  0.0715636116731
2.01772282088  938  9  9.23385138973  1.81661608978  0.0784885718696
2.01772282088  938  23  22.5649889775  1.99774029818  -0.0468624632432
2.01772282088  939  36  36.2411524737  1.83059511752  0.0628510199569
2.01772282088  940  50  49.9799053572  1.88555384816  0.0260226001723
2.01772282088  941  64  63.7890746572  2.00138984801  0.00731070710261
2.01772282088  941  78  77.7058828454  1.87971090186  0.0219408431847
2.01772282088  942  92  91.847763221  1.89872331573  0.0208018941616
2.01772282088  942  106  106.045951306  2.14305981302  0.0438701861581
2.01772282088  943  120  120.351029921  1.86637533156  0.0660281583557
2.01772282088  944  135  134.829774341  1.88684844865  0.0391239092944
2.01772282088  944  149  149.325318702  1.80935191734  0.0796623233397
2.01772282088  945  164  164.098511242  1.91207790811  0.0762143793975
2.01772282088  945  179  178.806645737  1.85904125576  0.0191152601686
2.01772282088  946  194  193.872522499  1.92666592503  0.0148968155239
2.01772282088  946  209  208.844016298  1.92676711811  -0.0731353417993
2.01772282088  947  224  224.243059411  1.99976133485  0.0243251535636
2.01772282088  947  240  239.513217412  1.98325752224  -0.0039105548698
2.01772282088  948  255  255.116912229  2.12063019042  6.51461142271e-05
2.01772282088  948  271  270.679536872  2.07771886894  -0.000108451769292
2.01772282088  949  287  286.595813407  2.10364567349  0.032981048345
2.01772282088  949  302  302.467234487  2.12368739567  0.0583201681354
2.01772282088  949  318  318.507081791  2.29000130377  0.00535535066758
2.01772282088  950  335  334.794734513  2.16841335137  0.0469857257133
2.01772282088  950  351  351.174882401  2.24766505609  0.0671794037535
2.01772282088  950  368  367.63493884  2.17494112117  0.000896791997455
2.01772282088  951  385  384.498924215  2.19359116495  0.0155588370372
2.01772282088  951  401  401.317303467  2.3373554785  -0.00308568405732
2.01772282088  951  418  418.305826109  2.43028385224  -0.0122683076018
2.01772282088  951  435  435.40956109  2.51875396832  -0.0358731149522
2.01772282088  952  453  452.873359051  2.59653119973  -0.036403271871
2.01772282088  952  470  470.368419582  2.60088253407  6.42292062432e-05
2.01772282088  952  488  488.016921084  2.70272265026  0.0299451273338
2.01772282088  952  506  505.795624364  2.77594347062  0.0395797604993
2.01772282088  952  524  523.793513958  2.831958546  0.0490275921328
2.01772282088  952  542  542.020267014  2.92225414653  0.0655995132663
2.01772282088  952  560  560.401441831  3.00722133901  0.061188025901
2.01772282088  952  579  578.981036454  3.1141378804  0.0123847099873
2.01772282088  952  598  597.76423792  3.26433910173  -0.0188817743047
2.01772282088  952  617  616.706310688  3.33413611856  -0.0519704805293
2.01772282088  951  636  635.698436284  3.48821198348  -0.056009085337
2.01772282088  951  655  655.049556456  3.57116479533  -0.0453833222431
2.01772282088  951  675  674.575317386  3.68980310522  -0.0371569951505
2.01772282088  951  694  694.269807598  3.8002388655  -0.0132808335192
2.01772282088  950  714  714.001119761  3.96620679333  -0.00106159884721
2.01772282088  950  734  734.091318558  4.10821339415  0.016425143815
2.01772282088  950  754  754.39655999  4.24259559155  0.0541599951477
2.01772282088  949  775  774.747487608  4.57816169009  0.0422441649543
2.01772282088  949  795  795.495162677  5.05466266535  0.056373123467
2.01772282088  948  816  816.344406842  5.69851358026  0.0526214470904
2.01772282088  947  837  837.491925344  6.42398032179  0.0419692795624
2.01772282088  947  859  858.953577231  7.16113979109  0.0206493761104
2.01772282088  946  881  880.563645742  7.63841565686  0.00627615161041
2.01772282088  945  902  902.555844595  8.49847437967  0.0182873875626
2.01772282088  944  925  924.68986549  9.04312171569  -0.0126642064967
2.01772282088  944  947  947.050485971  9.53983966384  -0.00944476313809
2.01772282088  943  970  969.644542396  9.92171832964  -0.0209406954357
2.01772282088  942  993  992.42080774  10.3466189184  -0.0258755108991
2.01772282088  940  1015  1015.71035307  9.59652640084  0.061133805329
