# Band 3B   Etalon 2A   Slice 3
# Distortion map version 7B.05.00 - date 2019-03-22
# Trace (isoalpha): Take pixel trace along specified slice, specified alpha position trace is built by taking the pixel in every detector row with alpha value closest to the one specified 
# xpos[i] = np.argmin(alpha_img[i,:])+funcs.find_nearest(alpha_img[i,:][(slice_img[i,:]!=0)],alpha_pos)
#    alpha       x  y      center         FWHM          skewness        wavelength
0.0  876  5  4.521125903399263  3.2149744937626856  -0.046727584749910366  15.686793604965871
0.0  877  41  40.755986170367734  2.981406164098786  -0.002787026754604225  15.610557377671974
0.0  879  76  76.09750668081243  2.9411985308019837  -0.032690911219863505  15.534859792547497
0.0  880  111  111.02024963726087  2.9706671131642395  0.009572353161062582  15.46016712791969
0.0  882  145  145.09667076983325  2.8602643154821408  -0.024001443509613262  15.386084610113443
0.0  883  179  178.77545170301033  2.884419419285962  -0.001661634245366423  15.31289922166435
0.0  884  212  211.7170034250356  2.672625785702678  -0.007356578397169614  15.240384575104041
0.0  885  244  244.12686220253522  2.801991548688136  -0.01602801756126796  15.168712665944321
0.0  886  276  275.9800539381574  2.6303766339008234  -0.001654868031235157  15.097573789649545
0.0  886  307  307.3172226685315  2.7423398536365085  0.0025151822391816393  15.027414165301082
0.0  887  338  338.0908081059159  2.693981453910453  0.0024056411552524524  14.957700000753945
0.0  888  368  368.30688097741273  2.6120838270902595  -0.013440046691060878  14.88899120872048
0.0  888  398  398.1008099835244  2.694734906137114  -0.008611873418890005  14.820789521373039
0.0  888  427  427.3845482441916  2.714054997606013  0.008414401702782924  14.753305173998903
0.0  889  456  456.0951231620205  2.653054205129365  -0.015029340979987189  14.68668724474506
0.0  889  484  484.38312172908564  2.704882179825404  -0.023437770030764027  14.620481583720924
0.0  889  512  512.2570773232512  2.7208873003996246  -0.012159027844610069  14.555071695719535
0.0  889  540  539.6520675748357  2.7552256322737776  -0.0049102777070037535  14.490483362816486
0.0  889  567  566.5673364510101  2.7991386257606337  -0.0351928237790179  14.426317719474104
0.0  888  593  593.170027264522  2.9301694273106023  -0.017468969638419752  14.362792536985046
0.0  888  619  619.2996869143561  2.9385887669245676  -0.01464341145413415  14.300095569086018
0.0  888  645  644.9640651552637  2.9966359788239743  -0.02441702185800708  14.2380322665459
0.0  888  670  670.2467744540122  2.9309077327886826  -0.018978914853515598  14.176301113131764
0.0  887  695  695.2092274409639  3.058377682777291  -0.008691811168574216  14.115348448441837
0.0  887  720  719.7276291351732  3.0124605070409416  -0.015871352252274127  14.055047185382653
0.0  886  744  743.9463114949223  3.0592168021466932  -0.0142393212529592  13.995428412818692
0.0  886  768  767.7329736561577  3.005331009517704  -0.01333263806534221  13.936174552598326
0.0  885  791  791.2694355229822  3.121339312268674  -0.007618371360650351  13.877469853207606
0.0  885  814  814.3876603832864  3.0936951012373584  -0.034791097473115755  13.819173488962395
0.0  884  837  837.2874591998046  3.074125745170136  -0.021949758456985585  13.76162809128386
0.0  883  860  859.8680282647128  3.003288697472726  -0.023407394843594605  13.704583558457013
0.0  882  882  882.2023253979561  2.971738085304196  0.002014704248925496  13.6480347738012
0.0  882  904  904.0745720132231  2.923665901420918  -0.013045286953193534  13.591888765640986
0.0  881  926  925.788016033055  2.8732578434969582  -0.005484931060726709  13.536189577466194
0.0  880  947  947.2320995759559  2.9541954544069995  -0.010688988141480829  13.480873471062468
0.0  879  968  968.387727643525  2.879855445376279  -0.032626544222203985  13.42597356799033
0.0  878  989  989.3579180227164  2.88516409604199  0.00553106901467835  13.371617538388005
0.0  877  1010  1009.994323624916  2.7305617503288886  -0.013288511367907532  13.31768711234676
-2.440023209793865  887  41  40.60135655777062  3.2291727771197003  -0.011274816215135826  15.610557377671974
-2.440023209793865  888  76  75.9975995845483  2.851702278969441  -0.012485154775171496  15.534859792547497
-2.440023209793865  890  111  110.75319243001138  3.161060497139772  -0.008453228298266757  15.46016712791969
-2.440023209793865  891  145  144.96678985581164  2.832223070852706  -0.0013712401132198319  15.386084610113443
-2.440023209793865  892  178  178.45121707933538  2.8850554387453258  -0.033924511887899494  15.31289922166435
-2.440023209793865  893  212  211.5374071713596  2.715412618810234  0.03175631453674179  15.240384575104041
-2.440023209793865  894  244  243.81213197628293  2.703158648593046  -0.016722830640837284  15.168712665944321
-2.440023209793865  895  276  275.7110933915093  2.76801258430055  0.012213950509731146  15.097573789649545
-2.440023209793865  896  307  306.92372621058036  2.7001644911383664  -0.018694638308650563  15.027414165301082
-2.440023209793865  896  338  337.684104009327  2.702386833016817  -0.012544539762134505  14.957700000753945
-2.440023209793865  897  368  367.9547829103954  2.6444998238908966  0.006143898184524735  14.88899120872048
-2.440023209793865  897  398  397.6646200670864  2.644277334804883  -0.010214271770418983  14.820789521373039
-2.440023209793865  898  427  426.82293124260053  2.768467834266687  -0.03577084051386977  14.753305173998903
-2.440023209793865  898  456  455.6442413220145  2.6623792992471635  -0.0007261273540951744  14.68668724474506
-2.440023209793865  898  484  483.9008135738734  2.678181791399993  -0.01776810539856844  14.620481583720924
-2.440023209793865  898  512  511.72841209679035  2.7384169866356842  -0.020126091827539938  14.555071695719535
-2.440023209793865  898  539  539.1191684542297  2.8390229815709063  -0.0006835795743008964  14.490483362816486
-2.440023209793865  898  566  566.0117807320681  2.8209249653814368  -0.01600017777454882  14.426317719474104
-2.440023209793865  898  592  592.5164547683863  2.845607343756683  -0.028190075870140052  14.362792536985046
-2.440023209793865  898  619  618.6300355858684  3.017332878781531  -0.04192785747384771  14.300095569086018
-2.440023209793865  897  644  644.3318186375816  2.893125629618794  -0.027421574669306312  14.2380322665459
-2.440023209793865  897  670  669.630328152388  2.9899021249818816  0.001669530452935194  14.176301113131764
-2.440023209793865  897  694  694.4875698240477  3.06441929795551  -0.03299872284412333  14.115348448441837
-2.440023209793865  896  719  719.0276597249879  3.0777645874100017  -0.0012039550295907843  14.055047185382653
-2.440023209793865  896  743  743.1705256208844  3.1289407315698554  -0.013447312670540517  13.995428412818692
-2.440023209793865  895  767  766.9849239588658  3.1658122549885093  -0.017964228815824514  13.936174552598326
-2.440023209793865  894  790  790.5037795961792  3.1400102019626956  -0.014550134668571786  13.877469853207606
-2.440023209793865  894  814  813.5999790373983  3.0830795249164566  -0.01716512694133799  13.819173488962395
-2.440023209793865  893  836  836.486767244556  3.027744785904815  -0.024826588626546353  13.76162809128386
-2.440023209793865  892  859  859.0693403649701  3.090979351891974  -0.016883336629129185  13.704583558457013
-2.440023209793865  892  881  881.2763488658777  3.075923953500478  -0.007206647164839195  13.6480347738012
-2.440023209793865  891  903  903.2448618210469  3.001073789794873  0.00409956702758875  13.591888765640986
-2.440023209793865  890  925  924.902315111018  2.973847657940496  -0.01426416027667819  13.536189577466194
-2.440023209793865  889  946  946.3388479538412  2.8776680946614306  -0.011849507577658841  13.480873471062468
-2.440023209793865  888  968  967.5118535309609  2.8473048149996885  0.0002582525033784712  13.42597356799033
-2.440023209793865  887  988  988.3821421330268  2.800289096339725  -0.0347148694513357  13.371617538388005
-2.440023209793865  886  1009  1009.0385559006575  2.872966082735047  -0.015141879866857633  13.31768711234676
-2.1925732097938653  886  41  40.595268658159576  3.2058556373143574  -0.01866579611644764  15.610557377671974
-2.1925732097938653  887  76  76.00248808832139  2.8750088979929274  -0.01279530767755  15.534859792547497
-2.1925732097938653  889  111  110.672503012366  3.1387227799796733  -0.04470216419437044  15.46016712791969
-2.1925732097938653  890  145  144.97538803060044  2.847901054179488  -0.0051161812559819865  15.386084610113443
-2.1925732097938653  891  178  178.48509090821452  2.8938573283567166  -0.03097026875259334  15.31289922166435
-2.1925732097938653  892  212  211.56162959370863  2.6985620419702627  0.0249032797204604  15.240384575104041
-2.1925732097938653  893  244  243.83122027044013  2.74557957287044  -0.026239530248426665  15.168712665944321
-2.1925732097938653  894  276  275.71860289673384  2.722538084907228  0.01000492644638742  15.097573789649545
-2.1925732097938653  895  307  306.94325987864096  2.673819105871303  -0.02940726858329963  15.027414165301082
-2.1925732097938653  895  338  337.7337814686632  2.7157344699567716  -0.010068915347481987  14.957700000753945
-2.1925732097938653  896  368  367.98303800323436  2.653134644921124  -0.004073859372065878  14.88899120872048
-2.1925732097938653  896  398  397.7014318196073  2.6191619113445768  -0.01854527082080859  14.820789521373039
-2.1925732097938653  897  427  426.89761867957156  2.7815132982075284  -0.021713271734829672  14.753305173998903
-2.1925732097938653  897  456  455.67525385959215  2.6608931232186706  -0.013621828248488581  14.68668724474506
-2.1925732097938653  897  484  483.95602536612785  2.7165244448192425  -0.017713133461960292  14.620481583720924
-2.1925732097938653  897  512  511.79576273532206  2.754731264679947  -0.012893507110011387  14.555071695719535
-2.1925732097938653  897  539  539.1997372101443  2.849235480240168  0.005003735373589359  14.490483362816486
-2.1925732097938653  897  566  566.0889499712063  2.813380317792962  -0.009923759111405287  14.426317719474104
-2.1925732097938653  897  593  592.5752958785466  2.8557242499872473  -0.028861146394024862  14.362792536985046
-2.1925732097938653  897  619  618.6615465876331  2.93515822597044  -0.03573798354597504  14.300095569086018
-2.1925732097938653  896  644  644.3999548662446  2.9367497892947085  -0.026553979174047032  14.2380322665459
-2.1925732097938653  896  670  669.6788342750453  2.9588858477720805  -0.007223023715514396  14.176301113131764
-2.1925732097938653  896  695  694.5321322963745  3.020253550555708  -0.019351548343918442  14.115348448441837
-2.1925732097938653  895  719  719.1141313314259  3.083237231563544  -0.002209103225453453  14.055047185382653
-2.1925732097938653  895  743  743.2485500096601  3.122239762435811  -0.00314948486273749  13.995428412818692
-2.1925732097938653  894  767  767.090381646004  3.1333159597356826  -0.014337073280771202  13.936174552598326
-2.1925732097938653  894  790  790.5167023558408  3.191517968975859  -0.03642158025214716  13.877469853207606
-2.1925732097938653  893  814  813.7053945909538  3.084194976692288  -0.010325982061457257  13.819173488962395
-2.1925732097938653  892  837  836.5791360769679  3.0650839395021876  -0.024407855018460434  13.76162809128386
-2.1925732097938653  891  859  859.1325195115894  3.1709733646700897  -0.01225032600238833  13.704583558457013
-2.1925732097938653  891  881  881.3586067621412  3.0452686710407306  -0.009936538540676089  13.6480347738012
-2.1925732097938653  890  903  903.3334129361854  3.000988559536154  0.0005003929068861067  13.591888765640986
-2.1925732097938653  889  925  925.002240409029  2.984459550749307  -0.009720851377243149  13.536189577466194
-2.1925732097938653  888  946  946.4224698420247  2.830053807463287  -0.024360030990839793  13.480873471062468
-2.1925732097938653  887  968  967.5939520390133  2.855530745158376  -0.011331816658829845  13.42597356799033
-2.1925732097938653  886  988  988.4586610291942  2.812979326767845  -0.04415056182201977  13.371617538388005
-2.1925732097938653  885  1009  1009.1634653354905  2.852521844619332  0.0035357763215372825  13.31768711234676
-1.9451232097938655  885  41  40.63601631207594  3.18025079710398  -0.00036375340533610016  15.610557377671974
-1.9451232097938655  886  76  76.02377991708923  2.878473687659806  -0.011051279243212711  15.534859792547497
-1.9451232097938655  888  111  110.82061023235251  3.069547694991911  -0.0055164937046502565  15.46016712791969
-1.9451232097938655  889  145  145.01668173562757  2.798276759709836  0.003178952257077729  15.386084610113443
-1.9451232097938655  890  179  178.53677819044097  2.9296182033280616  -0.022723751240358036  15.31289922166435
-1.9451232097938655  891  212  211.58291334427471  2.734247520244878  0.017556359227450826  15.240384575104041
-1.9451232097938655  892  244  243.87751786357646  2.74212099874984  -0.022770650175622718  15.168712665944321
-1.9451232097938655  893  276  275.74454929687147  2.7120513163828264  0.0004278559469752018  15.097573789649545
-1.9451232097938655  894  307  306.98471389995444  2.7064742627233045  -0.017249069003072205  15.027414165301082
-1.9451232097938655  894  338  337.7808969258418  2.727231547622523  -0.013515851713424985  14.957700000753945
-1.9451232097938655  895  368  368.0253955821032  2.6763793229330304  -0.00346933549691701  14.88899120872048
-1.9451232097938655  895  398  397.7509550972772  2.6496840070495864  -0.010471754686828004  14.820789521373039
-1.9451232097938655  896  427  426.9633271515924  2.753711557495535  -0.0163109445760795  14.753305173998903
-1.9451232097938655  896  456  455.7384419026725  2.643314044041972  -0.008170259123976528  14.68668724474506
-1.9451232097938655  896  484  483.9972043663458  2.696604308312658  -0.024279042396735888  14.620481583720924
-1.9451232097938655  896  512  511.857305786953  2.7548018393048324  -0.007002561649045806  14.555071695719535
-1.9451232097938655  896  539  539.2460647857714  2.845001342838259  0.008674938897689633  14.490483362816486
-1.9451232097938655  896  566  566.1763300042358  2.832042237202131  -0.0008296068033594435  14.426317719474104
-1.9451232097938655  896  593  592.6408260502935  2.8646829233690596  -0.032374754373615325  14.362792536985046
-1.9451232097938655  896  619  618.7213799356311  2.9337346449189  -0.03942454986062876  14.300095569086018
-1.9451232097938655  895  644  644.4797691376992  2.969317678010384  -0.02193279195693456  14.2380322665459
-1.9451232097938655  895  670  669.7476219013813  2.9861512659649634  -0.008213938332692895  14.176301113131764
-1.9451232097938655  895  695  694.6051576113917  3.0429229261987985  -0.01755789719244953  14.115348448441837
-1.9451232097938655  894  719  719.2176132542389  3.0527501931339884  0.009183696596888082  14.055047185382653
-1.9451232097938655  894  743  743.2969176019434  3.0882541810465227  -0.011101721858600137  13.995428412818692
-1.9451232097938655  893  767  767.1611274605951  3.1194460397878174  -0.016938801879284603  13.936174552598326
-1.9451232097938655  893  791  790.5583059856502  3.1093912489693594  -0.03960201320556962  13.877469853207606
-1.9451232097938655  892  814  813.7996151312593  3.1048916155568804  -0.011093635890585977  13.819173488962395
-1.9451232097938655  891  837  836.6625645799526  3.0811701438709633  -0.027969267953991895  13.76162809128386
-1.9451232097938655  891  859  859.1799189918  3.1483750716737404  -0.029711589822196977  13.704583558457013
-1.9451232097938655  890  881  881.4386880239135  3.052673094574857  -0.010847312383806816  13.6480347738012
-1.9451232097938655  889  903  903.4086666501153  3.0084172681335986  -0.008902924273324692  13.591888765640986
-1.9451232097938655  888  925  925.1092829988658  2.941451860104735  -0.0037250453316168735  13.536189577466194
-1.9451232097938655  887  947  946.5319728351136  2.855798196550495  -0.01797097401613621  13.480873471062468
-1.9451232097938655  886  968  967.6817964746085  2.8847536262421727  -0.015828874374434514  13.42597356799033
-1.9451232097938655  885  989  988.5858618368309  2.8985377055073513  -0.01611202726020414  13.371617538388005
-1.9451232097938655  884  1009  1009.216557306276  2.9630621220769626  0.008136181153423004  13.31768711234676
-1.6976732097938658  884  41  40.64871918268284  3.1258029317945244  -0.0005195639542424256  15.610557377671974
-1.6976732097938658  885  76  76.03352710087067  2.8525124260614803  -0.01345216093962225  15.534859792547497
-1.6976732097938658  887  111  110.85523306358597  3.0868386996908157  -0.004964932762228511  15.46016712791969
-1.6976732097938658  888  145  145.01653110977026  2.8118518206791805  -0.00882095569557208  15.386084610113443
-1.6976732097938658  889  179  178.55671925457858  2.8735383676181243  -0.027961478367509257  15.31289922166435
-1.6976732097938658  890  212  211.59443953086586  2.7428226167619982  0.00735265249931006  15.240384575104041
-1.6976732097938658  891  244  243.8964599549743  2.7757803713062685  -0.02756870150915863  15.168712665944321
-1.6976732097938658  892  276  275.7935101393153  2.677368659205058  0.005420735063580073  15.097573789649545
-1.6976732097938658  893  307  307.0308112724952  2.6847064268464464  -0.014384146627988731  15.027414165301082
-1.6976732097938658  894  338  337.8105943342671  2.6939642389558003  -0.00965243524960831  14.957700000753945
-1.6976732097938658  894  368  368.0710395700607  2.627865502551572  -0.004619506581152897  14.88899120872048
-1.6976732097938658  894  398  397.77790688802617  2.6774227181418837  -0.020911240150792182  14.820789521373039
-1.6976732097938658  895  427  427.0158643955876  2.7726077200690042  -0.012394135009875969  14.753305173998903
-1.6976732097938658  895  456  455.7922731839325  2.645100327791738  -0.009022899539270266  14.68668724474506
-1.6976732097938658  895  484  484.03492212117754  2.6702358515489664  -0.03204496551277235  14.620481583720924
-1.6976732097938658  895  512  511.9153962177943  2.7525763303454482  -0.004145440046462495  14.555071695719535
-1.6976732097938658  895  539  539.3147287885032  2.7890991711433344  0.0158971654551848  14.490483362816486
-1.6976732097938658  895  566  566.2267183045082  2.776880443544769  -0.011136292887905474  14.426317719474104
-1.6976732097938658  895  593  592.7204197926152  2.9005300838341554  -0.024876565183895607  14.362792536985046
-1.6976732097938658  895  619  618.8060456158371  2.9746034411817845  -0.025550419976670496  14.300095569086018
-1.6976732097938658  894  644  644.5160378744932  2.9350486642505302  -0.03839646081559493  14.2380322665459
-1.6976732097938658  894  670  669.8256071891872  2.9833508163983424  -0.009845616668706671  14.176301113131764
-1.6976732097938658  894  695  694.6848152237893  3.0364564708437456  -0.019917008786612164  14.115348448441837
-1.6976732097938658  893  719  719.2779899960569  3.05190137590057  0.005418624471911583  14.055047185382653
-1.6976732097938658  893  743  743.4087748876412  3.1130813629258682  0.0009625480823682881  13.995428412818692
-1.6976732097938658  892  767  767.2619397682495  3.1249662888039893  -0.008208928240023663  13.936174552598326
-1.6976732097938658  892  791  790.6546743366093  3.119557977318209  -0.026061736280954744  13.877469853207606
-1.6976732097938658  891  814  813.8881065131529  3.0861552996454975  -0.013032186109329512  13.819173488962395
-1.6976732097938658  890  837  836.7583287305758  3.09903222452715  -0.025863346010975844  13.76162809128386
-1.6976732097938658  890  859  859.2694205753818  3.09882560229903  -0.01280209134718379  13.704583558457013
-1.6976732097938658  889  882  881.5207676565583  3.032163820185133  -0.01568811390577625  13.6480347738012
-1.6976732097938658  888  904  903.5191305579572  3.002796600676902  0.0014152727230888364  13.591888765640986
-1.6976732097938658  887  925  925.198255075168  2.926120274549021  -0.008250563930420575  13.536189577466194
-1.6976732097938658  886  947  946.6225508718692  2.8434984535933836  -0.025344235561781274  13.480873471062468
-1.6976732097938658  885  968  967.775756955424  2.949630810265944  0.008613678434676794  13.42597356799033
-1.6976732097938658  884  989  988.6228437101663  3.0036047732396582  -0.03126052352101123  13.371617538388005
-1.6976732097938658  884  1009  1009.3303036397771  2.9111286201150506  0.009200118586731915  13.31768711234676
-1.450223209793866  883  41  40.65604931559004  3.1165278925341795  -0.003480553740741922  15.610557377671974
-1.450223209793866  884  76  76.03392406615636  2.8996651559837403  -0.026334977047292808  15.534859792547497
-1.450223209793866  886  111  110.87359698588878  3.0718510907165353  -0.011787348969897733  15.46016712791969
-1.450223209793866  887  145  145.01936283427628  2.8285675955640386  -0.010536629765637458  15.386084610113443
-1.450223209793866  888  179  178.58765271647735  2.8409860939188434  -0.01662439893722687  15.31289922166435
-1.450223209793866  890  212  211.58393689238932  2.6954689112341725  0.006439383127101872  15.240384575104041
-1.450223209793866  890  244  243.93181703563067  2.7555812420923758  -0.017489320695467693  15.168712665944321
-1.450223209793866  891  276  275.8302660656614  2.7023392358967158  0.009228653533924427  15.097573789649545
-1.450223209793866  892  307  307.06813268216376  2.7022039866606065  -0.018557338671577595  15.027414165301082
-1.450223209793866  893  338  337.8388046613332  2.7189369651950983  -0.005831173197800316  14.957700000753945
-1.450223209793866  893  368  368.094050776305  2.633634662755753  -0.013174693425193364  14.88899120872048
-1.450223209793866  893  398  397.8206839191126  2.6591797262142336  -0.01328418770498883  14.820789521373039
-1.450223209793866  894  427  427.0554869209656  2.7768445770661856  -0.013657281456981207  14.753305173998903
-1.450223209793866  894  456  455.8346809744274  2.661809934111943  -0.013178850533226732  14.68668724474506
-1.450223209793866  894  484  484.1130002176518  2.7013612334184245  -0.019015616559739924  14.620481583720924
-1.450223209793866  894  512  511.9816784655601  2.73923815318949  -0.004818311398711001  14.555071695719535
-1.450223209793866  894  539  539.3825232720316  2.7695855648591987  0.02005681602294795  14.490483362816486
-1.450223209793866  894  566  566.2718080487219  2.7662391448204744  -0.011642040920468591  14.426317719474104
-1.450223209793866  894  593  592.7630579704735  2.8785122595563735  -0.03273633606283202  14.362792536985046
-1.450223209793866  894  619  618.8589067745316  2.9680969544209574  -0.027941513904560632  14.300095569086018
-1.450223209793866  893  645  644.5793874658028  2.979700830222214  -0.027761365858514145  14.2380322665459
-1.450223209793866  893  670  669.8497936925955  2.960255077131478  -0.03058883409822297  14.176301113131764
-1.450223209793866  893  695  694.7679150996962  3.0588498151739714  -0.013002153171251538  14.115348448441837
-1.450223209793866  892  719  719.3194134466956  3.049412382955097  -0.015987765695274454  14.055047185382653
-1.450223209793866  892  744  743.4791044942397  3.1025431790130824  -0.005543574467696953  13.995428412818692
-1.450223209793866  891  767  767.3498757487838  3.1177984333314726  -0.0025054304253532087  13.936174552598326
-1.450223209793866  891  791  790.7518431202873  3.1575665077730264  -0.025633026226973957  13.877469853207606
-1.450223209793866  890  814  813.9787497309534  3.0911214106315583  -0.010158532493769828  13.819173488962395
-1.450223209793866  889  837  836.8444808507495  3.0943954407430283  -0.027609600572623714  13.76162809128386
-1.450223209793866  889  859  859.3547614358383  3.058614947666456  -0.009462197189746908  13.704583558457013
-1.450223209793866  888  882  881.5884344990408  2.9887174603219364  -0.026286830561392437  13.6480347738012
-1.450223209793866  887  904  903.6140207803376  2.990567208901439  0.005265721754493531  13.591888765640986
-1.450223209793866  886  925  925.319941997842  2.9079464112048754  0.013764051893123061  13.536189577466194
-1.450223209793866  885  947  946.7246922749599  2.91010429932453  -0.01614236952897655  13.480873471062468
-1.450223209793866  884  968  967.8279803898199  2.9389459841014514  -0.019410727974086543  13.42597356799033
-1.450223209793866  884  989  988.7224869908813  3.0255067864253533  -0.0374934294610016  13.371617538388005
-1.450223209793866  883  1009  1009.3662990469481  2.826164731243125  -0.005351320623808681  13.31768711234676
-1.2027732097938664  882  41  40.669265491401376  3.133091914481433  -0.0050402043797808166  15.610557377671974
-1.2027732097938664  884  76  76.03918545408841  2.913571822822661  -0.021702288065478345  15.534859792547497
-1.2027732097938664  885  111  110.90656176395254  3.0877850941691065  -0.003259687395690303  15.46016712791969
-1.2027732097938664  886  145  145.0524664174472  2.8264483644861684  -0.006494361955671351  15.386084610113443
-1.2027732097938664  888  179  178.5968713715965  2.8499797115459273  -0.023518617044431474  15.31289922166435
-1.2027732097938664  889  212  211.5922887460478  2.671473717674587  0.003934453649424696  15.240384575104041
-1.2027732097938664  890  244  243.93016424657915  2.7353075154364888  -0.02752162189062708  15.168712665944321
-1.2027732097938664  890  276  275.8664898824594  2.6675464611396364  0.011934114251969994  15.097573789649545
-1.2027732097938664  891  307  307.09998684633166  2.744643453390495  -0.023344754011894866  15.027414165301082
-1.2027732097938664  892  338  337.8877872945002  2.7385159113237023  -0.003084167870873986  14.957700000753945
-1.2027732097938664  892  368  368.1339950753425  2.6434305882982017  -0.013416610504468367  14.88899120872048
-1.2027732097938664  893  398  397.8169066816971  2.666474120100702  -0.021411271028533036  14.820789521373039
-1.2027732097938664  893  427  427.122771084946  2.7371393454532154  -0.004505492046469068  14.753305173998903
-1.2027732097938664  893  456  455.8816337241294  2.679290403620712  -0.020069783373124976  14.68668724474506
-1.2027732097938664  893  484  484.16997520592594  2.681751551427851  -0.017275603308608674  14.620481583720924
-1.2027732097938664  893  512  512.038130985289  2.7165442139313427  -0.006880216345795343  14.555071695719535
-1.2027732097938664  893  539  539.4229819330047  2.7869816186289427  0.01357916063842157  14.490483362816486
-1.2027732097938664  893  566  566.3277045601943  2.7978795611065834  -0.019974847556281525  14.426317719474104
-1.2027732097938664  893  593  592.834427985922  2.9154492343075162  -0.028805076819634012  14.362792536985046
-1.2027732097938664  893  619  618.9436248790254  3.001149801148813  -0.02696382876304138  14.300095569086018
-1.2027732097938664  893  645  644.6036924023878  2.9487475159902488  -0.03213643103638461  14.2380322665459
-1.2027732097938664  892  670  669.9366543601899  2.9479143104497325  -0.025155517543285592  14.176301113131764
-1.2027732097938664  892  695  694.8371957983637  3.0347609661075694  -0.012177987776201602  14.115348448441837
-1.2027732097938664  891  719  719.4150237230982  3.0595294580291466  -0.010570636257229305  14.055047185382653
-1.2027732097938664  891  744  743.5201073162767  3.0732742848933867  -0.020132555927988387  13.995428412818692
-1.2027732097938664  890  767  767.4446250499864  3.0978891818303964  0.0030734043568930594  13.936174552598326
-1.2027732097938664  890  791  790.8575958458924  3.152326289064831  -0.014547223548525352  13.877469853207606
-1.2027732097938664  889  814  814.0573867997117  3.0552260712506722  -0.01374608897366999  13.819173488962395
-1.2027732097938664  888  837  836.9189635652132  3.144212409308466  -0.012354950680001751  13.76162809128386
-1.2027732097938664  888  859  859.4349931971735  3.0561331150138358  -0.013176002964292208  13.704583558457013
-1.2027732097938664  887  882  881.7046208985109  3.018099828221011  -0.016971426663666935  13.6480347738012
-1.2027732097938664  886  904  903.6890241727673  2.985803575261343  -0.010554746117923381  13.591888765640986
-1.2027732097938664  885  925  925.4222222146221  2.8917442581846444  0.010621977875853502  13.536189577466194
-1.2027732097938664  884  947  946.7708635733237  2.9803450899102018  -0.02224003807044972  13.480873471062468
-1.2027732097938664  884  968  967.8679021707967  2.914105445152245  -0.04177448882294873  13.42597356799033
-1.2027732097938664  883  989  988.7820755404192  2.868112441136418  -0.0413902152277451  13.371617538388005
-1.2027732097938664  882  1010  1009.5110936075217  2.7534575824311105  0.011137149079228411  13.31768711234676
-0.9553232097938666  881  41  40.711430014876086  3.0654509845295763  0.00315090690946301  15.610557377671974
-0.9553232097938666  883  76  76.04441610371848  2.911448953010833  -0.02922413867168893  15.534859792547497
-0.9553232097938666  884  111  110.93967828277685  3.065337778245379  0.008723262272858683  15.46016712791969
-0.9553232097938666  885  145  145.05968364438277  2.83797735229939  -0.012918492522412006  15.386084610113443
-0.9553232097938666  887  179  178.6371818195177  2.8891415811359593  -0.010828031463454745  15.31289922166435
-0.9553232097938666  888  212  211.6454599377005  2.6644432303288568  0.014109379713281522  15.240384575104041
-0.9553232097938666  889  244  243.97371788799808  2.789904552789551  -0.019992594633966628  15.168712665944321
-0.9553232097938666  889  276  275.8850769395916  2.6815068831410827  0.004180462433900705  15.097573789649545
-0.9553232097938666  890  307  307.1527550749601  2.7770732041782367  -0.01339445406219135  15.027414165301082
-0.9553232097938666  891  338  337.9268860439622  2.7195921527075484  -3.906960779418445e-05  14.957700000753945
-0.9553232097938666  891  368  368.1860858756626  2.6367736080959503  -0.014584532585238872  14.88899120872048
-0.9553232097938666  892  398  397.86304040288724  2.6447651429172083  -0.02301764349283798  14.820789521373039
-0.9553232097938666  892  427  427.19335346036064  2.7243057593391313  0.006335482424513187  14.753305173998903
-0.9553232097938666  892  456  455.92277366946155  2.677932895352228  -0.020327779628551368  14.68668724474506
-0.9553232097938666  892  484  484.21430277365596  2.67814443377074  -0.020394102825263903  14.620481583720924
-0.9553232097938666  892  512  512.0901194037651  2.7226723927544754  -0.010505810064006214  14.555071695719535
-0.9553232097938666  892  539  539.4616310540425  2.763471226011916  0.005907958431514318  14.490483362816486
-0.9553232097938666  892  566  566.394708078915  2.8038345178406416  -0.019631179946897618  14.426317719474104
-0.9553232097938666  892  593  592.9015272262326  2.8859519535944855  -0.025658300701841566  14.362792536985046
-0.9553232097938666  892  619  619.0256432290332  3.006263372737976  -0.01419397042201672  14.300095569086018
-0.9553232097938666  892  645  644.657006687731  2.964325782578385  -0.03194267871102374  14.2380322665459
-0.9553232097938666  891  670  670.0276428460861  2.983260120793375  -0.009769171862957473  14.176301113131764
-0.9553232097938666  891  695  694.8794224444222  3.0221042904599926  -0.01969396034234698  14.115348448441837
-0.9553232097938666  890  720  719.4943961546907  3.022712989981528  0.006666442512104553  14.055047185382653
-0.9553232097938666  890  744  743.6084583639679  3.0998806851143854  -0.017948528101335605  13.995428412818692
-0.9553232097938666  889  768  767.5060216315288  3.1160477052874285  -0.0035170123496976982  13.936174552598326
-0.9553232097938666  889  791  790.9352271959077  3.149951771306405  -0.013629954090657414  13.877469853207606
-0.9553232097938666  888  814  814.1306027996386  3.0096341710012666  -0.023675072041292246  13.819173488962395
-0.9553232097938666  888  837  836.9593229943596  3.144564641129705  -0.028387635331018304  13.76162809128386
-0.9553232097938666  887  860  859.5325407456987  3.054834617224742  -0.015048117737693715  13.704583558457013
-0.9553232097938666  886  882  881.7762487425084  2.9943547154827  -0.02080255673974933  13.6480347738012
-0.9553232097938666  885  904  903.7942114201104  3.006388019664655  -0.009725570668968687  13.591888765640986
-0.9553232097938666  884  926  925.5327418121282  2.8777742761371883  0.026945995926621717  13.536189577466194
-0.9553232097938666  884  947  946.8736414876765  3.044691706069898  -0.014703449601801687  13.480873471062468
-0.9553232097938666  883  968  967.9828902996124  2.866281494425266  -0.023180701708673253  13.42597356799033
-0.9553232097938666  882  989  988.9143782410414  2.9125838910294988  -0.0181505084282726  13.371617538388005
-0.9553232097938666  881  1010  1009.5797495161843  2.778499080298616  -0.0013830494038653374  13.31768711234676
-0.7078732097938669  880  41  40.73416235213708  3.0178566335298456  0.004958199340740691  15.610557377671974
-0.7078732097938669  882  76  76.06093669331405  2.908185856811855  -0.025814833255990773  15.534859792547497
-0.7078732097938669  883  111  110.96573049154861  3.0071531419096686  0.009107450054074859  15.46016712791969
-0.7078732097938669  884  145  145.06967467623278  2.842440476016691  -0.019778434439137356  15.386084610113443
-0.7078732097938669  886  179  178.67186328197212  2.9172262484605653  -0.007246689710718806  15.31289922166435
-0.7078732097938669  887  212  211.666896932536  2.68564016626226  0.007225886833557104  15.240384575104041
-0.7078732097938669  888  244  244.00180636046733  2.7781149713133004  -0.02010632455761859  15.168712665944321
-0.7078732097938669  888  276  275.93255201090835  2.662812080138565  0.01650515301669896  15.097573789649545
-0.7078732097938669  889  307  307.1553342844643  2.724453416356482  -0.027916074543996347  15.027414165301082
-0.7078732097938669  890  338  337.97282282271897  2.684143327381321  0.0072927580431888794  14.957700000753945
-0.7078732097938669  890  368  368.2239033111546  2.6247116222324394  -0.015776243764499896  14.88899120872048
-0.7078732097938669  891  398  397.9115425268491  2.6810868822707334  -0.02419483796051333  14.820789521373039
-0.7078732097938669  891  427  427.239083584454  2.7104367623519465  0.006466646394212679  14.753305173998903
-0.7078732097938669  891  456  455.9686536034551  2.6676129459088997  -0.020845960558762706  14.68668724474506
-0.7078732097938669  891  484  484.266658045283  2.6749159260414217  -0.025258955362606837  14.620481583720924
-0.7078732097938669  891  512  512.1454558659564  2.7206523544633114  -0.003917859163573297  14.555071695719535
-0.7078732097938669  891  540  539.5349040811413  2.757231676536094  0.008697264711991677  14.490483362816486
-0.7078732097938669  891  566  566.4606019434656  2.7665970013151764  -0.02762751768308492  14.426317719474104
-0.7078732097938669  891  593  592.9650763438488  2.900311735119203  -0.024484305872189645  14.362792536985046
-0.7078732097938669  891  619  619.0826861955542  2.944349289738966  -0.014932150996283767  14.300095569086018
-0.7078732097938669  891  645  644.699221706369  2.9855934895308565  -0.03582850380366526  14.2380322665459
-0.7078732097938669  890  670  670.0921012004358  2.983556787688485  -0.01522080810278676  14.176301113131764
-0.7078732097938669  890  695  694.9637882553428  3.0424330028208715  -0.016195892696870835  14.115348448441837
-0.7078732097938669  890  720  719.5099100553568  3.0939396093504  -0.019158924767235127  14.055047185382653
-0.7078732097938669  889  744  743.6974941677801  3.1263289136354615  -0.015032188157461688  13.995428412818692
-0.7078732097938669  888  768  767.5209566371875  3.169206185330495  -0.012533331091897198  13.936174552598326
-0.7078732097938669  888  791  791.0104665112667  3.1365568564012847  -0.01414572630978014  13.877469853207606
-0.7078732097938669  887  814  814.2172235498404  3.0338088857614594  -0.020094107176870424  13.819173488962395
-0.7078732097938669  887  837  836.9932172104482  3.1048971494873285  -0.035605446620266004  13.76162809128386
-0.7078732097938669  886  860  859.6194776848622  3.047553729527408  -0.01815907353914228  13.704583558457013
-0.7078732097938669  885  882  881.8826828708445  3.018491066603019  -0.017361577269293535  13.6480347738012
-0.7078732097938669  884  904  903.8940781760261  2.9872578700269514  -0.008466230989702728  13.591888765640986
-0.7078732097938669  883  926  925.5990644224363  2.960511239682887  0.019872812603383493  13.536189577466194
-0.7078732097938669  883  947  946.9262464412506  2.9257292030943063  -0.019499273516802744  13.480873471062468
-0.7078732097938669  882  968  968.0905753041407  2.8694264811765606  -0.014700614240961472  13.42597356799033
-0.7078732097938669  881  989  989.0202997816103  2.8920564007237317  -0.009475928315872842  13.371617538388005
-0.7078732097938669  880  1010  1009.6797149737841  2.7808561940405525  -0.0036413987973004038  13.31768711234676
-0.4604232097938672  879  41  40.75228372624678  3.0200061603339066  0.004797805764104273  15.610557377671974
-0.4604232097938672  881  76  76.06824150675527  2.9279305559782074  -0.03420545326926322  15.534859792547497
-0.4604232097938672  882  111  111.0096780091009  3.0111533562680393  0.019241121704406026  15.46016712791969
-0.4604232097938672  884  145  145.07546888769468  2.843604328371441  -0.018473354520258545  15.386084610113443
-0.4604232097938672  885  179  178.7020228983065  2.882468261526128  -0.009255344791685384  15.31289922166435
-0.4604232097938672  886  212  211.68725723438925  2.666806354096309  -0.001121916950921158  15.240384575104041
-0.4604232097938672  887  244  244.02665724331968  2.7644515143663284  -0.020202624611787512  15.168712665944321
-0.4604232097938672  888  276  275.92679460585833  2.6599888643947907  -0.000929537449501065  15.097573789649545
-0.4604232097938672  888  307  307.20696289175305  2.7318215296024846  -0.016906298532275495  15.027414165301082
-0.4604232097938672  889  338  338.0295962413914  2.6853385724234613  0.006181152938993899  14.957700000753945
-0.4604232097938672  889  368  368.2726650378239  2.63059236842048  -0.0179145967063911  14.88899120872048
-0.4604232097938672  890  398  397.9830695980564  2.682304964242121  -0.012382967055734585  14.820789521373039
-0.4604232097938672  890  427  427.28967737406447  2.725178233150814  0.008749987015500412  14.753305173998903
-0.4604232097938672  890  456  456.0402372444901  2.6683846198430956  -0.012414775386536119  14.68668724474506
-0.4604232097938672  890  484  484.3148445095398  2.6991965805380005  -0.024615699762880104  14.620481583720924
-0.4604232097938672  890  512  512.2011839147417  2.7146950499163154  -0.008093365326736787  14.555071695719535
-0.4604232097938672  890  540  539.5934786542722  2.757261297314244  -0.003498064055443199  14.490483362816486
-0.4604232097938672  890  566  566.5091046287642  2.8034506625900804  -0.03281383855490629  14.426317719474104
-0.4604232097938672  890  593  593.0602681759485  2.9479058480455933  -0.010995220443101656  14.362792536985046
-0.4604232097938672  890  619  619.1522862408933  2.95623591935032  -0.015311347244166001  14.300095569086018
-0.4604232097938672  890  645  644.7609549256514  3.019368743339328  -0.04445206060181848  14.2380322665459
-0.4604232097938672  889  670  670.1684599003071  2.958254347053071  -0.020834388566910635  14.176301113131764
-0.4604232097938672  889  695  695.0566572911976  3.032547426104429  -0.009397065674340633  14.115348448441837
-0.4604232097938672  889  720  719.5592685194399  3.012816794968103  -0.014717074593835937  14.055047185382653
-0.4604232097938672  888  744  743.7494376696519  3.0497751566463194  -0.02586253823176391  13.995428412818692
-0.4604232097938672  888  768  767.558996372122  3.1008717858385353  -0.02602686387575237  13.936174552598326
-0.4604232097938672  887  791  791.0917083786908  3.1378963493193623  -0.01577645350544239  13.877469853207606
-0.4604232097938672  886  814  814.314236642067  3.043118703741584  -0.01899272295829524  13.819173488962395
-0.4604232097938672  886  837  837.097573483364  3.1234083400408963  -0.02459351538621823  13.76162809128386
-0.4604232097938672  885  860  859.6984364487417  2.9980865224391664  -0.024973444812652967  13.704583558457013
-0.4604232097938672  884  882  881.9749796622101  3.024043269967251  -0.021955522347725825  13.6480347738012
-0.4604232097938672  883  904  903.9617648295508  2.958721448485221  -0.018720384777968144  13.591888765640986
-0.4604232097938672  883  926  925.6287344569744  2.947804836605883  -0.01217303421253122  13.536189577466194
-0.4604232097938672  882  947  947.0174560069388  2.9613400840589748  -0.01860901257202366  13.480873471062468
-0.4604232097938672  881  968  968.1863743076487  2.840719576522133  -0.018760974439141948  13.42597356799033
-0.4604232097938672  880  989  989.1294795682796  2.9040356522261845  -0.006775834404534209  13.371617538388005
-0.4604232097938672  879  1010  1009.7774987809886  2.783199729586613  -0.016075726888313976  13.31768711234676
-0.21297320979386747  876  5  4.520350828773574  3.215230373400372  -0.044194298850616626  15.686793604965871
-0.21297320979386747  878  41  40.764591867771514  2.9968846522085073  0.002257593055735039  15.610557377671974
-0.21297320979386747  880  76  76.08044855972989  2.956543801090774  -0.03592089131877122  15.534859792547497
-0.21297320979386747  881  111  111.01261201536882  2.9685463846765856  0.010460937991877906  15.46016712791969
-0.21297320979386747  883  145  145.0962004248756  2.8393385280549523  -0.01815897175862219  15.386084610113443
-0.21297320979386747  884  179  178.7397835541868  2.881941443945834  -0.006870950549262463  15.31289922166435
-0.21297320979386747  885  212  211.6969322605388  2.6370597467009134  -0.007525425433511485  15.240384575104041
-0.21297320979386747  886  244  244.0874519797196  2.7776124496382977  -0.012671366953843952  15.168712665944321
-0.21297320979386747  887  276  275.9638686618146  2.691101519505196  0.0049289671874672755  15.097573789649545
-0.21297320979386747  887  307  307.27613176529644  2.746561546628186  -0.0028316056541505346  15.027414165301082
-0.21297320979386747  888  338  338.0614372251695  2.6705263256187664  0.0013034149593609047  14.957700000753945
-0.21297320979386747  888  368  368.30691723707145  2.6119932891912185  -0.013109694618643006  14.88899120872048
-0.21297320979386747  889  398  398.0362720352253  2.7164584893457686  -0.013966857661672287  14.820789521373039
-0.21297320979386747  889  427  427.3486038722659  2.740569738761451  0.01628959419245443  14.753305173998903
-0.21297320979386747  889  456  456.0952273607645  2.6522358768395407  -0.013904459184182559  14.68668724474506
-0.21297320979386747  889  484  484.3831280174442  2.7049236958691836  -0.023380735328627875  14.620481583720924
-0.21297320979386747  890  512  512.2011839147417  2.7146950499163154  -0.008093365326736787  14.555071695719535
-0.21297320979386747  890  540  539.5934809440797  2.757271834261701  -0.003483424643920345  14.490483362816486
-0.21297320979386747  889  567  566.5673364510101  2.7991386257606337  -0.0351928237790179  14.426317719474104
-0.21297320979386747  889  593  593.1248838377036  2.9404639260440035  -0.013278924666148597  14.362792536985046
-0.21297320979386747  889  619  619.2131311749594  2.9515367314662626  -0.02204483631837299  14.300095569086018
-0.21297320979386747  889  645  644.8622208263581  3.0058765505471  -0.03485375799870526  14.2380322665459
-0.21297320979386747  888  670  670.2530824395451  2.9576530706935955  -0.0019901216126053133  14.176301113131764
-0.21297320979386747  888  695  695.1287179055961  3.051783785789439  -0.009494270497607408  14.115348448441837
-0.21297320979386747  888  720  719.651261698594  3.0212959699460953  -0.010104814650802244  14.055047185382653
-0.21297320979386747  887  744  743.8438045364669  3.0221871996888012  -0.022384395799711916  13.995428412818692
-0.21297320979386747  887  768  767.6560209242921  3.0670796838446677  -0.009326539716819435  13.936174552598326
-0.21297320979386747  886  791  791.1820041574324  3.147889401917382  -0.01632942162351241  13.877469853207606
-0.21297320979386747  885  814  814.3969951358941  3.075968274317688  -0.02171566871833402  13.819173488962395
-0.21297320979386747  885  837  837.1828661045919  3.090820320126568  -0.028208281900799603  13.76162809128386
-0.21297320979386747  884  860  859.7743148153097  3.007671850911038  -0.027818440364629344  13.704583558457013
-0.21297320979386747  883  882  882.084139715128  3.0130191954879137  -0.017094450180389825  13.6480347738012
-0.21297320979386747  882  904  904.0808648948152  2.9244422151762137  -0.0053531831196500694  13.591888765640986
-0.21297320979386747  882  926  925.6766392630511  2.905223719631408  -0.028387956260780094  13.536189577466194
-0.21297320979386747  881  947  947.125694916606  2.9446693591426083  -0.014739580783309508  13.480873471062468
-0.21297320979386747  880  968  968.3067350098332  2.8264775158756947  -0.01703319838417947  13.42597356799033
-0.21297320979386747  879  989  989.2363152332505  2.901925660035886  -0.0011150315273869005  13.371617538388005
-0.21297320979386747  878  1010  1009.8833057108386  2.7311301640784222  -0.014440940467837648  13.31768711234676
0.03447679020613226  877  41  40.75674314970963  2.982758741745485  -0.0066965325625266085  15.610557377671974
0.03447679020613226  879  76  76.09754238812147  2.941235883327522  -0.03243317478612301  15.534859792547497
0.03447679020613226  880  111  111.02288277927886  2.9691582248872805  0.013365342102434659  15.46016712791969
0.03447679020613226  882  145  145.09672535195517  2.8598290556810753  -0.02362702665660214  15.386084610113443
0.03447679020613226  883  179  178.77541207552738  2.8845566001266434  -0.0019541122468319503  15.31289922166435
0.03447679020613226  884  212  211.7170106533921  2.672615174979228  -0.007282876280218117  15.240384575104041
0.03447679020613226  885  244  244.12682517144827  2.802095423174592  -0.01623565752920648  15.168712665944321
0.03447679020613226  886  276  275.9800661113601  2.6303186556614264  -0.0015562132430872084  15.097573789649545
0.03447679020613226  886  307  307.3056765930581  2.75588950614042  -0.008055832316907627  15.027414165301082
0.03447679020613226  887  338  338.0908081059159  2.693981453910453  0.0024056411552524524  14.957700000753945
0.03447679020613226  887  368  368.3375920324451  2.5941301720637284  -0.019740979480483565  14.88899120872048
0.03447679020613226  888  398  398.1008099835244  2.694734906137114  -0.008611873418890005  14.820789521373039
0.03447679020613226  888  427  427.3845482441916  2.714054997606013  0.008414401702782924  14.753305173998903
0.03447679020613226  888  456  456.1332960997873  2.61849606946339  -0.021372339740129587  14.68668724474506
0.03447679020613226  889  484  484.38319959147464  2.7044371270059173  -0.02287186218076797  14.620481583720924
0.03447679020613226  889  512  512.2570773232512  2.7208873003996246  -0.012159027844610069  14.555071695719535
0.03447679020613226  889  540  539.6520675748357  2.7552256322737776  -0.0049102777070037535  14.490483362816486
0.03447679020613226  888  567  566.5919437614446  2.831250142281874  -0.032476087968482885  14.426317719474104
0.03447679020613226  888  593  593.1636787295151  2.9157812051374776  -0.022812713199102618  14.362792536985046
0.03447679020613226  888  619  619.2996869143561  2.9385887669245676  -0.01464341145413415  14.300095569086018
0.03447679020613226  888  645  644.9640651552637  2.9966359788239743  -0.02441702185800708  14.2380322665459
0.03447679020613226  888  670  670.2421243617242  2.9205255088988906  -0.02803899890078766  14.176301113131764
0.03447679020613226  887  695  695.2092274409639  3.058377682777291  -0.008691811168574216  14.115348448441837
0.03447679020613226  887  720  719.7276292960884  3.012466312537299  -0.015870164489705244  14.055047185382653
0.03447679020613226  886  744  743.9462827231273  3.0594033813481474  -0.014369774215848417  13.995428412818692
0.03447679020613226  886  768  767.7329311587262  3.0049364127746685  -0.013536044048261553  13.936174552598326
0.03447679020613226  885  791  791.2694355229822  3.121339312268674  -0.007618371360650351  13.877469853207606
0.03447679020613226  884  814  814.4634480024117  3.0617730239555385  -0.02263423326809837  13.819173488962395
0.03447679020613226  884  837  837.2874848272812  3.074464554811243  -0.021794607480230325  13.76162809128386
0.03447679020613226  883  860  859.8680475205991  3.0032026674119834  -0.02332346724411363  13.704583558457013
0.03447679020613226  882  882  882.1960686777804  2.9750952423769377  -0.004395205972844284  13.6480347738012
0.03447679020613226  881  904  904.1281848470227  3.024496709586174  -0.014904166191022646  13.591888765640986
0.03447679020613226  881  926  925.7878682871734  2.870968212698017  -0.006575190520866859  13.536189577466194
0.03447679020613226  880  947  947.232153381783  2.9552574750223357  -0.010283910449236358  13.480873471062468
0.03447679020613226  879  968  968.3877350012299  2.8799725800458873  -0.03258222752743256  13.42597356799033
0.03447679020613226  878  989  989.357929699214  2.8850873351150312  0.005575619441590002  13.371617538388005
0.03447679020613226  877  1010  1009.9943260899523  2.7305482543281414  -0.013276085755120154  13.31768711234676
0.281926790206132  875  5  4.537979992582708  3.1956312065306562  -0.04886476127955071  15.686793604965871
0.281926790206132  876  41  40.743372851062134  2.994614262885463  -0.014899898500241066  15.610557377671974
0.281926790206132  878  76  76.11533674383237  2.998653277601221  -0.031037932253673975  15.534859792547497
0.281926790206132  879  111  111.06956752555388  2.933982592847883  0.02262656971149915  15.46016712791969
0.281926790206132  881  145  145.11560204705927  2.8797957939580954  -0.024616877754183634  15.386084610113443
0.281926790206132  882  179  178.79960186515035  2.8543535441959875  -0.00017280055483020654  15.31289922166435
0.281926790206132  883  212  211.73930052823783  2.6768791829812244  -0.013594714037568569  15.240384575104041
0.281926790206132  884  244  244.16346289515312  2.7743908891392834  -0.009883551512989397  15.168712665944321
0.281926790206132  885  276  276.03509818789996  2.632547647100978  0.006536155660535529  15.097573789649545
0.281926790206132  885  307  307.3284981945229  2.7368025968286247  -0.01185035663175817  15.027414165301082
0.281926790206132  886  338  338.15185855905844  2.623475108958246  0.0030447950695534592  14.957700000753945
0.281926790206132  886  368  368.3642042444656  2.5695125842185007  -0.01939217880143723  14.88899120872048
0.281926790206132  887  398  398.1404536344113  2.6826225050130006  -0.010508842707429593  14.820789521373039
0.281926790206132  887  427  427.44485871657093  2.6219977574824043  0.006008185208042727  14.753305173998903
0.281926790206132  887  456  456.17399809399365  2.603988807532403  -0.02849135028330017  14.68668724474506
0.281926790206132  888  484  484.4037291234667  2.6764468410484596  -0.040801062821855284  14.620481583720924
0.281926790206132  888  512  512.3211019449502  2.7048255394097396  -0.010728851178196011  14.555071695719535
0.281926790206132  888  540  539.6931121186686  2.722236195950245  -0.009611920847250299  14.490483362816486
0.281926790206132  888  567  566.6281018084843  2.7943560019109555  -0.02834991134937271  14.426317719474104
0.281926790206132  887  593  593.2439877064484  2.9129986370908227  -0.009139518486292478  14.362792536985046
0.281926790206132  887  619  619.3652730835029  2.9123977647464017  -0.010130677860901164  14.300095569086018
0.281926790206132  887  645  645.0407478110424  3.0093535973654753  -0.0246527431950718  14.2380322665459
0.281926790206132  887  670  670.2657907509221  2.9349972118264986  -0.03673382384276883  14.176301113131764
0.281926790206132  886  695  695.2835955953378  3.045818298007589  -0.011332002337973681  14.115348448441837
0.281926790206132  886  720  719.7987469721085  3.022326643263341  -0.009280487330061172  14.055047185382653
0.281926790206132  885  744  744.024186916897  3.0629316916481457  -0.01295115903485579  13.995428412818692
0.281926790206132  885  768  767.8105485894476  3.0416688374236855  -0.017725052021137805  13.936174552598326
0.281926790206132  884  791  791.3654804897674  3.119071894972649  -0.0043332095080664676  13.877469853207606
0.281926790206132  884  814  814.4975516600947  3.096441162828569  -0.03382352404995379  13.819173488962395
0.281926790206132  883  837  837.3913847321364  3.0901938502297526  -0.011981911188931582  13.76162809128386
0.281926790206132  882  860  859.9685559368364  3.059330440808367  -0.02421937395119667  13.704583558457013
0.281926790206132  881  882  882.2821994057985  2.990216715644465  -0.010035513419929684  13.6480347738012
0.281926790206132  881  904  904.1649637957692  2.981688173978114  -0.0360343342320191  13.591888765640986
0.281926790206132  880  926  925.8945576276584  2.870371709713254  -0.009606167578807431  13.536189577466194
0.281926790206132  879  947  947.3337607516642  2.9423625626773173  -0.007966125350955946  13.480873471062468
0.281926790206132  878  968  968.4993620132259  2.8830365933949906  -0.026378543963362668  13.42597356799033
0.281926790206132  877  989  989.4483290044515  2.8653775597699678  -0.0029368555118663756  13.371617538388005
0.281926790206132  876  1010  1010.096423571778  2.7658939045077204  -0.009268147534140785  13.31768711234676
0.5293767902061317  874  5  4.529457922152753  3.248303487510034  -0.05018100651531445  15.686793604965871
0.5293767902061317  875  41  40.74690365692356  2.9737424920928817  -0.009851513465801813  15.610557377671974
0.5293767902061317  877  76  76.14347875684035  2.9992168266836785  -0.025918349559061405  15.534859792547497
0.5293767902061317  878  111  111.095309508122  2.923617674596244  0.020551704923872705  15.46016712791969
0.5293767902061317  880  145  145.1428850953149  2.9155575329948533  -0.024985178821191206  15.386084610113443
0.5293767902061317  881  179  178.82427168218447  2.8546052608576247  0.002793907584704098  15.31289922166435
0.5293767902061317  882  212  211.77048799602807  2.6610281903089685  -0.012287709667877062  15.240384575104041
0.5293767902061317  883  244  244.21842305760595  2.777305578913513  0.001130004131657495  15.168712665944321
0.5293767902061317  884  276  276.0842129536214  2.6332452755017357  0.00028888105486301165  15.097573789649545
0.5293767902061317  884  307  307.36587072332696  2.684363457636323  -0.0034019769175560642  15.027414165301082
0.5293767902061317  885  338  338.18993904731354  2.6549821626889525  0.0008975088724532768  14.957700000753945
0.5293767902061317  886  368  368.376560339652  2.578654292563442  -0.0006420550958694456  14.88899120872048
0.5293767902061317  886  398  398.1794868548242  2.6816864436920014  -0.011400194044456842  14.820789521373039
0.5293767902061317  886  427  427.4731043665835  2.6166724977057356  -0.007883031533035292  14.753305173998903
0.5293767902061317  886  456  456.2227727200027  2.6275267468089396  -0.02014532148220218  14.68668724474506
0.5293767902061317  887  484  484.4760777836402  2.6889611862263223  -0.03732611941626974  14.620481583720924
0.5293767902061317  887  512  512.3747424078824  2.7374284764473487  -0.019030432956815103  14.555071695719535
0.5293767902061317  887  540  539.7451425712696  2.756313458643035  -0.015429149133518937  14.490483362816486
0.5293767902061317  887  567  566.683013979899  2.8144068901133323  -0.03375936736343309  14.426317719474104
0.5293767902061317  886  593  593.3397113434175  2.917828218556224  0.00023852214385613376  14.362792536985046
0.5293767902061317  886  619  619.421278599909  2.934131481655186  -0.015235055887557965  14.300095569086018
0.5293767902061317  886  645  645.1167357293853  3.0326594516975547  -0.014091272787060995  14.2380322665459
0.5293767902061317  886  670  670.3464730381438  2.9473946843853582  -0.027458326764360965  14.176301113131764
0.5293767902061317  885  695  695.3811237297878  3.0411809821966926  -0.002337530480274232  14.115348448441837
0.5293767902061317  885  720  719.8778467868029  3.073231352347193  -0.020508634202327836  14.055047185382653
0.5293767902061317  884  744  744.1164395783135  3.075069392494015  -0.009092127764910944  13.995428412818692
0.5293767902061317  884  768  767.8965926437246  3.0752772016237486  -0.01668296007443809  13.936174552598326
0.5293767902061317  883  791  791.4768791993548  3.0660398672469  -0.0049228973087898755  13.877469853207606
0.5293767902061317  883  814  814.5328625966945  3.073831288988913  -0.05014858989903318  13.819173488962395
0.5293767902061317  882  837  837.4701915375288  3.0857152549988314  -0.018476933435276375  13.76162809128386
0.5293767902061317  881  860  860.0611076964107  3.063971749991879  -0.022937461078106992  13.704583558457013
0.5293767902061317  880  882  882.3429482990035  3.0257191078501364  -0.018909331756223  13.6480347738012
0.5293767902061317  880  904  904.250024871767  2.9366065879759162  -0.030653397708224884  13.591888765640986
0.5293767902061317  879  926  926.0008463726944  2.887089199354932  -0.007666867789861481  13.536189577466194
0.5293767902061317  878  947  947.4198017314372  2.955245060866446  -0.014657517329939394  13.480873471062468
0.5293767902061317  877  969  968.6005956710154  2.9029151515298963  -0.021579362100960765  13.42597356799033
0.5293767902061317  876  990  989.5534301530896  2.8433826066984693  -0.004333909874622575  13.371617538388005
0.5293767902061317  875  1010  1010.1820004363244  2.7416536740668107  -0.014862879893806719  13.31768711234676
0.7768267902061314  873  5  4.550555371691926  3.278841324222336  -0.046425986608082795  15.686793604965871
0.7768267902061314  874  41  40.767520252538226  2.925341881305627  -0.012177595495566936  15.610557377671974
0.7768267902061314  876  76  76.14905558227085  3.055379955026126  -0.027452662610625803  15.534859792547497
0.7768267902061314  878  111  111.07952959987595  2.923537482709037  0.011865629573364202  15.46016712791969
0.7768267902061314  879  145  145.15149343018032  2.9086812480091737  -0.034138080259843835  15.386084610113443
0.7768267902061314  880  179  178.8437858345249  2.873014197524469  0.005403732416912692  15.31289922166435
0.7768267902061314  881  212  211.77406379705772  2.6651507198464515  -0.029360510884486806  15.240384575104041
0.7768267902061314  882  244  244.24482585986038  2.7622074498172537  0.0016001016235827972  15.168712665944321
0.7768267902061314  883  276  276.0948833104666  2.61728014040591  0.0016339322311617378  15.097573789649545
0.7768267902061314  884  307  307.3743674975287  2.6743154812077137  -0.020506255889831605  15.027414165301082
0.7768267902061314  884  338  338.20344003075377  2.6214124558443928  -0.007375401915388136  14.957700000753945
0.7768267902061314  885  368  368.4147040553616  2.5978958904873934  -0.022752790599875672  14.88899120872048
0.7768267902061314  885  398  398.22834051279125  2.6877492518851795  -0.018589544074203376  14.820789521373039
0.7768267902061314  885  428  427.5267065303842  2.626668755141054  -0.009766357095559279  14.753305173998903
0.7768267902061314  886  456  456.2158336776651  2.6387995745250805  -0.031157354685857477  14.68668724474506
0.7768267902061314  886  485  484.5424344337193  2.712351918777699  -0.03537166280767191  14.620481583720924
0.7768267902061314  886  512  512.4005133846739  2.6889125444388355  -0.032031363746904136  14.555071695719535
0.7768267902061314  886  540  539.7950564247053  2.757912048587741  -0.022107290186015253  14.490483362816486
0.7768267902061314  886  567  566.7593625913429  2.857922205289242  -0.025480505847463544  14.426317719474104
0.7768267902061314  886  593  593.3343053970626  2.919979542672081  -0.005578675262041513  14.362792536985046
0.7768267902061314  885  620  619.5127372740255  2.8861483767088885  -0.00896675109040768  14.300095569086018
0.7768267902061314  885  645  645.1921057018526  3.034995771878812  -0.015673248368567226  14.2380322665459
0.7768267902061314  885  670  670.4433304578093  2.953237581431722  -0.02963099181063343  14.176301113131764
0.7768267902061314  884  695  695.4533723386309  3.0192142036819405  -0.0015723364569090702  14.115348448441837
0.7768267902061314  884  720  719.9496573491999  3.0534050942060276  -0.016814658905095047  14.055047185382653
0.7768267902061314  883  744  744.1871928636424  3.0706689730959624  -0.013569710013118496  13.995428412818692
0.7768267902061314  883  768  767.9722032011158  3.06328194646926  -0.017842677037526136  13.936174552598326
0.7768267902061314  882  792  791.5659830982489  3.053214477204392  -0.0032401607925355213  13.877469853207606
0.7768267902061314  882  815  814.6324030040205  3.0575640415602265  -0.03681902681162285  13.819173488962395
0.7768267902061314  881  838  837.552240693369  3.084613813361784  -0.023063436531596926  13.76162809128386
0.7768267902061314  880  860  860.1420925776406  3.025861309155175  -0.0303322935264382  13.704583558457013
0.7768267902061314  879  882  882.4200959167343  2.991432043137138  -0.019843745132299483  13.6480347738012
0.7768267902061314  879  904  904.3482595242152  2.951784571877397  -0.018667289915770952  13.591888765640986
0.7768267902061314  878  926  926.0815154047484  2.8969253182931425  -0.0091935851777164  13.536189577466194
0.7768267902061314  877  948  947.5441790387579  2.917782563106357  -0.004943109088433763  13.480873471062468
0.7768267902061314  876  969  968.715458966487  2.936283171795594  -0.022635092606636407  13.42597356799033
0.7768267902061314  875  990  989.6701766290718  2.8555783086771953  -0.00018572591599090083  13.371617538388005
0.7768267902061314  874  1010  1010.3024098845218  2.721073792984498  -0.013302847628771763  13.31768711234676
1.0242767902061312  872  5  4.565674807008699  3.2477014179109283  -0.03881147495785797  15.686793604965871
1.0242767902061312  874  41  40.769249224998866  2.933387962558456  -0.008649856015175397  15.610557377671974
1.0242767902061312  875  76  76.1990953316949  3.1166319069841677  -0.022461814676583692  15.534859792547497
1.0242767902061312  877  111  111.0899247792045  2.9072509949942855  0.007778384325498713  15.46016712791969
1.0242767902061312  878  145  145.19438413822616  2.9605427343158794  -0.018562095565320243  15.386084610113443
1.0242767902061312  879  179  178.87347351634094  2.8292878605538476  0.007003551608165791  15.31289922166435
1.0242767902061312  880  212  211.79297231270263  2.6994294393430778  -0.02389409554162544  15.240384575104041
1.0242767902061312  881  244  244.27341449172064  2.7501524870759226  0.006976633875083307  15.168712665944321
1.0242767902061312  882  276  276.118237114775  2.598123129422561  -0.003497967516841477  15.097573789649545
1.0242767902061312  883  307  307.4274400162238  2.7260095565288793  -0.005070448193929119  15.027414165301082
1.0242767902061312  883  338  338.2362784488633  2.602833074825071  -0.00929971174373674  14.957700000753945
1.0242767902061312  884  368  368.4427926474409  2.587549763221432  -0.0349250927507163  14.88899120872048
1.0242767902061312  884  398  398.289596754456  2.695128038220332  -0.00793997314262262  14.820789521373039
1.0242767902061312  884  428  427.5774405375011  2.6067016329091075  -0.0014374338811674557  14.753305173998903
1.0242767902061312  885  456  456.27488665435766  2.6226648939064034  -0.03175763181850759  14.68668724474506
1.0242767902061312  885  485  484.5918446659013  2.708501398257056  -0.03960048892274054  14.620481583720924
1.0242767902061312  885  512  512.4524143270637  2.6753900706618765  -0.03338813656382637  14.555071695719535
1.0242767902061312  885  540  539.8644691519481  2.771737672419249  -0.019687320462298593  14.490483362816486
1.0242767902061312  885  567  566.8285911836011  2.8551092443351536  -0.023371150871420658  14.426317719474104
1.0242767902061312  885  593  593.3941031558879  2.893170348476815  -0.003948875012745255  14.362792536985046
1.0242767902061312  884  620  619.5817051934035  2.889386724934411  -0.00719074654091213  14.300095569086018
1.0242767902061312  884  645  645.2416563890338  2.9791162585314623  -0.022795182411178536  14.2380322665459
1.0242767902061312  884  670  670.518221133481  2.9405660473953503  -0.03412377096187701  14.176301113131764
1.0242767902061312  883  696  695.5291431984039  2.981502649034155  -0.007290402275256117  14.115348448441837
1.0242767902061312  883  720  720.0236710433276  3.0485776165673997  -0.01622418993834521  14.055047185382653
1.0242767902061312  882  744  744.2596712925551  3.0702509016346085  -0.011007515160319408  13.995428412818692
1.0242767902061312  882  768  768.0728753166438  3.1074512662671623  -0.005581738987626646  13.936174552598326
1.0242767902061312  881  792  791.59885949205  3.0529768502234447  -0.02291363394872014  13.877469853207606
1.0242767902061312  881  815  814.73461156219  3.0942505940132605  -0.02680985950614601  13.819173488962395
1.0242767902061312  880  838  837.6296048494007  3.1171147303605267  -0.027792188576872632  13.76162809128386
1.0242767902061312  879  860  860.2358198738602  3.004550951401029  -0.025960850195174093  13.704583558457013
1.0242767902061312  879  882  882.4577317822536  3.02442856287621  -0.03155956484320041  13.6480347738012
1.0242767902061312  878  904  904.4317857011289  2.905322069853696  -0.024968026042918146  13.591888765640986
1.0242767902061312  877  926  926.1766483013289  2.9149076211706415  -0.017130647015989164  13.536189577466194
1.0242767902061312  876  948  947.6397430011737  2.9076980660684058  -0.0063913831570442435  13.480873471062468
1.0242767902061312  875  969  968.8146119317341  2.9263033575127793  -0.018063009687592384  13.42597356799033
1.0242767902061312  874  990  989.7683031193695  2.8242286298836916  -0.00597058038852554  13.371617538388005
1.0242767902061312  873  1010  1010.3907510799622  2.725871192776026  -0.03477661535567664  13.31768711234676
1.2717267902061309  871  5  4.582860751526896  3.285146349180101  -0.03829518091437252  15.686793604965871
1.2717267902061309  873  41  40.76935583110317  2.9268552991516117  -0.02557581389605214  15.610557377671974
1.2717267902061309  874  76  76.22114944217698  3.098566793480387  -0.023040701625109218  15.534859792547497
1.2717267902061309  876  111  111.09076883764568  2.883397416830377  0.007426084656456613  15.46016712791969
1.2717267902061309  877  145  145.22024884225922  2.964452714048889  -0.019700401038014917  15.386084610113443
1.2717267902061309  878  179  178.9132016941182  2.7820937353668  0.0091397841786831  15.31289922166435
1.2717267902061309  879  212  211.80773061735738  2.6925752282715223  -0.03378803525920781  15.240384575104041
1.2717267902061309  880  244  244.30900193973505  2.7294821997718373  0.0018824539890878005  15.168712665944321
1.2717267902061309  881  276  276.16137673235306  2.606763006374422  0.0011531650819729894  15.097573789649545
1.2717267902061309  882  307  307.4604281548457  2.711389000002214  -0.010087884018434705  15.027414165301082
1.2717267902061309  882  338  338.2931826186643  2.5210636239689848  -0.003373897316846024  14.957700000753945
1.2717267902061309  883  368  368.47966325959595  2.6051513713655936  -0.0421332860169211  14.88899120872048
1.2717267902061309  883  398  398.32563353016855  2.6740675892098125  -0.0031546055065063603  14.820789521373039
1.2717267902061309  883  428  427.6388048828102  2.5680892824590273  0.006455873141095604  14.753305173998903
1.2717267902061309  884  456  456.32261753004803  2.6383617743196055  -0.032824328020660945  14.68668724474506
1.2717267902061309  884  485  484.65623376313846  2.739695813849494  -0.03435302910902429  14.620481583720924
1.2717267902061309  884  512  512.5135721480044  2.6615597656804653  -0.03017573361398451  14.555071695719535
1.2717267902061309  884  540  539.9208278235936  2.7478081365202343  -0.02023352514303342  14.490483362816486
1.2717267902061309  884  567  566.874865301537  2.8329713874675235  -0.026479203360920984  14.426317719474104
1.2717267902061309  884  593  593.4551438372376  2.888957147552219  -0.0066487526326229765  14.362792536985046
1.2717267902061309  883  620  619.6340710569434  2.875364794488405  -0.015228052852301943  14.300095569086018
1.2717267902061309  883  645  645.3512002964679  2.949816969644189  -0.00198106128062929  14.2380322665459
1.2717267902061309  883  671  670.5968975397655  2.9370321492756375  -0.031768147192841795  14.176301113131764
1.2717267902061309  882  696  695.6034467182225  2.9795608101198923  -0.004380811921219075  14.115348448441837
1.2717267902061309  882  720  720.1013795156928  3.04409782285461  -0.018316075493568076  14.055047185382653
1.2717267902061309  881  744  744.3494674504368  3.050914182970473  0.00115205825084715  13.995428412818692
1.2717267902061309  881  768  768.1299246976547  3.024031390007849  -0.02176995722440942  13.936174552598326
1.2717267902061309  880  792  791.7073472437945  3.068467079959646  -0.013365358085807735  13.877469853207606
1.2717267902061309  880  815  814.8148566105293  3.10617429827289  -0.030574299997033372  13.819173488962395
1.2717267902061309  879  838  837.7400420682984  3.077828808318486  -0.01953773506601592  13.76162809128386
1.2717267902061309  878  860  860.3176537679045  3.0227323379783684  -0.02760864423182403  13.704583558457013
1.2717267902061309  878  882  882.5559021148  3.0893744997720205  -0.040018260861729125  13.6480347738012
1.2717267902061309  877  905  904.5241631598336  2.911050156051374  -0.028315523454023127  13.591888765640986
1.2717267902061309  876  926  926.2673928089085  2.9018612651027524  -0.026389632670348283  13.536189577466194
1.2717267902061309  875  948  947.7220774496265  2.9373657160201674  -0.01791738020901798  13.480873471062468
1.2717267902061309  874  969  968.9014252093444  2.8989242964029245  -0.021377579611571718  13.42597356799033
1.2717267902061309  873  990  989.8691071629676  2.808570204292664  -0.003954813731901974  13.371617538388005
1.2717267902061309  872  1010  1010.483197399548  2.707347645343816  -0.0444455757415563  13.31768711234676
1.5191767902061306  870  5  4.614340053813756  3.2723715787354735  -0.03092839716648881  15.686793604965871
1.5191767902061306  872  41  40.76888860777934  2.9284249854284923  -0.02541660540163971  15.610557377671974
1.5191767902061306  873  76  76.25316850574858  3.104414832090015  -0.010543187840519623  15.534859792547497
1.5191767902061306  875  111  111.11918821906688  2.846787811260583  0.012316803944488084  15.46016712791969
1.5191767902061306  876  145  145.26148829358715  2.9629283510849405  -0.011933980214386061  15.386084610113443
1.5191767902061306  877  179  178.93942257399715  2.836785508750495  0.008622601023538984  15.31289922166435
1.5191767902061306  878  212  211.84175032189947  2.702333706545403  -0.030949961775927362  15.240384575104041
1.5191767902061306  879  244  244.35936905918646  2.69689881386779  0.008581034507601946  15.168712665944321
1.5191767902061306  880  276  276.1743893807899  2.578626251833839  -0.015766960046691182  15.097573789649545
1.5191767902061306  881  308  307.51980925757937  2.7216517628801284  -0.0010875878246276998  15.027414165301082
1.5191767902061306  881  338  338.32562156447307  2.548246240161518  -0.007242859186520214  14.957700000753945
1.5191767902061306  882  369  368.5326515876918  2.638522666124061  -0.05091836524817466  14.88899120872048
1.5191767902061306  882  398  398.3686213999489  2.6554828009243465  -0.005111020795952203  14.820789521373039
1.5191767902061306  882  428  427.6585678261539  2.5839780411159836  -0.007931908550221084  14.753305173998903
1.5191767902061306  883  456  456.3690474313225  2.6537891678793244  -0.036646550753260225  14.68668724474506
1.5191767902061306  883  485  484.70703505216125  2.7455911017662515  -0.033504032877423214  14.620481583720924
1.5191767902061306  883  513  512.5732037395933  2.717604678077066  -0.024051323367020733  14.555071695719535
1.5191767902061306  883  540  540.0084120262998  2.788024021241654  -0.010015996514595503  14.490483362816486
1.5191767902061306  883  567  566.9396035561059  2.8616436354541293  -0.02636098788659907  14.426317719474104
1.5191767902061306  883  594  593.5259309713014  2.886520102276336  -0.008848928574248967  14.362792536985046
1.5191767902061306  882  620  619.7016836351654  2.8838207327937653  -0.012086498375570149  14.300095569086018
1.5191767902061306  882  645  645.4048106427732  2.964898782870705  -0.009892583726288812  14.2380322665459
1.5191767902061306  882  671  670.6601191835587  2.94590105383827  -0.034534793449835094  14.176301113131764
1.5191767902061306  881  696  695.6714398080429  2.9785923892368373  -0.0044164103499002  14.115348448441837
1.5191767902061306  881  720  720.1659487307066  2.9751221941811536  -0.021964636467967272  14.055047185382653
1.5191767902061306  881  744  744.3506448992944  3.0634257763763344  -0.02462904207643145  13.995428412818692
1.5191767902061306  880  768  768.2185067380796  3.034447436166033  -0.019883028187269274  13.936174552598326
1.5191767902061306  879  792  791.8120306694478  3.078507215766649  -0.009817861583241851  13.877469853207606
1.5191767902061306  879  815  814.9082214490691  3.1384119221029323  -0.027677437205055756  13.819173488962395
1.5191767902061306  878  838  837.8249645550593  3.0638184627551937  -0.02167074352005301  13.76162809128386
1.5191767902061306  877  860  860.3951890517919  3.0181727730192733  -0.041849058814283385  13.704583558457013
1.5191767902061306  877  883  882.6135393708181  2.9874630892365985  -0.04171769418115043  13.6480347738012
1.5191767902061306  876  905  904.6246639930338  2.934387496769318  -0.03497243126168971  13.591888765640986
1.5191767902061306  875  926  926.3721883828308  2.868223480551933  -0.026205823524426488  13.536189577466194
1.5191767902061306  874  948  947.8309860618461  2.9011207425055545  -0.012613253942986371  13.480873471062468
1.5191767902061306  873  969  969.0134948694952  2.9333139978582494  -0.01490866964115006  13.42597356799033
1.5191767902061306  872  990  989.9549941751582  2.8459574331441218  -0.0135064153389226  13.371617538388005
1.5191767902061306  871  1011  1010.5864623324936  2.695526793755107  -0.046215648076326825  13.31768711234676
1.7666267902061303  869  5  4.643127795923882  3.2700606417359346  -0.02088252740206806  15.686793604965871
1.7666267902061303  871  41  40.76804800911666  2.9289518453935415  -0.025614369164049064  15.610557377671974
1.7666267902061303  872  76  76.26471773235322  3.0731650041445846  -0.010952533792296432  15.534859792547497
1.7666267902061303  874  111  111.1149220997177  2.8045193381560694  -0.0006709874709106879  15.46016712791969
1.7666267902061303  875  145  145.28061990318258  2.9676277953217323  -0.009421225517025395  15.386084610113443
1.7666267902061303  876  179  178.95324507910482  2.7992085742334893  0.0066308055690771275  15.31289922166435
1.7666267902061303  877  212  211.8630187621224  2.735937563432117  -0.03636691595166306  15.240384575104041
1.7666267902061303  878  244  244.37561137935438  2.689263152016906  -0.0024809094855333417  15.168712665944321
1.7666267902061303  879  276  276.1874198239289  2.606698970711818  -0.020661284197184604  15.097573789649545
1.7666267902061303  880  308  307.57089679835485  2.7128530952074925  0.0007845631965965424  15.027414165301082
1.7666267902061303  880  338  338.37349033994366  2.5304238753925574  -0.009477283876298124  14.957700000753945
1.7666267902061303  881  369  368.5864981586285  2.660206706837357  -0.0433365682124654  14.88899120872048
1.7666267902061303  881  398  398.4250214453816  2.658724629182643  -0.00023460709127596805  14.820789521373039
1.7666267902061303  882  428  427.6542413250199  2.5856486688476252  -0.013292009552671735  14.753305173998903
1.7666267902061303  882  456  456.43443891842816  2.66436014772853  -0.03895749021393286  14.68668724474506
1.7666267902061303  882  485  484.77309040193205  2.711052827987146  -0.027026165767224566  14.620481583720924
1.7666267902061303  882  513  512.6354105462765  2.6774672153851498  -0.024197667157424704  14.555071695719535
1.7666267902061303  882  540  540.0536485926106  2.763048951037945  -0.020478303537656187  14.490483362816486
1.7666267902061303  882  567  567.0063126727841  2.8492652515460577  -0.02342595767898912  14.426317719474104
1.7666267902061303  882  594  593.5913932766347  2.8702147655419594  -0.010849840629591241  14.362792536985046
1.7666267902061303  881  620  619.7106470483523  2.925711163192773  -0.021121737063680816  14.300095569086018
1.7666267902061303  881  645  645.4671836329563  2.9310003278048953  -0.014030229394698118  14.2380322665459
1.7666267902061303  881  671  670.7235170597835  2.9859799040762027  -0.03463068148073477  14.176301113131764
1.7666267902061303  880  696  695.6804080415079  3.088820531733063  -0.017698981857538196  14.115348448441837
1.7666267902061303  880  720  720.2588467667592  2.9451701801258423  -0.01666780525620656  14.055047185382653
1.7666267902061303  880  744  744.4007366836906  3.0160218311596054  -0.01969454470852752  13.995428412818692
1.7666267902061303  879  768  768.3138744062898  3.066831171027161  -0.01594682324320375  13.936174552598326
1.7666267902061303  878  792  791.8915008973012  3.072485180858621  -0.014944610397263981  13.877469853207606
1.7666267902061303  878  815  815.0036441911889  3.101788620370371  -0.023281490639967723  13.819173488962395
1.7666267902061303  877  838  837.9328541904978  3.1117715957338987  -0.016306693855468568  13.76162809128386
1.7666267902061303  876  860  860.5193747400474  3.059800890427937  -0.02120421299533053  13.704583558457013
1.7666267902061303  876  883  882.7091781194295  2.9767758860904223  -0.03825643474360738  13.6480347738012
1.7666267902061303  875  905  904.7115001978153  2.961921817882171  -0.038228604398544606  13.591888765640986
1.7666267902061303  874  926  926.469233381331  2.882798537008057  -0.02952112738787075  13.536189577466194
1.7666267902061303  873  948  947.9542143571676  2.907145359086144  -0.0013392529775215457  13.480873471062468
1.7666267902061303  872  969  969.1234870890991  2.94650014260651  -0.011568980451097747  13.42597356799033
1.7666267902061303  871  990  990.0728991088866  2.8392124842002886  -0.00704913186343147  13.371617538388005
1.7666267902061303  870  1011  1010.6866124461856  2.7375006721316595  -0.05183538100561686  13.31768711234676
2.01407679020613  868  5  4.644383199609938  3.2385708350845626  -0.023118444186087276  15.686793604965871
2.01407679020613  870  41  40.760565481278825  2.9233525864949357  -0.032285287700258264  15.610557377671974
2.01407679020613  871  76  76.2908472586099  3.105281078378283  -0.007925325361518997  15.534859792547497
2.01407679020613  873  111  111.131202540532  2.832603439241126  0.001821624201809034  15.46016712791969
2.01407679020613  874  145  145.3019355190145  2.965197799090788  -0.01724910900807323  15.386084610113443
2.01407679020613  875  179  178.98453619154486  2.777845282437511  0.013315754171911913  15.31289922166435
2.01407679020613  876  212  211.8865833505434  2.7779781955688065  -0.03547217932861274  15.240384575104041
2.01407679020613  877  244  244.42403138296177  2.697922351292391  0.004771337148547818  15.168712665944321
2.01407679020613  878  276  276.2128597503907  2.6390040980214735  -0.024530727374518373  15.097573789649545
2.01407679020613  879  308  307.60078597016206  2.7231235104039797  0.005662634478749127  15.027414165301082
2.01407679020613  879  338  338.4076398836181  2.5342068673182894  -0.011106370304126824  14.957700000753945
2.01407679020613  880  369  368.6006222335355  2.6836428897596534  -0.05417086241925158  14.88899120872048
2.01407679020613  880  398  398.4666520762559  2.6403003281603787  -0.010321898430223634  14.820789521373039
2.01407679020613  881  428  427.69672334979504  2.622401292635118  -0.02185202938795057  14.753305173998903
2.01407679020613  881  456  456.4800186788335  2.6590848026723393  -0.041248939225775424  14.68668724474506
2.01407679020613  881  485  484.8430111586217  2.7358298498035083  -0.01369361209190965  14.620481583720924
2.01407679020613  881  513  512.7018759148932  2.7350831853290742  -0.021468005053213782  14.555071695719535
2.01407679020613  881  540  540.1069391123507  2.7513001003085265  -0.02231078982381175  14.490483362816486
2.01407679020613  881  567  567.068584809033  2.863089247247217  -0.020810631965214876  14.426317719474104
2.01407679020613  881  594  593.6464992907562  2.878224330169587  -0.02077876203699186  14.362792536985046
2.01407679020613  881  620  619.7559520305748  2.880806837948512  -0.020441638101343935  14.300095569086018
2.01407679020613  880  646  645.5573598212603  2.925519783348591  -0.018005036394552247  14.2380322665459
2.01407679020613  880  671  670.7953656552257  3.0100182745634356  -0.03595992496163121  14.176301113131764
2.01407679020613  880  696  695.7388086152606  2.982908306718514  -0.022874524981033154  14.115348448441837
2.01407679020613  879  720  720.3360790110833  2.9561641830682674  -0.023352459450069498  14.055047185382653
2.01407679020613  879  744  744.5025128921087  3.022236857752887  -0.0164673698054672  13.995428412818692
2.01407679020613  878  768  768.4049128713284  3.0281815104741554  -0.0243743374372587  13.936174552598326
2.01407679020613  877  792  791.957294102665  3.148703584365876  0.00043308253732375385  13.877469853207606
2.01407679020613  877  815  815.0957840341473  3.078890653090184  -0.021719106429356826  13.819173488962395
2.01407679020613  876  838  838.0035206384288  3.009343936764594  -0.021811742027785446  13.76162809128386
2.01407679020613  875  861  860.6228531038996  3.0617429898231876  -0.009888304169400472  13.704583558457013
2.01407679020613  875  883  882.7979929617526  3.0414446736128866  -0.051475717230949715  13.6480347738012
2.01407679020613  874  905  904.8169014795255  3.0219947420052904  -0.035147001920998566  13.591888765640986
2.01407679020613  873  927  926.5838454165033  2.876392755176994  -0.02542326539336062  13.536189577466194
2.01407679020613  872  948  948.0741896072459  2.925190365645676  0.0018635843552086981  13.480873471062468
2.01407679020613  871  969  969.2546933653682  2.928777514778176  0.005305246821632464  13.42597356799033
2.01407679020613  870  990  990.1806804212666  2.8229176762740735  -0.012375894310083853  13.371617538388005
2.01407679020613  869  1011  1010.8045823084115  2.7514559994493766  -0.04253263336067602  13.31768711234676
2.26152679020613  867  5  4.678376098922074  3.2424297044762582  -0.01940012309772534  15.686793604965871
2.26152679020613  869  41  40.75994018459429  2.927826709343144  -0.040310981522857156  15.610557377671974
2.26152679020613  870  76  76.3197489882295  3.0720331838282675  -0.009493112455317311  15.534859792547497
2.26152679020613  872  111  111.14055972128331  2.83112171065477  -0.0021780152974642873  15.46016712791969
2.26152679020613  873  145  145.3467940459394  2.941968857027746  -0.005503999579655059  15.386084610113443
2.26152679020613  874  179  179.0046518739417  2.747042644268049  0.007886647676372142  15.31289922166435
2.26152679020613  875  212  211.9253213232243  2.815428231836165  -0.031703304615677004  15.240384575104041
2.26152679020613  876  244  244.46241539726444  2.6407649210283353  0.00488071651625454  15.168712665944321
2.26152679020613  877  276  276.2502084170769  2.5997548510281376  -0.030207165742526843  15.097573789649545
2.26152679020613  878  308  307.64767496983023  2.7189126642711017  0.011081866713649722  15.027414165301082
2.26152679020613  878  338  338.4381699375953  2.572684813789351  -0.017975368437777833  14.957700000753945
2.26152679020613  879  369  368.64179397267014  2.7218040624399578  -0.05515445510875895  14.88899120872048
2.26152679020613  879  398  398.5032119147881  2.640919968703429  -0.021069945848682808  14.820789521373039
2.26152679020613  880  428  427.74912073432387  2.6141327313453075  -0.019759706849571835  14.753305173998903
2.26152679020613  880  457  456.5218162761461  2.683884469465738  -0.054464495899468834  14.68668724474506
2.26152679020613  880  485  484.8987924547215  2.7632353163148764  -0.013930238084451683  14.620481583720924
2.26152679020613  880  513  512.7493699334058  2.740631185761515  -0.028419411200505448  14.555071695719535
2.26152679020613  880  540  540.1694211373417  2.7727990275462844  -0.024888329748377475  14.490483362816486
2.26152679020613  880  567  567.1451871835388  2.9057822328459224  -0.0162794527922311  14.426317719474104
2.26152679020613  880  594  593.7047402389383  2.8531603973506208  -0.02182039751944292  14.362792536985046
2.26152679020613  880  620  619.8090683221836  2.870566640205652  -0.03239724722680173  14.300095569086018
2.26152679020613  879  646  645.6256356031183  2.938692069308672  -0.016613696293625996  14.2380322665459
2.26152679020613  879  671  670.8849838529983  3.01648416136959  -0.03266708432321606  14.176301113131764
2.26152679020613  879  696  695.8406947232995  3.0246363323603873  -0.012923109716782219  14.115348448441837
2.26152679020613  878  720  720.3865293514646  2.974207179236032  -0.030125697629485453  14.055047185382653
2.26152679020613  878  745  744.5805328028135  3.064965132074917  -0.024794696812795943  13.995428412818692
2.26152679020613  877  768  768.4795928808364  3.0304542815605373  -0.03230152849073024  13.936174552598326
2.26152679020613  877  792  791.9927158037151  3.1396931045881047  -0.02119833713662805  13.877469853207606
2.26152679020613  876  815  815.1696718840035  3.062100878966021  -0.02856895854624817  13.819173488962395
2.26152679020613  875  838  838.1220225071881  3.076078195849277  -0.014393576408546814  13.76162809128386
2.26152679020613  874  861  860.6958259024558  3.1588348153793504  -0.0077438851136513364  13.704583558457013
2.26152679020613  874  883  882.9355767643959  3.0337382254107297  -0.01945916390286249  13.6480347738012
2.26152679020613  873  905  904.9341423610547  2.9941932959932274  -0.030131055030130745  13.591888765640986
2.26152679020613  872  927  926.6704032751805  2.911810869311921  -0.0289021643768267  13.536189577466194
2.26152679020613  871  948  948.1696970608152  2.920434020880066  1.3839089324002021e-05  13.480873471062468
2.26152679020613  870  969  969.3719399938768  2.9257560880460005  0.00900821920417332  13.42597356799033
2.26152679020613  869  990  990.2827672128531  2.807991370335685  -0.012374265151060541  13.371617538388005
2.26152679020613  868  1011  1010.9201163312416  2.7872585383611295  -0.029036148693034978  13.31768711234676
