# Band 1C   Etalon 1A   Slice 9
# Distortion map version 06.04.00 - date 2018-10-16
# Trace (isoalpha): Take pixel trace along specified slice, specified alpha position trace is built by taking the pixel in every detector row with alpha value closest to the one specified 
# xpos[i] = np.argmin(alpha_img[i,:])+funcs.find_nearest(alpha_img[i,:][(slice_img[i,:]!=0)],alpha_pos)
#    alpha       x  y      center         FWHM          skewness
0.0  123  8  7.52009007642  1.21547035867  0.0478948662911
0.0  123  18  17.9915998357  1.51569167568  0.0636486996082
0.0  123  29  28.526970897  1.20915351071  0.0705247127183
0.0  123  39  39.1652204356  1.51890203321  0.0680972146844
0.0  123  50  49.7777285926  1.48733359629  0.00324853096928
0.0  123  61  60.5473627868  1.22025126141  0.0361060659434
0.0  124  71  71.4276192743  1.39815996919  0.0948025052216
0.0  124  82  82.3547203822  1.38449487391  0.184503298049
0.0  124  93  93.3231487352  1.45355203063  0.167121796832
0.0  124  104  104.366229369  1.37661245425  0.168175872092
0.0  124  115  115.479032753  1.24200079768  0.226521410851
0.0  124  127  126.607463571  1.31887156315  0.0389717699405
0.0  124  138  137.907962837  1.55420247978  0.0634291150909
0.0  124  149  149.340822265  1.41543020523  0.212045849922
0.0  124  161  160.648224052  1.41538313259  -0.0100205814945
0.0  125  172  172.246168478  1.51749022492  0.114997536366
0.0  125  184  183.766667965  1.53371553154  0.0312357492143
0.0  125  195  195.490432171  1.27715741441  0.0693294298052
0.0  125  207  207.281570779  1.52454838512  0.0937472605793
0.0  125  219  219.123635372  1.60832251761  0.119955360121
0.0  125  231  231.01517564  1.62955650935  0.0691499836508
0.0  125  243  243.036287508  1.64329086322  0.073545069074
0.0  125  255  255.159321452  1.64382167717  0.142983114808
0.0  125  267  267.343841135  1.50666932966  0.170454912322
0.0  125  280  279.540891122  1.29353987608  0.0771910779769
0.0  125  292  291.918616385  1.64612584452  0.111972955492
0.0  125  304  304.392606266  1.39584642528  0.191711414671
0.0  126  317  316.833981985  1.62393027452  0.0390653824235
0.0  126  329  329.498385475  1.28424836877  0.134949191086
0.0  126  342  342.2324421  1.59077243031  0.106652200041
0.0  126  355  355.008900172  1.68978102634  0.0414122550304
0.0  126  368  367.89933208  1.68061632346  0.0333934134183
0.0  126  381  380.888822442  1.69952971665  0.0132637091634
0.0  126  394  394.011815135  1.70343357068  0.0438842404961
0.0  126  407  407.235042616  1.70018448299  0.0915694648613
0.0  126  420  420.497503326  1.58977169974  0.0532329897694
0.0  126  434  433.888426044  1.681110075  0.0390419879836
0.0  126  447  447.417110652  1.58099924215  0.152010821541
0.0  126  461  460.965220548  1.73614922802  0.0881975404232
0.0  126  475  474.627767314  1.58454208159  0.0262419309358
0.0  126  488  488.483901353  1.37872222808  0.143048379511
0.0  126  502  502.420204032  1.49368238953  0.14532356488
0.0  126  516  516.433454936  1.51453397332  0.0815205559115
0.0  126  531  530.533587837  1.52140745597  0.0257175756772
0.0  126  545  544.765330219  1.74928482674  0.00364447532509
0.0  126  559  559.162058009  1.79921938183  0.0500614568372
0.0  126  574  573.592654522  1.70402946527  0.0105645243255
0.0  126  588  588.243401509  1.68330039256  0.200669113926
0.0  126  603  602.838033178  1.81733899396  0.03501413503
0.0  126  618  617.632797493  1.70773751836  0.0419184186345
0.0  126  633  632.543883401  1.60046396605  0.0532038185203
0.0  126  648  647.593010246  1.62125700642  0.0449936711039
0.0  126  663  662.733660219  1.74293667618  0.00434820139635
0.0  126  678  678.079979189  1.8171104305  0.0825866415552
0.0  126  693  693.501293181  1.59816082619  0.0414670839392
0.0  126  709  709.030154104  1.88307743123  0.0279822742553
0.0  126  725  724.652622757  1.8151520398  -0.0151277381397
0.0  126  740  740.483192464  1.77352564524  0.0225308817818
0.0  126  756  756.420422339  1.78507681144  0.0532206104283
0.0  125  773  772.506313028  1.70859312159  0.0486938046212
0.0  125  789  788.660771695  1.7970673923  0.0165441328845
0.0  125  805  805.026653365  1.90821113548  0.0751884346336
0.0  125  821  821.506953683  1.55736147433  0.143253973279
0.0  125  838  838.129483124  1.88219367263  0.0746861597948
0.0  125  855  854.851169259  1.89344318703  -0.010167601412
0.0  125  872  871.778281063  1.87096575885  0.00244706548047
0.0  125  889  888.815848938  1.91751908038  -0.0360483094313
0.0  124  906  906.128407694  2.01377870316  0.0152948763749
0.0  124  923  923.485472575  1.83534359416  0.0341987234519
0.0  124  941  940.954180312  1.98164629542  0.0322212090818
0.0  124  959  958.558504845  1.81691483939  0.00650315983391
0.0  124  976  976.414762307  1.75970688704  0.123619733924
0.0  124  994  994.401711862  1.77590501579  0.127473974666
0.0  123  1013  1012.59147121  1.82165679839  0.00197477019801
-1.43530144605  115  8  7.533438505  1.22481520332  0.0392183951049
-1.43530144605  115  18  18.0225685807  1.52531348753  0.0560935284255
-1.43530144605  115  29  28.538254042  1.20615732177  0.0220484612465
-1.43530144605  115  39  39.2024716369  1.49105998697  0.0477284799884
-1.43530144605  116  50  49.8338846573  1.50246306081  0.0203208907843
-1.43530144605  116  61  60.5784175788  1.29499574196  -0.0149822678016
-1.43530144605  116  71  71.4709558161  1.30001834061  0.087978274008
-1.43530144605  116  82  82.4086692522  1.31194793892  0.168368505095
-1.43530144605  116  93  93.3814176774  1.42738629262  0.157516960209
-1.43530144605  116  104  104.427552615  1.34073576058  0.124280032572
-1.43530144605  116  116  115.529569321  1.23730480196  0.127525425507
-1.43530144605  116  127  126.693854207  1.44939735446  0.0157974664097
-1.43530144605  117  138  138.019057139  1.58635727594  0.0889447537345
-1.43530144605  117  149  149.430650051  1.29912351838  0.205335691873
-1.43530144605  117  161  160.772452586  1.50558485021  -5.30396849852e-05
-1.43530144605  117  172  172.386799982  1.39997933828  0.0926128477414
-1.43530144605  117  184  183.93696968  1.59408222534  0.0611386670241
-1.43530144605  117  196  195.596069516  1.37673469444  -0.0350494039398
-1.43530144605  117  207  207.428604091  1.40189486518  0.0665353410959
-1.43530144605  117  219  219.296210541  1.52204368822  0.123296666925
-1.43530144605  117  231  231.220281868  1.57231236275  0.102247791273
-1.43530144605  117  243  243.234507811  1.58037176415  0.0931563563516
-1.43530144605  117  255  255.35516465  1.50891356416  0.168218427263
-1.43530144605  118  267  267.490122737  1.35505373541  0.13262811058
-1.43530144605  118  280  279.716501609  1.54759297319  0.0382458718808
-1.43530144605  118  292  292.147320322  1.5996072432  0.167110859474
-1.43530144605  118  305  304.540813008  1.28560385375  0.0646617760214
-1.43530144605  118  317  317.113969913  1.64047315943  0.0958815256561
-1.43530144605  118  330  329.694461371  1.54553619811  0.0263984744147
-1.43530144605  118  342  342.473098555  1.33982627242  0.0916957589645
-1.43530144605  118  355  355.34672132  1.4680665647  0.181515122453
-1.43530144605  118  368  368.224075868  1.62208928945  0.0909519666789
-1.43530144605  118  381  381.226538209  1.67009202375  0.0599065483775
-1.43530144605  118  394  394.324360642  1.60617713684  0.0613965847038
-1.43530144605  118  407  407.505968007  1.58812851149  0.042030536636
-1.43530144605  118  421  420.780872459  1.70470948845  0.00851940493234
-1.43530144605  118  434  434.234217585  1.65972655775  0.0890819844794
-1.43530144605  118  448  447.704014436  1.65129662519  0.0528883927583
-1.43530144605  118  461  461.368144059  1.59938068048  0.172759380851
-1.43530144605  118  475  475.0357129  1.73105780939  0.0846309398415
-1.43530144605  118  489  488.822346636  1.7017974258  0.0385341367462
-1.43530144605  118  503  502.730134944  1.65591367424  0.0143993868437
-1.43530144605  118  517  516.758326216  1.6984515495  -0.0385603891596
-1.43530144605  118  531  530.92584669  1.74245653017  -4.29867895905e-06
-1.43530144605  118  545  545.249595165  1.66478502512  0.119534282868
-1.43530144605  118  560  559.54901163  1.63494708768  -0.00891966500301
-1.43530144605  118  574  574.033634715  1.80214496376  0.0273050641671
-1.43530144605  118  589  588.588262447  1.7089921833  -0.0032886229238
-1.43530144605  118  603  603.342457825  1.71209416992  0.0893761319853
-1.43530144605  118  618  618.140000025  1.77062125964  0.102559545925
-1.43530144605  118  633  633.060954605  1.82622108347  0.0985515390594
-1.43530144605  118  648  648.125292848  1.79196284669  0.103647019928
-1.43530144605  118  663  663.306818271  1.7019557851  0.108449470981
-1.43530144605  118  679  678.553869074  1.59929542303  0.00537423268454
-1.43530144605  118  694  694.005164319  1.84593978718  0.00400261645449
-1.43530144605  118  710  709.547501769  1.71978702358  -0.0197620628254
-1.43530144605  118  725  725.269724925  1.82243857319  0.0485748168961
-1.43530144605  118  741  741.031018735  1.89581141104  0.00377038008631
-1.43530144605  118  757  756.959905055  1.90556669057  0.00808332115308
-1.43530144605  118  773  773.030000718  1.89616658276  0.0612038326015
-1.43530144605  118  789  789.233816651  1.8465838769  0.0826949360815
-1.43530144605  118  806  805.539050072  1.67146678206  0.0390098729075
-1.43530144605  117  822  822.145012652  1.85882942904  0.125953500847
-1.43530144605  117  839  838.694426557  1.81615733024  -0.0101225623135
-1.43530144605  117  856  855.523681212  1.62692861753  0.00645881266091
-1.43530144605  117  872  872.478348932  1.53456162475  0.0373303838442
-1.43530144605  117  890  889.517322202  1.76586619328  -0.0105462195903
-1.43530144605  117  907  906.706871122  1.88011748573  -0.0535086028573
-1.43530144605  117  924  924.121796898  1.92664946129  0.0513911535748
-1.43530144605  116  942  941.649508819  1.87644219934  0.00979325877877
-1.43530144605  116  959  959.341628568  1.8982391444  0.0851320881106
-1.43530144605  116  977  977.160188207  1.96064020972  0.103610143951
-1.43530144605  116  995  995.151274968  1.96138853357  0.108893491487
-1.43530144605  116  1013  1013.32508777  1.90450159023  0.0874995458482
-1.25537344605  116  8  7.52593623926  1.23847452877  0.0211528313614
-1.25537344605  116  18  18.0199553208  1.50914427022  0.0548909782883
-1.25537344605  116  29  28.5335407385  1.22372963968  0.0319413704789
-1.25537344605  116  39  39.2062741321  1.50078895947  0.0611168926738
-1.25537344605  117  50  49.8174550952  1.49686583702  0.0106884708638
-1.25537344605  117  61  60.5715371667  1.26896442221  0.015478592997
-1.25537344605  117  71  71.4632364803  1.33060798899  0.105015491343
-1.25537344605  117  82  82.3991084455  1.38434661596  0.163685329631
-1.25537344605  117  93  93.3691581252  1.43012403092  0.138476485252
-1.25537344605  117  104  104.423244393  1.39382527889  0.13314574547
-1.25537344605  117  116  115.51718608  1.23149426266  0.129860085255
-1.25537344605  117  127  126.6884821  1.44962934428  0.0346132853718
-1.25537344605  117  138  138.006751004  1.5811953478  0.0714184721904
-1.25537344605  118  149  149.419605278  1.30672375001  0.216309345751
-1.25537344605  118  161  160.761875847  1.50281417423  0.0171624074258
-1.25537344605  118  172  172.368714411  1.38901849754  0.098542860044
-1.25537344605  118  184  183.914272656  1.5752675745  0.0642842316995
-1.25537344605  118  196  195.577483304  1.31269388848  -0.0122767082156
-1.25537344605  118  207  207.41496544  1.44386797578  0.0730068167743
-1.25537344605  118  219  219.279324221  1.51142659803  0.129284865084
-1.25537344605  118  231  231.18951767  1.60511563303  0.0895385044629
-1.25537344605  118  243  243.214934405  1.59590933977  0.0852105420357
-1.25537344605  118  255  255.335953936  1.51279847215  0.162542768552
-1.25537344605  119  267  267.469278836  1.39785994733  0.137896370737
-1.25537344605  119  280  279.682976439  1.53466695633  0.042388157586
-1.25537344605  119  292  292.115287666  1.65108576266  0.157902672591
-1.25537344605  119  305  304.513649542  1.34503340444  0.0898520545081
-1.25537344605  119  317  317.073916335  1.6531596568  0.0814178655071
-1.25537344605  119  330  329.660308189  1.52923326941  0.0315119660478
-1.25537344605  119  342  342.442372423  1.46020626384  0.0934608708838
-1.25537344605  119  355  355.268531395  1.62567860647  0.0756058102202
-1.25537344605  119  368  368.182911241  1.64723964359  0.07658208802
-1.25537344605  119  381  381.184501073  1.68271952533  0.0568496938897
-1.25537344605  119  394  394.287268065  1.64004771412  0.0630295526383
-1.25537344605  119  407  407.474966405  1.60136221295  0.0688017620159
-1.25537344605  119  421  420.747156023  1.70744966599  0.0164822105878
-1.25537344605  119  434  434.181106737  1.69845044037  0.0764104072536
-1.25537344605  119  448  447.660800549  1.6773861151  0.060454107045
-1.25537344605  119  461  461.326286201  1.64495498331  0.149945517636
-1.25537344605  119  475  474.985158019  1.73049429297  0.0637706505255
-1.25537344605  119  489  488.780473467  1.68553895158  0.0509242607681
-1.25537344605  119  503  502.683403705  1.65661993802  0.0268181682935
-1.25537344605  119  517  516.714548529  1.66805282251  -0.033368222533
-1.25537344605  119  531  530.873167481  1.75152786344  -0.00343627688976
-1.25537344605  119  545  545.180868377  1.74208045068  0.0728143459712
-1.25537344605  119  560  559.505458855  1.67055997046  0.0224758005187
-1.25537344605  119  574  573.975366948  1.80015700962  0.0188651416715
-1.25537344605  119  589  588.547825436  1.70466812776  0.0154251153237
-1.25537344605  119  603  603.292956284  1.76165092998  0.0948624089295
-1.25537344605  119  618  618.08705442  1.80898946847  0.0909832388323
-1.25537344605  119  633  632.985308802  1.82974901127  0.0874269665116
-1.25537344605  119  648  648.062400976  1.79052350033  0.0958754812861
-1.25537344605  119  663  663.243956871  1.76193113693  0.107881651582
-1.25537344605  119  678  678.504714663  1.5484171338  0.0540981826734
-1.25537344605  119  694  693.923677038  1.8321318601  -0.00105109965287
-1.25537344605  119  709  709.493914531  1.69613676722  0.0146917844446
-1.25537344605  119  725  725.203494553  1.84591948344  0.048007007374
-1.25537344605  119  741  740.9634782  1.89827145664  0.00313477488833
-1.25537344605  119  757  756.875258618  1.89531801457  0.000792940073557
-1.25537344605  119  773  772.94268016  1.89410324055  0.0437959311975
-1.25537344605  119  789  789.161365571  1.87427551014  0.08354564643
-1.25537344605  119  805  805.485340531  1.7101505268  0.0823604071949
-1.25537344605  118  822  822.055283074  1.88435017495  0.111359802394
-1.25537344605  118  839  838.618549351  1.74114456038  -0.00220626991969
-1.25537344605  118  855  855.466338007  1.67295639871  0.0614284629068
-1.25537344605  118  872  872.39584462  1.67024645153  0.156334856112
-1.25537344605  118  889  889.454693488  1.75638659902  0.0317869397509
-1.25537344605  118  907  906.620565407  1.83677333948  -0.0436663156998
-1.25537344605  118  924  924.015581656  1.96515936018  0.0279536585362
-1.25537344605  117  942  941.579225191  1.84363493303  0.0134077900057
-1.25537344605  117  959  959.257595651  1.90536297693  0.0759527962838
-1.25537344605  117  977  977.049175215  1.98936327845  0.0749706406084
-1.25537344605  117  995  995.040255206  1.99660164014  0.0823006544009
-1.25537344605  117  1013  1013.24037334  1.94527131164  0.0893630863145
-1.07544544605  117  8  7.5253518453  1.2363025885  0.0287563809344
-1.07544544605  117  18  18.0101485789  1.51256830467  0.057352817063
-1.07544544605  117  29  28.5360147794  1.22857231576  0.025198227014
-1.07544544605  117  39  39.2002070892  1.51848100194  0.0705638793176
-1.07544544605  118  50  49.8192447936  1.47274025637  0.0193860617459
-1.07544544605  118  61  60.5708874205  1.24783796095  0.00950144067748
-1.07544544605  118  71  71.4610071198  1.29629665636  0.105045957597
-1.07544544605  118  82  82.3879558345  1.35269418106  0.168181335405
-1.07544544605  118  93  93.3651757422  1.45831915613  0.160802462636
-1.07544544605  118  104  104.416083145  1.37856129001  0.131830196503
-1.07544544605  118  116  115.524430146  1.25968095497  0.150911964073
-1.07544544605  118  127  126.669073096  1.43239883835  0.0256539177429
-1.07544544605  118  138  137.997359231  1.55958623795  0.0561809582361
-1.07544544605  119  149  149.405468107  1.33377422877  0.20206158375
-1.07544544605  119  161  160.742264671  1.50148012427  0.000873683483882
-1.07544544605  119  172  172.349419845  1.44120481436  0.107460222421
-1.07544544605  119  184  183.895805581  1.57916293825  0.0633635092669
-1.07544544605  119  196  195.561732119  1.35115182596  -0.0112263378029
-1.07544544605  119  207  207.394553198  1.47794487739  0.0850328712554
-1.07544544605  119  219  219.249362641  1.5567638388  0.119552661052
-1.07544544605  119  231  231.167412317  1.61011086939  0.0803777030565
-1.07544544605  119  243  243.182396841  1.60181141777  0.0811284009701
-1.07544544605  119  255  255.302696083  1.52837940581  0.157856373408
-1.07544544605  119  267  267.460646013  1.40588331624  0.0921147564554
-1.07544544605  120  280  279.649933811  1.48777096167  0.0388648318324
-1.07544544605  120  292  292.082291107  1.61315847356  0.159600634981
-1.07544544605  120  304  304.501119257  1.26922473053  0.150010784356
-1.07544544605  120  317  317.05241328  1.66876719449  0.0830024732666
-1.07544544605  120  330  329.626628615  1.45103545971  0.033120300693
-1.07544544605  120  342  342.418463916  1.41456143196  0.119402676629
-1.07544544605  120  355  355.245485221  1.62915038736  0.0969492118038
-1.07544544605  120  368  368.143835434  1.66167594291  0.0748291060613
-1.07544544605  120  381  381.148615081  1.6933169995  0.0618646335213
-1.07544544605  120  394  394.263929896  1.63368571349  0.0854345076879
-1.07544544605  120  407  407.458037536  1.50693664048  0.0924363181689
-1.07544544605  120  421  420.690752239  1.69063853909  -0.00690993445151
-1.07544544605  120  434  434.158459236  1.69615278532  0.0859879394509
-1.07544544605  120  448  447.609461862  1.59813471998  0.044762571293
-1.07544544605  120  461  461.280736854  1.66747835442  0.155872554425
-1.07544544605  120  475  474.919193477  1.74017865038  0.0536684124513
-1.07544544605  120  489  488.714097201  1.6351900043  0.0348836028751
-1.07544544605  120  503  502.630844945  1.57288464255  0.0212661068553
-1.07544544605  120  517  516.647605871  1.61217386169  -0.0378813076033
-1.07544544605  120  531  530.8150366  1.73349317607  -0.0195539038713
-1.07544544605  120  545  545.115577026  1.77760293827  0.0613630156097
-1.07544544605  120  559  559.467933093  1.60585352608  0.0424089331766
-1.07544544605  120  574  573.918142773  1.79428907612  0.00637992420741
-1.07544544605  120  588  588.505746293  1.62595812674  0.0459893042572
-1.07544544605  120  603  603.229723547  1.78436276589  0.0916194006306
-1.07544544605  120  618  618.008785018  1.80967841658  0.0730026637884
-1.07544544605  120  633  632.921999166  1.82322977088  0.064627719744
-1.07544544605  120  648  647.975368534  1.81848807146  0.0723952178384
-1.07544544605  120  663  663.181763763  1.78528760288  0.1031083838
-1.07544544605  120  678  678.471477583  1.49828663653  0.0887990266338
-1.07544544605  120  694  693.846684512  1.81799159289  -0.0252969112756
-1.07544544605  120  709  709.446548356  1.70330217899  0.04180760209
-1.07544544605  120  725  725.119037571  1.88875412961  0.0339255614437
-1.07544544605  120  741  740.880940455  1.89439322628  -0.00885410601169
-1.07544544605  120  757  756.79173762  1.87868653102  -0.0116640442721
-1.07544544605  120  773  772.867995781  1.91259003317  0.0387001195274
-1.07544544605  120  789  789.078649227  1.9126094843  0.0786729522239
-1.07544544605  120  805  805.44904037  1.7299181958  0.120460480757
-1.07544544605  119  822  821.961118357  1.88742745658  0.0857457395887
-1.07544544605  119  839  838.562895839  1.67824347316  0.0203266497488
-1.07544544605  119  855  855.388642193  1.78951786553  0.0589089548038
-1.07544544605  119  872  872.318287304  1.78415016648  0.0925087024433
-1.07544544605  119  889  889.385426897  1.83933966124  0.0447496123845
-1.07544544605  119  907  906.538869329  1.8089981061  -0.0320276138255
-1.07544544605  119  924  923.916600392  1.96033677513  0.0151139799053
-1.07544544605  118  942  941.506004838  1.82555615788  0.0414577779486
-1.07544544605  118  959  959.158806148  1.95555995312  0.0670801332911
-1.07544544605  118  977  976.939034916  1.98420647796  0.0614393526378
-1.07544544605  118  995  994.910883713  1.99637825969  0.0498675629305
-1.07544544605  118  1013  1013.12091824  1.96778497457  0.0614498784169
-0.895517446045  118  8  7.52876243066  1.23692077599  0.0484330869579
-0.895517446045  118  18  18.0093328741  1.50950091277  0.0588215194055
-0.895517446045  118  29  28.5312501411  1.21746819896  0.0292991058669
-0.895517446045  118  39  39.197649811  1.50350867751  0.0719454885323
-0.895517446045  118  50  49.8140059021  1.48605353362  0.0290650670918
-0.895517446045  119  61  60.5637081058  1.22188565147  0.0113420313521
-0.895517446045  119  71  71.4503489795  1.36415965078  0.0910278343134
-0.895517446045  119  82  82.3830995201  1.38702939168  0.174949439777
-0.895517446045  119  93  93.3558437473  1.4106166002  0.164500889064
-0.895517446045  119  104  104.407976473  1.39099183029  0.145119463077
-0.895517446045  119  115  115.504941732  1.18579255151  0.166808109933
-0.895517446045  119  127  126.656569123  1.42631749555  0.025334835821
-0.895517446045  119  138  137.99415929  1.58564792677  0.0761801814864
-0.895517446045  120  149  149.387447216  1.40336919889  0.174655411669
-0.895517446045  120  161  160.716965562  1.47159511798  -0.012594984791
-0.895517446045  120  172  172.334823606  1.41577649383  0.111112723503
-0.895517446045  120  184  183.880589853  1.55087729848  0.0591492649612
-0.895517446045  120  196  195.550307327  1.26607955274  0.00514970771095
-0.895517446045  120  207  207.383902808  1.46740023403  0.088521470419
-0.895517446045  120  219  219.234686535  1.53937750822  0.120328560937
-0.895517446045  120  231  231.15738694  1.61355918022  0.0906457125294
-0.895517446045  120  243  243.166717167  1.61349377477  0.101496188451
-0.895517446045  120  255  255.290499306  1.54147441065  0.173102556314
-0.895517446045  120  267  267.453480247  1.40569911926  0.146953378356
-0.895517446045  121  280  279.615965  1.44144124947  0.0357681345344
-0.895517446045  121  292  292.054572222  1.63575336674  0.157686999495
-0.895517446045  121  304  304.486374545  1.30677047656  0.161262736654
-0.895517446045  121  317  317.012149341  1.67134521651  0.0743071271074
-0.895517446045  121  330  329.605556035  1.43238544128  0.0458631986067
-0.895517446045  121  342  342.393145405  1.47922216263  0.124977235119
-0.895517446045  121  355  355.198596138  1.65632918024  0.0821598034261
-0.895517446045  121  368  368.107663402  1.6754176265  0.07251979855
-0.895517446045  121  381  381.105425555  1.70052977875  0.0558611506214
-0.895517446045  121  394  394.215209473  1.6791007857  0.0693286818233
-0.895517446045  121  407  407.417780189  1.56735984803  0.0934377863771
-0.895517446045  121  421  420.660815745  1.66975094625  0.00762662757965
-0.895517446045  121  434  434.098021381  1.72970844418  0.0859227201536
-0.895517446045  121  448  447.567437933  1.56812845112  0.0686913718042
-0.895517446045  121  461  461.232721083  1.68442112254  0.152613486736
-0.895517446045  121  475  474.874593534  1.73632499563  0.0481955972126
-0.895517446045  121  489  488.660199943  1.59056985175  0.0254669129775
-0.895517446045  121  503  502.594331438  1.53349160239  0.0307401318689
-0.895517446045  121  517  516.609612929  1.57243858411  -0.0264306116089
-0.895517446045  121  531  530.765662619  1.6961033122  -0.0143894807262
-0.895517446045  121  545  545.063615487  1.75860662303  0.0572004103758
-0.895517446045  121  559  559.430430104  1.64550276198  0.059037509885
-0.895517446045  121  574  573.860610319  1.79045637749  0.00341144336444
-0.895517446045  121  588  588.45747275  1.64684342257  0.0505000189797
-0.895517446045  121  603  603.161554308  1.80994752277  0.0772487163588
-0.895517446045  121  618  617.935539075  1.81483844569  0.0601835014273
-0.895517446045  121  633  632.849824188  1.81245387709  0.0449659538253
-0.895517446045  121  648  647.897535457  1.78040182208  0.0617606456361
-0.895517446045  121  663  663.118291621  1.83044241247  0.0952019685302
-0.895517446045  121  678  678.42260413  1.5981322372  0.117832421813
-0.895517446045  121  694  693.772736902  1.80218490847  -0.0288332532796
-0.895517446045  121  709  709.384942409  1.73393223096  0.0566789683238
-0.895517446045  121  725  725.047161133  1.915878714  0.027693712777
-0.895517446045  121  741  740.797608937  1.87520796451  -0.0334795974124
-0.895517446045  121  757  756.724431703  1.83823423811  -0.0177293966596
-0.895517446045  121  773  772.779716402  1.86932828304  0.0229155608057
-0.895517446045  121  789  788.987195074  1.90964792486  0.0552573607643
-0.895517446045  120  805  805.421760102  1.71793302752  0.10217871026
-0.895517446045  120  822  821.871363012  1.88384639542  0.0641531784605
-0.895517446045  120  839  838.506074281  1.57465484427  0.0480840273502
-0.895517446045  120  855  855.322730614  1.79328406223  0.0703856940612
-0.895517446045  120  872  872.264680629  1.81905369721  0.128358406897
-0.895517446045  120  889  889.304295109  1.87361887752  0.0561774097475
-0.895517446045  120  906  906.471931076  1.78567746597  -0.0115483256629
-0.895517446045  120  924  923.818575221  1.93084565512  0.0176589311471
-0.895517446045  119  941  941.428118713  1.83504808511  0.0565325034913
-0.895517446045  119  959  959.057019189  1.97788886698  0.0459353630857
-0.895517446045  119  977  976.853376553  1.94507498041  0.0528112124738
-0.895517446045  119  995  994.821082626  1.95967301821  0.0318231070404
-0.895517446045  119  1013  1013.00687942  1.97655356695  0.0339162838515
-0.715589446045  119  8  7.53331678987  1.22081353279  0.051002924569
-0.715589446045  119  18  18.0139092222  1.52537647301  0.0733609787782
-0.715589446045  119  29  28.5271802844  1.19977693779  0.0339800859206
-0.715589446045  119  39  39.1844667953  1.52344409839  0.0641328918355
-0.715589446045  119  50  49.7999129927  1.48044128634  0.0156611739547
-0.715589446045  120  61  60.560315057  1.24541551703  0.00709327793208
-0.715589446045  120  71  71.4501927786  1.36420422318  0.111762826888
-0.715589446045  120  82  82.4469766445  0.014261582131  0.585351608862
-0.715589446045  120  93  93.3416845097  1.4473576522  0.159505144597
-0.715589446045  120  104  104.408272267  1.36497932467  0.167613540307
-0.715589446045  120  115  115.506450286  1.23015414592  0.195979539575
-0.715589446045  120  127  126.63605365  1.35776913597  0.0260257894214
-0.715589446045  120  138  137.98361847  1.57134647432  0.0806649972021
-0.715589446045  120  149  149.386485642  1.33114860295  0.235249012884
-0.715589446045  121  161  160.707662739  1.45718834938  -0.00795593876434
-0.715589446045  121  172  172.321824808  1.4501409594  0.110285659001
-0.715589446045  121  184  183.856790615  1.54802145377  0.0582397475106
-0.715589446045  121  196  195.53684877  1.25999564273  0.0167105547576
-0.715589446045  121  207  207.362497326  1.48189725569  0.088512759485
-0.715589446045  121  219  219.205907634  1.55365260773  0.118203493734
-0.715589446045  121  231  231.125332183  1.6074937009  0.0868018826512
-0.715589446045  121  243  243.131333256  1.62367536721  0.0868140622457
-0.715589446045  121  255  255.261940798  1.54872098789  0.175825858596
-0.715589446045  121  267  267.42494024  1.38591313666  -0.0221809806864
-0.715589446045  122  280  279.612896254  1.41396641899  0.0436915945446
-0.715589446045  122  292  292.012348778  1.62640312568  0.134941909433
-0.715589446045  122  304  304.465198232  1.32109962232  0.169641768053
-0.715589446045  122  317  316.971369027  1.66755333872  0.0662734984097
-0.715589446045  122  330  329.579313315  1.38042131074  0.0604754223766
-0.715589446045  122  342  342.368721722  1.50251166072  0.129360169517
-0.715589446045  122  355  355.164708768  1.65014841431  0.0798258752432
-0.715589446045  122  368  368.077453525  1.67917592545  0.0687813091063
-0.715589446045  122  381  381.068933021  1.72785990405  0.0451703619507
-0.715589446045  122  394  394.185098336  1.66615908682  0.0741121159149
-0.715589446045  122  407  407.385140301  1.62307026236  0.0902002594038
-0.715589446045  122  421  420.623622715  1.66067805191  0.00707360553671
-0.715589446045  122  434  434.068066817  1.70979956084  0.0773537923555
-0.715589446045  122  448  447.544315249  1.56512746345  0.0779629449579
-0.715589446045  122  461  461.169950188  1.72513889553  0.127847876832
-0.715589446045  122  475  474.808454347  1.70145397846  0.0164314923844
-0.715589446045  122  489  488.616207976  1.55601423131  0.028944118726
-0.715589446045  122  503  502.555774902  1.48992652224  0.0508144402283
-0.715589446045  122  517  516.567919741  1.50229225829  -0.025594153587
-0.715589446045  122  531  530.711615629  1.67484989681  -0.0157171189324
-0.715589446045  122  545  545.000082019  1.7924342437  0.036813770501
-0.715589446045  122  559  559.379093869  1.69392636696  0.0631436893924
-0.715589446045  122  574  573.804088761  1.771156525  0.00199971999413
-0.715589446045  122  588  588.422533675  1.68128858102  0.0788163115457
-0.715589446045  122  603  603.104621699  1.83758682463  0.0731104194263
-0.715589446045  122  618  617.879329315  1.80961385289  0.0560158331791
-0.715589446045  122  633  632.771469453  1.79325769757  0.0309279697395
-0.715589446045  122  648  647.831534489  1.78158822861  0.0442762788002
-0.715589446045  122  663  663.039053913  1.82497368616  0.0721040412647
-0.715589446045  122  678  678.363393818  1.67718702155  0.118508536875
-0.715589446045  122  694  693.717621486  1.75477537864  -0.0154131486752
-0.715589446045  122  709  709.316773261  1.8166143664  0.0572693784936
-0.715589446045  122  725  724.967342744  1.89914379799  0.0208884585974
-0.715589446045  122  741  740.733298631  1.84928696004  -0.0279019853204
-0.715589446045  122  757  756.660903007  1.82892375135  -0.00244076647608
-0.715589446045  122  773  772.692965256  1.83665382353  0.0143690649763
-0.715589446045  122  789  788.901822139  1.90245618208  0.033395142244
-0.715589446045  121  805  805.361984987  1.75773383942  0.120905663182
-0.715589446045  121  822  821.773388268  1.85918753737  0.0508431988296
-0.715589446045  121  838  838.448652207  1.63247983702  0.0902908154206
-0.715589446045  121  855  855.240519472  1.8368827731  0.0693282774437
-0.715589446045  121  872  872.161161859  1.90370909482  0.0733691714254
-0.715589446045  121  889  889.220185113  1.89979261718  0.0484772709895
-0.715589446045  121  906  906.409038538  1.80680372518  0.0260490226876
-0.715589446045  120  924  923.780054564  1.96689023848  0.000580172500637
-0.715589446045  120  941  941.348779909  1.87446245781  0.0861704358516
-0.715589446045  120  959  958.945783882  1.99204122042  0.0250265071178
-0.715589446045  120  977  976.731689243  1.91197990408  0.0251974692712
-0.715589446045  120  995  994.707712342  1.89566007314  0.022477411223
-0.715589446045  120  1013  1012.87972776  1.97488031265  0.0146951110269
-0.535661446045  120  8  7.52885435471  1.22811802876  0.0484320341558
-0.535661446045  120  18  17.998346051  1.51080250973  0.0598246907793
-0.535661446045  120  29  28.5246129119  1.21980957949  0.0313064367821
-0.535661446045  120  39  39.1889668751  1.49018346689  0.0793202881164
-0.535661446045  120  50  49.7969853977  1.46149803597  0.0104983625734
-0.535661446045  121  61  60.5613818703  1.23474189463  0.0269515773269
-0.535661446045  121  71  71.4463794206  1.35312211564  0.120859520216
-0.535661446045  121  82  82.3754771889  1.39314136432  0.197340939465
-0.535661446045  121  93  93.3396788383  1.42856438308  0.16488315203
-0.535661446045  121  104  104.39199329  1.39289339735  0.162110778831
-0.535661446045  121  115  115.495640907  1.22894849083  0.20103920923
-0.535661446045  121  127  126.635745702  1.34073478488  0.0527970370567
-0.535661446045  121  138  137.947563758  1.58811403261  0.0674179432657
-0.535661446045  121  149  149.378925944  1.35381679283  0.230167509836
-0.535661446045  122  161  160.693980428  1.45911644916  -0.00817611066006
-0.535661446045  122  172  172.306248184  1.44410587211  0.115123860569
-0.535661446045  122  184  183.844330075  1.54885843776  0.0575454548994
-0.535661446045  122  196  195.53012974  1.2739759456  0.0445972801073
-0.535661446045  122  207  207.339139345  1.49020949987  0.0908336516778
-0.535661446045  122  219  219.193479867  1.58453743967  0.126210495827
-0.535661446045  122  231  231.101766184  1.61583168666  0.0864934981033
-0.535661446045  122  243  243.108994066  1.62682282067  0.0923821639252
-0.535661446045  122  255  255.243501563  1.5792413261  0.174138101432
-0.535661446045  122  267  267.414804445  1.45109234805  0.155608686906
-0.535661446045  122  280  279.613548523  1.42988812616  0.0622048093372
-0.535661446045  123  292  291.987033191  1.65442120602  0.128464862196
-0.535661446045  123  304  304.446963014  1.38471020893  0.176864451539
-0.535661446045  123  317  316.93484935  1.6627417229  0.0530534646044
-0.535661446045  123  330  329.558319509  1.35035240724  0.0738445971374
-0.535661446045  123  342  342.333551579  1.55709576062  0.125543989236
-0.535661446045  123  355  355.122732754  1.68089313709  0.0698903330548
-0.535661446045  123  368  368.02251767  1.69326049115  0.058943179276
-0.535661446045  123  381  381.021247534  1.71476205019  0.0424745250622
-0.535661446045  123  394  394.126216973  1.70395863726  0.0469620333222
-0.535661446045  123  407  407.351939895  1.63740520939  0.108599647618
-0.535661446045  123  421  420.598619074  1.68483981518  0.0315584814113
-0.535661446045  123  434  434.021895546  1.72714650818  0.083323543839
-0.535661446045  123  447  447.504813857  1.58939402884  0.104965649732
-0.535661446045  123  461  461.141136604  1.7116257099  0.13790458613
-0.535661446045  123  475  474.771777239  1.69037053528  0.0280557975299
-0.535661446045  123  489  488.585426731  1.59409148608  0.0463056561871
-0.535661446045  123  503  502.520580138  1.4670895776  0.072181830199
-0.535661446045  123  517  516.538580418  1.52261872128  1.52317285827e-05
-0.535661446045  123  531  530.661402881  1.65127401356  -0.0142069761296
-0.535661446045  123  545  544.935045124  1.77586667032  0.0285443334598
-0.535661446045  123  559  559.32729466  1.72298923933  0.0654185968655
-0.535661446045  123  574  573.744570929  1.75361892052  0.00322781358119
-0.535661446045  123  588  588.361487388  1.7163796411  0.0889620162527
-0.535661446045  123  603  603.044888756  1.83875198333  0.0683594758918
-0.535661446045  123  618  617.812678009  1.78333434337  0.0488193732449
-0.535661446045  123  633  632.72166761  1.76404044471  0.0387625039379
-0.535661446045  123  648  647.773164961  1.75502000181  0.0418428734731
-0.535661446045  123  663  662.970257491  1.80869445361  0.0651380450339
-0.535661446045  123  678  678.294871946  1.70757835294  0.117731356177
-0.535661446045  123  694  693.650775867  1.71833834879  -0.0159199973541
-0.535661446045  123  709  709.251891336  1.82168378928  0.0528392288522
-0.535661446045  123  725  724.886628102  1.89674144255  0.000265061232724
-0.535661446045  123  741  740.669713682  1.82176850146  -0.0209784677185
-0.535661446045  123  757  756.596745102  1.80599666628  0.00330005720864
-0.535661446045  123  773  772.634170856  1.80732774942  0.0287572125639
-0.535661446045  123  789  788.852338952  1.96352446487  0.00218574088278
-0.535661446045  122  805  805.282344139  1.82276659205  0.122245254317
-0.535661446045  122  822  821.697105785  1.78823331087  0.0492400591584
-0.535661446045  122  838  838.394043172  1.75015777454  0.11278375866
-0.535661446045  122  855  855.13954726  1.88114043898  0.039419923124
-0.535661446045  122  872  872.06562379  1.90986416099  0.0520696379113
-0.535661446045  122  889  889.129884305  1.94726769811  0.0410283558943
-0.535661446045  122  906  906.323315931  1.86432813785  0.0289905255743
-0.535661446045  121  924  923.732656492  1.91072322188  0.00593627227607
-0.535661446045  121  941  941.255978285  1.91807316702  0.0819711196635
-0.535661446045  121  959  958.851111495  1.94372584069  0.0124709132336
-0.535661446045  121  977  976.639580525  1.87307137029  0.015867614721
-0.535661446045  121  995  994.623764845  1.81428606921  0.0193653968487
-0.535661446045  121  1013  1012.76863348  1.94738459813  -0.0207001291911
-0.355733446045  121  8  7.52142370786  1.23000550458  0.0348421030509
-0.355733446045  121  18  18.0058339765  1.51732621411  0.0583958140258
-0.355733446045  121  29  28.532337015  1.21614905862  0.0539021214803
-0.355733446045  121  39  39.1723201066  1.50877380321  0.0667365335536
-0.355733446045  121  50  49.7885001428  1.48330749464  0.00625743462364
-0.355733446045  121  61  60.5616457998  1.23343321023  0.0127464925831
-0.355733446045  122  71  71.4454300945  1.34295758987  0.116025462167
-0.355733446045  122  82  82.3649146121  1.38171726696  0.178612084235
-0.355733446045  122  93  93.3429792344  1.46266683112  0.168000744909
-0.355733446045  122  104  104.379983895  1.38726696142  0.159138612555
-0.355733446045  122  115  115.4969932  1.22595563835  0.202127098749
-0.355733446045  122  127  126.619415968  1.36024809649  0.0351254630984
-0.355733446045  122  138  137.940074176  1.5576112519  0.0683586399906
-0.355733446045  122  149  149.37719079  1.37363817146  0.226901019561
-0.355733446045  123  161  160.689489196  1.48398554478  0.0123522653071
-0.355733446045  123  172  172.277563505  1.50182580125  0.102253405807
-0.355733446045  123  184  183.819336658  1.56179586909  0.0447741471625
-0.355733446045  123  196  195.510269231  1.35477219181  0.0291912213832
-0.355733446045  123  207  207.312032009  1.52555929943  0.0730182275607
-0.355733446045  123  219  219.170600171  1.59591856496  0.123708772324
-0.355733446045  123  231  231.076941232  1.62814046718  0.0801240976969
-0.355733446045  123  243  243.090964151  1.63254945045  0.093764711043
-0.355733446045  123  255  255.207995218  1.60166584426  0.15908073633
-0.355733446045  123  267  267.389788044  1.48903944978  0.158979811231
-0.355733446045  123  280  279.585250049  1.39490486789  0.0527831900248
-0.355733446045  124  292  291.93895308  1.65129241975  0.07787320968
-0.355733446045  124  304  304.425888657  1.37428790272  0.186965316184
-0.355733446045  124  317  316.903683532  1.68241040504  0.047642353472
-0.355733446045  124  330  329.53764254  1.318306372  0.0816682705597
-0.355733446045  124  342  342.300772635  1.55821292269  0.113603886134
-0.355733446045  124  355  355.08999489  1.68202092157  0.0707267273415
-0.355733446045  124  368  367.979706646  1.67437759327  0.044432385925
-0.355733446045  124  381  380.971648256  1.71683170655  0.0308476276233
-0.355733446045  124  394  394.099026415  1.69467141049  0.0585613713732
-0.355733446045  124  407  407.322883158  1.63116607755  0.121950874871
-0.355733446045  124  421  420.555715575  1.58049657168  0.0241095510446
-0.355733446045  124  434  433.975301736  1.72378805578  0.0711019036619
-0.355733446045  124  447  447.484897285  1.45395107994  0.14432816036
-0.355733446045  124  461  461.08403336  1.7420079234  0.125734011207
-0.355733446045  124  475  474.720143294  1.63918292289  0.0200263066823
-0.355733446045  124  489  488.5447679  1.40466328311  0.0708147774498
-0.355733446045  124  502  502.4952225  1.34555226478  0.137336045713
-0.355733446045  124  516  516.503403916  1.40751342977  0.0545011171652
-0.355733446045  124  531  530.605645213  1.623910838  -0.0200812384332
-0.355733446045  124  545  544.88429033  1.7779416626  0.028146311022
-0.355733446045  124  559  559.284908804  1.74291714674  0.0726408311993
-0.355733446045  124  574  573.688448958  1.73894948087  -0.00705414634886
-0.355733446045  124  588  588.325172813  1.68806960043  0.103916373019
-0.355733446045  124  603  602.980474502  1.83679601399  0.0603991150832
-0.355733446045  124  618  617.754078846  1.76858689019  0.0410960156473
-0.355733446045  124  633  632.662839341  1.71219362608  0.0365666303292
-0.355733446045  124  648  647.705375074  1.73114742634  0.030676806171
-0.355733446045  124  663  662.883504253  1.81855192844  0.0381448983689
-0.355733446045  124  678  678.235787125  1.78150125016  0.110990514282
-0.355733446045  124  694  693.591485175  1.66657206963  -0.015680003081
-0.355733446045  124  709  709.198042028  1.83968999938  0.0581426962466
-0.355733446045  124  725  724.802507871  1.87674322658  -0.0107758461513
-0.355733446045  124  741  740.599238429  1.79063216285  -0.0256655660298
-0.355733446045  124  757  756.535975647  1.76052322966  0.00158626050787
-0.355733446045  124  773  772.563992688  1.75207757971  0.0295466595219
-0.355733446045  123  789  788.830830752  1.88506311926  0.0348501799352
-0.355733446045  123  805  805.208827397  1.8391820494  0.111902059502
-0.355733446045  123  822  821.625265796  1.73355629262  0.0476209527538
-0.355733446045  123  838  838.305436547  1.79593891584  0.0949116994754
-0.355733446045  123  855  855.047607976  1.91068593697  0.0165546283547
-0.355733446045  123  872  871.970885175  1.91406784341  0.0363697641884
-0.355733446045  123  889  889.026903705  1.95355868208  0.0159554089204
-0.355733446045  123  906  906.242066488  1.90366787648  0.0183880880117
-0.355733446045  122  924  923.630097991  1.8743810148  -0.00565296781283
-0.355733446045  122  941  941.16274962  1.9545243453  0.0740838600044
-0.355733446045  122  959  958.73929909  1.92018076779  -0.00695579836954
-0.355733446045  122  977  976.56290408  1.80258244296  0.0426266110863
-0.355733446045  122  995  994.549933403  1.73898919494  0.0516975840968
-0.355733446045  121  1013  1012.78366778  1.98221966487  0.0295444443878
-0.175805446045  122  8  7.52553910919  1.23604550481  0.0556448306466
-0.175805446045  122  18  18.0003882288  1.50931397258  0.0773550718534
-0.175805446045  122  29  28.5178576407  1.21742129953  0.041377508772
-0.175805446045  122  39  39.171308924  1.51437441212  0.0703835648337
-0.175805446045  122  50  49.7916560453  1.47900251319  0.0284419356195
-0.175805446045  122  61  60.5518438461  1.22626653193  0.0232435885452
-0.175805446045  123  71  71.4332187418  1.36865607495  0.115977394399
-0.175805446045  123  82  82.3581802015  1.39934660015  0.180422411543
-0.175805446045  123  93  93.328027373  1.47224578151  0.168982787939
-0.175805446045  123  104  104.371282248  1.41086412221  0.15085748403
-0.175805446045  123  115  115.482825357  1.20983987243  0.215964744302
-0.175805446045  123  127  126.620676847  1.36181882102  0.0492206836121
-0.175805446045  123  138  137.919082926  1.56288982707  0.0615088804313
-0.175805446045  123  149  149.359188412  1.41289261002  0.213565592656
-0.175805446045  123  161  160.665951779  1.40759849944  -0.0464409194907
-0.175805446045  124  172  172.267990094  1.4789035291  0.105411077481
-0.175805446045  124  184  183.795573335  1.52779310022  0.0448913085875
-0.175805446045  124  195  195.505073449  1.2680929456  0.0728518756847
-0.175805446045  124  207  207.303615955  1.52505841386  0.0902012136655
-0.175805446045  124  219  219.146511325  1.60118371999  0.114836340402
-0.175805446045  124  231  231.046034175  1.6361461021  0.0684658612827
-0.175805446045  124  243  243.0617652  1.65980790831  0.0782107472934
-0.175805446045  124  255  255.189642983  1.60909118839  0.161645983636
-0.175805446045  124  267  267.367354232  1.50971973183  0.165206073789
-0.175805446045  124  280  279.564115911  1.31669688256  0.063836571166
-0.175805446045  124  292  291.951209593  1.65358213681  0.116288498647
-0.175805446045  125  304  304.402999122  1.40379894248  0.189452698938
-0.175805446045  125  317  316.866393068  1.64795172033  0.0386062771346
-0.175805446045  125  330  329.513017383  1.32266032683  0.0964329990661
-0.175805446045  125  342  342.272924585  1.58198510652  0.121922794669
-0.175805446045  125  355  355.040685767  1.69025359118  0.060754229209
-0.175805446045  125  368  367.936179419  1.68795363032  0.0461149722115
-0.175805446045  125  381  380.937622714  1.71436290644  0.0282076881404
-0.175805446045  125  394  394.052999522  1.70474893165  0.0467513466897
-0.175805446045  125  407  407.286958269  1.65717172206  0.116959352157
-0.175805446045  125  421  420.520392344  1.60809277594  0.0337185126927
-0.175805446045  125  434  433.914292206  1.72197959301  0.0556119937358
-0.175805446045  125  447  447.455795123  1.50264832957  0.166587252025
-0.175805446045  125  461  461.035980222  1.74795661794  0.10602025543
-0.175805446045  125  475  474.679449657  1.63888355987  0.026552994651
-0.175805446045  125  488  488.508311409  1.29561189509  0.117741229233
-0.175805446045  125  502  502.462712748  1.43978625772  0.141756034819
-0.175805446045  125  516  516.471322255  1.45822239699  0.0737687661017
-0.175805446045  125  531  530.573999664  1.53909695286  0.00887237899008
-0.175805446045  125  545  544.831861518  1.75669362632  0.0162787845889
-0.175805446045  125  559  559.2306225  1.77344868824  0.0664099959049
-0.175805446045  125  574  573.630041605  1.69389737666  -0.00146715847121
-0.175805446045  125  588  588.2740426  1.72018191015  0.100003220123
-0.175805446045  125  603  602.904746128  1.82204954433  0.0408883801349
-0.175805446045  125  618  617.6890983  1.73849768754  0.0331891332415
-0.175805446045  125  633  632.59591781  1.66553440287  0.0338205538169
-0.175805446045  125  648  647.647986106  1.65798767967  0.0422192494096
-0.175805446045  125  663  662.809888081  1.79931007081  0.029812147839
-0.175805446045  125  678  678.152967201  1.79932195383  0.0922132903698
-0.175805446045  125  694  693.538014811  1.57080284095  0.00167810355617
-0.175805446045  125  709  709.110489581  1.86306705283  0.0432749564513
-0.175805446045  125  725  724.726665673  1.8537411086  -0.016238083228
-0.175805446045  125  741  740.530725816  1.76447088422  -0.0160572166518
-0.175805446045  125  756  756.469769305  1.7535978309  0.0311781145506
-0.175805446045  125  773  772.506211996  1.702685444  0.0502574424113
-0.175805446045  124  789  788.728709954  1.84682459393  0.0076019535085
-0.175805446045  124  805  805.117803884  1.89492410556  0.0958442872945
-0.175805446045  124  822  821.560492039  1.62978551784  0.0843450588466
-0.175805446045  124  838  838.220874428  1.82554938044  0.0918427834454
-0.175805446045  124  855  854.938069573  1.91198033615  -0.000316343427198
-0.175805446045  124  872  871.873948373  1.89699390963  0.018622995536
-0.175805446045  124  889  888.919230383  1.95218888998  -0.0147078858495
-0.175805446045  124  906  906.155284936  1.94260015285  0.028148457431
-0.175805446045  123  924  923.563077104  1.85109282747  0.0230975584768
-0.175805446045  123  941  941.049922409  1.98912530715  0.0453592045008
-0.175805446045  123  959  958.642134207  1.86920428074  -0.00826544420804
-0.175805446045  123  976  976.496569906  1.74756672164  0.0987479507899
-0.175805446045  123  994  994.47123017  1.76169460045  0.0946636610653
-0.175805446045  122  1013  1012.67593464  1.88405300162  -0.0263407937296
0.00412255395466  123  8  7.52009007642  1.21547035867  0.0478948662911
0.00412255395466  123  18  17.9915998357  1.51569167568  0.0636486996082
0.00412255395466  123  29  28.526970897  1.20915351071  0.0705247127183
0.00412255395466  123  39  39.1652204356  1.51890203321  0.0680972146844
0.00412255395466  123  50  49.7777285926  1.48733359629  0.00324853096928
0.00412255395466  123  61  60.5473627868  1.22025126141  0.0361060659434
0.00412255395466  124  71  71.4302567178  1.36041756482  0.112320512924
0.00412255395466  124  82  82.3547203822  1.38449487391  0.184503298049
0.00412255395466  124  93  93.3231487352  1.45355203063  0.167121796832
0.00412255395466  124  104  104.366229369  1.37661245425  0.168175872092
0.00412255395466  124  115  115.479032753  1.24200079768  0.226521410851
0.00412255395466  124  127  126.607463571  1.31887156315  0.0389717699405
0.00412255395466  124  138  137.907962837  1.55420247978  0.0634291150909
0.00412255395466  124  149  149.340822265  1.41543020523  0.212045849922
0.00412255395466  124  161  160.649298295  1.42374199913  -0.00403800679134
0.00412255395466  125  172  172.245903395  1.51850799366  0.11362138908
0.00412255395466  125  184  183.766667965  1.53371553154  0.0312357492143
0.00412255395466  125  195  195.490432171  1.27715741441  0.0693294298052
0.00412255395466  125  207  207.281570779  1.52454838512  0.0937472605793
0.00412255395466  125  219  219.123635372  1.60832251761  0.119955360121
0.00412255395466  125  231  231.01517564  1.62955650935  0.0691499836508
0.00412255395466  125  243  243.036287508  1.64329086322  0.073545069074
0.00412255395466  125  255  255.159321452  1.64382167717  0.142983114808
0.00412255395466  125  267  267.343841135  1.50666932966  0.170454912322
0.00412255395466  125  280  279.540891122  1.29353987608  0.0771910779769
0.00412255395466  125  292  291.918616385  1.64612584452  0.111972955492
0.00412255395466  126  304  304.377545271  1.42757452817  0.177105333057
0.00412255395466  126  317  316.833981985  1.62393027452  0.0390653824235
0.00412255395466  126  329  329.498385475  1.28424836877  0.134949191086
0.00412255395466  126  342  342.2324421  1.59077243031  0.106652200041
0.00412255395466  126  355  355.008900172  1.68978102634  0.0414122550304
0.00412255395466  126  368  367.89933208  1.68061632346  0.0333934134183
0.00412255395466  126  381  380.888822442  1.69952971665  0.0132637091634
0.00412255395466  126  394  394.011815135  1.70343357068  0.0438842404961
0.00412255395466  126  407  407.235042616  1.70018448299  0.0915694648613
0.00412255395466  126  420  420.497503326  1.58977169974  0.0532329897694
0.00412255395466  126  434  433.888426044  1.681110075  0.0390419879836
0.00412255395466  126  447  447.417110652  1.58099924215  0.152010821541
0.00412255395466  126  461  460.965220548  1.73614922802  0.0881975404232
0.00412255395466  126  475  474.627767314  1.58454208159  0.0262419309358
0.00412255395466  126  488  488.483901353  1.37872222808  0.143048379511
0.00412255395466  126  502  502.420204032  1.49368238953  0.14532356488
0.00412255395466  126  516  516.433454936  1.51453397332  0.0815205559115
0.00412255395466  126  531  530.533587837  1.52140745597  0.0257175756772
0.00412255395466  126  545  544.765330219  1.74928482674  0.00364447532509
0.00412255395466  126  559  559.162058009  1.79921938183  0.0500614568372
0.00412255395466  126  574  573.592654522  1.70402946527  0.0105645243255
0.00412255395466  126  588  588.243401509  1.68330039256  0.200669113926
0.00412255395466  126  603  602.838033178  1.81733899396  0.03501413503
0.00412255395466  126  618  617.632797493  1.70773751836  0.0419184186345
0.00412255395466  126  633  632.543883401  1.60046396605  0.0532038185203
0.00412255395466  126  648  647.593010246  1.62125700642  0.0449936711039
0.00412255395466  126  663  662.733660219  1.74293667618  0.00434820139635
0.00412255395466  126  678  678.079979189  1.8171104305  0.0825866415552
0.00412255395466  126  693  693.501293181  1.59816082619  0.0414670839392
0.00412255395466  126  709  709.030154104  1.88307743123  0.0279822742553
0.00412255395466  126  725  724.652622757  1.8151520398  -0.0151277381397
0.00412255395466  126  740  740.483192464  1.77352564524  0.0225308817818
0.00412255395466  126  756  756.420422339  1.78507681144  0.0532206104283
0.00412255395466  126  772  772.474606436  1.77409199904  0.0631049257829
0.00412255395466  125  789  788.660771695  1.7970673923  0.0165441328845
0.00412255395466  125  805  805.026653365  1.90821113548  0.0751884346336
0.00412255395466  125  821  821.506953683  1.55736147433  0.143253973279
0.00412255395466  125  838  838.129483124  1.88219367263  0.0746861597948
0.00412255395466  125  855  854.851169259  1.89344318703  -0.010167601412
0.00412255395466  125  872  871.778281063  1.87096575885  0.00244706548047
0.00412255395466  125  889  888.815848938  1.91751908038  -0.0360483094313
0.00412255395466  125  906  906.070273756  1.95763764223  0.0028652582705
0.00412255395466  124  923  923.485472575  1.83534359416  0.0341987234519
0.00412255395466  124  941  940.954180312  1.98164629542  0.0322212090818
0.00412255395466  124  959  958.558504845  1.81691483939  0.00650315983391
0.00412255395466  124  976  976.414762307  1.75970688704  0.123619733924
0.00412255395466  124  994  994.401711862  1.77590501579  0.127473974666
0.00412255395466  123  1013  1012.59140699  1.8213139211  0.00316450374209
0.184050553955  124  8  7.52854398758  1.23627249394  0.0613729864695
0.184050553955  124  18  17.9955270675  1.49337877785  0.0707763576686
0.184050553955  124  29  28.524564917  1.2266046487  0.0541668939461
0.184050553955  124  39  39.1674586182  1.51799004988  0.0754657047751
0.184050553955  124  50  49.780681787  1.44998263531  0.0188447224472
0.184050553955  124  61  60.5402695869  1.22515883898  0.0203644842344
0.184050553955  125  71  71.4147221233  1.33960568766  0.128924906962
0.184050553955  125  82  82.3420161816  1.42022028394  0.185938724287
0.184050553955  125  93  93.3112109072  1.47568976266  0.165990171726
0.184050553955  125  104  104.364186045  1.41551361033  0.168851791273
0.184050553955  125  115  115.470546843  1.24607344521  0.220192073927
0.184050553955  125  127  126.591524282  1.27989403822  0.0340999467705
0.184050553955  125  138  137.889137752  1.57083865453  0.064279514285
0.184050553955  125  149  149.329942365  1.41501125637  0.234068711107
0.184050553955  125  161  160.648138428  1.39726825314  0.00742175361365
0.184050553955  126  172  172.233670868  1.49600668316  0.113278903395
0.184050553955  126  184  183.770040467  1.52484380392  0.0412729175314
0.184050553955  126  195  195.479762127  1.30638728329  0.0869996265596
0.184050553955  126  207  207.263259327  1.53794795901  0.0858913628982
0.184050553955  126  219  219.08808419  1.61258413979  0.101303891896
0.184050553955  126  231  230.993556049  1.63040428769  0.0646900798699
0.184050553955  126  243  242.993662808  1.64893738553  0.0648520991777
0.184050553955  126  255  255.13255896  1.6216988806  0.145518843541
0.184050553955  126  267  267.321409302  1.52206536659  0.162595202928
0.184050553955  126  280  279.522404795  1.30762242938  0.0861737343334
0.184050553955  126  292  291.880955701  1.62398662378  0.103012342618
0.184050553955  126  304  304.382426913  1.42724557031  0.220470565846
0.184050553955  127  317  316.812088236  1.63219970462  0.0434771239501
0.184050553955  127  329  329.48208688  1.35131797162  0.159084964551
0.184050553955  127  342  342.192438953  1.63335744163  0.094799095425
0.184050553955  127  355  354.961952119  1.6882390619  0.0242414414669
0.184050553955  127  368  367.85660261  1.67109748064  0.0304595333905
0.184050553955  127  381  380.858750431  1.70366686818  0.0121420770347
0.184050553955  127  394  393.960197094  1.72673884775  0.0297708547495
0.184050553955  127  407  407.204017142  1.6966912297  0.106444936664
0.184050553955  127  420  420.455493547  1.62594216912  0.0473266230134
0.184050553955  127  434  433.831736344  1.68620723768  0.0243311269939
0.184050553955  127  447  447.379426543  1.60223477735  0.142590871218
0.184050553955  127  461  460.941045758  1.73704868429  0.0993275013846
0.184050553955  127  475  474.600224523  1.60531872286  0.0364812113125
0.184050553955  127  488  488.455649979  1.49801115889  0.146258859622
0.184050553955  127  502  502.369503875  1.59036028035  0.138099359125
0.184050553955  127  516  516.38342941  1.59675756507  0.0719650163218
0.184050553955  127  530  530.499787476  1.55817762003  0.0528189753212
0.184050553955  127  545  544.720044275  1.71215941766  0.00779326006887
0.184050553955  127  559  559.1077963  1.79107118095  0.0441898928394
0.184050553955  127  574  573.54427241  1.72167329771  0.0236994179203
0.184050553955  127  588  588.181922443  1.72206167941  0.225512789932
0.184050553955  127  603  602.772241529  1.79196057628  0.024694851278
0.184050553955  127  618  617.578813435  1.71469839789  0.051389777968
0.184050553955  127  632  632.507848678  1.59594843685  0.092782532342
0.184050553955  127  648  647.539483771  1.62425652383  0.066587603366
0.184050553955  127  663  662.683334286  1.73802565308  0.00195324367787
0.184050553955  127  678  678.00331211  1.81113879118  0.0587284432798
0.184050553955  127  693  693.43937577  1.71465604029  0.0496537157676
0.184050553955  127  709  708.955213162  1.86734297975  0.00865085014847
0.184050553955  127  725  724.590148604  1.79104895968  -0.0122664521471
0.184050553955  127  740  740.414021617  1.77229996933  0.0209227262606
0.184050553955  127  756  756.35261893  1.80007183785  0.0583642056336
0.184050553955  126  772  772.451728261  1.7428100337  0.0715389692957
0.184050553955  126  789  788.590027448  1.75991871119  0.025569859732
0.184050553955  126  805  804.92496247  1.92198209324  0.0457254937012
0.184050553955  126  821  821.449987515  1.63830495247  0.160311285103
0.184050553955  126  838  838.029814239  1.89691716751  0.0501511452589
0.184050553955  126  855  854.761441867  1.84138651344  -0.0234737955288
0.184050553955  126  872  871.692112029  1.81913043102  0.00195733065476
0.184050553955  126  889  888.725613315  1.88175501193  -0.0386715146806
0.184050553955  125  906  906.080911977  1.95707497771  0.0396967008668
0.184050553955  125  923  923.405850089  1.83539049136  0.0509257437469
0.184050553955  125  941  940.849593154  1.95227603252  0.0137188602545
0.184050553955  125  958  958.487745574  1.78402982613  0.0430770572927
0.184050553955  125  976  976.346493902  1.80120340397  0.130518707176
0.184050553955  125  994  994.321916713  1.83069137096  0.128101201624
0.184050553955  124  1012  1012.50551389  1.74366620726  0.0447110791333
0.363978553955  125  8  7.52681794339  1.24266433538  0.0548091841012
0.363978553955  125  18  17.982724944  1.51760269786  0.0588561384832
0.363978553955  125  29  28.5244934916  1.22099331576  0.0575595936675
0.363978553955  125  39  39.1529118062  1.5099442005  0.0666209507439
0.363978553955  125  50  49.765551333  1.46640176479  0.00632433201633
0.363978553955  125  61  60.534127236  1.22942404031  0.0282204088283
0.363978553955  125  71  71.4125903035  1.36294480736  0.119737764646
0.363978553955  126  82  82.3334276733  1.40384578295  0.188646671055
0.363978553955  126  93  93.3090107283  1.48119259616  0.175792915603
0.363978553955  126  104  104.35524022  1.40967265768  0.179206551789
0.363978553955  126  115  115.469311624  1.24469929001  0.227988897025
0.363978553955  126  127  126.582332693  1.26460599587  0.0469100879324
0.363978553955  126  138  137.883173483  1.54466932079  0.0541622841451
0.363978553955  126  149  149.320728239  1.43326048171  0.235150998827
0.363978553955  126  161  160.629024402  1.34781504011  0.00355679056095
0.363978553955  126  172  172.232827548  1.48807233616  0.130628678241
0.363978553955  127  184  183.748745899  1.54227971055  0.0465955415745
0.363978553955  127  195  195.461480669  1.32316558267  0.081610851217
0.363978553955  127  207  207.231892916  1.55838561719  0.0741331619787
0.363978553955  127  219  219.062435349  1.6172057248  0.100366953369
0.363978553955  127  231  230.959448972  1.63206826612  0.0541144525482
0.363978553955  127  243  242.970565645  1.64440504327  0.0634634964904
0.363978553955  127  255  255.105262891  1.62442182809  0.141386300179
0.363978553955  127  267  267.29302632  1.5509626979  0.168086414508
0.363978553955  127  279  279.511395963  1.3141569779  0.152276430747
0.363978553955  127  292  291.850853654  1.63572021908  0.096656834768
0.363978553955  127  304  304.342995531  1.49373993958  0.167648534734
0.363978553955  128  317  316.765619865  1.58977916664  0.0195218750418
0.363978553955  128  329  329.459111102  1.3919970284  0.170352046261
0.363978553955  128  342  342.160180703  1.63588125605  0.0994478039291
0.363978553955  128  355  354.855178402  1.59418413183  -0.179743348932
0.363978553955  128  368  367.815481121  1.64904309376  0.0230140486085
0.363978553955  128  381  380.810717306  1.67695160248  -0.000886946067297
0.363978553955  128  394  393.921870253  1.71110382909  0.0156869939168
0.363978553955  128  407  407.167780003  1.7123959273  0.107351037477
0.363978553955  128  420  420.44049236  1.54313314471  0.0945141183818
0.363978553955  128  434  433.787168321  1.69171958236  0.0377346682389
0.363978553955  128  447  447.344682078  1.63135911744  0.1714623952
0.363978553955  128  461  460.868468218  1.73717985885  0.0630145551476
0.363978553955  128  475  474.544055522  1.42869632959  0.0328415382705
0.363978553955  128  488  488.424297286  1.46364839725  0.173406934819
0.363978553955  128  502  502.343198904  1.5808446905  0.163103266579
0.363978553955  128  516  516.353957462  1.57253254361  0.104227299758
0.363978553955  128  530  530.465112046  1.49996611365  0.0865690409369
0.363978553955  128  545  544.659498634  1.67719359081  -0.00144609592569
0.363978553955  128  559  559.041466135  1.81050123382  0.0304738949977
0.363978553955  128  573  573.505085655  1.65325234105  0.0433075179017
0.363978553955  128  588  588.089095095  1.82193351142  0.144763819482
0.363978553955  128  603  602.706437826  1.77816942584  0.00334385992452
0.363978553955  128  618  617.534369634  1.62839434207  0.07302874068
0.363978553955  128  632  632.467603329  1.49069010728  0.147079538285
0.363978553955  128  647  647.491151105  1.53396907536  0.110681166347
0.363978553955  128  663  662.60731057  1.67842125034  0.00416059298386
0.363978553955  128  678  677.932090057  1.84046145043  0.0440665377899
0.363978553955  128  693  693.388918103  1.71323519109  0.0754441727454
0.363978553955  128  709  708.869033394  1.86998522756  -0.00160935967611
0.363978553955  128  725  724.548050063  1.72206240475  0.00570321682341
0.363978553955  128  740  740.366691974  1.79179694492  0.0408815683345
0.363978553955  128  756  756.292508285  1.82692794092  0.0811537245104
0.363978553955  127  772  772.396413292  1.7606012334  0.0916465919202
0.363978553955  127  789  788.532517163  1.75558915951  0.0433992024089
0.363978553955  127  805  804.835901428  1.88264228807  0.0276940175125
0.363978553955  127  821  821.378119866  1.72952773844  0.15457126097
0.363978553955  127  838  837.943765131  1.89244820597  0.0341866630979
0.363978553955  127  855  854.67202908  1.80879333253  -0.0385868777881
0.363978553955  127  872  871.609458944  1.79603176017  0.00618217628469
0.363978553955  127  889  888.662237526  1.84453352948  -0.0247294304837
0.363978553955  126  906  905.955695555  1.93712707519  -0.0096419858573
0.363978553955  126  923  923.331268938  1.88869924562  0.063928238697
0.363978553955  126  941  940.738567972  1.94274461287  -0.00514575226436
0.363978553955  126  958  958.412312719  1.79637741388  0.058399136026
0.363978553955  126  976  976.25690635  1.85792932694  0.140165520768
0.363978553955  126  994  994.203522457  1.92359934602  0.109540547077
0.363978553955  125  1012  1012.42881706  1.73696770834  0.0649187475707
0.543906553955  126  8  7.5223204508  1.24213133476  0.0439397577452
0.543906553955  126  18  17.9939891631  1.50394094714  0.074767140584
0.543906553955  126  29  28.5195303242  1.21189738907  0.0549960982661
0.543906553955  126  39  39.1477902843  1.51774168888  0.0698175883492
0.543906553955  126  50  49.7734791828  1.4548657284  0.0145069236135
0.543906553955  126  61  60.5277264779  1.21454805579  0.0254224428761
0.543906553955  126  71  71.4183689224  1.38293394367  0.125282282076
0.543906553955  127  82  82.3283116736  1.43836800735  0.176074227708
0.543906553955  127  93  93.2939671959  1.48987237416  0.161848041825
0.543906553955  127  104  104.345109403  1.4581953131  0.163872188162
0.543906553955  127  115  115.456962042  1.26214420943  0.226723778463
0.543906553955  127  127  126.577343221  1.24517602585  0.0693285980202
0.543906553955  127  138  137.864151965  1.55001916948  0.0515714351002
0.543906553955  127  149  149.30573396  1.44107173264  0.233457276275
0.543906553955  127  161  160.623085567  1.3653790029  0.00294208871718
0.543906553955  127  172  172.213202824  1.53673913988  0.0976307187639
0.543906553955  128  184  183.717239153  1.47780296101  0.0252536305451
0.543906553955  128  195  195.458981094  1.36088641275  0.104028099381
0.543906553955  128  207  207.213884393  1.57626439179  0.0720443808465
0.543906553955  128  219  219.054641837  1.61453111134  0.103135187228
0.543906553955  128  231  230.934448791  1.63149827813  0.0446176137772
0.543906553955  128  243  242.944885868  1.64476895832  0.0523632238705
0.543906553955  128  255  255.069577775  1.63524363398  0.113706044105
0.543906553955  128  267  267.273403944  1.57276186342  0.165000209062
0.543906553955  128  279  279.503991188  1.30228103453  0.156106312195
0.543906553955  128  292  291.822361103  1.61203665911  0.0937818400284
0.543906553955  128  304  304.323185388  1.50818210527  0.179033423253
0.543906553955  128  317  316.755884488  1.53570371759  0.0487218920378
0.543906553955  129  329  329.432434253  1.45717770916  0.175911663536
0.543906553955  129  342  342.12828661  1.65578227432  0.0946813781826
0.543906553955  129  355  354.871761176  1.64619999885  -0.0281968191309
0.543906553955  129  368  367.780703623  1.65741751685  0.0168925334804
0.543906553955  129  381  380.7779015  1.66717983789  -0.0026799513187
0.543906553955  129  394  393.879661366  1.7130254891  0.00384235185493
0.543906553955  129  407  407.119334697  1.73261353487  0.0857817422134
0.543906553955  129  420  420.402625647  1.58774596402  0.100672749032
0.543906553955  129  434  433.745191034  1.67733390772  0.0432058357645
0.543906553955  129  447  447.297367731  1.6482582451  0.162503300544
0.543906553955  129  461  460.816166823  1.72484059839  0.0472989100482
0.543906553955  129  475  474.5200327  1.42359082409  0.0629486153792
0.543906553955  129  488  488.37838822  1.53143934714  0.170582833544
0.543906553955  129  502  502.292897845  1.64800500179  0.151918991265
0.543906553955  129  516  516.302681627  1.65322666057  0.101558680975
0.543906553955  129  530  530.423991389  1.55046285947  0.0857830391462
0.543906553955  129  545  544.606814895  1.65021410748  -0.00315636218868
0.543906553955  129  559  558.981055817  1.81073813568  0.0254166739626
0.543906553955  129  573  573.45503321  1.6875204843  0.054317686653
0.543906553955  129  588  587.985084774  1.85567422019  0.0530735480279
0.543906553955  129  603  602.660139986  1.74345678801  0.0220153743771
0.543906553955  129  617  617.484745912  1.67308040765  0.0924420753243
0.543906553955  129  632  632.42073777  1.61303256566  0.140307375872
0.543906553955  129  647  647.453959394  1.57688760303  0.120897731833
0.543906553955  129  663  662.558697727  1.62878999866  0.022771489007
0.543906553955  129  678  677.853099762  1.81208407181  0.0166141811677
0.543906553955  129  693  693.33837633  1.75007171357  0.0701795649642
0.543906553955  129  709  708.807518319  1.83436279387  -0.00742001145857
0.543906553955  129  724  724.485456639  1.71658954319  0.0212940867239
0.543906553955  129  740  740.298598891  1.80986888081  0.0465579277607
0.543906553955  128  756  756.292247317  1.82779563839  0.0776693125029
0.543906553955  128  772  772.328748861  1.79069271135  0.109736966206
0.543906553955  128  788  788.481868159  1.70196738028  0.0721877401859
0.543906553955  128  805  804.755731955  1.84354407723  0.0222614082003
0.543906553955  128  821  821.304107257  1.78428867472  0.145568643379
0.543906553955  128  838  837.853208053  1.88059531186  0.0175906026546
0.543906553955  128  855  854.599171219  1.74904330792  -0.0312290223713
0.543906553955  128  872  871.537858305  1.74741838454  0.00889092714484
0.543906553955  128  889  888.575871967  1.78959606437  -0.0300700378128
0.543906553955  127  906  905.863449885  1.9592298345  -0.0205491974643
0.543906553955  127  923  923.234468738  1.93226209125  0.0538553387426
0.543906553955  127  941  940.671011618  1.90499830354  0.00450955947214
0.543906553955  127  958  958.349448139  1.86621237887  0.0690026334063
0.543906553955  127  976  976.148650376  1.90319637626  0.115336376032
0.543906553955  127  994  994.067583239  1.96580309757  -0.00786345355344
0.543906553955  126  1012  1012.35345695  1.8371762592  0.0750091061732
0.723834553955  127  8  7.52283604546  1.22531525565  0.0428036039322
0.723834553955  127  18  17.9861415406  1.51898417948  0.0653517871826
0.723834553955  127  29  28.5173524982  1.20919874206  0.074278863824
0.723834553955  127  39  39.1487364774  1.5150334339  0.070631882677
0.723834553955  127  50  49.7632554127  1.47412529426  0.0116573680954
0.723834553955  127  61  60.5335770305  1.21221631181  0.0479430521509
0.723834553955  127  71  71.4031772512  1.41269993569  0.113362106735
0.723834553955  128  82  82.3125098705  1.44732131714  0.1326519751
0.723834553955  128  93  93.2968604716  1.46580985517  0.175252603913
0.723834553955  128  104  104.335669591  1.41748094682  0.16625912027
0.723834553955  128  115  115.451956826  1.25853540758  0.221864370172
0.723834553955  128  127  126.562736613  1.24340415065  0.0612556192887
0.723834553955  128  138  137.844224662  1.53106958981  0.043637973622
0.723834553955  128  149  149.297784084  1.45781784204  0.227414893927
0.723834553955  128  161  160.607167503  1.33014844381  0.00576419533629
0.723834553955  128  172  172.2076893  1.51001629773  0.11036675194
0.723834553955  129  184  183.694837844  1.46575482201  0.0258200145467
0.723834553955  129  195  195.442643471  1.37304821194  0.0990993445064
0.723834553955  129  207  207.190875731  1.57263972463  0.0730795063867
0.723834553955  129  219  219.016462695  1.62647933302  0.0937749019543
0.723834553955  129  231  230.899747947  1.63451564432  0.0296158026927
0.723834553955  129  243  242.915939671  1.62352208173  0.0380035772394
0.723834553955  129  255  255.054174761  1.64266443146  0.126172797515
0.723834553955  129  267  267.249011027  1.56629810718  0.15698930143
0.723834553955  129  279  279.48365977  1.35339294669  0.151759554598
0.723834553955  129  292  291.781466629  1.61385223047  0.0647184681445
0.723834553955  129  304  304.302188396  1.53447427428  0.181370135034
0.723834553955  129  317  316.732368239  1.56089837373  0.0198601636328
0.723834553955  130  329  329.415298912  1.43127501622  0.181444344773
0.723834553955  130  342  342.09914001  1.65706110536  0.0794064790758
0.723834553955  130  355  354.847454552  1.65592037957  0.00772172165942
0.723834553955  130  368  367.753334069  1.61750946934  0.0134959634546
0.723834553955  130  381  380.744216409  1.65921873074  -0.00619378083939
0.723834553955  130  394  393.853606438  1.70910436545  0.0171923540768
0.723834553955  130  407  407.078208396  1.73023027557  0.069836478806
0.723834553955  130  420  420.368672615  1.62819351482  0.092640955436
0.723834553955  130  434  433.696493376  1.66160568182  0.0251166169476
0.723834553955  130  447  447.263596028  1.672190869  0.150067578895
0.723834553955  130  461  460.777990554  1.7265313632  0.0510863861905
0.723834553955  130  474  474.491264034  1.38745123663  0.101160445479
0.723834553955  130  488  488.344304561  1.56312123696  0.158821793865
0.723834553955  130  502  502.248142541  1.64024958418  0.137805076028
0.723834553955  130  516  516.257694064  1.67197120149  0.0827280398397
0.723834553955  130  530  530.379961363  1.59703007523  0.0860595978831
0.723834553955  130  545  544.56625169  1.60951259749  0.0111947606475
0.723834553955  130  559  558.908935585  1.79547025978  -0.00146457396741
0.723834553955  130  573  573.428010254  1.70338948672  0.0673258868215
0.723834553955  130  588  587.955747822  1.82703815265  0.0530799493906
0.723834553955  130  603  602.612066406  1.73859028144  0.0226443280909
0.723834553955  130  617  617.445177904  1.68821436309  0.106065796628
0.723834553955  130  632  632.37710805  1.64997030788  0.151989604495
0.723834553955  130  647  647.405926043  1.6454850272  0.123843911544
0.723834553955  130  663  662.525485377  1.56928863203  0.0598717654517
0.723834553955  130  678  677.78306676  1.78112977748  0.00324770579257
0.723834553955  130  693  693.25724675  1.80176495635  0.0563161570925
0.723834553955  130  709  708.735236838  1.82470885203  -0.0161443075255
0.723834553955  130  724  724.437165038  1.72984452635  0.0407646538465
0.723834553955  130  740  740.225995978  1.85548992117  0.0384888827812
0.723834553955  129  756  756.217512231  1.85562664741  0.0599689862771
0.723834553955  129  772  772.260450991  1.81784843699  0.108097651894
0.723834553955  129  788  788.416240904  1.70050834278  0.0950155566183
0.723834553955  129  805  804.678377511  1.79010521516  0.0153404734335
0.723834553955  129  821  821.218530872  1.85303527102  0.130750851574
0.723834553955  129  838  837.759709188  1.82949923559  -0.00178863173907
0.723834553955  129  855  854.533129983  1.67809526694  -0.0142891047453
0.723834553955  129  871  871.4770659  1.69508636397  0.0424412782438
0.723834553955  129  889  888.501626031  1.78534441699  -0.0173422878707
0.723834553955  128  906  905.753274339  1.90915876652  -0.0348161705237
0.723834553955  128  923  923.150652354  1.96161885858  0.0537477393997
0.723834553955  128  941  940.581224238  1.86951501807  0.00612040107958
0.723834553955  128  958  958.256390723  1.87908081218  0.0824320858488
0.723834553955  128  976  976.03845185  1.94541542385  0.083075453501
0.723834553955  127  994  994.129641081  1.93424408104  0.151429005029
0.723834553955  127  1012  1012.25850322  1.88882041422  0.0686287593655
0.903762553955  128  8  7.52643946683  1.23899907224  0.0596834009374
0.903762553955  128  18  18.0056754387  1.50227190216  0.0820605913843
0.903762553955  128  29  28.5179831822  1.21669366365  0.0549795119118
0.903762553955  128  39  39.1462379305  1.52137344795  0.0488237390566
0.903762553955  128  50  49.7570960311  1.43458413986  0.0214843703777
0.903762553955  128  61  60.5288766012  1.21945438049  0.0315852682045
0.903762553955  128  71  71.4121117862  1.38153264083  0.131414419061
0.903762553955  128  82  82.3299128876  1.38478412311  0.19538177436
0.903762553955  129  93  93.282118244  1.50015868747  0.161155778363
0.903762553955  129  104  104.327178468  1.44456334437  0.172734184165
0.903762553955  129  115  115.437646853  1.26874861193  0.235775582498
0.903762553955  129  127  126.556917692  1.2268635231  0.090193030756
0.903762553955  129  138  137.832404035  1.54659579664  0.0394847816881
0.903762553955  129  149  149.283422879  1.45261829777  0.232150998024
0.903762553955  129  161  160.596972028  1.31529533589  0.012762282172
0.903762553955  129  172  172.184060896  1.54336657273  0.0915693072688
0.903762553955  130  184  183.702509519  1.46075263463  0.0372862177073
0.903762553955  130  195  195.431290071  1.407119096  0.104085951158
0.903762553955  130  207  207.166409689  1.59277576629  0.0670347381355
0.903762553955  130  219  218.988603686  1.61542109086  0.0727002528165
0.903762553955  130  231  230.895803688  1.59813927554  0.0438718869021
0.903762553955  130  243  242.898419194  1.62970747986  0.0480840904258
0.903762553955  130  255  255.01947123  1.64688220519  0.10458967177
0.903762553955  130  267  267.222367221  1.60315618045  0.152026522311
0.903762553955  130  279  279.467168145  1.39574630999  0.151436655124
0.903762553955  130  292  291.759762623  1.59544436114  0.0692782703145
0.903762553955  130  304  304.27249416  1.54967368642  0.18377879046
0.903762553955  130  317  316.710764441  1.55365509702  0.037113568858
0.903762553955  130  329  329.391314172  1.41420203117  0.205912829359
0.903762553955  131  342  342.045605613  1.66777734023  0.0564126348451
0.903762553955  131  355  354.807331384  1.64513383939  -0.0039473811001
0.903762553955  131  368  367.715854166  1.62596918665  0.0106123779552
0.903762553955  131  381  380.712921236  1.64931948751  0.000466985646651
0.903762553955  131  394  393.809327305  1.69408288165  0.012946170524
0.903762553955  131  407  407.040118992  1.73177693438  0.077992957384
0.903762553955  131  420  420.332754792  1.6436041924  0.0845643397597
0.903762553955  131  434  433.670187375  1.6750888581  0.0472161927252
0.903762553955  131  447  447.216534646  1.68816243065  0.139473459791
0.903762553955  131  461  460.73280709  1.70359084624  0.0477141677552
0.903762553955  131  474  474.465580488  1.52397707569  0.10273923987
0.903762553955  131  488  488.293411528  1.63300407435  0.147283514988
0.903762553955  131  502  502.186622119  1.69104924457  0.120194686232
0.903762553955  131  516  516.19827377  1.72392465934  0.0531172998698
0.903762553955  131  530  530.331368442  1.64849776106  0.0856264703136
0.903762553955  131  545  544.527635411  1.65348234264  0.0184238009927
0.903762553955  131  559  558.864582943  1.81225337091  -0.000189238470747
0.903762553955  131  573  573.374145652  1.7399191446  0.0695722998663
0.903762553955  131  588  587.891745271  1.79415015175  0.0397261843813
0.903762553955  131  603  602.553973275  1.71614392077  0.02988945049
0.903762553955  131  617  617.388940929  1.699640714  0.102379289942
0.903762553955  131  632  632.309983498  1.69501054837  0.136008855359
0.903762553955  131  647  647.341192499  1.69999654323  0.123558690205
0.903762553955  131  662  662.474176949  1.64770774714  0.0734858180725
0.903762553955  131  678  677.724840092  1.75177317037  0.00893827019141
0.903762553955  131  693  693.184518899  1.83343183655  0.0420807530625
0.903762553955  131  709  708.67116478  1.80013318556  -0.0184187447748
0.903762553955  131  724  724.379488026  1.77980935165  0.0549360176955
0.903762553955  131  740  740.150163751  1.87846574374  0.0212122434224
0.903762553955  130  756  756.13210292  1.88688151984  0.0542414122106
0.903762553955  130  772  772.186550226  1.8533742503  0.0962330431194
0.903762553955  130  788  788.350660869  1.75830781485  0.101706551201
0.903762553955  130  805  804.600579024  1.75177251798  0.0219846899755
0.903762553955  130  821  821.134512882  1.91152541498  0.112739822817
0.903762553955  130  838  837.672284987  1.79793958892  -0.00870767239274
0.903762553955  130  854  854.481055192  1.70980491925  0.0359318422384
0.903762553955  130  871  871.408328741  1.75591523024  0.0635820972576
0.903762553955  130  888  888.453197169  1.82779147544  -0.00564325169811
0.903762553955  129  906  905.668730279  1.86427306628  -0.0412988805041
0.903762553955  129  923  923.04780515  1.97482032165  0.0371532890372
0.903762553955  129  941  940.502317607  1.84120733431  0.0213931434367
0.903762553955  129  958  958.165882214  1.94638773304  0.0660011054911
0.903762553955  129  976  975.942846515  1.95197666499  0.0652836320433
0.903762553955  128  994  993.989543306  1.97621146345  0.0598184113304
0.903762553955  128  1012  1012.13717848  1.93647336313  0.0498638873946
1.08369055395  129  8  7.53132090386  1.23380490742  0.056990471917
1.08369055395  129  18  17.9989939646  1.52155595168  0.0725476797412
1.08369055395  129  29  28.5208697718  1.21612878544  0.0577167095711
1.08369055395  129  39  39.1481308728  1.51863854545  0.0750683901269
1.08369055395  129  50  49.7611463055  1.47060081374  0.0116846468165
1.08369055395  129  61  60.5261511094  1.21108469243  0.0332540274082
1.08369055395  129  71  71.40124525  1.36358545174  0.123602899263
1.08369055395  129  82  82.3233631834  1.40587435187  0.179813293027
1.08369055395  130  93  93.2812701792  1.49318833683  0.155675419352
1.08369055395  130  104  104.317523011  1.42177704304  0.168362762963
1.08369055395  130  115  115.433335038  1.30165187213  0.225078738192
1.08369055395  130  127  126.552547861  1.22092935442  0.0693452959515
1.08369055395  130  138  137.827138451  1.51930885836  0.0480394668911
1.08369055395  130  149  149.270767965  1.47895770462  0.210499669154
1.08369055395  130  161  160.591638351  1.32500516202  0.0146553159185
1.08369055395  130  172  172.167969766  1.54550403047  0.0796507853629
1.08369055395  130  184  183.694175207  1.47150090204  0.0302698867597
1.08369055395  131  195  195.412880261  1.42603488431  0.099686845893
1.08369055395  131  207  207.1523424  1.58671884737  0.0562031748325
1.08369055395  131  219  218.980814235  1.63369179679  0.0752599641356
1.08369055395  131  231  230.878059715  1.6315063991  0.0452297160503
1.08369055395  131  243  242.884074946  1.61538063338  0.0408058569462
1.08369055395  131  255  255.000422147  1.65787023358  0.106085122864
1.08369055395  131  267  267.19359721  1.61331313753  0.137451595309
1.08369055395  131  279  279.443572774  1.41254604459  0.164529926139
1.08369055395  131  292  291.730343885  1.58828938744  0.0689041046062
1.08369055395  131  304  304.239786622  1.58955954451  0.167981047921
1.08369055395  131  317  316.680143711  1.53414769964  0.0261359292857
1.08369055395  131  329  329.371684809  1.49442128403  0.169080503807
1.08369055395  132  342  342.028165045  1.66242798175  0.0715923831557
1.08369055395  132  355  354.782211753  1.65761843533  0.002471677076
1.08369055395  132  368  367.687282191  1.56504286152  0.00189162315658
1.08369055395  132  381  380.664571874  1.60962172251  -0.0267497605691
1.08369055395  132  394  393.778566114  1.67317643243  0.00336375456167
1.08369055395  132  407  406.988500883  1.74830801697  0.0511631258817
1.08369055395  132  420  420.301722708  1.62532312742  0.10178129975
1.08369055395  132  434  433.632339536  1.63811977163  0.0337725532053
1.08369055395  132  447  447.17335373  1.71919295602  0.134856926238
1.08369055395  132  461  460.689184295  1.65321888944  0.0354199836925
1.08369055395  132  474  474.44438863  1.45853561903  0.14180571824
1.08369055395  132  488  488.249436841  1.63851272404  0.149411408152
1.08369055395  132  502  502.155287217  1.70143749731  0.132410384169
1.08369055395  132  516  516.15048538  1.70913151656  0.0633064448688
1.08369055395  132  530  530.292647831  1.67776404769  0.075728425479
1.08369055395  132  544  544.495224725  1.5382870057  0.0645870713386
1.08369055395  132  559  558.806454784  1.79146596349  -0.0105597879347
1.08369055395  132  573  573.320012572  1.73059923085  0.0665754808836
1.08369055395  132  588  587.844017595  1.7929407478  0.0322444300265
1.08369055395  132  603  602.502654468  1.68283445981  0.0299979388769
1.08369055395  132  617  617.342220953  1.73550546414  0.114788515506
1.08369055395  132  632  632.268091275  1.73359074275  0.135183447241
1.08369055395  132  647  647.289601207  1.7455286638  0.120834496421
1.08369055395  132  662  662.430731185  1.59129409261  0.100016655695
1.08369055395  132  678  677.656986926  1.70658408432  -0.00352152890075
1.08369055395  132  693  693.103896078  1.84922915014  0.0298118269636
1.08369055395  132  709  708.604270125  1.75198362138  -0.0213962038009
1.08369055395  132  724  724.320677203  1.77952943977  0.0592686597452
1.08369055395  131  740  740.16133836  1.87046581111  0.0495485036725
1.08369055395  131  756  756.055476556  1.88597090835  0.0395576142636
1.08369055395  131  772  772.113955218  1.87935887621  0.0880915651711
1.08369055395  131  788  788.277380529  1.81461681687  0.0829276779634
1.08369055395  131  805  804.552651174  1.75741411316  0.0328091581222
1.08369055395  131  821  821.053901775  1.92888583299  0.0990686965549
1.08369055395  131  838  837.613864277  1.77038693541  0.00659625336052
1.08369055395  131  854  854.412826059  1.75011734688  0.0451393322633
1.08369055395  131  871  871.337905281  1.81783530511  0.0673489897066
1.08369055395  130  888  888.435243119  1.7913903877  0.00578754387667
1.08369055395  130  906  905.594514534  1.84731166495  -0.035933514483
1.08369055395  130  923  922.938164634  1.95906587257  0.0137792364701
1.08369055395  130  940  940.440050666  1.82927636829  0.0481013747411
1.08369055395  130  958  958.045443236  1.95319868251  0.0436907073114
1.08369055395  130  976  975.822610418  1.9391715297  0.0459542392373
1.08369055395  129  994  993.894510855  1.97828236083  0.0511903951778
1.08369055395  129  1012  1012.04552849  1.98083211215  0.0302823102225
1.26361855395  129  8  7.52971686176  1.22213623643  0.0961304249011
1.26361855395  130  18  17.996626496  1.48844796939  0.0731097516796
1.26361855395  130  29  28.5200417905  1.19692431287  0.0551584854652
1.26361855395  130  39  39.1633027242  1.51585876617  0.0788422393195
1.26361855395  130  50  49.7623452122  1.45062385631  0.014116065188
1.26361855395  130  61  60.5289007858  1.20085333043  0.030236785597
1.26361855395  130  71  71.4037555502  1.38421095874  0.114135490332
1.26361855395  130  82  82.3213071305  1.41027282498  0.185924363681
1.26361855395  131  93  93.2683911823  1.49156410206  0.176600516463
1.26361855395  131  104  104.306641962  1.47172185468  0.163213629257
1.26361855395  131  115  115.42647946  1.34963457082  0.23380320263
1.26361855395  131  127  126.550274357  1.2271563647  0.0666124933997
1.26361855395  131  138  137.823769495  1.55969988316  0.0472544315628
1.26361855395  131  149  149.253985528  1.49325227828  0.193803227431
1.26361855395  131  161  160.589746697  1.3290491377  0.0202376538696
1.26361855395  131  172  172.159090103  1.56164817928  0.0809401554762
1.26361855395  131  184  183.681935867  1.49378293793  0.0277115156614
1.26361855395  132  195  195.410647911  1.42925169417  0.104608562282
1.26361855395  132  207  207.144103068  1.59642345433  0.0583792052391
1.26361855395  132  219  218.956454948  1.6523271508  0.0645518016747
1.26361855395  132  231  230.846554873  1.61769170961  0.0282734179072
1.26361855395  132  243  242.862123113  1.63174060856  0.0357485813989
1.26361855395  132  255  254.966694736  1.67344936487  0.0979729535931
1.26361855395  132  267  267.175679095  1.63040093352  0.12795410043
1.26361855395  132  279  279.43481498  1.42395599683  0.162277550504
1.26361855395  132  292  291.70619667  1.56214680287  0.0600251340747
1.26361855395  132  304  304.220437662  1.60018313637  0.152628399599
1.26361855395  132  317  316.644206632  1.49646741014  0.022738496353
1.26361855395  132  329  329.357786821  1.49963886744  0.16690450804
1.26361855395  133  342  342.013825768  1.63789970148  0.0897646882863
1.26361855395  133  355  354.742648099  1.64045135179  -0.000480841840236
1.26361855395  133  368  367.641379608  1.56534874533  -0.000733396958378
1.26361855395  133  381  380.645181988  1.62712057055  -0.0117772335462
1.26361855395  133  394  393.741406574  1.67743650919  0.0040883014429
1.26361855395  133  407  406.954252923  1.74818035098  0.0543036520347
1.26361855395  133  420  420.256121173  1.66541947632  0.0995827880674
1.26361855395  133  434  433.583740561  1.64700828684  0.0270187753295
1.26361855395  133  447  447.122631106  1.72921710295  0.121811810625
1.26361855395  133  461  460.655561204  1.647463113  0.0433429714679
1.26361855395  133  474  474.405938487  1.53900066259  0.132465477814
1.26361855395  133  488  488.19605939  1.70584149239  0.128341227629
1.26361855395  133  502  502.099110483  1.7263051692  0.108140638201
1.26361855395  133  516  516.094817436  1.75449064354  0.0441278700563
1.26361855395  133  530  530.244668077  1.72315244236  0.0785123351587
1.26361855395  133  544  544.452511831  1.58363022934  0.0671346731854
1.26361855395  133  559  558.753315359  1.77261013176  -0.0201296998906
1.26361855395  133  573  573.270803424  1.75839798411  0.0649434771595
1.26361855395  133  588  587.773613353  1.79451108545  0.0257035645791
1.26361855395  133  602  602.472569183  1.65690482786  0.0648799345502
1.26361855395  133  617  617.289871374  1.77362836046  0.109403785959
1.26361855395  133  632  632.20371566  1.76430735842  0.129699649715
1.26361855395  133  647  647.230902695  1.79084218734  0.11208461045
1.26361855395  133  662  662.380899205  1.67554450815  0.108756434106
1.26361855395  133  678  677.606553308  1.6855332778  0.0212531382717
1.26361855395  133  693  693.047858722  1.87076101066  0.0296711358914
1.26361855395  133  709  708.553444403  1.72317831869  -0.00166429272549
1.26361855395  133  724  724.24997392  1.84659042864  0.0522646790472
1.26361855395  132  740  740.080157897  1.89116596314  0.0192192330561
1.26361855395  132  756  755.985782079  1.90150751151  0.0300957671319
1.26361855395  132  772  772.023553727  1.90561840991  0.0648494307866
1.26361855395  132  788  788.200122099  1.85040124298  0.0874234344409
1.26361855395  132  804  804.486939646  1.7015807228  0.0663080760578
1.26361855395  132  821  820.957859381  1.94512330549  0.0709317995131
1.26361855395  132  838  837.552470201  1.70996384607  0.0141583727192
1.26361855395  132  854  854.340846286  1.80056396819  0.061871996688
1.26361855395  132  871  871.25980661  1.86771507428  0.075107775838
1.26361855395  131  888  888.363179969  1.82060428314  0.0237483238657
1.26361855395  131  906  905.525314076  1.85835164946  -0.0210744537633
1.26361855395  131  923  922.851697405  1.94398891074  0.000301051973782
1.26361855395  131  940  940.358958503  1.86349469058  0.0478362977922
1.26361855395  131  958  957.948454112  1.98373032295  0.0238384844945
1.26361855395  131  976  975.745234792  1.9333233097  0.0354195850182
1.26361855395  130  994  993.789795438  1.9331609671  0.0671522216162
1.26361855395  130  1012  1011.92599817  1.9670428144  0.0144056991534
1.44354655395  130  8  7.5262174942  1.21979078858  0.0927333149733
1.44354655395  131  18  17.9314338517  1.50947205464  0.0701346110763
1.44354655395  131  28  28.5035422338  1.14871044074  0.155075759351
1.44354655395  131  39  39.1292658142  1.5069192672  0.0780430092621
1.44354655395  131  50  49.7499698942  1.45705784226  0.0226904947083
1.44354655395  131  61  60.5272339192  1.1804797774  0.0598790206102
1.44354655395  131  71  71.3815256858  1.43682882435  0.0983074299751
1.44354655395  131  82  82.307523097  1.43314455481  0.188196119564
1.44354655395  131  93  93.1206074529  1.38768764374  0.150278036832
1.44354655395  132  104  104.277678531  1.46643180871  0.145883411425
1.44354655395  132  115  115.41072194  1.32941553617  0.244510605588
1.44354655395  132  127  126.528727305  1.2064763732  0.0787062253721
1.44354655395  132  138  137.806803377  1.51811576409  0.0494048304904
1.44354655395  132  149  149.251837834  1.45941437338  0.221915790427
1.44354655395  132  161  160.565556854  1.26337861023  0.0134841537779
1.44354655395  132  172  172.148144112  1.50855808837  0.0911510747033
1.44354655395  132  184  183.664638459  1.432429617  0.0402133450321
1.44354655395  132  195  195.292966617  1.32079148491  0.176320575508
1.44354655395  133  207  207.133307391  1.6005343502  0.0687244920849
1.44354655395  133  219  218.94101251  1.617692061  0.0667944888241
1.44354655395  133  231  230.841357917  1.61047812356  0.0383365470358
1.44354655395  133  243  242.827515817  1.61378808355  0.00987291873905
1.44354655395  133  255  254.94878143  1.6729306442  0.0888830563106
1.44354655395  133  267  267.146284189  1.6388618291  0.126724599871
1.44354655395  133  279  279.411666347  1.46485653158  0.16569364195
1.44354655395  133  292  291.681286469  1.5543354213  0.0526132183983
1.44354655395  133  304  304.18272601  1.6057566689  0.150037219167
1.44354655395  133  317  316.632920546  1.49072169574  0.0329143884663
1.44354655395  133  329  329.334477805  1.52012091012  0.168564084777
1.44354655395  133  342  341.98149942  1.67670252345  0.0573127918345
1.44354655395  134  355  354.730841024  1.58969229153  -0.0137410287679
1.44354655395  134  368  367.642348585  1.53149067971  0.0140970321525
1.44354655395  134  381  380.625146424  1.5688398549  -0.0176364978213
1.44354655395  134  394  393.713716308  1.62221508487  -0.00179497766053
1.44354655395  134  407  406.931652803  1.73106610214  0.0355582324329
1.44354655395  134  420  420.233591396  1.66965978643  0.0870269230263
1.44354655395  134  434  433.574104477  1.6644009024  0.0397232931849
1.44354655395  134  447  447.091037108  1.73628827496  0.111789251796
1.44354655395  134  461  460.617181874  1.65521230874  0.0356593030151
1.44354655395  134  474  474.365384705  1.59814588707  0.129740360262
1.44354655395  134  488  488.157099526  1.67964169312  0.122859736534
1.44354655395  134  502  502.049344775  1.72257949826  0.0991456392611
1.44354655395  134  516  516.050066432  1.72485724391  0.0445695940255
1.44354655395  134  530  530.205286705  1.75474159448  0.0109615905787
1.44354655395  134  544  544.416794854  1.58379343866  0.0779206948833
1.44354655395  134  559  558.708136177  1.74247861851  -0.0208044833516
1.44354655395  134  573  573.210867863  1.77130212932  0.0517883340044
1.44354655395  134  588  587.72686879  1.76850173456  0.0200116901383
1.44354655395  134  602  602.422809119  1.69521509304  0.0504253427504
1.44354655395  134  617  617.240965654  1.76796742469  0.104681126716
1.44354655395  134  632  632.13453929  1.78955497009  0.111004674789
1.44354655395  134  647  647.166879377  1.79051022384  0.102157305861
1.44354655395  134  662  662.317695422  1.68346080253  0.109388745212
1.44354655395  134  678  677.557050043  1.58354984444  0.0393913098406
1.44354655395  134  693  692.969492936  1.8566713094  0.0217254763011
1.44354655395  134  708  708.498293991  1.62647069616  0.0190183011774
1.44354655395  134  724  724.384827328  1.97339987915  0.0951569044379
1.44354655395  133  740  740.013060993  1.89135642238  0.0141618610116
1.44354655395  133  756  755.900456371  1.88260807606  0.0108294580293
1.44354655395  133  772  771.943203132  1.89842360473  0.0444164845783
1.44354655395  133  788  788.13558607  1.87154442491  0.0797334435936
1.44354655395  133  804  804.43366555  1.72880888716  0.0802221831202
1.44354655395  133  821  820.86044428  1.92232976069  0.0503851263172
1.44354655395  133  837  837.490252954  1.66493652678  0.0652016095836
1.44354655395  133  854  854.26028094  1.81253242792  0.0792143887755
1.44354655395  133  871  871.152566446  1.90014157355  0.0822742897028
1.44354655395  132  888  888.286429838  1.84628200091  0.030292271764
1.44354655395  132  905  905.465361655  1.82600259825  0.00823632049314
1.44354655395  132  923  922.759142643  1.92185263975  -0.017100578952
1.44354655395  132  940  940.282250343  1.90856309905  0.0576692489386
1.44354655395  132  958  957.869812652  1.99616678272  0.0122110500521
1.44354655395  132  976  975.649114458  1.89975607799  0.018398503748
1.44354655395  131  994  993.722288343  1.92665470661  0.0734151267863
1.44354655395  131  1012  1011.83390865  1.96038295171  -0.000181231977072
