# Band 3B   Etalon 2A   Slice 1
# Distortion map version 7B.05.01 - date 2019-03-21
# Trace (isoalpha): Take pixel trace along specified slice, specified alpha position trace is built by taking the pixel in every detector row with alpha value closest to the one specified 
# xpos[i] = np.argmin(alpha_img[i,:])+funcs.find_nearest(alpha_img[i,:][(slice_img[i,:]!=0)],alpha_pos)
#    alpha       x  y      center         FWHM          skewness
0.0  992  32  31.682155333199294  3.018494148740171  0.018350328892273695
0.0  994  67  66.6539462035733  3.0543094798069035  -0.04432404491691625
0.0  995  101  101.29894123721085  2.865905087178362  0.032675862153835625
0.0  997  135  135.03405353957368  2.8586943953296213  -0.017975605360160397
0.0  998  168  168.40135672041254  2.809580546003474  0.002955863483628816
0.0  999  201  201.05417937294794  2.7189946164378966  -0.012992833611391271
0.0  1000  233  233.18149727639343  2.833337419450743  0.005164264594742449
0.0  1001  265  264.7106713236264  2.6295773671834013  -0.012690256887972214
0.0  1002  296  295.6773472033153  2.6190793780781405  -0.009352789698208732
0.0  1003  326  326.15208212889246  2.690570655168017  0.004838326453498897
0.0  1003  356  356.1587109510465  2.5779132224217847  -0.006352483791228941
0.0  1004  386  385.5486379551043  2.618560555095314  -0.009787967085235905
0.0  1004  415  414.5507031940377  2.642580782881055  -0.02448880844186918
0.0  1004  443  443.0593528320059  2.695317646970807  -0.016717202999511134
0.0  1004  471  471.1322494491808  2.763381811979798  -0.0019796285699102867
0.0  1004  499  498.62525067923025  2.5104125781807625  -0.016135907647559067
0.0  1005  526  525.6826533623735  2.7429656226070165  -0.007694786729265488
0.0  1004  552  552.4754943085287  2.7713184108438327  -0.0228212604280727
0.0  1004  579  578.6893073383096  2.849600028923078  -0.029737459484503417
0.0  1004  605  604.5477725234774  2.8463725805343074  -0.026463794015310405
0.0  1004  630  629.9861017177797  2.8944338238477485  -0.011799265256724261
0.0  1004  655  654.9698493227991  3.0254070459388913  -0.010699670840028161
0.0  1003  680  679.7199660248509  2.949567598766862  -0.00400063811040332
0.0  1003  704  703.9302631656752  3.0212587165356126  -0.017574957955244372
0.0  1002  728  727.9671667706255  3.0378630159914337  -0.009960748057567236
0.0  1002  752  751.519063197897  3.0336808654803917  0.0021986327006514616
0.0  1001  775  774.8001070764752  3.084043236837033  -0.01827506397088898
0.0  1001  798  797.684395379292  3.0026240623469675  -0.01240588798629327
0.0  1000  820  820.309529305774  3.0044795300919986  -0.036818396107762344
0.0  999  843  842.7098326155298  3.0504997381565317  -0.03389306667777878
0.0  999  865  864.688609215562  3.0853930445346123  -0.03261862184696739
0.0  998  886  886.4382615631671  2.867545040456662  -0.010433246962386811
0.0  997  908  907.968945177122  2.8330673177235894  0.0017456388096790624
0.0  996  929  929.1694920880066  2.9153865372120435  -0.014981066569942431
0.0  995  950  950.1241740911556  2.8699503150596684  -0.017474100348850784
0.0  994  971  970.817456883971  2.8879888284998287  -0.02090884995624412
0.0  993  991  991.3323577920447  2.817527018277133  0.00732659479354317
0.0  992  1012  1011.520239069108  2.7512676501985425  0.0023037735022991683
-2.4520421149677842  1000  31  31.0784480116783  3.067049034381462  0.03295140401171523
-2.4520421149677842  1002  66  66.13435433811486  2.890338564282274  -0.003055164455887944
-2.4520421149677842  1004  101  100.55188969662204  2.9907171826066588  -0.009139962292854182
-2.4520421149677842  1005  134  134.44006574100433  2.7059173237853997  0.0034127911256261042
-2.4520421149677842  1006  168  167.6885559418266  2.8453148765711376  0.004835512459084326
-2.4520421149677842  1008  200  200.30957180196518  2.5786450484846455  0.012093103975360302
-2.4520421149677842  1009  232  232.32465498457012  2.565594227704082  -0.02943289627363101
-2.4520421149677842  1009  264  263.9929746121127  2.6837315101296895  0.02812073206243102
-2.4520421149677842  1010  295  294.8687134283805  2.696396882648969  -0.019105292802971362
-2.4520421149677842  1011  325  325.36161116445516  2.712111978438429  0.024889264595799532
-2.4520421149677842  1011  355  355.3549761954859  2.6204541738745775  0.029110450809859013
-2.4520421149677842  1012  385  384.64663855349613  2.6181848987857848  -0.039204588030304376
-2.4520421149677842  1012  414  413.6725120892734  2.658183532191174  0.0007204712397167141
-2.4520421149677842  1012  442  442.1767598946702  2.6281170966778973  0.0068790819423718355
-2.4520421149677842  1013  470  470.04048806013884  2.6501050320553077  -0.01854783164660745
-2.4520421149677842  1013  498  497.6324864528543  2.6893463163663682  0.013709516878185673
-2.4520421149677842  1013  525  524.6754845293348  2.790798809824537  -0.020248553526009357
-2.4520421149677842  1013  551  551.366521213501  2.835670935278131  0.009080845982788655
-2.4520421149677842  1013  578  577.588355260767  2.8569719693709885  -0.0021320786246290546
-2.4520421149677842  1012  604  603.5222492972464  2.8552609090395435  -0.006709143159605621
-2.4520421149677842  1012  629  628.8589531272795  2.9760207259673734  -0.03149610190494091
-2.4520421149677842  1012  654  653.8812321668414  2.9736648721798247  -0.010701002772354503
-2.4520421149677842  1012  678  678.4532235716172  2.9608447469072416  -0.02323723161315357
-2.4520421149677842  1011  703  702.8243129455869  3.0850467710604335  -0.012319878148407353
-2.4520421149677842  1011  727  726.7014038649783  3.160857106497815  0.0003808249778081444
-2.4520421149677842  1010  750  750.2932010707618  3.0635133988974985  -0.021490439422587528
-2.4520421149677842  1010  773  773.449769476383  3.1570060969085034  -0.04863156827027692
-2.4520421149677842  1009  796  796.4516042768195  3.027288452386756  -0.017399225344357037
-2.4520421149677842  1008  819  819.1231098133221  3.083885093294157  -0.011724397551054082
-2.4520421149677842  1008  841  841.3576512468345  3.0250283935152993  -0.025922825723318173
-2.4520421149677842  1007  863  863.3775026443061  2.9683492277803225  -0.02173475309228446
-2.4520421149677842  1006  885  885.1603627222523  2.9823929824026436  -0.011288293533578124
-2.4520421149677842  1005  907  906.6406302695744  2.931506973361593  -0.019642707188872875
-2.4520421149677842  1004  928  927.8859044690704  2.8450798454298365  0.010250555223428558
-2.4520421149677842  1003  949  948.8092750151345  2.9618044533012835  0.008845056588902521
-2.4520421149677842  1002  970  969.4876636604199  2.9116943715225716  0.012969384354283985
-2.4520421149677842  1002  990  989.922560024219  3.0066518860030556  0.007116536196607176
-2.4520421149677842  1001  1010  1009.962869983139  2.7690605566058366  -0.0660327777612711
-2.1798471149677843  1000  31  31.096623898641024  3.1054610645054197  0.01015522651584072
-2.1798471149677843  1001  66  66.19489782089099  2.899049865935922  -0.00902954165146455
-2.1798471149677843  1003  101  100.62972730549045  2.997882945623587  -0.0021993148046602308
-2.1798471149677843  1004  134  134.5063387994301  2.722263926525443  -0.0025198361087697754
-2.1798471149677843  1005  168  167.72881250984904  2.7431590222747673  0.007919688158240528
-2.1798471149677843  1007  200  200.37680167710553  2.683894600873856  0.010289373075675462
-2.1798471149677843  1008  232  232.38029940376236  2.6298585786204853  -0.029492194088370838
-2.1798471149677843  1009  264  264.0436864443415  2.5906937102714664  0.026990782257832455
-2.1798471149677843  1009  295  294.9853869920283  2.6997912073630914  -0.00537277510697978
-2.1798471149677843  1010  325  325.45655577450356  2.6585389111583027  0.023979583157631455
-2.1798471149677843  1010  355  355.47640299494395  2.4611814684712385  0.07038620098999154
-2.1798471149677843  1011  385  384.7893507219428  2.674550483684584  -0.019628870833941964
-2.1798471149677843  1011  414  413.78352431111455  2.657488452308712  -0.0015821619344152668
-2.1798471149677843  1012  442  442.1768393675639  2.6238245248603107  0.003960501211154993
-2.1798471149677843  1012  470  470.14982287635485  2.657084630606846  -0.018187729384660095
-2.1798471149677843  1012  498  497.73107579100883  2.6800071950016218  0.005396038614659088
-2.1798471149677843  1012  525  524.8015204908859  2.7999254730100347  -0.01688717284658905
-2.1798471149677843  1012  552  551.4983602383458  2.7761217488989587  0.006370779639429675
-2.1798471149677843  1012  578  577.6976227191254  2.8388554897128415  -0.009113123324060867
-2.1798471149677843  1012  604  603.5222274370223  2.8545526766074545  -0.006947100794016461
-2.1798471149677843  1011  629  629.0030184332621  2.9453463286170063  -0.027486565396815505
-2.1798471149677843  1011  654  654.0304173833238  2.9395270893655834  -0.00015997961955405298
-2.1798471149677843  1011  679  678.5987350551289  3.0165764607738765  -0.015989020306398663
-2.1798471149677843  1010  703  702.9546527959401  3.0368457306292385  -0.009353913312479081
-2.1798471149677843  1010  727  726.7996479223855  3.0672583753756726  -0.021893750218290493
-2.1798471149677843  1009  750  750.4331715220724  3.096270828930983  -0.030014547386360446
-2.1798471149677843  1009  774  773.6133376772243  3.074466327442451  -0.015636514119820845
-2.1798471149677843  1008  797  796.5972548218604  3.0579520240480633  -0.018239602889716502
-2.1798471149677843  1007  819  819.3005352465766  3.057559248012012  -0.005604141655734208
-2.1798471149677843  1007  842  841.4883749880951  3.0025128747124654  -0.010742967229483308
-2.1798471149677843  1006  864  863.5331377492702  2.969610839322513  -0.01960428191952967
-2.1798471149677843  1005  885  885.3656896626226  2.9650898448669523  0.014027882279896426
-2.1798471149677843  1004  907  906.8240608877024  2.949077329587908  -0.00924343401904587
-2.1798471149677843  1003  928  928.0437382600209  2.904312462961343  0.04297585183297112
-2.1798471149677843  1003  949  948.898911085654  3.0660358407149033  -0.009848762113529233
-2.1798471149677843  1002  970  969.5077937455004  2.808923076434894  -0.03224649807181376
-2.1798471149677843  1001  990  989.9529657570696  2.764460819189935  -0.010606812214740885
-2.1798471149677843  1000  1010  1010.1346160560107  2.6963642498469653  -0.011627855158554934
-1.9076521149677843  999  31  31.1473171223476  3.1584914995723636  0.008511378642041567
-1.9076521149677843  1000  66  66.26213291445511  2.8829440260913657  -0.00989826475587273
-1.9076521149677843  1002  101  100.7122837697398  3.0215552366280747  -0.0035427933599768997
-1.9076521149677843  1003  135  134.58289692884915  2.7265543737959206  -0.006911455386225822
-1.9076521149677843  1005  168  167.76181074693474  2.8740709097164654  -0.014242410017763855
-1.9076521149677843  1006  200  200.4656614860439  2.688366553864171  0.005096771509316085
-1.9076521149677843  1007  232  232.48240968683226  2.6658496404246534  -0.02518069604964981
-1.9076521149677843  1008  264  264.0868575785474  2.649464373455544  0.023957444742829712
-1.9076521149677843  1008  295  295.0920623240924  2.718738952215176  4.7417213699767324e-05
-1.9076521149677843  1009  326  325.57669218745025  2.6647123321494632  0.027664422274001444
-1.9076521149677843  1010  355  355.47646967911083  2.5567032463071087  0.030379727654649025
-1.9076521149677843  1010  385  384.8817279085514  2.6775176356294423  -0.024648864577790582
-1.9076521149677843  1010  414  413.9136085025745  2.6758469350652376  0.004053167144268752
-1.9076521149677843  1011  442  442.303131014546  2.6444075901099495  0.004141368315680868
-1.9076521149677843  1011  470  470.29383381197863  2.6655424047161205  -0.009363346827905747
-1.9076521149677843  1011  498  497.84585826942265  2.7021164113407394  0.0020854013506142765
-1.9076521149677843  1011  525  524.9304549743227  2.8173863127151435  -0.010007536530841356
-1.9076521149677843  1011  552  551.6005992410344  2.7852581585800635  -0.008115193350662546
-1.9076521149677843  1011  578  577.8200002362772  2.8528976228712963  -0.011622894954653115
-1.9076521149677843  1011  604  603.65640994681  2.8987264165186843  -0.00312686018920582
-1.9076521149677843  1010  629  629.1627883019622  2.956127814282354  -0.013989637753612644
-1.9076521149677843  1010  654  654.1539544842634  2.9881958737150853  -0.0038442542260150193
-1.9076521149677843  1010  679  678.7304809015213  3.0112946533624836  -0.01742599313169838
-1.9076521149677843  1009  703  703.1372100484865  3.0226392467941423  0.0047801632117870935
-1.9076521149677843  1009  727  726.9392123947097  3.0834679505524036  -0.01728542566592314
-1.9076521149677843  1008  751  750.5927756478992  3.089100434838315  -0.023444658852179813
-1.9076521149677843  1008  774  773.7573555843181  3.0604634693281696  -0.01180237498702136
-1.9076521149677843  1007  797  796.741514442924  3.0763949293922224  -0.02028534566650524
-1.9076521149677843  1006  819  819.4620898749137  3.027111296676594  0.02290430715191153
-1.9076521149677843  1006  842  841.6381768474142  2.999587096655887  -0.01787062800441534
-1.9076521149677843  1005  864  863.6943563879091  2.9654743383746336  -0.025263788822216048
-1.9076521149677843  1004  886  885.4897396827257  2.971058050404963  -0.004412524868957935
-1.9076521149677843  1003  907  907.0053798955694  2.9880588621117568  0.012442369677661339
-1.9076521149677843  1003  928  928.1082734544901  2.974755551422959  0.00405723996449068
-1.9076521149677843  1002  949  948.9852713688333  2.909111582343712  -0.0145907432799507
-1.9076521149677843  1001  970  969.6692776189602  2.8203855574008685  -0.014707441895374748
-1.9076521149677843  1000  990  990.1260306855129  2.764662358798205  0.008626191651337373
-1.9076521149677843  999  1010  1010.308164418639  2.7105231066682336  -0.0007279446735073665
-1.6354571149677843  998  31  31.240585890843455  3.096338925466007  0.02234510066875322
-1.6354571149677843  999  66  66.33159736221016  2.812188892334106  0.0040531475079412
-1.6354571149677843  1001  101  100.82436238811057  3.051225235583331  0.011901075793446821
-1.6354571149677843  1002  135  134.6601756177797  2.768418830407029  -0.011982249497174535
-1.6354571149677843  1004  168  167.85437779007447  2.89928204200325  -0.0027760975269509208
-1.6354571149677843  1005  201  200.5511967111729  2.68780295318777  0.0006323388911351313
-1.6354571149677843  1006  233  232.57177856953209  2.7077041196476443  -0.03624657585527167
-1.6354571149677843  1007  264  264.17601431172693  2.673861971733686  0.016152611725993762
-1.6354571149677843  1007  295  295.1738022795765  2.6783715628033633  -0.0006388125694166044
-1.6354571149677843  1008  326  325.6646880975535  2.6689629164372946  0.017053490823508
-1.6354571149677843  1009  356  355.5655797640722  2.5982247647411896  0.02083867134097527
-1.6354571149677843  1009  385  385.0017323790417  2.7147441741453804  -0.014979323651152695
-1.6354571149677843  1009  414  414.00891122187153  2.669131773977142  0.0057961686905106564
-1.6354571149677843  1010  442  442.3902015146942  2.6464696787392086  -0.012165638613604937
-1.6354571149677843  1010  470  470.39007084272475  2.6633624707612853  -0.028520408470291334
-1.6354571149677843  1010  498  497.9611359174303  2.7028453916215085  -0.0004747147965129089
-1.6354571149677843  1010  525  525.0779181126344  2.8067647520347236  0.003718755280306788
-1.6354571149677843  1010  552  551.7095814684376  2.8029169995295433  -0.009470766304173529
-1.6354571149677843  1010  578  577.9794516667147  2.8151496706091166  0.001728532621108137
-1.6354571149677843  1010  604  603.7636000587357  2.8597099663336394  -0.014112460186125884
-1.6354571149677843  1009  629  629.3037172265509  2.925560245608267  -0.0028497162155347697
-1.6354571149677843  1009  654  654.2965752004362  2.94999783737876  -0.00907622213802667
-1.6354571149677843  1009  679  678.8788305044375  3.039074427337482  -0.009935680342636994
-1.6354571149677843  1008  703  703.2853483856209  3.0314206548821403  0.007400708643550279
-1.6354571149677843  1008  727  727.0927675218919  3.06854778398656  -0.011050774715075694
-1.6354571149677843  1007  751  750.7336449567268  3.117470018974359  -0.02540799080696327
-1.6354571149677843  1007  774  773.9159805880158  3.0837062089567553  -0.008487225503679873
-1.6354571149677843  1006  797  796.9026522298433  3.0691136667865067  -0.008664765335082179
-1.6354571149677843  1006  819  819.4736114788152  3.1391050843698167  -0.026178766538765462
-1.6354571149677843  1005  842  841.7970513538328  2.9788598613943122  -0.018553371518348766
-1.6354571149677843  1004  864  863.8526345791462  2.955200356227124  -0.023576153748989286
-1.6354571149677843  1003  886  885.6407266053718  2.9492602060302033  -0.004442097773301692
-1.6354571149677843  1002  907  907.089569768757  3.1246574302167573  0.0054376656451086145
-1.6354571149677843  1002  928  928.1777618014095  2.842041197332719  -0.021961241394942318
-1.6354571149677843  1001  949  949.1566238978705  2.8618546980646897  0.0010018174970354938
-1.6354571149677843  1000  970  969.844344866311  2.800191376771636  -0.007216055815971615
-1.6354571149677843  999  990  990.2634430771382  2.7878879758106905  -0.0192361832509363
-1.6354571149677843  998  1010  1010.4555215529787  2.6726479276896953  -0.01440720725582059
-1.3632621149677844  997  31  31.316028012486754  3.075260459003104  0.023333216387524107
-1.3632621149677844  999  66  66.35938190259905  2.7814592849483404  -0.025604099455583236
-1.3632621149677844  1000  101  100.8958397505182  3.045478375865912  0.008999749085822016
-1.3632621149677844  1002  135  134.69217196682024  2.7257224783816696  -0.019415834291131064
-1.3632621149677844  1003  168  167.9509504474194  2.9281202855624997  0.001494435636066562
-1.3632621149677844  1004  201  200.6392045565196  2.662147240314141  0.0015765487956097843
-1.3632621149677844  1005  233  232.66821194199454  2.7444545023856506  -0.033307237324318076
-1.3632621149677844  1006  264  264.2588069260072  2.6308640063386974  0.009152688356614714
-1.3632621149677844  1007  295  295.1620971710496  2.6435385058936163  -0.0336543336184203
-1.3632621149677844  1007  326  325.756557123725  2.672765040856234  0.0084120252421866
-1.3632621149677844  1008  356  355.6607875910864  2.5950925078553837  0.009088271630265852
-1.3632621149677844  1008  385  385.14112641307844  2.7141855968769732  0.007040431327411935
-1.3632621149677844  1009  414  414.00329001630126  2.6667626148273484  -0.0037278517036908186
-1.3632621149677844  1009  442  442.5005990801089  2.623396797166947  -0.019469354511617125
-1.3632621149677844  1009  470  470.49745803631095  2.6556646366566383  -0.031178487379862507
-1.3632621149677844  1009  498  498.104336461793  2.742289163011719  0.0015454618926334838
-1.3632621149677844  1009  525  525.2243686228718  2.763433173369549  0.013108243873958845
-1.3632621149677844  1009  552  551.8528455008633  2.7924766672085752  -0.00801255625905077
-1.3632621149677844  1009  578  578.1045332229758  2.8253031245499187  -0.008913258248023193
-1.3632621149677844  1009  604  603.9044074605515  2.8315682929462582  -0.011526171255351035
-1.3632621149677844  1009  629  629.3033906397097  2.928617164909838  -0.008268006135855497
-1.3632621149677844  1008  654  654.420635465622  2.962062518751054  -0.012258432788843114
-1.3632621149677844  1008  679  679.0101300268127  3.0295566385880193  -0.009155681676649135
-1.3632621149677844  1007  703  703.4458023179042  3.0169151011483564  0.030553281170523194
-1.3632621149677844  1007  727  727.2602354156647  3.0529271982561568  -0.00021688153718248628
-1.3632621149677844  1006  751  750.8741054049652  3.2582752855944364  0.00914424328277231
-1.3632621149677844  1006  774  774.0684939929316  3.0813195047098816  -0.01100533532624716
-1.3632621149677844  1005  797  797.0536422435598  3.100308291493775  -0.015374362262858335
-1.3632621149677844  1005  820  819.5877676354237  2.9678469325037895  -0.014897756391915271
-1.3632621149677844  1004  842  841.9363112324702  2.9449938697782727  -0.028706148574814957
-1.3632621149677844  1003  864  864.0025604507869  2.9767374040844743  -0.026726667712599416
-1.3632621149677844  1002  886  885.7969947770454  2.944997944310444  -0.004080592150397454
-1.3632621149677844  1002  907  907.1742868038381  3.057729402517566  -0.02940795552381384
-1.3632621149677844  1001  928  928.342156957311  2.8029082749465033  -0.013911446349031518
-1.3632621149677844  1000  949  949.3214191057994  2.8824806650552546  0.006307703828962393
-1.3632621149677844  999  970  970.0042845010935  2.8123821765832417  -0.012271621750730159
-1.3632621149677844  998  990  990.4299969364961  2.733868152384389  -0.024742806396546316
-1.3632621149677844  997  1011  1010.6247406276452  2.7331849760895466  -0.022372687078576384
-1.0910671149677844  996  31  31.40503464495417  3.0524954332882004  0.031046581858329817
-1.0910671149677844  998  66  66.39947824662745  2.887105701915118  -0.025156410222675
-1.0910671149677844  999  101  100.9826443634295  3.0453214044150627  0.012007429208674812
-1.0910671149677844  1001  135  134.72638133798264  2.7645062906105125  -0.028763875023447755
-1.0910671149677844  1002  168  168.04189375661943  2.869590453385399  0.005515292641683489
-1.0910671149677844  1003  201  200.70505000973753  2.6864505968446224  -0.012686539959522104
-1.0910671149677844  1004  233  232.77474556265219  2.759029350085598  -0.02723908693312504
-1.0910671149677844  1005  264  264.3530704908945  2.6154709984812143  0.005244559518702917
-1.0910671149677844  1006  295  295.2772450053039  2.649850987003447  -0.004383539624936852
-1.0910671149677844  1006  326  325.8414029957248  2.7019987729086665  -0.002237933633939048
-1.0910671149677844  1007  356  355.7520515754921  2.586965010106269  -0.0014961143917431542
-1.0910671149677844  1007  385  385.27266277931545  2.7054684650705667  0.01553880900567803
-1.0910671149677844  1008  414  414.1394584639855  2.6301420057167206  0.006867144183151652
-1.0910671149677844  1008  443  442.59954108643996  2.6440178304183632  -0.0332358544245866
-1.0910671149677844  1008  471  470.61438910859755  2.711981637664394  -0.037498804904927165
-1.0910671149677844  1008  498  498.20513215154796  2.6652693858126213  -0.0033779211763862306
-1.0910671149677844  1008  525  525.3384466213136  2.733816536271206  0.009876550265262029
-1.0910671149677844  1008  552  551.9480317459496  2.7767036383918366  -0.01993432591158453
-1.0910671149677844  1008  578  578.2216542420065  2.839575441210627  -0.012415905596560797
-1.0910671149677844  1008  604  604.0080176753493  2.832806535167265  -0.021140060717619286
-1.0910671149677844  1008  629  629.4135633782606  2.9149514781902326  -0.016392461869087143
-1.0910671149677844  1007  654  654.5305503981122  2.965651411187082  -0.03290931673190425
-1.0910671149677844  1007  679  679.1796180534735  3.0004151428190653  0.005191390720407332
-1.0910671149677844  1007  703  703.4349754770022  2.993092424802626  0.0019169864323758763
-1.0910671149677844  1006  727  727.3822587881214  3.0531307778646806  -0.009756919425857654
-1.0910671149677844  1006  751  750.8664984205793  3.1241311944107792  -0.04040472388175493
-1.0910671149677844  1005  774  774.2257215595391  3.0652091519198166  -0.014372695715073894
-1.0910671149677844  1004  797  797.254183896876  3.0621820574922367  0.004878791405470642
-1.0910671149677844  1004  820  819.7263947947483  3.0063248803535316  -0.014692778083906944
-1.0910671149677844  1003  842  842.0724636816715  2.9788059956060806  -0.03579235377498629
-1.0910671149677844  1002  864  864.1865888817201  2.9636480239730645  -0.008924059717279529
-1.0910671149677844  1001  886  885.9687011824514  3.043985964814169  0.030680357688768624
-1.0910671149677844  1001  907  907.3270552269283  2.9415802803182487  0.0039166756491327125
-1.0910671149677844  1000  929  928.5226085464035  2.855083378865629  -0.014590680484765185
-1.0910671149677844  999  949  949.4792971254948  2.872463778988731  -0.0019390388560191964
-1.0910671149677844  998  970  970.1741005782993  2.7792771441886543  -0.014256364799391233
-1.0910671149677844  997  991  990.610031998487  2.755322692738787  -0.02266132690646173
-1.0910671149677844  996  1011  1010.8080297881595  2.779027941069444  -0.018347935063543798
-0.8188721149677844  995  32  31.486402917073953  3.0637527640582647  0.028392366174736096
-0.8188721149677844  997  66  66.45697478997536  2.966944777754634  -0.028457306161059563
-0.8188721149677844  998  101  101.07508797567763  3.0599972201998042  0.012358566169708407
-0.8188721149677844  1000  135  134.80813592476605  2.7866479590857693  -0.013975117779014029
-0.8188721149677844  1001  168  168.13369629145734  2.868162217429358  0.0021507361240360465
-0.8188721149677844  1002  201  200.79149144890906  2.733369082010938  -0.014091842396450087
-0.8188721149677844  1003  233  232.87404809687547  2.8200562928078057  -0.018523408563498704
-0.8188721149677844  1004  264  264.43962093710707  2.605604198892479  -0.00235722227070554
-0.8188721149677844  1005  295  295.40397702477964  2.6389935822647885  0.0022415154812859056
-0.8188721149677844  1005  326  325.9565869576095  2.6726991868007417  0.0030682310889455747
-0.8188721149677844  1006  356  355.842235718494  2.584154892482502  -0.0022713497345219643
-0.8188721149677844  1006  385  385.3626364012237  2.6556470705866104  0.0002642670028730265
-0.8188721149677844  1007  414  414.2427306397592  2.6302271020572334  0.0022661602639187125
-0.8188721149677844  1007  443  442.7118170361483  2.675407404680243  -0.03349070262148106
-0.8188721149677844  1007  471  470.72512878078703  2.6998919056500768  -0.03191819492547447
-0.8188721149677844  1007  498  498.3297218518975  2.6867055112444405  -0.004443811360940746
-0.8188721149677844  1007  525  525.4510857092987  2.718075101721979  0.005546154175225885
-0.8188721149677844  1007  552  552.1000925032226  2.775138942006379  -0.006067249396853004
-0.8188721149677844  1007  578  578.3433317369336  2.834947125007375  -0.0173775651330384
-0.8188721149677844  1007  604  604.1309806987116  2.840032699370795  -0.025811451401056864
-0.8188721149677844  1007  630  629.54967727584  2.908734675876076  -0.010933747106855577
-0.8188721149677844  1006  655  654.6517492185178  2.962336379777412  -0.035998857797847186
-0.8188721149677844  1006  679  679.3301148337196  3.0218005979947975  0.008627395231444089
-0.8188721149677844  1006  704  703.5537999316773  2.9790209206646523  0.005443382181494332
-0.8188721149677844  1005  728  727.5497238987325  3.0345013564710825  -0.005197565527533172
-0.8188721149677844  1005  751  751.04221503533  3.1323518997185147  -0.014706503782253607
-0.8188721149677844  1004  774  774.3738942730624  3.0491254517464768  -0.014718881156468331
-0.8188721149677844  1003  797  797.4043264294836  3.087328020439486  0.029895812976792
-0.8188721149677844  1003  820  819.8838450899328  3.021306719576387  -0.012756089432686054
-0.8188721149677844  1002  842  842.2296817573865  3.009695517686737  -0.037088147462637645
-0.8188721149677844  1001  864  864.3356152752102  2.9852095659143743  -0.015877989151098084
-0.8188721149677844  1001  886  886.0435243614587  3.1120849814926714  -0.0055646457176901235
-0.8188721149677844  1000  907  907.4760957137172  2.886599105472442  0.010358835676441979
-0.8188721149677844  999  929  928.6564777314799  2.845351811092428  -0.03358171457474267
-0.8188721149677844  998  950  949.6267652071178  2.883756696209275  -0.013163360230871796
-0.8188721149677844  997  970  970.3438199795729  2.801924600375969  -0.01818742197999674
-0.8188721149677844  996  991  990.756821293223  2.810731027408906  -0.027202071586370516
-0.8188721149677844  995  1011  1010.9835224956598  2.789391670996338  -0.017489300914904075
-0.5466771149677845  994  32  31.560989537480477  3.0294821525282316  0.02565466907627553
-0.5466771149677845  996  67  66.53772795277156  2.97690328128607  -0.02668498769555956
-0.5466771149677845  997  101  101.18923884237853  3.0343216601122975  0.031581099332185725
-0.5466771149677845  999  135  134.88650614997493  2.8564301312251246  -0.02048985083106048
-0.5466771149677845  1000  168  168.23977383667068  2.846922199916264  0.013058136231037725
-0.5466771149677845  1001  201  200.89309455097026  2.7392743647502016  -0.007437106600587069
-0.5466771149677845  1002  233  232.97339280753658  2.828349521768075  -0.012170781173681816
-0.5466771149677845  1003  265  264.5386355474675  2.6429892703826  -0.0037913569369917737
-0.5466771149677845  1004  296  295.5035513149945  2.660685653546011  0.006461406168090868
-0.5466771149677845  1004  326  326.0614143189385  2.6698865455900886  0.012061690480990874
-0.5466771149677845  1005  356  355.9572973531259  2.569898685170415  -0.0014301117075791712
-0.5466771149677845  1005  385  385.45193930734405  2.638445455653823  -0.005462972032537739
-0.5466771149677845  1006  414  414.3472065578215  2.608480277313163  -0.010204470306277772
-0.5466771149677845  1006  443  442.81381521245197  2.688765496375254  -0.03715578690766349
-0.5466771149677845  1006  471  470.84892903776887  2.7089640875998953  -0.026679802319646735
-0.5466771149677845  1006  498  498.43467781390683  2.6611710776190876  -0.015142167142900845
-0.5466771149677845  1006  526  525.5705288736959  2.7412593259175537  0.001852880295930222
-0.5466771149677845  1006  552  552.2252629718981  2.7384929809165897  -0.011673589315392042
-0.5466771149677845  1006  578  578.4672230186992  2.811679368121986  -0.021471088690551456
-0.5466771149677845  1006  604  604.2862512718665  2.8421892761193703  -0.019946167536443488
-0.5466771149677845  1006  630  629.6879102009237  2.942239591418229  -0.020142960801424
-0.5466771149677845  1005  655  654.8089795034018  3.0990840684808063  0.007683105344904832
-0.5466771149677845  1005  679  679.4608032571539  2.996078595134577  0.0017696037566333278
-0.5466771149677845  1005  704  703.6874435236981  2.9706662328874245  0.004044752746191729
-0.5466771149677845  1004  728  727.6760815054135  3.0361374775898184  -0.014873275511639715
-0.5466771149677845  1004  751  751.1672323570923  3.1152482959280405  -0.014074210005618022
-0.5466771149677845  1003  774  774.5087161711285  3.0321877351175317  -0.019868538860490344
-0.5466771149677845  1003  797  797.438718130606  3.1455351342704034  -0.005824900294809386
-0.5466771149677845  1002  820  820.028535878166  3.0345211482583636  -0.01838252099178958
-0.5466771149677845  1001  842  842.3824680253075  2.9868512857198084  -0.04037913542650867
-0.5466771149677845  1000  864  864.4995721648675  3.007911172113836  -0.010113316603558053
-0.5466771149677845  1000  886  886.1200890644108  2.9633155579792856  -0.018833916461339223
-0.5466771149677845  999  908  907.6476334114051  2.893212724621435  0.008901436542069598
-0.5466771149677845  998  929  928.8372524132299  2.9143400360484293  -0.021654642406690506
-0.5466771149677845  997  950  949.8063100450823  2.8485211324737065  -0.009505059378768629
-0.5466771149677845  996  970  970.4688048191168  2.774405119826497  -0.030376763901268467
-0.5466771149677845  995  991  990.9496787498565  2.8329232340852286  -0.013679764473882156
-0.5466771149677845  994  1011  1011.1666993550842  2.7910496547590355  0.007903774636824776
-0.2744821149677845  993  32  31.623081427471405  3.00288223997552  0.01700386457517268
-0.2744821149677845  995  67  66.5911540425579  2.997301943662933  -0.037467255832296514
-0.2744821149677845  996  101  101.25528839514942  2.938039629349035  0.03351796008205349
-0.2744821149677845  998  135  134.9424683516738  2.8537783922863014  -0.02884998755963788
-0.2744821149677845  999  168  168.31780470456235  2.8258352145063554  0.00978954077449247
-0.2744821149677845  1000  201  200.9734330849979  2.7084769958414086  -0.009488556597353632
-0.2744821149677845  1001  233  233.0679806622703  2.849810034011739  -0.004818914092547754
-0.2744821149677845  1002  265  264.62937086664533  2.5901904436346967  -0.005807815808790418
-0.2744821149677845  1003  296  295.58746721665165  2.6565914624814013  -0.00349263072127115
-0.2744821149677845  1004  326  326.0990785808139  2.563508602592492  0.006215154990172265
-0.2744821149677845  1004  356  356.0536954261177  2.5842293364243005  -0.005298837714635435
-0.2744821149677845  1005  385  385.47004596449233  2.494137569641282  -0.029520237756263248
-0.2744821149677845  1005  414  414.4450002294294  2.650761057746763  -0.014963855128076605
-0.2744821149677845  1005  443  442.9440148425299  2.6922857637565585  -0.021901497401476795
-0.2744821149677845  1005  471  471.0000315833588  2.7493931026972405  -0.008948330362862161
-0.2744821149677845  1005  499  498.54147558067854  2.657582206051302  -0.02945984608906342
-0.2744821149677845  1005  526  525.6826533623735  2.7429656226070165  -0.007694786729265488
-0.2744821149677845  1005  552  552.3727856661078  2.729796076995399  -0.006676284468799002
-0.2744821149677845  1005  579  578.5908513119748  2.8303355119981006  -0.018911542694746913
-0.2744821149677845  1005  604  604.4058248276242  2.8339759763453003  -0.028987677526014246
-0.2744821149677845  1005  630  629.8489435993474  2.9409829437820463  -0.012448894399428695
-0.2744821149677845  1005  655  654.8169951946761  2.973041959129773  -0.026061459320491913
-0.2744821149677845  1004  680  679.5782410294884  2.939806701268708  -0.005762804217379127
-0.2744821149677845  1004  704  703.797379084173  2.992534836850382  -0.010055863038570905
-0.2744821149677845  1003  728  727.8302882359208  3.083403886183987  -0.015408791295387922
-0.2744821149677845  1003  751  751.3514890524068  3.0890629921534583  -0.0008042725594890914
-0.2744821149677845  1002  775  774.6513772439488  3.004354015513627  -0.02131853781097566
-0.2744821149677845  1002  798  797.523028189445  2.999850781369105  -0.01649183659844507
-0.2744821149677845  1001  820  820.1790026601092  2.9836677192356547  -0.023562477282938865
-0.2744821149677845  1000  842  842.5533659535308  3.016466224790861  -0.030483563086516615
-0.2744821149677845  999  865  864.6247314050111  3.1816577813885942  0.015388167733840124
-0.2744821149677845  999  886  886.2990374370364  2.9194562473062433  0.0015380196638308614
-0.2744821149677845  998  908  907.8088670658865  2.84526909386409  0.005140646087658704
-0.2744821149677845  997  929  929.0095344867788  2.9607837977307554  -0.014285289199434741
-0.2744821149677845  996  950  949.9709652788159  2.8737794033279442  -0.007905276741335399
-0.2744821149677845  995  971  970.636727955388  2.8247771080701796  -0.029424007939911886
-0.2744821149677845  994  991  991.1313650810578  2.8414536132008834  -0.007267919629017148
-0.2744821149677845  993  1011  1011.3592167352697  2.791631576580812  0.011280179713397237
-0.0022871149677845537  992  32  31.682155333199294  3.018494148740171  0.018350328892273695
-0.0022871149677845537  994  67  66.65395614744598  3.0543883924695905  -0.04426151142531185
-0.0022871149677845537  995  101  101.29894123721085  2.865905087178362  0.032675862153835625
-0.0022871149677845537  997  135  135.03405353957368  2.8586943953296213  -0.017975605360160397
-0.0022871149677845537  998  168  168.40135672041254  2.809580546003474  0.002955863483628816
-0.0022871149677845537  999  201  201.05417937294794  2.7189946164378966  -0.012992833611391271
-0.0022871149677845537  1000  233  233.18149727639343  2.833337419450743  0.005164264594742449
-0.0022871149677845537  1001  265  264.7106713236264  2.6295773671834013  -0.012690256887972214
-0.0022871149677845537  1002  296  295.6773472033153  2.6190793780781405  -0.009352789698208732
-0.0022871149677845537  1003  326  326.15208212889246  2.690570655168017  0.004838326453498897
-0.0022871149677845537  1003  356  356.1587109510465  2.5779132224217847  -0.006352483791228941
-0.0022871149677845537  1004  386  385.54865117798806  2.618177049928363  -0.00953994045861883
-0.0022871149677845537  1004  415  414.5507031940377  2.642580782881055  -0.02448880844186918
-0.0022871149677845537  1004  443  443.0593528320059  2.695317646970807  -0.016717202999511134
-0.0022871149677845537  1004  471  471.1322494491808  2.763381811979798  -0.0019796285699102867
-0.0022871149677845537  1005  499  498.536276286525  2.6613500235433776  -0.030975491371753393
-0.0022871149677845537  1005  526  525.6826533623735  2.7429656226070165  -0.007694786729265488
-0.0022871149677845537  1004  552  552.4754960329835  2.771122818411186  -0.022749082368435918
-0.0022871149677845537  1004  579  578.6893073383096  2.849600028923078  -0.029737459484503417
-0.0022871149677845537  1004  605  604.5477725234774  2.8463725805343074  -0.026463794015310405
-0.0022871149677845537  1004  630  629.9861017177797  2.8944338238477485  -0.011799265256724261
-0.0022871149677845537  1004  655  654.9698209052463  3.0252595064607704  -0.010819197658771044
-0.0022871149677845537  1003  680  679.7199660248509  2.949567598766862  -0.00400063811040332
-0.0022871149677845537  1003  704  703.9302631656752  3.0212587165356126  -0.017574957955244372
-0.0022871149677845537  1002  728  727.9671667706255  3.0378630159914337  -0.009960748057567236
-0.0022871149677845537  1002  752  751.519063197897  3.0336808654803917  0.0021986327006514616
-0.0022871149677845537  1001  775  774.8001070764752  3.084043236837033  -0.01827506397088898
-0.0022871149677845537  1001  798  797.6844338046171  3.003461857459797  -0.012097547929716448
-0.0022871149677845537  1000  820  820.309529305774  3.0044795300919986  -0.036818396107762344
-0.0022871149677845537  999  843  842.7098326155298  3.0504997381565317  -0.03389306667777878
-0.0022871149677845537  999  865  864.688609215562  3.0853930445346123  -0.03261862184696739
-0.0022871149677845537  998  886  886.4382615631671  2.867545040456662  -0.010433246962386811
-0.0022871149677845537  997  908  907.968945177122  2.8330673177235894  0.0017456388096790624
-0.0022871149677845537  996  929  929.1694920880066  2.9153865372120435  -0.014981066569942431
-0.0022871149677845537  995  950  950.1242157015806  2.8696695127316616  -0.01728318081573267
-0.0022871149677845537  994  971  970.817456883971  2.8879888284998287  -0.02090884995624412
-0.0022871149677845537  993  991  991.3323577920447  2.817527018277133  0.00732659479354317
-0.0022871149677845537  992  1012  1011.520239069108  2.7512676501985425  0.0023037735022991683
0.2699078850322154  991  32  31.754153434148765  2.9858131300386788  0.010920966695450106
0.2699078850322154  993  67  66.74125862776306  3.068830973383598  -0.03740563801605459
0.2699078850322154  995  101  101.34860896594765  2.9206867796604  0.017076456994557225
0.2699078850322154  996  135  135.11902403792405  2.855500337823429  -0.02382096112522589
0.2699078850322154  997  168  168.5054205823641  2.792524420381767  0.011766402416446626
0.2699078850322154  998  201  201.1311389774682  2.719880574726858  -0.01926467048294865
0.2699078850322154  999  233  233.27907848994369  2.8340602115155207  0.008048194898364587
0.2699078850322154  1000  265  264.7920724156086  2.627452078425108  -0.023211178748359505
0.2699078850322154  1001  296  295.771607332436  2.659426321142405  -0.015989008502653213
0.2699078850322154  1002  326  326.2544830792534  2.625768763921883  0.0026978695846187244
0.2699078850322154  1002  356  356.2473864006266  2.593110695812584  -0.01475559190809254
0.2699078850322154  1003  386  385.65169395388534  2.6443444373810507  -0.013016831416947143
0.2699078850322154  1003  415  414.6586976636484  2.655884130211348  -0.02531973298229581
0.2699078850322154  1003  443  443.18311584594153  2.6806429408559325  -0.007249831889127132
0.2699078850322154  1003  471  471.2510667257134  2.772257653798306  0.00739011095767777
0.2699078850322154  1004  499  498.6678094317496  2.6708383218814333  -0.027226829073579477
0.2699078850322154  1004  526  525.7843027894369  2.7156578725300733  -0.013281105626610485
0.2699078850322154  1004  552  552.4754770881948  2.7714491170186193  -0.022963200904487467
0.2699078850322154  1003  579  578.8393592377158  2.8820526267807054  -0.02067348121299158
0.2699078850322154  1003  605  604.6558789405515  2.8883768588577823  -0.04345027435022149
0.2699078850322154  1003  630  630.1122229885838  2.875536597278824  -0.014952058791533267
0.2699078850322154  1003  655  655.1189794457185  2.975400118706375  -0.004899978889467222
0.2699078850322154  1002  680  679.8521391158906  2.980682227992247  -0.013557035262585062
0.2699078850322154  1002  704  704.0914590201473  3.014682170146898  -0.017581387824472945
0.2699078850322154  1001  728  728.1141248272769  3.0270599055186267  -0.005268818999476786
0.2699078850322154  1001  752  751.6633157977218  3.0141127988724747  0.0027290021106789607
0.2699078850322154  1000  775  774.9612097483797  3.1241932120890397  -0.013180646690647642
0.2699078850322154  1000  798  797.8014395413529  3.0089805905586218  -0.02068778752486619
0.2699078850322154  999  820  820.4865627704271  3.0294496859692117  -0.03129761649661494
0.2699078850322154  998  843  842.8850813560935  3.071620374828399  -0.020529334403009768
0.2699078850322154  998  865  864.7820824361411  3.0164612240099586  -0.03516544185480794
0.2699078850322154  997  887  886.593024679991  2.9099842246330354  -0.025420015800759005
0.2699078850322154  996  908  908.1299927677628  2.842488136112479  -0.002812931935959277
0.2699078850322154  995  929  929.3923541903549  2.9065122691192755  0.010840279238873516
0.2699078850322154  994  950  950.3168437230577  2.851064485842926  -0.01459174582476206
0.2699078850322154  993  971  971.0042418250547  2.896286013649842  -0.010110283314528548
0.2699078850322154  992  991  991.4830229598651  2.7923102761208156  0.0033106746652126554
0.2699078850322154  991  1012  1011.6938267816802  2.7220464752231237  7.696369643041403e-05
0.5421028850322154  990  32  31.82032774027573  2.947534216720765  0.008559835864089283
0.5421028850322154  992  67  66.83415259289839  3.1044777202586147  -0.030554649159951833
0.5421028850322154  994  101  101.44697592120713  2.8951549261639116  0.033221829674003216
0.5421028850322154  995  135  135.20958303565422  2.9124252694039683  -0.02147671341623752
0.5421028850322154  996  169  168.58677136355348  2.805549824614019  0.0020446979154505954
0.5421028850322154  997  201  201.23836913001333  2.717444015180888  -0.001997667257706254
0.5421028850322154  998  233  233.41070370771047  2.8177376622737142  0.03282212472825328
0.5421028850322154  999  265  264.88976244503175  2.6576032665377625  -0.020677539010776583
0.5421028850322154  1000  296  295.8556391168724  2.691104373407825  -0.025882681073328778
0.5421028850322154  1001  326  326.3691514352463  2.6161022799725515  0.0058990102038930965
0.5421028850322154  1001  356  356.32442581900193  2.575145541170002  -0.03280046243597384
0.5421028850322154  1002  386  385.7502095438647  2.644341737459513  -0.023387568511453412
0.5421028850322154  1002  415  414.74628482678423  2.6596142185340454  -0.03556274449753785
0.5421028850322154  1002  443  443.32029500476017  2.668080242135943  0.0024535742272577253
0.5421028850322154  1003  471  471.2500367423551  2.7758070613396058  0.002135339293367973
0.5421028850322154  1003  499  498.7763793952194  2.7031365050350473  -0.032380521910898456
0.5421028850322154  1003  526  525.9393836010249  2.7093843341995125  -0.005531222830405071
0.5421028850322154  1003  553  552.5953982825434  2.786084284272306  -0.02658772806317896
0.5421028850322154  1003  579  578.9031213846475  3.0013769824111023  -0.014842943064174599
0.5421028850322154  1002  605  604.787629441424  2.9424755141247942  -0.04062541294083362
0.5421028850322154  1002  630  630.2177257157088  2.893290131897402  -0.019862535110270568
0.5421028850322154  1002  655  655.2678751148956  2.986046187244483  0.005364264287009046
0.5421028850322154  1001  680  680.0141536354461  2.9538587950135025  -0.008323652302669642
0.5421028850322154  1001  704  704.2701113633492  2.9755130730677593  -0.007559747990061933
0.5421028850322154  1001  728  728.1612856056948  3.127884399120944  -0.02147645116850936
0.5421028850322154  1000  752  751.8093463810922  3.034289982389282  0.0034511145288032867
0.5421028850322154  999  775  775.1330370334084  3.104110030301399  -0.004752589528982722
0.5421028850322154  999  798  797.9454319430289  3.0326318265779264  -0.02082229999820605
0.5421028850322154  998  821  820.6207875450417  3.0556266342716754  -0.03943977339497331
0.5421028850322154  997  843  843.0685181286944  3.088420636936462  -0.0027318916341062317
0.5421028850322154  997  865  864.9714312151958  3.0527652514831516  -0.0175581497133488
0.5421028850322154  996  887  886.7660611980892  2.943111687468445  -0.014024903339348136
0.5421028850322154  995  908  908.2812588063039  2.8495022326410435  -0.008615585344156256
0.5421028850322154  994  930  929.5401407869349  2.8774142091185695  0.0022765012744291185
0.5421028850322154  993  950  950.4980023783206  2.8787998703385256  -0.016208013712568654
0.5421028850322154  992  971  971.1874095115335  2.9106228562429806  0.0020041368468740146
0.5421028850322154  991  992  991.6549449119073  2.7235973675199148  -0.004307375121498581
0.5421028850322154  990  1012  1011.8521124097164  2.6694591947807567  0.003050242652684418
0.8142978850322153  989  32  31.853409797353592  2.872229532057144  0.0017196475425032133
0.8142978850322153  991  67  66.92418627807359  3.1390074571850306  -0.023440495412062314
0.8142978850322153  993  102  101.51024916513737  2.8341874062687253  0.03402857924603961
0.8142978850322153  994  135  135.2808360883304  2.9156396148814565  -0.02816662841053635
0.8142978850322153  995  169  168.67856411639465  2.8090149871452468  0.0033396407211754558
0.8142978850322153  996  201  201.29282115793632  2.686246084279958  -0.00952830370577639
0.8142978850322153  997  233  233.43526401257168  2.730794941696388  0.0181643512411197
0.8142978850322153  998  265  264.9903896984207  2.6446832599207255  -0.01285255763387939
0.8142978850322153  999  296  295.97891420920473  2.7156641060141737  -0.01903915846901722
0.8142978850322153  1000  326  326.4664968475615  2.6270592733825424  0.00201447066720166
0.8142978850322153  1000  356  356.43037980582426  2.5654556938608835  -0.040960628245215486
0.8142978850322153  1001  386  385.8706541738964  2.6515986538800007  -0.015161868470686509
0.8142978850322153  1001  415  414.8838443700952  2.673301156614116  -0.01945163727612363
0.8142978850322153  1001  443  443.4117092960897  2.6606214191717754  -0.015770791081095005
0.8142978850322153  1002  471  471.3564017467342  2.7373856662807157  0.001220875160359588
0.8142978850322153  1002  499  498.8984155720132  2.7417218587985985  -0.02420512978693137
0.8142978850322153  1002  526  526.0749344905827  2.746142326066547  -0.0012125560126749046
0.8142978850322153  1002  553  552.6860630007619  2.808012911831611  -0.04141649245907013
0.8142978850322153  1002  579  578.9752703621458  2.894833584856542  -0.011478859360742456
0.8142978850322153  1001  605  604.9194155410751  2.9230015894431745  -0.037906225800652886
0.8142978850322153  1001  630  630.3702811661175  2.8580525628713076  -0.02277671151714369
0.8142978850322153  1001  655  655.3970196311419  2.9644114697057375  0.0014877144654799601
0.8142978850322153  1000  680  680.1435990950039  2.959061538861988  -0.002252412069808222
0.8142978850322153  1000  704  704.3916203710824  2.9573385029714245  -0.01835977862905399
0.8142978850322153  1000  728  728.248498106006  3.0141472160537433  -0.022516087300233405
0.8142978850322153  999  752  751.935529356067  3.0642826050418535  -0.005847503288856176
0.8142978850322153  998  775  775.287424927331  3.1247935926935497  0.026258373322524304
0.8142978850322153  998  798  798.1019822381398  2.979738855577807  -0.023720113101455453
0.8142978850322153  997  821  820.8054039718851  3.1138831337577813  -0.027599300713950742
0.8142978850322153  996  843  843.1147813657169  3.254131707767783  -0.01400611753228893
0.8142978850322153  996  865  865.1459495167188  3.0451747037902805  -0.005904493468903049
0.8142978850322153  995  887  886.9161242288432  2.9899983074697047  -0.024648692507839493
0.8142978850322153  994  908  908.3968307905328  2.8085262430699913  -0.03440113801419244
0.8142978850322153  993  930  929.6950271469435  2.929639112355744  -0.006349970746996514
0.8142978850322153  992  951  950.633854299656  2.832827341632992  -0.020953221991452133
0.8142978850322153  991  971  971.4156967046835  2.8909612101109587  0.05387596588604001
0.8142978850322153  990  992  991.829034899656  2.8694560636216693  0.03940754509550889
0.8142978850322153  989  1012  1012.0351231657277  2.7863686197177913  0.035932625185651275
1.0864928850322153  989  32  31.91587990029686  2.859282850190432  -0.011928157618142211
1.0864928850322153  990  67  67.01067028617078  3.161356883758515  -0.018520382660293
1.0864928850322153  992  102  101.56847771658431  2.8228656918854824  0.018555756316337494
1.0864928850322153  993  135  135.38181649566133  2.9318786047919048  -0.02401943917489496
1.0864928850322153  994  169  168.7793340882681  2.7729223268315195  0.014421774660179338
1.0864928850322153  996  201  201.31297249923574  2.7144067261702958  -0.02924258576429094
1.0864928850322153  997  234  233.48816522089072  2.786863021798297  0.014059511377623447
1.0864928850322153  997  265  265.11750211958014  2.6281898146910407  0.021989667606597027
1.0864928850322153  998  296  296.1021650210762  2.731979897520091  -0.0067062843604962785
1.0864928850322153  999  327  326.564939721322  2.605089672966187  -0.0057693456759718865
1.0864928850322153  999  357  356.52749606819145  2.581929405745825  -0.05147408655806081
1.0864928850322153  1000  386  385.99679026327874  2.6783661318214627  -0.007467054750585634
1.0864928850322153  1000  415  415.0044506550372  2.7042031502675172  -0.010943059648244984
1.0864928850322153  1000  444  443.5168875217028  2.5411598586385935  0.009158939941283048
1.0864928850322153  1001  471  471.46666307099076  2.682892113011121  -0.0020471435901886
1.0864928850322153  1001  499  499.0589958798023  2.742888550633893  -0.0031502630468693226
1.0864928850322153  1001  526  526.1767307346686  2.757403929788552  -0.01548482763190655
1.0864928850322153  1001  553  552.834235536335  2.857342309831324  -0.02695081519745184
1.0864928850322153  1001  579  579.1247468873576  2.8932240225628902  -0.008670764124180276
1.0864928850322153  1000  605  605.0709374923529  2.9108401678339533  -0.02033622994130524
1.0864928850322153  1000  630  630.4900185105246  2.900456036181936  -0.03256325481440845
1.0864928850322153  1000  656  655.5387172157372  2.920575861013276  0.0016916401537691098
1.0864928850322153  1000  680  680.1481291960989  3.062636524682034  -0.04112322839361598
1.0864928850322153  999  704  704.5279174258665  2.986058739049213  -0.020685220631745615
1.0864928850322153  999  728  728.4008643820448  3.0416100268898845  -0.01873449127599893
1.0864928850322153  998  752  752.0833055171183  3.0359760262599593  -0.008603911600436909
1.0864928850322153  998  775  775.3017392398544  3.207188557239647  -0.03197316949755032
1.0864928850322153  997  798  798.2490966969182  2.984908752667593  -0.03484703811446364
1.0864928850322153  996  821  820.9452830960898  3.1307125347157125  -0.02711606698838199
1.0864928850322153  996  843  843.223099838407  3.19513718429414  -0.036208024024523694
1.0864928850322153  995  865  865.3003694444242  2.9894790068310613  -0.0066648225793667325
1.0864928850322153  994  887  887.1249789973035  3.0066626132206693  0.0006707925404519104
1.0864928850322153  993  909  908.5692662871264  2.8741221443348195  -0.043604909278254236
1.0864928850322153  992  930  929.855300116607  2.9473698771146246  -0.011336599117849767
1.0864928850322153  991  951  950.8406654984994  2.954821043673064  0.005119523219125726
1.0864928850322153  990  972  971.5221562185314  2.976563696757921  0.04234107414058118
1.0864928850322153  989  992  991.9241018949107  2.9134400681075476  2.8077550145229782e-05
1.0864928850322153  988  1012  1012.1015229878491  2.917993094907615  -0.014410358516922914
1.3586878850322153  988  32  31.93052033328889  2.837308256605443  -0.03869623352035123
1.3586878850322153  989  67  67.11529828906215  3.1734631096569217  -0.008460641200903894
1.3586878850322153  991  102  101.65510198145545  2.7900785314923127  0.01733042179923971
1.3586878850322153  992  135  135.4600771559099  2.9354216813474636  -0.022490212388331106
1.3586878850322153  994  169  168.814536238899  2.7051815212520864  -0.0015128963325182565
1.3586878850322153  995  201  201.38801829162267  2.742268548104562  -0.02118236500087291
1.3586878850322153  996  234  233.59522080898998  2.769474082234069  0.02296017626437564
1.3586878850322153  997  265  265.16449085648316  2.5257633780806827  -0.009991218020945351
1.3586878850322153  997  296  296.2124093212345  2.728389103077461  -0.00387707798709278
1.3586878850322153  998  327  326.6427610019231  2.6141068338388322  -0.02107897103715124
1.3586878850322153  998  357  356.6110469630373  2.547886196140496  -0.04376177734709216
1.3586878850322153  999  386  386.126909200634  2.6648688269216336  -9.020494526113272e-05
1.3586878850322153  999  415  415.13211755348686  2.640758278223643  -0.0016239834645170993
1.3586878850322153  1000  444  443.52316523317177  2.617262983701721  -0.01271349473333727
1.3586878850322153  1000  472  471.5803854088318  2.6760927673178685  -0.010194247640703154
1.3586878850322153  1000  499  499.1974168813354  2.7386568426128406  0.01169977659777687
1.3586878850322153  1000  526  526.2881411797975  2.717595103127678  -0.015396330609299149
1.3586878850322153  1000  553  552.9690562494277  2.9111652786948525  -0.016432381489692432
1.3586878850322153  1000  579  579.2875349817585  2.8642993833191213  0.004043634387132264
1.3586878850322153  1000  605  605.0750700752286  3.0061439829353276  -0.049026177331963926
1.3586878850322153  999  631  630.5979905062917  2.903415704618169  -0.051171669610054
1.3586878850322153  999  656  655.6709721806664  2.9241698417029056  -0.0027925551063489266
1.3586878850322153  999  680  680.2915793797596  2.9420119825795155  -0.008549292606951052
1.3586878850322153  998  705  704.651105420494  3.0021336426458447  -0.033468133176745275
1.3586878850322153  998  729  728.5428432053561  3.0152599495560253  -0.026519336715655793
1.3586878850322153  997  752  752.2233795834549  3.0134853700931217  -0.012082212982649585
1.3586878850322153  997  775  775.4402536397403  3.074840311688831  -0.0034146026572181238
1.3586878850322153  996  798  798.3982932969011  3.0107256502014934  -0.03130645888989696
1.3586878850322153  995  821  821.1165215361116  3.1171505859974786  -0.018437222161246842
1.3586878850322153  995  843  843.3744871071377  3.0259371741783525  -0.00593394290317876
1.3586878850322153  994  865  865.4713206580767  2.9650810402952175  -0.0054950152988503176
1.3586878850322153  993  887  887.2630727767568  2.9106559700251182  -0.007006373112650599
1.3586878850322153  992  909  908.7459816714451  2.917879205322265  -0.03625602152192686
1.3586878850322153  991  930  930.0085021430114  2.9102491658738927  -0.017484332967693573
1.3586878850322153  990  951  951.0063234568386  3.025053787535853  0.03654980647120337
1.3586878850322153  989  972  971.5993608728497  2.9612735765761045  -0.013218997722734407
1.3586878850322153  989  992  992.0662751831844  2.8785875639623555  -0.013725956743660783
1.3586878850322153  988  1012  1012.2667364218421  2.815460373474707  -0.019013711020871002
1.6308828850322152  987  32  31.996733184031886  2.9123260886664575  -0.02385508323384249
1.6308828850322152  988  67  67.13956811745025  3.159646721275621  -0.08748912485534188
1.6308828850322152  990  102  101.70969049522789  2.7803151106433575  0.003852214315398283
1.6308828850322152  991  136  135.56443932201515  2.97169360941254  -0.013725042441721473
1.6308828850322152  993  169  168.87693778886484  2.7759270769652744  7.937798565508516e-05
1.6308828850322152  994  202  201.48709884389467  2.7370930708370906  -0.020303924548817215
1.6308828850322152  995  234  233.68174049104383  2.7045566549472255  0.016122900027033968
1.6308828850322152  996  265  265.1943230153555  2.6814579341316858  -0.00862820624009506
1.6308828850322152  996  296  296.3157825698046  2.7193894848285254  -0.007094055851274489
1.6308828850322152  997  327  326.75203103262885  2.6096746323403295  -0.02579311156971298
1.6308828850322152  998  357  356.62170938170016  2.630235769278272  -0.06561628054437708
1.6308828850322152  998  386  386.25382206282916  2.6172739183245994  0.007598480807669159
1.6308828850322152  998  415  415.25857280660637  2.6111262223835183  0.0035510697769730866
1.6308828850322152  999  444  443.6136634737993  2.6278216382402206  -0.03178543529368742
1.6308828850322152  999  472  471.707850582903  2.670662472513186  -0.013913173279915052
1.6308828850322152  999  499  499.3089721647522  2.69851123352953  0.008485709262860528
1.6308828850322152  999  526  526.3935868477234  2.6953608856128994  -0.02546825994385332
1.6308828850322152  999  553  553.1357441604459  2.8519503428685766  0.00010036987040021352
1.6308828850322152  999  579  579.3983791707112  2.8563579308599856  -0.0005692697373725829
1.6308828850322152  999  605  605.2439633411925  2.9092701644387944  -0.0031106797454697375
1.6308828850322152  998  631  630.7283810638934  2.9346787259286202  -0.04858243444898096
1.6308828850322152  998  656  655.8040433431213  2.9450611988991113  -0.011344332632499827
1.6308828850322152  998  680  680.4305302418251  2.9621121939484283  -0.02494094372189594
1.6308828850322152  997  705  704.8090455759716  3.0321529785596795  -0.021039786170985918
1.6308828850322152  997  729  728.6878207043958  3.06720882734362  -0.027994050236208993
1.6308828850322152  996  752  752.3494172839148  3.009458514059588  -0.026821341380367028
1.6308828850322152  996  776  775.5640441022705  3.048876891809414  -0.012533125461083426
1.6308828850322152  995  799  798.5657189363618  3.0523496033681567  -0.029659050900930975
1.6308828850322152  994  821  821.2820617657856  3.082809122907065  -0.01110557404771006
1.6308828850322152  994  844  843.5006307019773  3.000749290800968  -0.018874534428691192
1.6308828850322152  993  866  865.6354872681053  2.9677709759091613  -0.0003882613324865386
1.6308828850322152  992  887  887.4053284154967  2.9326139843039982  -0.014875187764654052
1.6308828850322152  991  909  908.9399063702159  2.9435150969173947  -0.02043971886515793
1.6308828850322152  990  930  930.1878159948656  2.8884993604488045  -0.0006925230723560447
1.6308828850322152  990  951  951.0788515813124  3.0611391309680585  -0.002878687594722182
1.6308828850322152  989  972  971.678305109221  2.8473575786852052  -0.04482709640516746
1.6308828850322152  988  992  992.1472333317635  2.7318115926852897  -0.034720516593130836
1.6308828850322152  987  1012  1012.3557017310867  2.6997361007253176  -0.04529925527093202
1.9030778850322152  986  32  32.075700971667935  2.8669651540530054  -0.017647379283584015
1.9030778850322152  987  67  67.13307696884027  2.954022747073168  -0.23511364776123167
1.9030778850322152  989  102  101.78432332383117  2.7703361687860877  -0.006074293450606803
1.9030778850322152  990  136  135.65549379934112  2.9573048769693173  -0.015662975463091002
1.9030778850322152  992  169  168.97023169884162  2.7702079162436917  0.0077319495107153625
1.9030778850322152  993  202  201.57321431097134  2.747321559284842  -0.027359117783495035
1.9030778850322152  994  234  233.78864734190662  2.6850752106454934  0.017624454546435655
1.9030778850322152  995  265  265.2650560274072  2.6072465704758088  -0.011646687957858785
1.9030778850322152  995  296  296.4033083099611  2.71149355073851  -0.014094964831060104
1.9030778850322152  996  327  326.87017873880916  2.615014123067681  -0.018430267054810056
1.9030778850322152  997  357  356.7290872312918  2.6369669897258063  -0.05886079098701714
1.9030778850322152  997  386  386.37543429459464  2.6233304886688984  0.004501280662912737
1.9030778850322152  997  415  415.36239921084155  2.59911591617481  -0.004783883771085973
1.9030778850322152  998  444  443.7634603012726  2.6678487591390194  -0.01685829877088166
1.9030778850322152  998  472  471.8332703952014  2.6717214017783135  -0.008891445487622126
1.9030778850322152  998  499  499.42702332474994  2.6763621449209154  0.0017991534804777168
1.9030778850322152  998  526  526.4892589330922  2.7202067469330586  -0.043452108633319775
1.9030778850322152  998  553  553.2604935735733  2.809128733335001  -0.0020384599128794086
1.9030778850322152  998  580  579.5325319676297  2.842619282502028  0.0014840713043353488
1.9030778850322152  998  605  605.363493110028  2.867666038041534  -0.010918008770495475
1.9030778850322152  997  631  630.8981673224349  2.9605562443407507  -0.03082487842517781
1.9030778850322152  997  656  655.941624607304  2.9505477788602548  -0.015537374738253715
1.9030778850322152  997  681  680.566111644694  2.950434888246491  -0.03216916686652546
1.9030778850322152  996  705  704.9564527746525  3.0911571195483702  -0.01611761681459245
1.9030778850322152  996  729  728.8477826326633  3.1337236368131016  -0.01406455087092667
1.9030778850322152  995  752  752.5223692496795  3.047705748982594  -0.023402650248333875
1.9030778850322152  995  776  775.700311585943  3.0612596608318654  -0.01976231195363456
1.9030778850322152  994  799  798.7024996536111  3.065454885711347  -0.042117468891873504
1.9030778850322152  993  821  821.4567441329812  3.039335674342283  -0.0021960900531699827
1.9030778850322152  993  844  843.6495165366373  3.011611423510203  -0.02415087198671495
1.9030778850322152  992  866  865.7550335154323  2.9743925337567134  -0.020108100727364114
1.9030778850322152  991  888  887.5837135347258  2.937558223205997  -0.013652249135833383
1.9030778850322152  990  909  909.09899397232  2.9395215200233906  -0.0158120655339917
1.9030778850322152  989  930  930.2931061478359  3.1232804397259315  0.002741730999981239
1.9030778850322152  989  951  951.167881739604  2.9931614075651396  -0.03341584306805143
1.9030778850322152  988  972  971.8963226294344  2.777985289291564  -0.005687542037164552
1.9030778850322152  987  992  992.3189686149435  2.7155815897430102  -0.03279901127427766
1.9030778850322152  986  1012  1012.5030789639137  2.715596837826979  -0.04989978070597738
2.175272885032215  985  32  32.14451823897335  2.9226900410903554  -0.02806275054750109
2.175272885032215  986  67  67.36763864344628  3.0859601546354867  -0.035282353361591814
2.175272885032215  988  102  101.84754915275127  2.7738838506213597  -0.019925475613058467
2.175272885032215  989  136  135.76247554834015  2.9237304208457147  0.008809724944536086
2.175272885032215  991  169  169.057331004119  2.7743260785071584  0.010615130117121474
2.175272885032215  992  202  201.66182082432735  2.7503245950993573  -0.03143178070705142
2.175272885032215  993  234  233.89927663993788  2.6896260935249074  0.016939278344777476
2.175272885032215  994  265  265.3761577641649  2.5901781929179606  -0.010329078968702143
2.175272885032215  994  296  296.51785590764126  2.6781621113893834  -0.009722381277896791
2.175272885032215  995  327  326.99117524694793  2.607573155228579  -0.007370579922243079
2.175272885032215  996  357  356.8448659300858  2.669173446458842  -0.04409934453417179
2.175272885032215  996  386  386.4591207738518  2.5820383089136385  -0.007113585212623537
2.175272885032215  996  415  415.45769018277485  2.557992122450173  -0.013745151553291382
2.175272885032215  997  444  443.8823003914717  2.6978816347908037  -0.02604917930667842
2.175272885032215  997  472  471.972568977146  2.6193224172990313  -0.00023004821934291398
2.175272885032215  997  500  499.55551447934647  2.668735433960478  -0.011489516473647871
2.175272885032215  997  527  526.6240888224257  2.7577096368022467  -0.0496228886413712
2.175272885032215  997  553  553.401167919202  2.8309954701453535  -0.0008623639192173442
2.175272885032215  997  580  579.6536772707088  2.7974065436135334  -0.00963911542513733
2.175272885032215  997  605  605.4856382204698  2.8723588487400775  -0.01432739245733784
2.175272885032215  996  631  631.0468321691103  2.9928824121502657  -0.017857941150223475
2.175272885032215  996  656  656.0801878877896  2.9704809978672984  -0.017084360487311007
2.175272885032215  996  681  680.7346530397868  3.0118802508409317  -0.01821709526593502
2.175272885032215  995  705  705.0964124611263  3.0823014710433654  -0.018683504921764627
2.175272885032215  995  729  728.9914639313617  3.1037340676459735  -0.014212424518213439
2.175272885032215  994  753  752.6918156965946  3.0462580372977754  -0.01693345493674037
2.175272885032215  994  776  775.8619257222817  3.0519718213370197  -0.019941016592596915
2.175272885032215  993  799  798.8723906786926  3.122542385309316  -0.023481008844945236
2.175272885032215  992  822  821.6290702045311  3.066825766047714  0.018941059976071043
2.175272885032215  992  844  843.832695608847  3.0652545444015686  -0.015879158703624642
2.175272885032215  991  866  865.918384243902  2.9680162078893773  -0.02002955373405427
2.175272885032215  990  888  887.7348555123006  2.896115740370419  -0.02155252514827256
2.175272885032215  989  909  909.2781630797367  2.9546167532764684  -0.01099654505202511
2.175272885032215  989  930  930.4382339757958  3.053279105214415  -0.009322946000944679
2.175272885032215  988  951  951.3218465937109  2.902506320594398  -0.020951858960273816
2.175272885032215  987  972  972.06018420896  2.815311274175656  -0.0031103169155651403
2.175272885032215  986  992  992.4898530041947  2.7389606337887926  -0.038088349968690545
2.175272885032215  985  1013  1012.6703579998226  2.783572283386434  -0.04906870038227891
2.447467885032215  984  32  32.207048391707325  2.9197809759713813  -0.038621721725001744
2.447467885032215  986  68  67.49904514253582  3.033242069948784  0.018814849306543018
2.447467885032215  987  102  101.92068397154725  2.7716138072557612  -0.025004144643314873
2.447467885032215  988  136  135.83410867651608  2.857935312085658  -0.001567021509865376
2.447467885032215  990  169  169.12366366974786  2.7294773092351647  0.007010802864293607
2.447467885032215  991  202  201.76500630267043  2.7698118861422074  -0.03239122021969916
2.447467885032215  992  234  234.02347021926943  2.6475491279348944  0.02132101097214157
2.447467885032215  993  265  265.4550927797362  2.6090018741048198  -0.024635782224339157
2.447467885032215  994  297  296.5751121454313  2.615495797813878  -0.01685881126819937
2.447467885032215  994  327  327.09372981086744  2.593670303731642  -0.008267620397446098
2.447467885032215  995  357  356.9861615930137  2.7129943623490362  -0.028477987152839408
2.447467885032215  996  386  386.45912723458326  2.5819929895146743  -0.00703927490137725
2.447467885032215  996  415  415.457684636301  2.5575172762305556  -0.014036502217983693
2.447467885032215  997  444  443.8823003914717  2.6978816347908037  -0.02604917930667842
2.447467885032215  997  472  471.972568977146  2.6193224172990313  -0.00023004821934291398
2.447467885032215  997  500  499.55551447934647  2.668735433960478  -0.011489516473647871
2.447467885032215  997  527  526.6240888224257  2.7577096368022467  -0.0496228886413712
2.447467885032215  997  553  553.401167919202  2.8309954701453535  -0.0008623639192173442
2.447467885032215  997  580  579.6536644564513  2.7967033223108047  -0.009648100416634865
2.447467885032215  996  606  605.6110345590685  2.833361028662125  -0.023194047078737384
2.447467885032215  996  631  631.0468309268211  2.992935542285295  -0.017868729341747488
2.447467885032215  996  656  656.1805683636096  3.1113136795756873  -0.006112271740151324
2.447467885032215  995  681  680.8769045046  3.0148044780694363  -0.010450529358221891
2.447467885032215  994  705  705.2611729796704  3.083801039533  -0.007292974101342177
2.447467885032215  994  729  729.1628833606129  3.0812149419591606  -0.006245729595942513
2.447467885032215  993  753  752.7941257043889  3.04067438954678  -0.03483234975720595
2.447467885032215  993  776  776.0357755648364  3.0709174064688796  -0.013864635080298582
2.447467885032215  992  799  799.0139532631479  3.097163154111172  -0.028035016546081398
2.447467885032215  991  822  821.6904612927455  3.1727613064260822  -0.007147047934717714
2.447467885032215  991  844  843.987924825276  3.0168635810940714  -0.020865215900486817
2.447467885032215  990  866  866.1082432981548  2.9890029825482998  -0.016065014292116587
2.447467885032215  989  888  887.9097646049398  2.8744255656009727  -0.022332956404826423
2.447467885032215  988  909  909.4541941910094  2.9809434598109874  0.016808254329123654
2.447467885032215  988  930  930.5736368413116  3.0763430273004815  -0.029696439374420673
2.447467885032215  987  952  951.5063960559905  2.879280971305434  -0.007978067109580938
2.447467885032215  986  972  972.2215095138608  2.8040659783810042  -0.011215019221226984
2.447467885032215  985  993  992.6555811431132  2.76347796043558  -0.045475781280123966
2.447467885032215  985  1013  1012.6703579998226  2.783572283386434  -0.04906870038227891
