# Band 2A   Etalon 1A   Slice 14
# Distortion map version 06.04.00 - date 2018-10-16
# Trace (isoalpha): Take pixel trace along specified slice, specified alpha position trace is built by taking the pixel in every detector row with alpha value closest to the one specified 
# xpos[i] = np.argmin(alpha_img[i,:])+funcs.find_nearest(alpha_img[i,:][(slice_img[i,:]!=0)],alpha_pos)
#    alpha       x  y      center         FWHM          skewness
0.0  792  15  14.7708573159  1.65266914251  -0.0115602911785
0.0  793  27  26.8173862915  1.66481140631  0.00202110032289
0.0  793  39  38.8945723757  1.66830246213  0.0300860093997
0.0  794  51  51.1575549933  1.63510697422  0.0765148631785
0.0  794  63  63.3986181082  1.55185283637  0.0530001944513
0.0  795  76  75.771819817  1.59562748213  0.0298844109705
0.0  796  88  88.348740629  1.4672659289  0.136301863984
0.0  796  101  100.798639371  1.54285517223  0.0082104129714
0.0  797  114  113.516984109  1.34484458989  0.0360804479353
0.0  797  126  126.302779968  1.52841784139  0.0963290935985
0.0  798  139  139.185541257  1.6214735552  0.0378086098566
0.0  798  152  152.110426615  1.6450258783  0.0419655013717
0.0  799  165  165.203712854  1.64622066786  0.0382985959861
0.0  799  178  178.346758106  1.60283229687  0.0541455945391
0.0  800  192  191.607870863  1.65937772938  0.0142079024286
0.0  800  205  204.976766442  1.68396880877  0.0419370286588
0.0  800  218  218.4530507  1.60962152831  0.0645482093613
0.0  801  232  232.070925777  1.65266502089  0.103175980727
0.0  801  246  245.691884609  1.59243769761  0.0432802131102
0.0  802  260  259.546766144  1.48600622721  0.0461904007679
0.0  802  273  273.474848591  1.47637891315  0.0896095759159
0.0  802  287  287.47390401  1.49416500479  0.0485525743048
0.0  803  302  301.625872278  1.57332597609  -0.00757377994518
0.0  803  316  315.869342106  1.67750702723  0.00497373057065
0.0  803  330  330.263714322  1.6743684236  0.0425460112982
0.0  804  345  344.750566728  1.71326362959  0.0163322764276
0.0  804  359  359.366245735  1.68914649186  0.0596867665586
0.0  804  374  374.100919306  1.72971624123  0.0852645968962
0.0  804  389  388.919854655  1.73955685322  0.070409727079
0.0  805  404  403.916692844  1.730447174  0.0629805251961
0.0  805  419  419.034242817  1.71475602285  0.0800328510148
0.0  805  434  434.282930239  1.64573059049  0.0947484856751
0.0  805  450  449.5868362  1.6086786068  0.00942514593006
0.0  805  465  465.110292556  1.77444378783  0.0311565601414
0.0  805  481  480.683616643  1.71933465479  -0.013444010797
0.0  805  496  496.474772779  1.70470794592  0.0393989704699
0.0  806  512  512.377476613  1.77463855854  0.0499816841067
0.0  806  528  528.399880734  1.78579099684  0.0674790972036
0.0  806  545  544.539435811  1.75610506707  0.0696388028777
0.0  806  561  560.811905926  1.83344701769  0.042342753657
0.0  806  577  577.317977984  1.67125860745  0.159161908738
0.0  805  594  593.830370794  1.83732009513  0.0388447059587
0.0  805  611  610.565658295  1.77081692093  0.0161348528806
0.0  805  627  627.480714339  1.79690359318  0.0265597303017
0.0  805  645  644.503898362  1.82410424098  -0.0135192659508
0.0  805  662  661.698198575  1.92751793172  -0.0212187200888
0.0  805  679  679.038772727  2.0198871524  -0.00194178948242
0.0  805  697  696.541823188  1.93619672312  0.0199014487192
0.0  804  714  714.199998142  2.05134696829  0.049922723803
0.0  804  732  732.009493709  2.06836657736  0.0535585295523
0.0  804  750  749.958459906  2.10997410054  0.0607441628722
0.0  803  768  768.105784041  2.08828095268  0.0869159376139
0.0  803  786  786.417404853  2.02752033535  0.0949105574305
0.0  802  805  804.85143572  2.11359472589  0.0423695919538
0.0  802  824  823.540544272  2.06421089167  0.0578875528645
0.0  801  842  842.382377044  2.06731431661  0.0450687708039
0.0  801  861  861.413802288  2.17438593134  0.0331505972659
0.0  800  881  880.577324452  2.18820119793  -0.0200995854059
0.0  800  900  899.99498783  2.3576831558  -0.0047116698863
0.0  799  920  919.529738934  2.31236328739  -0.0266035383146
0.0  798  939  939.319170634  2.43154196492  -0.00130659342227
0.0  798  959  959.241237084  2.50295837393  -0.00915376465227
0.0  797  979  979.400379618  2.49538673643  0.0119758979968
0.0  796  1000  999.712318591  2.54101588643  0.0084993983383
-1.31357763906  799  15  15.3861429698  1.67843802745  0.058835727909
-1.31357763906  799  27  27.3547212636  1.67403102332  0.0704515948315
-1.31357763906  800  39  39.4683202811  1.61087099894  0.0391734123558
-1.31357763906  801  52  51.6848122743  1.71023990949  0.0792283364373
-1.31357763906  801  64  63.9127434482  1.678988933  0.0564895310793
-1.31357763906  802  76  76.3638499421  1.50590501355  0.126428392193
-1.31357763906  802  89  88.716911857  1.54511290989  0.0234251535919
-1.31357763906  803  101  101.377171144  1.50012684597  0.113668821308
-1.31357763906  803  114  113.962167026  1.63370442457  0.0462035984851
-1.31357763906  804  127  126.721308517  1.55070563637  -0.00427198029776
-1.31357763906  804  140  139.563901635  1.53607106179  0.00385409484809
-1.31357763906  805  153  152.560317591  1.54752716142  0.00275682996565
-1.31357763906  805  166  165.572072345  1.63651277292  -0.0143168196006
-1.31357763906  806  179  178.775643051  1.67054484803  0.0125927048816
-1.31357763906  806  192  192.032627944  1.71938269716  0.05482811455
-1.31357763906  807  205  205.429509443  1.63671505541  0.0491816711087
-1.31357763906  807  219  218.840160079  1.68167543524  0.0344337360569
-1.31357763906  808  232  232.480248815  1.5149396284  0.0956929541742
-1.31357763906  808  246  246.169962774  1.63385922926  0.122053950533
-1.31357763906  808  260  259.909864091  1.65715290628  0.0700492568809
-1.31357763906  809  274  273.84059196  1.61898263653  0.0364240382652
-1.31357763906  809  288  287.838958803  1.64094629477  0.0292879443868
-1.31357763906  809  302  301.980355112  1.68308127597  0.0365552629405
-1.31357763906  810  316  316.284085733  1.64222408854  0.0553702699339
-1.31357763906  810  331  330.593004115  1.66479501365  0.0168211431394
-1.31357763906  810  345  345.078188976  1.76952498267  0.0389356760883
-1.31357763906  811  360  359.707468838  1.72292482944  0.0485144603595
-1.31357763906  811  374  374.430380083  1.67040890792  0.0799513943785
-1.31357763906  811  389  389.271749001  1.68027449915  0.113361945038
-1.31357763906  811  404  404.23628466  1.67887849439  0.124949028419
-1.31357763906  811  419  419.305901363  1.65738013626  0.0793238909685
-1.31357763906  812  435  434.537955467  1.57964081838  0.0386167975347
-1.31357763906  812  450  449.872022184  1.73553377124  0.00515977944577
-1.31357763906  812  465  465.385784716  1.6988183116  0.044248942077
-1.31357763906  812  481  480.95519104  1.81923409866  -0.00857924829743
-1.31357763906  812  497  496.6851467  1.79047898718  -0.00999881281681
-1.31357763906  812  513  512.567633079  1.7871462983  0.0257971867068
-1.31357763906  812  529  528.57733267  1.7771751521  0.0404138336195
-1.31357763906  812  545  544.707198422  1.83341564337  0.0414810133536
-1.31357763906  812  561  561.018624103  1.86045505141  0.0823112612046
-1.31357763906  812  577  577.455404001  1.7450483335  0.0921663533907
-1.31357763906  812  594  594.037538768  1.84722499733  0.0617733082662
-1.31357763906  812  611  610.73231835  1.83319288036  0.000114426710529
-1.31357763906  812  628  627.628054399  1.82769782362  -0.000516273397297
-1.31357763906  812  645  644.655480684  1.85719437396  -0.0207367163777
-1.31357763906  812  662  661.839093415  1.95600368607  -0.0231921785623
-1.31357763906  811  679  679.174002233  2.01580409955  0.0136847397596
-1.31357763906  811  697  696.630194921  1.98144553396  -0.00226430878881
-1.31357763906  811  714  714.299052925  2.01622825033  0.0424422835571
-1.31357763906  811  732  732.097681446  2.07867725408  0.0616504348208
-1.31357763906  810  750  750.046803361  2.12310852127  0.0684498444246
-1.31357763906  810  768  768.171095765  2.07739388996  0.0900123999723
-1.31357763906  810  786  786.460126436  2.00091911376  0.100703773555
-1.31357763906  809  805  804.888323355  2.10147629094  0.0485144596118
-1.31357763906  809  824  823.569350728  2.06685023213  0.0514739718252
-1.31357763906  808  842  842.393388919  2.11414847582  0.0408282264343
-1.31357763906  808  861  861.41944218  2.15679116921  0.0343039792732
-1.31357763906  807  881  880.580751908  2.20402503205  -0.0212713927025
-1.31357763906  806  900  899.973714983  2.32033686916  -0.0173840088672
-1.31357763906  806  920  919.516702547  2.35970946  -0.0334262349
-1.31357763906  805  939  939.295929741  2.41412374205  0.00259061831515
-1.31357763906  804  959  959.209353791  2.49526908262  -0.00634930638423
-1.31357763906  803  979  979.356602679  2.49464411615  0.0232344173704
-1.31357763906  802  1000  999.646899254  2.5544534305  0.00561499012235
-1.11953763906  798  15  15.3054581633  1.70278279307  0.0638767361764
-1.11953763906  798  27  27.2797919049  1.68007847935  0.0701442600548
-1.11953763906  799  39  39.3998068371  1.61615498403  0.0709175185067
-1.11953763906  800  52  51.5947556872  1.68406974901  0.0648741000036
-1.11953763906  800  64  63.8364490586  1.66582272933  0.0512406254937
-1.11953763906  801  76  76.2892275472  1.53493038298  0.125572189801
-1.11953763906  801  89  88.6425080093  1.48612904722  0.0242535184445
-1.11953763906  802  101  101.30065534  1.54004401691  0.110165123915
-1.11953763906  802  114  113.886897366  1.6180210738  0.0378271548591
-1.11953763906  803  127  126.650902885  1.49497291996  0.00511894662555
-1.11953763906  803  140  139.501014484  1.52386806624  0.0234673662434
-1.11953763906  804  152  152.505236421  1.51602552304  0.049463135944
-1.11953763906  804  166  165.51113772  1.63467600644  -7.10035392442e-05
-1.11953763906  805  179  178.701568143  1.64631926572  0.00359568285418
-1.11953763906  805  192  191.956524505  1.73346281079  0.0360879943665
-1.11953763906  806  205  205.365162373  1.61983542034  0.0570735702571
-1.11953763906  806  219  218.784867231  1.6697181856  0.0453623105247
-1.11953763906  807  232  232.43227262  1.53654537996  0.11168619509
-1.11953763906  807  246  246.101158625  1.65947296118  0.106962948016
-1.11953763906  807  260  259.828395477  1.64572124395  0.0509770987541
-1.11953763906  808  274  273.775684627  1.59711361335  0.0334836501677
-1.11953763906  808  288  287.769448101  1.64427212124  0.000893092229175
-1.11953763906  808  302  301.906799649  1.69264208686  0.020252264148
-1.11953763906  809  316  316.220956828  1.68334867219  0.0454158624785
-1.11953763906  809  331  330.545628399  1.65556398752  0.0261382276076
-1.11953763906  809  345  345.006154964  1.7439142296  0.0301726332309
-1.11953763906  810  360  359.649824853  1.7241272099  0.0377171436656
-1.11953763906  810  374  374.386559483  1.66758967315  0.0987259875598
-1.11953763906  810  389  389.220200434  1.70355652852  0.104344301259
-1.11953763906  810  404  404.181766649  1.69607147655  0.112231634808
-1.11953763906  810  419  419.284744404  1.66860875977  0.122656824796
-1.11953763906  811  434  434.495923545  1.49155065871  0.0665727565326
-1.11953763906  811  450  449.828568352  1.7200829248  0.0151803843857
-1.11953763906  811  465  465.34562673  1.70834427376  0.0395001492986
-1.11953763906  811  481  480.904548772  1.79034171584  -0.00701401428216
-1.11953763906  811  497  496.652626487  1.78548088109  0.000727931750422
-1.11953763906  811  513  512.525944053  1.77704527381  0.0219378855435
-1.11953763906  811  529  528.542058883  1.77516247613  0.0499352573355
-1.11953763906  811  545  544.668497011  1.78603229979  0.0397955885324
-1.11953763906  811  561  560.978097326  1.84254749639  0.0803688418874
-1.11953763906  811  577  577.427132294  1.73616156905  0.0960890942973
-1.11953763906  811  594  594.012678241  1.84894390294  0.0657394108015
-1.11953763906  811  611  610.705288313  1.81816233963  0.00655845671736
-1.11953763906  811  628  627.58909702  1.80124604362  -0.00734247681305
-1.11953763906  811  645  644.630287695  1.83714964341  -0.025795745157
-1.11953763906  811  662  661.812300435  1.96386793215  -0.018737791515
-1.11953763906  810  679  679.149606792  2.03212366535  0.0123232786387
-1.11953763906  810  697  696.606682798  1.97286415941  -0.00222000973801
-1.11953763906  810  714  714.287053725  2.03372448601  0.0495661329845
-1.11953763906  810  732  732.064573105  2.07941985274  0.0515334549624
-1.11953763906  809  750  750.020345044  2.08620359279  0.0677267073814
-1.11953763906  809  768  768.156209229  2.08109942661  0.0886823135565
-1.11953763906  809  786  786.455026031  2.01055468366  0.0870641900182
-1.11953763906  808  805  804.869777755  2.11344931569  0.0494845183648
-1.11953763906  808  824  823.55248192  2.07213872785  0.0497136631317
-1.11953763906  807  842  842.388947695  2.10155907328  0.0389600840238
-1.11953763906  807  861  861.415354182  2.16111689721  0.0267216798155
-1.11953763906  806  881  880.579851534  2.21240619177  -0.0187394929998
-1.11953763906  805  900  899.969035758  2.36962313664  -0.0135106623893
-1.11953763906  805  920  919.516562493  2.34415154185  -0.0289050682452
-1.11953763906  804  939  939.29002438  2.42157659901  5.0609897972e-05
-1.11953763906  803  959  959.214631054  2.51244808683  0.000608999129515
-1.11953763906  802  979  979.345691041  2.50334658454  0.0126368627284
-1.11953763906  801  1000  999.645578877  2.56454597468  0.000839843437346
-0.925497639058  797  15  15.2177165943  1.70861826547  0.0560812244252
-0.925497639058  797  27  27.1806499935  1.6999405768  0.0603424146653
-0.925497639058  798  39  39.3265636058  1.59948467753  0.0792082599155
-0.925497639058  799  52  51.5205499746  1.58423813577  0.044812494394
-0.925497639058  799  64  63.7344981683  1.63498960538  0.0329876399313
-0.925497639058  800  76  76.20990229  1.57578493263  0.129393556495
-0.925497639058  800  89  88.5687159601  1.38643012864  0.03857398673
-0.925497639058  801  101  101.232078101  1.55695913738  0.110714924999
-0.925497639058  801  114  113.78765351  1.59150865065  0.0116690386149
-0.925497639058  802  127  126.584417949  1.43769528434  0.00438486074238
-0.925497639058  802  139  139.446670377  1.50683283108  0.0577691043916
-0.925497639058  803  152  152.448010303  1.5303787072  0.0718730509057
-0.925497639058  803  165  165.449005434  1.58484750337  0.0308179594301
-0.925497639058  804  179  178.633913553  1.63868376089  0.00490366787682
-0.925497639058  804  192  191.892943162  1.71896903632  0.0358819381442
-0.925497639058  805  205  205.313916672  1.63672499502  0.0741976676182
-0.925497639058  805  219  218.713822065  1.65124875369  0.0348051349336
-0.925497639058  806  232  232.382808737  1.55350280851  0.12673269332
-0.925497639058  806  246  246.027819655  1.66272148917  0.0964634009738
-0.925497639058  806  260  259.76158822  1.62983400158  0.0391574082931
-0.925497639058  807  274  273.706642682  1.58698331451  0.0227190356215
-0.925497639058  807  288  287.709147029  1.59944971858  0.00604913844261
-0.925497639058  807  302  301.833703875  1.66875485363  -0.00274783921454
-0.925497639058  808  316  316.16464674  1.67885570255  0.0399539757383
-0.925497639058  808  330  330.492868684  1.65014498985  0.0305624477114
-0.925497639058  808  345  344.959693038  1.75223799517  0.0290731240823
-0.925497639058  809  360  359.602188853  1.7179278346  0.0408329946509
-0.925497639058  809  374  374.343372995  1.66374087785  0.10085089894
-0.925497639058  809  389  389.167907055  1.71714389094  0.105556273645
-0.925497639058  809  404  404.114171164  1.70682236882  0.100336449998
-0.925497639058  810  419  419.269356719  1.64843215237  0.127672983695
-0.925497639058  810  434  434.467707689  1.56372042221  0.0823779825069
-0.925497639058  810  450  449.767349871  1.71526071647  -0.00457225366974
-0.925497639058  810  465  465.301688844  1.73326798337  0.0557641700777
-0.925497639058  810  481  480.866204419  1.79443566558  -0.00314875224496
-0.925497639058  810  497  496.619668654  1.75455489755  0.0110702957808
-0.925497639058  810  512  512.505627153  1.77102220132  0.0376562357682
-0.925497639058  810  529  528.513569097  1.78114626112  0.0511827650838
-0.925497639058  810  545  544.638151324  1.77646395246  0.0460505588109
-0.925497639058  810  561  560.939941302  1.84910644947  0.0680982675811
-0.925497639058  810  577  577.407427423  1.76938116652  0.106525135334
-0.925497639058  810  594  593.968053078  1.85832762052  0.0526163371213
-0.925497639058  810  611  610.682658538  1.80902699072  0.00164193660962
-0.925497639058  810  628  627.575244203  1.79176335578  0.00499106490417
-0.925497639058  810  645  644.609840373  1.86166343392  -0.0121309768519
-0.925497639058  810  662  661.788865841  1.96344676181  -0.018688118797
-0.925497639058  809  679  679.13745776  2.02259632251  0.0180917126186
-0.925497639058  809  697  696.60477318  1.96421447227  0.010605163511
-0.925497639058  809  714  714.264527785  2.05856360681  0.0495299048835
-0.925497639058  809  732  732.063475222  2.08643573817  0.0551107728427
-0.925497639058  808  750  750.007564301  2.09749530364  0.0686216620802
-0.925497639058  808  768  768.145124828  2.08015891272  0.0912202390135
-0.925497639058  808  786  786.442986751  2.00948995494  0.0909270115362
-0.925497639058  807  805  804.868314362  2.12987533177  0.0475972098407
-0.925497639058  807  824  823.554076902  2.06181282849  0.0558477821542
-0.925497639058  806  842  842.380738153  2.09406813129  0.0353301118982
-0.925497639058  806  861  861.408256867  2.14572402964  0.0281648944544
-0.925497639058  805  881  880.563707631  2.19734325934  -0.0231492731404
-0.925497639058  804  900  899.970872614  2.35429067863  -0.0117928603925
-0.925497639058  804  920  919.519731646  2.34366727326  -0.0256691071867
-0.925497639058  803  939  939.283148676  2.41651713049  -0.00150107817691
-0.925497639058  802  959  959.221728852  2.51701200727  0.00281925356943
-0.925497639058  801  979  979.358999718  2.49336113794  0.0118001809395
-0.925497639058  800  1000  999.673946325  2.56350112694  0.00791886203154
-0.731457639058  796  15  15.1373451649  1.70795056972  0.0403259340881
-0.731457639058  796  27  27.0767905831  1.70915144337  0.0173389776519
-0.731457639058  797  39  39.2426347411  1.64415580125  0.0767001914172
-0.731457639058  798  51  51.458777703  1.55542372302  0.087032396003
-0.731457639058  798  64  63.654842889  1.60568744367  0.0267956342343
-0.731457639058  799  76  76.1192380992  1.61123318314  0.101823748324
-0.731457639058  799  89  88.5153570906  1.36438591972  0.0693621735903
-0.731457639058  800  101  101.144699905  1.58857670471  0.0982734019797
-0.731457639058  800  114  113.716289852  1.54712098157  0.0085397887114
-0.731457639058  801  127  126.534297637  1.37254469169  0.034863225236
-0.731457639058  801  139  139.385512106  1.50051520174  0.0605243926067
-0.731457639058  802  152  152.382590358  1.5561177051  0.0626242076764
-0.731457639058  802  165  165.397645587  1.57991919364  0.0413972560094
-0.731457639058  803  179  178.575826884  1.63298469433  0.0183808956571
-0.731457639058  803  192  191.804810251  1.7051354126  0.0268282495769
-0.731457639058  804  205  205.250164336  1.66168246138  0.0726124392209
-0.731457639058  804  219  218.648432099  1.62154629062  0.0343776398343
-0.731457639058  805  232  232.322390276  1.57594698525  0.13697474666
-0.731457639058  805  246  245.951236102  1.65634187673  0.0791087076147
-0.731457639058  805  260  259.689693243  1.56801318  0.0297062118917
-0.731457639058  806  274  273.648038901  1.55603067941  0.0249008297474
-0.731457639058  806  288  287.662655428  1.58683766355  4.90487571152e-06
-0.731457639058  806  302  301.778593626  1.62193259313  -0.0132371981575
-0.731457639058  807  316  316.1096563  1.69165731883  0.0431792682693
-0.731457639058  807  330  330.454717249  1.62860719407  0.0441445944485
-0.731457639058  807  345  344.899306609  1.75157257838  0.0197252320709
-0.731457639058  808  360  359.547719605  1.70722410977  0.0426276188308
-0.731457639058  808  374  374.303536807  1.68908072034  0.0993671892531
-0.731457639058  808  389  389.115973571  1.72279457858  0.099171532281
-0.731457639058  808  404  404.06418636  1.72198910165  0.0951081789673
-0.731457639058  809  419  419.230488216  1.66664658601  0.120048681557
-0.731457639058  809  434  434.427245866  1.56556942599  0.0982478915398
-0.731457639058  809  450  449.723528039  1.69173187687  -0.0142934458815
-0.731457639058  809  465  465.262340209  1.72563976847  0.0436409517846
-0.731457639058  809  481  480.819123019  1.77044526107  -0.0119637696374
-0.731457639058  809  497  496.581232535  1.75379295454  0.00586819872256
-0.731457639058  809  512  512.479692833  1.75574538087  0.0469389639546
-0.731457639058  809  528  528.482967891  1.75316900837  0.0589784596041
-0.731457639058  809  545  544.606898547  1.77879928858  0.0430175896887
-0.731457639058  809  561  560.897950318  1.83290899325  0.0594045040933
-0.731457639058  809  577  577.378922111  1.75925489041  0.112944314819
-0.731457639058  809  594  593.927919279  1.86045224755  0.0473429583887
-0.731457639058  809  611  610.650017572  1.7988029559  0.00109359779534
-0.731457639058  809  628  627.540740248  1.78469891495  -0.0034520706932
-0.731457639058  809  645  644.580819595  1.83288782439  -0.0211348824056
-0.731457639058  809  662  661.768660769  1.94330200677  -0.0180879971409
-0.731457639058  808  679  679.108361799  2.03751255383  0.00658252051266
-0.731457639058  808  697  696.593789038  1.95742032061  0.0180133668824
-0.731457639058  808  714  714.248375452  2.03528220326  0.0477643827736
-0.731457639058  808  732  732.039233979  2.07654488254  0.0535832806266
-0.731457639058  807  750  749.984763871  2.10506454439  0.064768421401
-0.731457639058  807  768  768.130414818  2.08838624952  0.0847075777938
-0.731457639058  807  786  786.43547863  2.0310654699  0.0899572144043
-0.731457639058  806  805  804.854524859  2.10892288027  0.0443356349403
-0.731457639058  806  824  823.538035443  2.06113913748  0.0520835762345
-0.731457639058  805  842  842.376029707  2.11441461329  0.0373927860552
-0.731457639058  805  861  861.413606932  2.14598531439  0.0324877252457
-0.731457639058  804  881  880.566935237  2.20460201635  -0.0167786911219
-0.731457639058  803  900  899.962234311  2.33663704443  -0.0166671430047
-0.731457639058  803  920  919.50182125  2.34356456995  -0.0310277063112
-0.731457639058  802  939  939.301144197  2.42685326631  0.00558521567266
-0.731457639058  801  959  959.210217093  2.49504537433  -0.0107891315845
-0.731457639058  800  979  979.36529972  2.5030626508  0.00793611633142
-0.731457639058  800  1000  999.656929649  2.56344873773  0.00913590901771
-0.537417639058  795  15  15.0323670093  1.70834269111  0.021384292798
-0.537417639058  795  27  26.994175289  1.70204416341  0.00916787057169
-0.537417639058  796  39  39.1618361635  1.66558154108  0.0681300649763
-0.537417639058  797  51  51.385866167  1.55611537392  0.0899350976644
-0.537417639058  797  64  63.5819869691  1.53318715136  0.0215535167696
-0.537417639058  798  76  76.0362789718  1.63008229878  0.0877767481713
-0.537417639058  798  88  88.4615313262  1.37874372757  0.11604728957
-0.537417639058  799  101  101.051425609  1.62239565364  0.0591431636177
-0.537417639058  799  114  113.634315475  1.45989424128  -0.000205251238598
-0.537417639058  800  126  126.485427666  1.39683954871  0.0761742662522
-0.537417639058  800  139  139.315782483  1.5673477653  0.0613132460604
-0.537417639058  801  152  152.31582115  1.58508631633  0.0682631523721
-0.537417639058  801  165  165.338564042  1.58670696806  0.0504715371791
-0.537417639058  802  179  178.512700814  1.6170693258  0.0201450042818
-0.537417639058  802  192  191.7439166  1.69956268074  0.0154373226269
-0.537417639058  803  205  205.182356569  1.67387773102  0.0668864606365
-0.537417639058  803  219  218.59294677  1.59589551422  0.0446126803924
-0.537417639058  804  232  232.261067778  1.60626239996  0.126602797503
-0.537417639058  804  246  245.880352544  1.66101602961  0.0541312771871
-0.537417639058  804  260  259.633627133  1.55492185146  0.0226007803303
-0.537417639058  805  274  273.604034287  1.50431262286  0.0374536422631
-0.537417639058  805  288  287.603438285  1.53955833852  0.00160296658691
-0.537417639058  805  302  301.744706267  1.7113948065  -0.0253782860272
-0.537417639058  806  316  316.042015697  1.70018538544  0.0241942416728
-0.537417639058  806  330  330.416409529  1.63612568829  0.0493045161228
-0.537417639058  806  345  344.841959454  1.7305405762  0.0131903501638
-0.537417639058  807  359  359.501996868  1.68886232137  0.047095425341
-0.537417639058  807  374  374.246594605  1.69084031786  0.104979823275
-0.537417639058  807  389  389.054242629  1.73062500183  0.0891850582291
-0.537417639058  807  404  404.024774753  1.71444608593  0.088562473674
-0.537417639058  808  419  419.176549835  1.68181611212  0.106325362951
-0.537417639058  808  434  434.39409573  1.58019588431  0.103046444694
-0.537417639058  808  450  449.682210237  1.66961123851  -0.0136558962592
-0.537417639058  808  465  465.225559553  1.73184149074  0.0387914217738
-0.537417639058  808  481  480.780039302  1.75812587323  -0.0150882712484
-0.537417639058  808  497  496.550990492  1.73882144497  0.0157072369665
-0.537417639058  808  512  512.443979471  1.7581143271  0.0411116259889
-0.537417639058  808  528  528.456729692  1.76833825307  0.0589632247789
-0.537417639058  808  545  544.581609332  1.78705591029  0.0507424665306
-0.537417639058  808  561  560.864455516  1.82477112226  0.0592980869942
-0.537417639058  808  577  577.347508083  1.78085617622  0.0952244430594
-0.537417639058  808  594  593.900164133  1.85770283065  0.0399049772301
-0.537417639058  808  611  610.629282323  1.76149568029  0.00697784429395
-0.537417639058  808  628  627.528788532  1.79219176485  0.00819934670578
-0.537417639058  808  645  644.560875931  1.83320657218  -0.0108158234034
-0.537417639058  808  662  661.74516797  1.92771711631  -0.0207827175724
-0.537417639058  807  679  679.092189571  1.99817228903  0.00550821173269
-0.537417639058  807  697  696.568170116  1.96441761041  0.010484301248
-0.537417639058  807  714  714.237229266  2.04569846442  0.0483249476841
-0.537417639058  807  732  732.012738659  2.06182442633  0.0459180900303
-0.537417639058  806  750  749.970772812  2.11350541189  0.0611135138791
-0.537417639058  806  768  768.123332376  2.09243641786  0.0941586356114
-0.537417639058  806  786  786.4347824  2.01624367948  0.103175988989
-0.537417639058  805  805  804.841756885  2.11989026253  0.039752965118
-0.537417639058  805  824  823.534196601  2.06716913758  0.0496598436868
-0.537417639058  804  842  842.377089432  2.08693901768  0.0421163408546
-0.537417639058  804  861  861.406258033  2.16250049182  0.0343152491705
-0.537417639058  803  881  880.556576964  2.18537685133  -0.0283359639046
-0.537417639058  802  900  899.978872376  2.33877120296  -0.00770256491464
-0.537417639058  802  920  919.509043706  2.36470392692  -0.0287714743064
-0.537417639058  801  939  939.310100607  2.43211026248  0.00387330571116
-0.537417639058  800  959  959.226383041  2.53175419146  -0.000450587394568
-0.537417639058  799  979  979.372939774  2.48904494498  0.0160252686178
-0.537417639058  799  1000  999.676212264  2.59003268035  0.00187546447224
-0.343377639058  794  15  14.9421208486  1.68746046957  0.00121376378427
-0.343377639058  794  27  26.9528443711  1.78386564433  0.0206833035497
-0.343377639058  795  39  39.0598654689  1.67865036355  0.0428670390216
-0.343377639058  796  51  51.3105898403  1.60130616612  0.0899553694682
-0.343377639058  796  64  63.5269447389  1.52218199973  0.0455542554481
-0.343377639058  797  76  75.9382927745  1.63088265386  0.0552436211168
-0.343377639058  797  88  88.4099516598  1.43020390701  0.128003409844
-0.343377639058  798  101  100.932956111  1.62011449115  -0.0636689850962
-0.343377639058  798  114  113.56689731  1.38174590934  -0.00540080683081
-0.343377639058  799  126  126.424447988  1.45574305413  0.0901045333013
-0.343377639058  799  139  139.234212519  1.59048180668  0.00795452932884
-0.343377639058  800  152  152.255728019  1.6114234327  0.0660447004822
-0.343377639058  800  165  165.271799048  1.62285707931  0.0433250584004
-0.343377639058  801  178  178.457823063  1.55154774996  0.0433151856831
-0.343377639058  801  192  191.670196222  1.68617043539  0.0118286599099
-0.343377639058  802  205  205.105475116  1.67957637724  0.0554897737096
-0.343377639058  802  219  218.53402194  1.58682987715  0.051858939994
-0.343377639058  803  232  232.198239171  1.61816448395  0.113648238153
-0.343377639058  803  246  245.811626363  1.62609670159  0.0449209180487
-0.343377639058  803  260  259.581382339  1.50456369516  0.0322553515883
-0.343377639058  804  274  273.557297512  1.49608951121  0.0415175982534
-0.343377639058  804  288  287.558871315  1.52942541321  0.0153975401775
-0.343377639058  805  302  301.685700256  1.66808101219  -0.0181283798116
-0.343377639058  805  316  315.985989782  1.68612058641  0.027591141096
-0.343377639058  805  330  330.362863981  1.65236314666  0.0488654599485
-0.343377639058  805  345  344.793649188  1.73261226189  0.00950857095082
-0.343377639058  806  359  359.460411624  1.68323684382  0.0533113316501
-0.343377639058  806  374  374.189127012  1.71577440997  0.0936344509417
-0.343377639058  806  389  389.012103052  1.71397441683  0.0940120795185
-0.343377639058  806  404  403.975950601  1.72999148019  0.0834912151906
-0.343377639058  807  419  419.120550078  1.69091718196  0.0981605560467
-0.343377639058  807  434  434.35739205  1.58876450534  0.10415099432
-0.343377639058  807  450  449.639597116  1.65001393545  -0.010115667233
-0.343377639058  807  465  465.183653302  1.74033328016  0.0482337031912
-0.343377639058  807  481  480.75040081  1.75990887274  -0.00624205946252
-0.343377639058  807  497  496.524131871  1.7416564005  0.024251756126
-0.343377639058  807  512  512.406595021  1.75182483012  0.0386413478481
-0.343377639058  807  528  528.417253799  1.77111388  0.0609748824213
-0.343377639058  807  545  544.55481428  1.76343972345  0.0605315218291
-0.343377639058  807  561  560.833206612  1.8280074747  0.0561759995931
-0.343377639058  807  577  577.32588049  1.74894807635  0.122979492491
-0.343377639058  807  594  593.872358698  1.84551502159  0.0395991459988
-0.343377639058  807  611  610.600673343  1.74771167613  0.00262837928939
-0.343377639058  807  628  627.517870449  1.77660305161  0.0141482725742
-0.343377639058  807  645  644.548618026  1.81879624075  -0.009753159407
-0.343377639058  807  662  661.727109649  1.91781926579  -0.01738330953
-0.343377639058  807  679  679.07839484  2.0188357097  0.00382576605421
-0.343377639058  806  697  696.556457009  1.95306251572  0.0182562851425
-0.343377639058  806  714  714.212614224  2.05394951083  0.0467319901292
-0.343377639058  806  732  732.015737826  2.0671969225  0.056804825413
-0.343377639058  805  750  749.97065375  2.09739471507  0.0663455750389
-0.343377639058  805  768  768.115170286  2.07988754558  0.0940883597278
-0.343377639058  805  786  786.420866199  2.02539278792  0.0881785872925
-0.343377639058  804  805  804.838633069  2.096380304  0.0455440686571
-0.343377639058  804  824  823.528972907  2.0595419122  0.0470050636118
-0.343377639058  803  842  842.381076666  2.09010858646  0.046692725574
-0.343377639058  803  861  861.409144567  2.17618282889  0.0374209847534
-0.343377639058  802  881  880.558524233  2.18622904575  -0.0242430015916
-0.343377639058  801  900  899.979323664  2.35951748194  -0.0102067737218
-0.343377639058  801  920  919.526372182  2.32914455073  -0.0234317711472
-0.343377639058  800  939  939.317552954  2.42686794139  0.00544923291607
-0.343377639058  799  959  959.234570318  2.52973226551  -0.00181681349706
-0.343377639058  798  979  979.389231725  2.52501488781  0.0167916670264
-0.343377639058  798  1000  999.687681266  2.5913739944  0.00453938776854
-0.149337639058  793  15  14.8501322262  1.66765448839  -0.00384856872055
-0.149337639058  793  27  26.8534425684  1.78137144009  -0.00925537759245
-0.149337639058  794  39  38.9832167623  1.67575869795  0.0361039567869
-0.149337639058  795  51  51.2302774233  1.60844982135  0.0890185249436
-0.149337639058  795  63  63.4723572985  1.47698604058  0.0834782657274
-0.149337639058  796  76  75.8511399622  1.62732294509  0.0390936663203
-0.149337639058  796  88  88.3480423606  1.47230457031  0.132079242366
-0.149337639058  797  101  100.879287699  1.56522891496  0.0034565135217
-0.149337639058  797  114  113.516675623  1.29830174303  0.0283210524841
-0.149337639058  798  126  126.369409107  1.47914306378  0.101811137314
-0.149337639058  798  139  139.178185959  1.62339469191  0.0258874173043
-0.149337639058  799  152  152.180756519  1.62633344848  0.0600818286153
-0.149337639058  799  165  165.18741581  1.65819309346  -0.0028189444062
-0.149337639058  800  178  178.409023727  1.59897329682  0.0577786981701
-0.149337639058  800  192  191.60789902  1.65949080758  0.0138788206637
-0.149337639058  801  205  205.037528614  1.68324797755  0.0453055137424
-0.149337639058  801  218  218.483200075  1.56695910715  0.0704978406079
-0.149337639058  802  232  232.137696354  1.6448855885  0.114835617776
-0.149337639058  802  246  245.755477444  1.63434282961  0.0435808403639
-0.149337639058  802  260  259.545687344  1.45922732053  0.0462886703052
-0.149337639058  803  274  273.512027719  1.50521580812  0.0490912242878
-0.149337639058  803  288  287.509746842  1.50410793744  0.0253267445315
-0.149337639058  804  302  301.652244141  1.61074804443  -0.0156285466988
-0.149337639058  804  316  315.927297971  1.69897931182  0.0172054391135
-0.149337639058  804  330  330.31297166  1.65689599745  0.049250137704
-0.149337639058  804  345  344.750537539  1.71312404  0.0162337028714
-0.149337639058  805  359  359.422559323  1.66679672043  0.0695901273267
-0.149337639058  805  374  374.154763264  1.70802560742  0.100064870874
-0.149337639058  805  389  388.9644066  1.74021837482  0.0796777937888
-0.149337639058  805  404  403.916692844  1.730447174  0.0629805251961
-0.149337639058  806  419  419.072637049  1.68682845385  0.0883314648664
-0.149337639058  806  434  434.321870784  1.62495169123  0.113054185347
-0.149337639058  806  450  449.605984742  1.64418210954  -0.00814601000404
-0.149337639058  806  465  465.148504936  1.75233128327  0.0441305749926
-0.149337639058  806  481  480.710485729  1.74711997908  -0.0124362208162
-0.149337639058  806  496  496.492240721  1.72039997674  0.0299049175018
-0.149337639058  806  512  512.377476613  1.77463855854  0.0499816841067
-0.149337639058  806  528  528.399880734  1.78579099684  0.0674790972036
-0.149337639058  806  545  544.539435811  1.75610506707  0.0696388028777
-0.149337639058  806  561  560.811905926  1.83344701769  0.042342753657
-0.149337639058  806  577  577.317977984  1.67125860745  0.159161908738
-0.149337639058  806  594  593.86148061  1.8346184908  0.0418211904398
-0.149337639058  806  611  610.580748444  1.76264541314  0.0126219849867
-0.149337639058  806  628  627.501890871  1.79889616119  0.023987349261
-0.149337639058  806  645  644.523321992  1.81718757927  -0.00999675616872
-0.149337639058  806  662  661.708821214  1.92283474774  -0.0189902565929
-0.149337639058  806  679  679.066689513  2.03413073171  0.00879114302534
-0.149337639058  805  697  696.541845639  1.93386006176  0.0191004214792
-0.149337639058  805  714  714.204055387  2.0745719175  0.0497888186626
-0.149337639058  805  732  732.014123698  2.07535656624  0.0563529928103
-0.149337639058  804  750  749.958333645  2.10988802242  0.0599824655827
-0.149337639058  804  768  768.105954018  2.09773033121  0.0904224581554
-0.149337639058  804  786  786.413362698  2.03827141114  0.0947151119961
-0.149337639058  803  805  804.838699121  2.13120397498  0.0414298134633
-0.149337639058  803  824  823.532196806  2.05560833768  0.0462782850638
-0.149337639058  802  842  842.379235384  2.07499344212  0.0435227151587
-0.149337639058  802  861  861.414557773  2.16795082904  0.0404908897245
-0.149337639058  801  881  880.581727142  2.17574028576  -0.0135163430953
-0.149337639058  800  900  899.994711409  2.35774702994  -0.0069816332413
-0.149337639058  800  920  919.527372742  2.32948927355  -0.0247391203571
-0.149337639058  799  939  939.315448814  2.42370489845  0.00378291550874
-0.149337639058  798  959  959.244550444  2.50006768374  -0.00638218507712
-0.149337639058  797  979  979.400233827  2.49524466543  0.0137711688852
-0.149337639058  797  1000  999.705014956  2.54612834757  0.00121205163878
0.044702360942  792  15  14.7708573159  1.65266914251  -0.0115602911785
0.044702360942  792  27  26.7594899272  1.71681486362  -0.0120071462567
0.044702360942  793  39  38.8950638319  1.66918132313  0.0322296525505
0.044702360942  794  51  51.1569882989  1.6363462982  0.0738713085629
0.044702360942  794  63  63.4052820577  1.51792695848  0.0970742119025
0.044702360942  795  76  75.771819817  1.59562748213  0.0298844109705
0.044702360942  795  88  88.2754405205  1.52986834644  0.125143308413
0.044702360942  796  101  100.798639371  1.54285517223  0.0082104129714
0.044702360942  796  113  113.472579007  1.44158540854  0.0480076952179
0.044702360942  797  126  126.302779968  1.52841784139  0.0963290935985
0.044702360942  797  139  139.157345125  1.67729851602  0.0367472725137
0.044702360942  798  152  152.110426615  1.6450258783  0.0419655013717
0.044702360942  798  165  165.137152488  1.65409602754  0.0194826694094
0.044702360942  799  178  178.346758106  1.60283229687  0.0541455945391
0.044702360942  799  192  191.558957807  1.64186560047  0.0209302489191
0.044702360942  800  205  204.976766442  1.68396880877  0.0419370286588
0.044702360942  800  218  218.440267255  1.57310589139  0.0843125969767
0.044702360942  801  232  232.070888419  1.65270414476  0.102994117234
0.044702360942  801  246  245.694356674  1.60655300572  0.0485833150939
0.044702360942  801  259  259.503434567  1.52175339278  0.0411487503657
0.044702360942  802  273  273.474848591  1.47637891315  0.0896095759159
0.044702360942  802  287  287.473704735  1.49805409054  0.0503498640595
0.044702360942  803  302  301.632732348  1.60136970739  0.0263410932478
0.044702360942  803  316  315.869342106  1.67750702723  0.00497373057065
0.044702360942  803  330  330.263714322  1.6743684236  0.0425460112982
0.044702360942  803  345  344.706167828  1.70461513792  6.96916038065e-05
0.044702360942  804  359  359.366245735  1.68914649186  0.0596867665586
0.044702360942  804  374  374.100919306  1.72971624123  0.0852645968962
0.044702360942  804  389  388.919905263  1.73963451046  0.0706324840158
0.044702360942  804  404  403.874272234  1.7225108156  0.0524154934524
0.044702360942  805  419  419.034242817  1.71475602285  0.0800328510148
0.044702360942  805  434  434.282930239  1.64573059049  0.0947484856751
0.044702360942  805  450  449.5868362  1.6086786068  0.00942514593006
0.044702360942  805  465  465.110292556  1.77444378783  0.0311565601414
0.044702360942  805  481  480.683616643  1.71933465479  -0.013444010797
0.044702360942  805  496  496.474775705  1.70465867722  0.0393473130506
0.044702360942  805  512  512.348138518  1.77987507383  0.0462744669678
0.044702360942  805  528  528.368147975  1.77091610468  0.0628671022113
0.044702360942  805  545  544.518396909  1.75358777048  0.0772701482723
0.044702360942  805  561  560.787729124  1.83176011064  0.0434629106281
0.044702360942  805  577  577.277426366  1.78244496663  0.108265534229
0.044702360942  805  594  593.830371865  1.83724010678  0.0393620403806
0.044702360942  805  611  610.565658295  1.77081692093  0.0161348528806
0.044702360942  805  627  627.480714339  1.79690359318  0.0265597303017
0.044702360942  805  645  644.503898362  1.82410424098  -0.0135192659508
0.044702360942  805  662  661.698198575  1.92751793172  -0.0212187200888
0.044702360942  805  679  679.038683292  2.01989524211  -0.00244133086856
0.044702360942  804  697  696.532721789  1.96082613872  0.0189142131846
0.044702360942  804  714  714.199998142  2.05134696829  0.049922723803
0.044702360942  804  732  732.009493709  2.06836657736  0.0535585295523
0.044702360942  803  750  749.951974222  2.10894529511  0.0614983923728
0.044702360942  803  768  768.105784041  2.08828095268  0.0869159376139
0.044702360942  803  786  786.417410457  2.0274657447  0.0945296618916
0.044702360942  802  805  804.851515216  2.1130401924  0.0451320574734
0.044702360942  802  824  823.540544272  2.06421089167  0.0578875528645
0.044702360942  801  842  842.382533816  2.06834407251  0.0432187967302
0.044702360942  801  861  861.413790254  2.17453717129  0.0332550961541
0.044702360942  800  881  880.577324686  2.1881971733  -0.0200334685932
0.044702360942  799  900  899.988434622  2.36145644682  -0.00692333073161
0.044702360942  799  920  919.529743931  2.31265907555  -0.0263660619043
0.044702360942  798  939  939.319192281  2.43140068853  -0.0011329632131
0.044702360942  797  959  959.257594413  2.50136961627  -0.00436811347395
0.044702360942  796  979  979.413587402  2.50007100807  0.0117592899435
0.044702360942  796  1000  999.712371986  2.54162692228  0.00876976651109
0.238742360942  791  15  14.7015538194  1.61392975961  -0.0053289134124
0.238742360942  792  27  26.7042533268  1.67456246521  -0.00515152361731
0.238742360942  792  39  38.8174839603  1.66368056  0.0239021060778
0.238742360942  793  51  51.071048474  1.65734105422  0.0602753561144
0.238742360942  793  63  63.3466785223  1.54589519764  0.101707798075
0.238742360942  794  76  75.6991277385  1.55850178835  0.0194791148609
0.238742360942  794  88  88.2046214185  1.56815078882  0.107520536603
0.238742360942  795  101  100.728040653  1.50419546445  0.0060125378259
0.238742360942  795  113  113.415945464  1.4636409247  0.0397251976226
0.238742360942  796  126  126.239624073  1.54339385368  0.0864835693521
0.238742360942  796  139  139.067375061  1.66770965533  0.0378680213029
0.238742360942  797  152  152.032700606  1.66617680562  0.027080601139
0.238742360942  797  165  165.115403545  1.73425648637  0.0347833368711
0.238742360942  798  178  178.302359553  1.64039984648  0.0675084040613
0.238742360942  798  191  191.499287735  1.65234021223  0.0257249182329
0.238742360942  799  205  204.915283091  1.68540911823  0.0429888119348
0.238742360942  799  218  218.388595314  1.57275422673  0.0992400133097
0.238742360942  800  232  232.005262436  1.67761024793  0.0938342312043
0.238742360942  800  246  245.648863143  1.58323451117  0.0484707352284
0.238742360942  800  259  259.458635112  1.51204351779  0.0713808166873
0.238742360942  801  273  273.433135859  1.50778132308  0.106616360472
0.238742360942  801  287  287.43828604  1.51575633099  0.0767385823402
0.238742360942  802  302  301.571596817  1.53078439981  -0.0066768952955
0.238742360942  802  316  315.809353975  1.68312093533  -0.00727131553041
0.238742360942  802  330  330.220452945  1.69041353865  0.0481666023832
0.238742360942  802  345  344.663210172  1.68243329832  0.0173290329242
0.238742360942  803  359  359.345140841  1.69986517873  0.0779976017326
0.238742360942  803  374  374.05524884  1.72717496284  0.0817835124769
0.238742360942  803  389  388.878999335  1.71642106875  0.0636069586018
0.238742360942  803  404  403.835701095  1.72166850959  0.0483124977907
0.238742360942  804  419  418.974521247  1.72168908884  0.0596125630666
0.238742360942  804  434  434.248586668  1.67122706361  0.10026737613
0.238742360942  804  450  449.559656459  1.57699732185  0.00862903998245
0.238742360942  804  465  465.068889665  1.7491520142  0.032966652177
0.238742360942  804  481  480.654190712  1.72311202718  -0.00943837791357
0.238742360942  804  496  496.443739072  1.73714051687  0.0396321244805
0.238742360942  804  512  512.326636277  1.77913725392  0.0598463696209
0.238742360942  804  528  528.353798936  1.7858332378  0.0746470773645
0.238742360942  804  544  544.491682383  1.76417758226  0.0700770312363
0.238742360942  804  561  560.768433075  1.82251196874  0.0522215552277
0.238742360942  804  577  577.249367274  1.79103490007  0.0992122259286
0.238742360942  804  594  593.81517745  1.83444359398  0.0387579612555
0.238742360942  804  611  610.550834828  1.72821452328  0.0253668275183
0.238742360942  804  627  627.480317616  1.80825184003  0.0394376160332
0.238742360942  804  644  644.501108866  1.80105464493  0.00582115523813
0.238742360942  804  662  661.690665837  1.92588435485  -0.0083188189019
0.238742360942  804  679  679.041117835  2.03616258947  0.00249865384912
0.238742360942  803  697  696.52227882  1.95589889682  0.0104188250929
0.238742360942  803  714  714.183034485  2.04027016486  0.0462799997015
0.238742360942  803  732  731.994821498  2.08373586658  0.0556898711764
0.238742360942  802  750  749.941651562  2.12024837065  0.0538568241721
0.238742360942  802  768  768.098293462  2.08544815946  0.087603395939
0.238742360942  802  786  786.414434083  2.03045062847  0.0931016150923
0.238742360942  801  805  804.850941286  2.12765447692  0.0519497549099
0.238742360942  801  824  823.513856274  2.04845559128  0.0394739143091
0.238742360942  800  842  842.403416108  2.08597154804  0.055849429716
0.238742360942  800  861  861.422379629  2.1618226286  0.0338552275623
0.238742360942  799  881  880.584515979  2.19488004354  -0.0221704158803
0.238742360942  798  900  899.995271556  2.37048221959  -0.00852473020393
0.238742360942  798  920  919.532215324  2.32574672775  -0.0397362622089
0.238742360942  797  939  939.343792184  2.44495138187  0.00892900641008
0.238742360942  796  959  959.27434722  2.5059923175  -0.00142546029197
0.238742360942  795  979  979.425098003  2.57115603844  0.0199691459799
0.238742360942  795  1000  999.728133131  2.54514680507  0.00358032322986
0.432782360942  790  15  14.623830611  1.57733258074  -0.00989748730409
0.432782360942  791  27  26.6324378106  1.63809682292  0.00204774406905
0.432782360942  791  39  38.7359061809  1.62607887076  0.0121337279947
0.432782360942  792  51  50.998402057  1.65955108678  0.0487203952741
0.432782360942  792  63  63.2742224909  1.57340389243  0.0972178137902
0.432782360942  793  76  75.6277516706  1.53747358669  0.0320151976028
0.432782360942  793  88  88.1239982  1.57465194259  0.0831103857969
0.432782360942  794  101  100.656371908  1.44557986166  -0.00832382243943
0.432782360942  794  113  113.357234944  1.49839167301  0.0586462163326
0.432782360942  795  126  126.167546512  1.58405026287  0.0762636306621
0.432782360942  796  139  138.998366129  1.66739277475  0.0111783079173
0.432782360942  796  152  151.961839954  1.65792985866  0.0109981206945
0.432782360942  796  165  165.03181679  1.71872911334  0.0197557857732
0.432782360942  797  178  178.233780581  1.64528167517  0.0570761760238
0.432782360942  797  191  191.454803349  1.61204724317  0.0382789976858
0.432782360942  798  205  204.839352115  1.67954993431  0.0191870214285
0.432782360942  798  218  218.342513548  1.58829195484  0.0994778235316
0.432782360942  799  232  231.938831707  1.66970400723  0.0773921602843
0.432782360942  799  246  245.589387394  1.56105702411  0.0336740798698
0.432782360942  799  259  259.444448633  1.51740079246  0.0978460872275
0.432782360942  800  273  273.386926572  1.53818430738  0.103373051747
0.432782360942  800  287  287.395857721  1.53597321176  0.0770038017235
0.432782360942  801  302  301.534609767  1.53539748665  0.0117889399896
0.432782360942  801  316  315.766434693  1.65095740621  -0.000390926234865
0.432782360942  801  330  330.173417686  1.70778614142  0.0412419043754
0.432782360942  801  345  344.61786757  1.67910615821  0.013295797995
0.432782360942  802  359  359.313015989  1.69243515628  0.08615093834
0.432782360942  802  374  374.010064797  1.74050313106  0.0697963003816
0.432782360942  802  389  388.833348162  1.71645977186  0.0623934246158
0.432782360942  802  404  403.789461759  1.70723944127  0.0438667565144
0.432782360942  803  419  418.938659761  1.73444888069  0.057963247435
0.432782360942  803  434  434.211690693  1.66116369655  0.09133002941
0.432782360942  803  450  449.5403501  1.57316911633  0.0134813222179
0.432782360942  803  465  465.023117834  1.77381671334  0.0176623067614
0.432782360942  803  481  480.632129888  1.70571118566  0.00448751587679
0.432782360942  803  496  496.414393762  1.73952691126  0.0403363306418
0.432782360942  803  512  512.315453575  1.80090973706  0.0619745552013
0.432782360942  803  528  528.329268818  1.796784031  0.0684300459239
0.432782360942  803  544  544.471420145  1.75057482445  0.0767427501814
0.432782360942  803  561  560.737547033  1.79199887133  0.0500215059141
0.432782360942  803  577  577.2313  1.79604962744  0.103831340704
0.432782360942  803  594  593.797604382  1.83550933636  0.0460039322106
0.432782360942  803  611  610.534533203  1.73798117163  0.0251752033492
0.432782360942  803  627  627.460590317  1.78070399038  0.0449986158382
0.432782360942  803  644  644.491706092  1.80775951571  0.0103570235907
0.432782360942  803  662  661.669001925  1.91469445302  -0.0219707677536
0.432782360942  803  679  679.021206268  2.02267188701  0.00331669464764
0.432782360942  802  697  696.523297337  1.9430363382  0.0221380655898
0.432782360942  802  714  714.172858564  2.04766391258  0.0431157013616
0.432782360942  802  732  731.995745997  2.0812480556  0.0555342275607
0.432782360942  801  750  749.940907341  2.11899590779  0.060530117951
0.432782360942  801  768  768.101744873  2.09336152988  0.0926552373615
0.432782360942  801  786  786.402038275  2.03586046894  0.0848904395649
0.432782360942  800  805  804.85016565  2.12253646084  0.0467706327969
0.432782360942  800  824  823.522151975  2.05378614186  0.0409978231806
0.432782360942  799  842  842.408082999  2.08202213247  0.0554561173642
0.432782360942  799  861  861.42555287  2.17760064531  0.0374295433601
0.432782360942  798  881  880.59937761  2.16833648854  -0.02013213354
0.432782360942  797  900  900.016035906  2.38129254752  0.00204588947678
0.432782360942  797  920  919.548379308  2.35443255629  -0.0308728846976
0.432782360942  796  939  939.356349727  2.44908159495  0.0054366340032
0.432782360942  795  959  959.287800115  2.44623861996  -0.00061494523298
0.432782360942  795  979  979.439576964  2.54501662405  0.00412017490005
0.432782360942  794  1000  999.759140627  2.55975351828  0.0075579119341
0.626822360942  789  15  14.5658258152  1.56755533135  0.0142579456289
0.626822360942  790  27  26.5835399747  1.61445903622  0.0130107761749
0.626822360942  790  39  38.673117217  1.57750677809  0.0118660890054
0.626822360942  791  51  50.9144750019  1.63450089948  0.0320645869935
0.626822360942  791  63  63.2084340723  1.58881210117  0.0903972035453
0.626822360942  792  76  75.5577784937  1.44034226384  0.02621649855
0.626822360942  792  88  88.0519532647  1.59628081907  0.0775783218561
0.626822360942  793  101  100.599861842  1.38479605922  -0.00351009389726
0.626822360942  793  113  113.341425729  1.53399099324  0.0885530178934
0.626822360942  794  126  126.092538204  1.60947726444  0.062212185035
0.626822360942  795  139  138.914852658  1.6588617031  -0.000701479488528
0.626822360942  795  152  151.888198702  1.65199578661  -0.00315607605625
0.626822360942  795  165  164.961008418  1.73931622001  -0.00466916131619
0.626822360942  796  178  178.179483957  1.6612908545  0.057186591708
0.626822360942  796  191  191.404950509  1.63801927249  0.0405870446759
0.626822360942  797  205  204.774254739  1.66416764945  0.0214514873541
0.626822360942  797  218  218.291582921  1.60871889239  0.0960009495559
0.626822360942  798  232  231.874815567  1.65223381028  0.0603509470461
0.626822360942  798  246  245.544699047  1.54019834865  0.0508544537363
0.626822360942  798  259  259.409283304  1.52467371975  0.124632116135
0.626822360942  799  273  273.342459576  1.55557071024  0.0923798995981
0.626822360942  799  287  287.355193644  1.5530120985  0.0782461673831
0.626822360942  800  301  301.498151073  1.55595135604  0.0278474830265
0.626822360942  800  316  315.725901677  1.66263283749  -0.00867098180053
0.626822360942  800  330  330.130636713  1.70167457094  0.0417730642212
0.626822360942  800  345  344.595753652  1.69410410149  0.0030527257735
0.626822360942  801  359  359.270144889  1.70309188932  0.0780796302976
0.626822360942  801  374  373.966807437  1.73954775971  0.0768244738357
0.626822360942  801  389  388.788026822  1.71970605884  0.0562116650361
0.626822360942  801  404  403.758574883  1.67918109429  0.0490556909428
0.626822360942  802  419  418.905649035  1.71407433044  0.0578550869927
0.626822360942  802  434  434.170249503  1.70118617395  0.078932173249
0.626822360942  802  450  449.50385452  1.60409229873  0.0214516949805
0.626822360942  802  465  464.990944882  1.7788234466  0.00593697635879
0.626822360942  802  481  480.608735572  1.69353552309  0.000550503940968
0.626822360942  802  496  496.395264674  1.74183829759  0.0466943573548
0.626822360942  802  512  512.286467651  1.78955723162  0.0570495144648
0.626822360942  802  528  528.315141422  1.79990237414  0.0761226388211
0.626822360942  802  544  544.451441444  1.74964990031  0.0740233239994
0.626822360942  802  561  560.722410842  1.79026766052  0.0449495650616
0.626822360942  802  577  577.215814917  1.81976149128  0.0949469704996
0.626822360942  802  594  593.785846693  1.80293896231  0.040209892539
0.626822360942  802  611  610.529597252  1.71499222826  0.0339505638756
0.626822360942  802  627  627.450869807  1.80765234675  0.0399723715217
0.626822360942  802  644  644.479582334  1.80370662059  0.0130944229569
0.626822360942  802  662  661.659443528  1.89398760845  -0.0158356370876
0.626822360942  802  679  679.005504539  2.04108377945  -0.00333439024962
0.626822360942  801  697  696.504075786  1.95915058716  0.0121504204274
0.626822360942  801  714  714.170604782  2.03881278025  0.0419801642898
0.626822360942  801  732  731.990627052  2.08596703418  0.0555785274338
0.626822360942  800  750  749.939688442  2.12082300738  0.0563200983914
0.626822360942  800  768  768.100139924  2.08751125481  0.0889894800383
0.626822360942  800  786  786.39964199  2.04138223957  0.0851458903408
0.626822360942  799  805  804.878371868  2.09313150144  0.0550664089877
0.626822360942  799  824  823.532685806  2.06108340963  0.0403550707801
0.626822360942  798  842  842.420011248  2.07421021731  0.057477932118
0.626822360942  798  861  861.428660479  2.16891619305  0.0359645463318
0.626822360942  797  881  880.615114549  2.19206295303  -0.0254036045431
0.626822360942  796  900  900.013105811  2.35895145339  -0.0144449311443
0.626822360942  796  920  919.585524886  2.33748600207  -0.014090650106
0.626822360942  795  939  939.356604083  2.42396138938  -0.00821485988976
0.626822360942  794  959  959.308718228  2.4627573825  -0.00502739669585
0.626822360942  794  979  979.425331548  2.53331463487  -0.00207325280729
0.626822360942  793  1000  999.761274829  2.54842794359  -0.00591644286456
0.820862360942  788  15  14.5132093418  1.5374774429  0.0290084726709
0.820862360942  789  27  26.5516666247  1.63057047559  0.0652259265414
0.820862360942  789  39  38.6063232405  1.56936071352  0.0102553314631
0.820862360942  790  51  50.8351898985  1.63693586499  0.0215223076607
0.820862360942  790  63  63.1352421776  1.61551189062  0.0851583209049
0.820862360942  791  76  75.5113529045  1.42042914217  0.0468187691127
0.820862360942  791  88  87.9573426028  1.58989577924  0.0321699760508
0.820862360942  792  101  100.550978604  1.2935024692  0.0193843990999
0.820862360942  792  113  113.275653802  1.5672935567  0.0887188217367
0.820862360942  793  126  126.013393294  1.5989784042  0.0289595140439
0.820862360942  794  139  138.854255096  1.62902069758  -0.0187992008296
0.820862360942  794  152  151.827334861  1.63151925464  -0.0106692954691
0.820862360942  795  165  164.885095841  1.70897337422  -0.00880737382733
0.820862360942  795  178  178.113921438  1.67704369877  0.0532230034587
0.820862360942  795  191  191.358779511  1.63975766405  0.0506028113678
0.820862360942  796  205  204.731814568  1.64323012274  0.0283788417734
0.820862360942  796  218  218.255142992  1.62146868687  0.107684179877
0.820862360942  797  232  231.833583548  1.64235592196  0.0669213449296
0.820862360942  797  246  245.513257828  1.51496918241  0.0688147975833
0.820862360942  797  259  259.366314046  1.56335642319  0.110661028215
0.820862360942  798  273  273.295110917  1.56625548119  0.100774902132
0.820862360942  798  287  287.309560195  1.57872939054  0.0723345623437
0.820862360942  799  301  301.464493128  1.54137525639  0.0383614913522
0.820862360942  799  316  315.682136699  1.65059312934  -0.00518413761937
0.820862360942  799  330  330.08740421  1.71456175507  0.0462156668959
0.820862360942  799  345  344.554701754  1.70438566792  -0.00364391238014
0.820862360942  800  359  359.233423677  1.72032501258  0.0781434224805
0.820862360942  800  374  373.929240263  1.75088505383  0.0718232194431
0.820862360942  800  389  388.749824781  1.70046898499  0.0578275208875
0.820862360942  800  404  403.733917086  1.67366241197  0.0451369915745
0.820862360942  801  419  418.866985502  1.70245707386  0.0525911131356
0.820862360942  801  434  434.139296506  1.69614980274  0.085706548225
0.820862360942  801  449  449.490188038  1.55399241981  0.0486866328692
0.820862360942  801  465  464.966536867  1.76125997333  0.00965523313443
0.820862360942  801  481  480.58860562  1.70108223281  0.000622351163136
0.820862360942  801  496  496.370895451  1.76645504573  0.0498953000091
0.820862360942  801  512  512.262007086  1.79520639453  0.050728860521
0.820862360942  801  528  528.299816986  1.79293015853  0.0771879534031
0.820862360942  801  544  544.440393659  1.75648507382  0.0771821091364
0.820862360942  801  561  560.711246901  1.80085908695  0.0511123108639
0.820862360942  801  577  577.206963515  1.81995333835  0.0961708955365
0.820862360942  801  594  593.767043834  1.81709683057  0.0432273944896
0.820862360942  801  611  610.517341241  1.73532188995  0.0377790164561
0.820862360942  801  627  627.444370562  1.79799910628  0.049310198872
0.820862360942  801  644  644.471287322  1.79730762698  0.00380170573747
0.820862360942  801  662  661.651471984  1.90994837483  -0.015552060878
0.820862360942  801  679  678.988299303  2.03620084112  -0.0112909793504
0.820862360942  800  697  696.505634051  1.95719011455  0.0148234185738
0.820862360942  800  714  714.175442537  2.05167405607  0.0440300943737
0.820862360942  800  732  731.991326767  2.0917386833  0.0530068849759
0.820862360942  799  750  749.940470683  2.08067080359  0.058639791503
0.820862360942  799  768  768.108893444  2.08293623096  0.0950020772938
0.820862360942  799  786  786.409679867  2.04133562319  0.0908120764825
0.820862360942  798  805  804.872764427  2.12081679273  0.0398024389442
0.820862360942  798  824  823.543758818  2.05167625051  0.0431323008377
0.820862360942  797  842  842.418597477  2.08601114444  0.0523487113245
0.820862360942  797  861  861.433405984  2.153133422  0.0208571496966
0.820862360942  796  881  880.62453172  2.19366678582  -0.0248186302287
0.820862360942  795  900  900.034236359  2.3965695841  0.000302535657973
0.820862360942  795  920  919.590376905  2.36382381048  -0.0309764157361
0.820862360942  794  939  939.378011525  2.45178321128  -0.00816097855651
0.820862360942  793  959  959.331546611  2.44598840571  -0.000847668488146
0.820862360942  793  979  979.485904407  2.53892515333  0.00193655785192
0.820862360942  792  1000  999.778955097  2.57046276031  -0.00234538432144
1.01490236094  787  14  14.457741453  1.55524644982  0.0512216448067
1.01490236094  788  26  26.5013881401  1.61372915746  0.0759984779698
1.01490236094  788  39  38.551929229  1.53138598291  0.0209936082583
1.01490236094  789  51  50.7671744328  1.59773510806  0.0079666838565
1.01490236094  789  63  63.0643873364  1.61757973571  0.0742400806097
1.01490236094  790  75  75.4746919872  1.42755856298  0.092702803781
1.01490236094  790  88  87.8920646717  1.58687914931  0.0329536245694
1.01490236094  791  101  100.513290668  1.27822711232  0.0631151204298
1.01490236094  791  113  113.219117271  1.61408992434  0.0747778200598
1.01490236094  792  126  125.95054288  1.6086269971  0.0250969375303
1.01490236094  793  139  138.823995393  1.57724214957  0.0042244746182
1.01490236094  793  152  151.775454532  1.61722806441  -0.00685710660814
1.01490236094  794  165  164.844332958  1.66917885523  -0.00594768204111
1.01490236094  794  178  178.06527623  1.69754197258  0.042525168616
1.01490236094  794  191  191.311423612  1.65180574533  0.0428232489282
1.01490236094  795  205  204.691578463  1.64638777316  0.0376880299227
1.01490236094  795  218  218.189484741  1.63391543502  0.0982034565523
1.01490236094  796  232  231.776173784  1.64739148054  0.0608630704197
1.01490236094  796  245  245.475616267  1.4976936387  0.0878082920885
1.01490236094  797  259  259.323536418  1.60430926237  0.117151554437
1.01490236094  797  273  273.256530843  1.59230727036  0.0994477856042
1.01490236094  797  287  287.277621497  1.59728631647  0.0850084466584
1.01490236094  798  301  301.435260949  1.56347015135  0.0514479518698
1.01490236094  798  316  315.644993829  1.63388186378  -0.00795172136401
1.01490236094  798  330  330.051659641  1.71935412372  0.0396121781553
1.01490236094  799  345  344.536189612  1.67512287614  0.0262056279475
1.01490236094  799  359  359.192756274  1.72483494423  0.0696717581994
1.01490236094  799  374  373.902446569  1.7303044946  0.0764368997743
1.01490236094  799  389  388.73255549  1.6764321196  0.059225603838
1.01490236094  799  404  403.700006248  1.65874082081  0.0429113785513
1.01490236094  800  419  418.826420832  1.69442871427  0.0324277326794
1.01490236094  800  434  434.116190823  1.70730290273  0.0729390749834
1.01490236094  800  449  449.469244795  1.59605735285  0.0581025901728
1.01490236094  800  465  464.924580398  1.76706459531  -0.00188583971491
1.01490236094  800  481  480.572814175  1.68112927409  0.00935545525576
1.01490236094  800  496  496.358821437  1.75904746784  0.0553257706005
1.01490236094  800  512  512.2433753  1.79272082976  0.0535548577715
1.01490236094  800  528  528.276948553  1.81903031093  0.0760857230329
1.01490236094  800  544  544.426721906  1.74894067348  0.0796466170387
1.01490236094  800  561  560.705932175  1.80953546485  0.0565325711004
1.01490236094  800  577  577.192912983  1.79911705195  0.0935601760482
1.01490236094  800  594  593.756590472  1.81414851879  0.0366095940594
1.01490236094  800  611  610.518750719  1.71138768712  0.0344832407953
1.01490236094  800  627  627.431474734  1.81169461949  0.0413636979387
1.01490236094  800  644  644.467317019  1.80072773763  0.00395537954844
1.01490236094  800  662  661.645094105  1.90109037737  -0.0168755360209
1.01490236094  800  679  678.987411776  2.02140741523  -0.0105622435338
1.01490236094  799  697  696.50317965  1.96763933981  0.0203890284201
1.01490236094  799  714  714.171525118  2.04720087495  0.0376407863659
1.01490236094  799  732  731.974777333  2.08266429032  0.0505619768086
1.01490236094  798  750  749.949026917  2.11401205811  0.0538781745832
1.01490236094  798  768  768.117114887  2.07620929771  0.091157876252
1.01490236094  798  786  786.419482588  2.03153272229  0.0986227365456
1.01490236094  797  805  804.879713235  2.1230209389  0.0448008888206
1.01490236094  797  824  823.556189335  2.08405627201  0.0402973990918
1.01490236094  796  842  842.442336438  2.08303460322  0.0594818594241
1.01490236094  796  861  861.450610604  2.15483761522  0.0239538847224
1.01490236094  795  881  880.642764211  2.17892502798  -0.0220828538992
1.01490236094  794  900  900.05751482  2.40217551063  -0.00931790991518
1.01490236094  794  920  919.601428537  2.34627791356  -0.036000205194
1.01490236094  793  939  939.407565616  2.43158759148  -0.0043852320028
1.01490236094  792  959  959.377935987  2.4695692236  0.00282008110983
1.01490236094  792  979  979.500516687  2.53956308228  0.00391696866916
1.01490236094  791  1000  999.824669538  2.55184892151  0.00303413682116
1.20894236094  786  14  14.3994705046  1.57081851449  0.0676231289248
1.20894236094  787  26  26.4338657763  1.6433059052  0.084500705376
1.20894236094  787  39  38.507601889  1.53204129175  0.0466890905998
1.20894236094  788  51  50.7035913529  1.57314895814  0.0110752708813
1.20894236094  788  63  62.9889861861  1.62824635529  0.0508283511398
1.20894236094  789  75  75.416679289  1.48345174829  0.0957202525135
1.20894236094  789  88  87.8258945893  1.54798587871  0.00641177425036
1.20894236094  790  100  100.475576235  1.31380008726  0.0957381025302
1.20894236094  791  113  113.159438567  1.63914824346  0.0799546857332
1.20894236094  791  126  125.88023224  1.59473712226  0.0105367884898
1.20894236094  792  139  138.762345884  1.55705625756  -0.00963947363602
1.20894236094  792  152  151.718725596  1.58934685051  -0.0223317231811
1.20894236094  793  165  164.78190032  1.66855353287  -0.012696010631
1.20894236094  793  178  177.987344358  1.68415505573  0.0175761609603
1.20894236094  793  191  191.253670667  1.69317799375  0.011418704227
1.20894236094  794  205  204.63634667  1.62621845903  0.0285527545431
1.20894236094  794  218  218.151161439  1.65852884364  0.102209290959
1.20894236094  795  232  231.729552133  1.65495739697  0.0625332058829
1.20894236094  795  245  245.438287993  1.50461592669  0.101382122325
1.20894236094  796  259  259.289814488  1.60812590003  0.10408895088
1.20894236094  796  273  273.206906536  1.62257155181  0.0825915258261
1.20894236094  796  287  287.235593777  1.6142928348  0.0697430472902
1.20894236094  797  301  301.396845522  1.56566437962  0.0494549320189
1.20894236094  797  316  315.61174871  1.60838907559  -0.0057982600878
1.20894236094  797  330  330.007427855  1.73159572677  0.0265729764409
1.20894236094  798  345  344.521377009  1.66803271128  0.0390298705523
1.20894236094  798  359  359.162057715  1.73567050656  0.0663514647329
1.20894236094  798  374  373.854710605  1.73609559485  0.0532922990666
1.20894236094  798  389  388.700269341  1.67930803357  0.0448554876288
1.20894236094  798  404  403.673500486  1.64895259341  0.0385820474574
1.20894236094  799  419  418.811274836  1.69508762209  0.0428752307524
1.20894236094  799  434  434.073684329  1.69899451102  0.0600961893695
1.20894236094  799  449  449.447939375  1.5992748384  0.061381800471
1.20894236094  799  465  464.915875479  1.76784173491  0.00532245552151
1.20894236094  799  481  480.549742914  1.70771607885  0.00219993128399
1.20894236094  799  496  496.339191103  1.76353582372  0.04771689346
1.20894236094  799  512  512.226059638  1.81034650934  0.0536265590594
1.20894236094  799  528  528.261792922  1.80186367334  0.0712516363828
1.20894236094  799  544  544.412384161  1.75201008318  0.0793976692163
1.20894236094  799  561  560.682070646  1.7834590112  0.0443580280575
1.20894236094  799  577  577.173836426  1.81247672461  0.085799409801
1.20894236094  799  594  593.7427714  1.81246703811  0.0337432895619
1.20894236094  799  611  610.514256505  1.70740670346  0.0446844641127
1.20894236094  799  627  627.423496776  1.82314788184  0.037319361347
1.20894236094  799  644  644.471316159  1.80256339246  0.0109165531164
1.20894236094  799  662  661.649947069  1.90548568884  -0.0112474534652
1.20894236094  799  679  678.985544443  2.03627505128  -0.0108053643354
1.20894236094  798  697  696.508025698  1.96017118272  0.01198804129
1.20894236094  798  714  714.177291309  2.05014725174  0.0434535446995
1.20894236094  798  732  731.981612096  2.10340121936  0.0455792915025
1.20894236094  797  750  749.950677995  2.11751219211  0.0531806182892
1.20894236094  797  768  768.124994648  2.08254074105  0.0874920421207
1.20894236094  797  786  786.421458927  2.03451862976  0.0855959224704
1.20894236094  796  805  804.907817833  2.12441451856  0.0524853540493
1.20894236094  796  824  823.564657569  2.08023598809  0.0376635844946
1.20894236094  795  842  842.450858351  2.06043515372  0.0521872432698
1.20894236094  795  861  861.457202887  2.15012829682  0.00897867896574
1.20894236094  794  881  880.665030093  2.19360205816  -0.0255398122045
1.20894236094  794  900  900.072067088  2.38224046655  -0.00983903416747
1.20894236094  793  920  919.630798748  2.3530604562  -0.0346100584823
1.20894236094  792  939  939.451856052  2.44010593579  0.00449794703511
1.20894236094  791  959  959.40864725  2.42648826278  0.00347335318337
1.20894236094  791  980  979.532005976  2.57010237676  -0.00769786334096
1.20894236094  790  1000  999.86185035  2.55101270105  0.00780630640781
1.40298236094  785  14  14.3296740444  1.60028909601  0.0494922943097
1.40298236094  786  26  26.3753987258  1.65444909398  0.0887717428505
1.40298236094  786  38  38.4517796094  1.52833442452  0.0714617201316
1.40298236094  787  51  50.6443498116  1.53651363066  0.0137466803038
1.40298236094  787  63  62.9046790503  1.62287999518  0.0291782355469
1.40298236094  788  75  75.3661883394  1.48863842037  0.102522040466
1.40298236094  788  88  87.7647929333  1.54790535967  0.0115480591813
1.40298236094  789  100  100.42914062  1.40105094861  0.118045676013
1.40298236094  790  113  113.08837655  1.65839887275  0.0511238313482
1.40298236094  790  126  125.814746425  1.58086277822  -0.0060331274309
1.40298236094  791  139  138.715773398  1.53024347069  0.0178272605027
1.40298236094  791  152  151.667242248  1.56338023208  -0.0201675049945
1.40298236094  792  165  164.760021826  1.61223401627  -0.00111049417524
1.40298236094  792  178  177.941483028  1.69353361383  0.0182881815335
1.40298236094  792  191  191.220016706  1.68291086815  0.0394288559599
1.40298236094  793  205  204.598379073  1.60347446815  0.0379979166426
1.40298236094  793  218  218.092397404  1.66974330355  0.0732343678219
1.40298236094  794  232  231.687644813  1.61901799117  0.0555576449616
1.40298236094  794  245  245.403018008  1.52552000101  0.110477282427
1.40298236094  795  259  259.244740917  1.65216772776  0.112181086184
1.40298236094  795  273  273.163008175  1.6104156677  0.0842278251314
1.40298236094  795  287  287.185175383  1.63417962796  0.0574075197699
1.40298236094  796  301  301.360084117  1.59075128706  0.0489087334958
1.40298236094  796  316  315.579106013  1.60123243105  -0.00126816618328
1.40298236094  796  330  329.975499017  1.72270010974  0.0287468724184
1.40298236094  796  344  344.484844738  1.66830779511  0.0401165814891
1.40298236094  797  359  359.114119573  1.74010350066  0.0533876391259
1.40298236094  797  374  373.829952742  1.7381889281  0.0508598696111
1.40298236094  797  389  388.677413878  1.67559539208  0.0609511617938
1.40298236094  797  404  403.646581701  1.62239173566  0.0464042457562
1.40298236094  798  419  418.777689118  1.68372066782  0.0403512597312
1.40298236094  798  434  434.05124672  1.69438812649  0.064913644446
1.40298236094  798  449  449.42915272  1.58290820952  0.0654463718797
1.40298236094  798  465  464.873702157  1.76215638228  -0.0145919253018
1.40298236094  798  481  480.540740538  1.68468770908  0.015858080935
1.40298236094  798  496  496.322338123  1.77162402452  0.0430910247976
1.40298236094  798  512  512.217989595  1.81682242263  0.0546666718907
1.40298236094  798  528  528.240312906  1.79571750763  0.0605298483232
1.40298236094  798  544  544.405820205  1.73657731643  0.0809261371287
1.40298236094  798  561  560.675296774  1.79808778479  0.0452182734908
1.40298236094  798  577  577.178041764  1.81662570164  0.0930418749049
1.40298236094  798  594  593.732281687  1.8122536435  0.0195366556058
1.40298236094  798  611  610.50732114  1.69745943882  0.0360381035602
1.40298236094  798  627  627.424137602  1.84567682552  0.0495210915905
1.40298236094  798  644  644.466851017  1.79754429178  0.0158053677486
1.40298236094  798  662  661.647731957  1.90382087572  -0.00731262949829
1.40298236094  798  679  678.994205705  2.01711373628  -0.010499733067
1.40298236094  797  697  696.511321347  1.96357614618  0.0165037646095
1.40298236094  797  714  714.181263644  2.03145730293  0.0395533817928
1.40298236094  797  732  731.994942163  2.10208928546  0.0494977843616
1.40298236094  796  750  749.969721977  2.10044267418  0.0594178940768
1.40298236094  796  768  768.137745641  2.09971851023  0.0909730719248
1.40298236094  796  786  786.438848428  2.02840084534  0.0846354160036
1.40298236094  795  805  804.928187984  2.1334860465  0.0529945610637
1.40298236094  795  824  823.571783626  2.06439107085  0.0252754053856
1.40298236094  794  842  842.468020452  2.07522308578  0.0452130930454
1.40298236094  794  861  861.469798173  2.17470122018  0.00132212356596
1.40298236094  793  881  880.680675964  2.21439607547  -0.0282510565727
1.40298236094  793  900  900.133110253  2.38543735768  0.00462822046644
1.40298236094  792  920  919.668590411  2.37249364828  -0.0289153853654
1.40298236094  791  939  939.466352844  2.40758836902  -0.00411771215901
1.40298236094  790  959  959.431458258  2.4473035653  -0.00195945386885
1.40298236094  790  980  979.550202934  2.56343302055  -0.00434512040133
1.40298236094  789  1000  999.903671672  2.55916659284  0.00836334290907
1.59702236094  784  14  14.2771722951  1.62854402126  0.0611586430715
1.59702236094  785  26  26.3254549128  1.5759697248  0.08597371118
1.59702236094  785  38  38.4048790433  1.53888477827  0.0848101274243
1.59702236094  786  51  50.5841838618  1.50267782557  0.0235436749037
1.59702236094  786  63  62.8455970833  1.61038970564  0.0221683718315
1.59702236094  787  75  75.3160994559  1.51803024105  0.107672437053
1.59702236094  787  88  87.7347903981  1.60422671581  0.00208335907745
1.59702236094  788  100  100.380497914  1.44820272166  0.118956781574
1.59702236094  789  113  113.002147998  1.66246109564  0.0259775727447
1.59702236094  789  126  125.760245817  1.53452111627  -0.00852585433129
1.59702236094  790  139  138.656800545  1.47504370716  -0.000120176937442
1.59702236094  790  152  151.62159818  1.55268810879  -0.00675989773627
1.59702236094  791  165  164.720075305  1.60031619373  0.0108002769853
1.59702236094  791  178  177.887218257  1.67528888133  0.0142174280945
1.59702236094  791  191  191.15536979  1.67153280236  0.00962391955391
1.59702236094  792  205  204.567678824  1.6093833637  0.0513630539202
1.59702236094  792  218  218.055425819  1.68820076096  0.0756004088186
1.59702236094  793  232  231.642749391  1.6159737578  0.0440350545097
1.59702236094  793  245  245.381236804  1.5195660361  0.120746448117
1.59702236094  794  259  259.204363606  1.61820428735  0.0996345202216
1.59702236094  794  273  273.120945944  1.64221503621  0.0730505985474
1.59702236094  794  287  287.15332679  1.62819025412  0.0610415155559
1.59702236094  795  301  301.328161858  1.61525251021  0.0510735641561
1.59702236094  795  316  315.559446533  1.60717512387  0.0147414638248
1.59702236094  795  330  329.938195506  1.73152597604  0.0191553365621
1.59702236094  796  344  344.472628244  1.69858100735  0.0573367435244
1.59702236094  796  359  359.081931222  1.75359025323  0.0495003484383
1.59702236094  796  374  373.805483922  1.72956223371  0.0529780193585
1.59702236094  796  389  388.654007753  1.67343197143  0.0625708794859
1.59702236094  796  404  403.634771442  1.63730758553  0.0445554242102
1.59702236094  797  419  418.740396623  1.67986292861  0.0188639988384
1.59702236094  797  434  434.033882335  1.69035658976  0.0665300601589
1.59702236094  797  449  449.412848808  1.60219062876  0.071348139723
1.59702236094  797  465  464.863416593  1.75177144936  -0.0120254160809
1.59702236094  797  481  480.526534903  1.68432326047  0.0151057001297
1.59702236094  797  496  496.306700835  1.78737243966  0.0421672512264
1.59702236094  797  512  512.213359399  1.80588446936  0.057549097576
1.59702236094  797  528  528.221660605  1.82104426775  0.0578264297207
1.59702236094  797  544  544.397607044  1.76264971977  0.0789250722291
1.59702236094  797  561  560.663214666  1.80174512736  0.0330119767387
1.59702236094  797  577  577.176865881  1.83876676293  0.0940926473477
1.59702236094  797  594  593.722269678  1.81922605571  0.0197265192671
1.59702236094  797  610  610.503489882  1.7216238208  0.0433695855413
1.59702236094  797  627  627.422428126  1.82769893952  0.0383156340314
1.59702236094  797  644  644.462912597  1.82650963601  0.00247126983165
1.59702236094  797  662  661.645430519  1.90676456132  -0.0166982312497
1.59702236094  797  679  678.997774253  2.01854060092  -0.00989166029086
1.59702236094  796  697  696.517377046  1.98792572122  0.00798154763649
1.59702236094  796  714  714.188477848  2.04126819828  0.0397079074618
1.59702236094  796  732  732.016080796  2.10516038678  0.0575011513679
1.59702236094  795  750  749.970544524  2.11825135075  0.0567788483953
1.59702236094  795  768  768.151283305  2.09859421143  0.088625166444
1.59702236094  795  786  786.444620783  2.02314359695  0.0835436438673
1.59702236094  794  805  804.947442724  2.14060049356  0.0529924705865
1.59702236094  794  824  823.601249466  2.06723120714  0.0333703012038
1.59702236094  793  842  842.492749262  2.06882297742  0.0449287244702
1.59702236094  793  861  861.489474404  2.17060848796  0.00665604139641
1.59702236094  792  881  880.699935903  2.22188215062  -0.0304957528216
1.59702236094  792  900  900.128416463  2.33610713431  -0.00577263702417
1.59702236094  791  920  919.708523963  2.36009906017  -0.0219779502708
1.59702236094  790  939  939.487000361  2.43519538931  -0.0101926951098
1.59702236094  789  959  959.459758395  2.42935453327  -0.00226253462679
1.59702236094  789  980  979.594400771  2.609148937  -0.0180692713892
1.59702236094  788  1000  999.944941047  2.57512409131  0.0126998777093
1.79106236094  783  14  14.2047114703  1.65539232726  0.0441136186887
1.79106236094  784  26  26.2719854181  1.62285494455  0.0790488494029
1.79106236094  784  38  38.3435036902  1.59119726076  0.0770698670239
1.79106236094  785  51  50.5419141023  1.5035575964  0.047492081004
1.79106236094  785  63  62.7771123517  1.59993577159  0.0047509173844
1.79106236094  786  75  75.2572583485  1.54781541553  0.105963997151
1.79106236094  786  88  87.6729279891  1.56339569357  0.00131429959034
1.79106236094  787  100  100.332597683  1.49462010496  0.113583368942
1.79106236094  788  113  112.959535624  1.62802305717  0.0241675576719
1.79106236094  788  126  125.702336894  1.50894578501  -0.015236940878
1.79106236094  789  139  138.613190985  1.42304978816  0.0219783728695
1.79106236094  789  152  151.573139611  1.4937276838  -0.00881548583131
1.79106236094  790  165  164.666488249  1.57691628043  0.003802071304
1.79106236094  790  178  177.843293761  1.67690067604  0.011244957393
1.79106236094  790  191  191.115339329  1.68625051526  0.0205707329153
1.79106236094  791  205  204.524301733  1.60435183269  0.0521667082474
1.79106236094  791  218  217.999445456  1.67036976568  0.062487792577
1.79106236094  792  232  231.606778357  1.60345668171  0.0460253524942
1.79106236094  792  245  245.345043164  1.54122548668  0.10689758847
1.79106236094  793  259  259.180956194  1.61811324969  0.111405498242
1.79106236094  793  273  273.072505404  1.64201261992  0.0591372181972
1.79106236094  793  287  287.110923189  1.63361511641  0.0523012172121
1.79106236094  794  301  301.295705451  1.61517200317  0.0578078005058
1.79106236094  794  316  315.530825285  1.61564772851  0.0174402676519
1.79106236094  794  330  329.910674147  1.70792014222  0.0234024135591
1.79106236094  795  344  344.440486886  1.67636702419  0.0531851549997
1.79106236094  795  359  359.055889245  1.75192363483  0.0521831510007
1.79106236094  795  374  373.772208429  1.72139557384  0.0537494525713
1.79106236094  795  389  388.630434103  1.68155424857  0.0581640615466
1.79106236094  795  404  403.610271253  1.61638030705  0.0408518901193
1.79106236094  796  419  418.722739262  1.65730389605  0.033449303512
1.79106236094  796  434  434.009467437  1.72673777791  0.0511695828792
1.79106236094  796  449  449.405517777  1.61017584823  0.0739354521804
1.79106236094  796  465  464.839973446  1.74550360292  -0.00994901484574
1.79106236094  796  481  480.508641337  1.68612541166  0.0103385666685
1.79106236094  796  496  496.292623341  1.79132448242  0.0409545132748
1.79106236094  796  512  512.199829431  1.80918589104  0.0560190215219
1.79106236094  796  528  528.218540601  1.84074240407  0.0650260598345
1.79106236094  796  544  544.396217352  1.77662091939  0.0871309921245
1.79106236094  796  561  560.670591945  1.78892594386  0.0480289996049
1.79106236094  796  577  577.168821359  1.81944715173  0.0930849961573
1.79106236094  796  594  593.721612045  1.81588940372  0.0203831050491
1.79106236094  796  611  610.508893878  1.74750908096  0.039914507097
1.79106236094  796  627  627.430470485  1.8178150042  0.0448744580466
1.79106236094  796  644  644.463703192  1.79905824624  0.0158324419504
1.79106236094  796  662  661.649350518  1.90768724134  -0.0117814093083
1.79106236094  796  679  679.006122074  2.01844796436  -0.00588356637857
1.79106236094  795  697  696.522374681  1.98659811012  0.00337758432524
1.79106236094  795  714  714.196038206  2.05638706332  0.0331098057413
1.79106236094  795  732  732.009766561  2.10167205331  0.0498245047865
1.79106236094  794  750  749.986821015  2.11712165139  0.0505902065125
1.79106236094  794  768  768.16317407  2.08825172792  0.0905506440919
1.79106236094  794  786  786.451006367  2.02333659495  0.0772267716536
1.79106236094  793  805  804.966679792  2.1453400512  0.0527967541421
1.79106236094  793  824  823.617794874  2.07522681615  0.0300064363383
1.79106236094  792  843  842.508429029  2.07585910775  0.0329325459074
1.79106236094  792  862  861.519738122  2.1671829219  0.00189976342751
1.79106236094  791  881  880.734314641  2.2385958434  -0.0275220119247
1.79106236094  791  900  900.175007062  2.35045749248  0.00192794998694
1.79106236094  790  920  919.73387944  2.36435990202  -0.0199940394607
1.79106236094  789  939  939.497309548  2.42333932435  -0.0263373336781
1.79106236094  788  959  959.484734451  2.44147028986  -0.0102380195538
1.79106236094  788  980  979.610760329  2.55735409155  -0.0158902345898
1.79106236094  787  1000  999.984582398  2.57321425832  0.0138644316729
1.98510236094  782  14  14.1500103636  1.65077446842  0.0429651704936
1.98510236094  783  26  26.2163210897  1.62675547601  0.0833347123051
1.98510236094  783  38  38.2893285587  1.60768077452  0.079832305545
1.98510236094  784  50  50.4952503559  1.48862250245  0.0733988277772
1.98510236094  784  63  62.7298470995  1.55348593704  0.0102292698389
1.98510236094  785  75  75.2005719731  1.56577114918  0.0891414848853
1.98510236094  785  88  87.6119656431  1.52914557654  -0.0182917542152
1.98510236094  786  100  100.287074539  1.5214042608  0.115920999505
1.98510236094  787  113  112.886410839  1.61869095644  0.00310472966946
1.98510236094  787  126  125.658603273  1.49627801446  -0.0207909744765
1.98510236094  788  139  138.56327799  1.3911049142  -0.00757979917172
1.98510236094  788  152  151.539621231  1.52475699475  0.00390598464704
1.98510236094  789  165  164.626318227  1.57363757481  0.0273029191179
1.98510236094  789  178  177.781600176  1.66027889378  -0.00117061145717
1.98510236094  789  191  191.110027171  1.72515053282  0.0360465534744
1.98510236094  790  204  204.485034664  1.58753067011  0.0510959900859
1.98510236094  790  218  217.959512911  1.68219475123  0.0555692114791
1.98510236094  791  232  231.573913426  1.58778247355  0.0492562599216
1.98510236094  791  245  245.308891742  1.56092274913  0.112301116224
1.98510236094  792  259  259.133947355  1.63174963871  0.0925433149384
1.98510236094  792  273  273.037798724  1.63241368165  0.0550738651676
1.98510236094  792  287  287.06464582  1.64923744151  0.0393367551406
1.98510236094  793  301  301.265318703  1.62974247368  0.0492275705717
1.98510236094  793  316  315.502869694  1.62380339291  0.0171232918003
1.98510236094  793  330  329.87134578  1.69035886624  0.01052929931
1.98510236094  794  344  344.416240211  1.69210271536  0.0607236360948
1.98510236094  794  359  359.021503254  1.7486461395  0.0514896510923
1.98510236094  794  374  373.74862784  1.72691096336  0.0520201009432
1.98510236094  794  389  388.601406254  1.65314241682  0.0407961512912
1.98510236094  794  404  403.59882075  1.64816292759  0.0461765052077
1.98510236094  795  419  418.707252514  1.67043375641  0.0314972792003
1.98510236094  795  434  433.985750715  1.71863073299  0.051649386296
1.98510236094  795  449  449.389005823  1.63580035595  0.072074355326
1.98510236094  795  465  464.829798359  1.75644759478  -0.00688056547081
1.98510236094  795  480  480.49087741  1.699349746  0.0135104661676
1.98510236094  795  496  496.276085044  1.79336189681  0.0374549685031
1.98510236094  795  512  512.184718716  1.81942943419  0.0463626842254
1.98510236094  795  528  528.21489714  1.81672400237  0.0619031475334
1.98510236094  795  544  544.382256434  1.76672648202  0.0857361765366
1.98510236094  795  561  560.653634369  1.77838668294  0.0415642089964
1.98510236094  795  577  577.16654912  1.8366731233  0.090900657223
1.98510236094  795  594  593.723303857  1.80688863076  0.024011853828
1.98510236094  795  611  610.508302743  1.74978687868  0.046927548523
1.98510236094  795  627  627.422739448  1.79724631623  0.0404575103069
1.98510236094  795  644  644.46789566  1.8244228598  0.0144929291472
1.98510236094  795  662  661.648549953  1.90488111993  -0.0218163017168
1.98510236094  795  679  679.005245549  2.01371173315  -0.00514043941348
1.98510236094  794  697  696.534681469  1.98978124696  0.00326091427103
1.98510236094  794  714  714.209334103  2.04791891218  0.0377207808333
1.98510236094  794  732  732.038834521  2.11217424314  0.0568754582635
1.98510236094  793  750  750.012599814  2.10977792381  0.0643706415592
1.98510236094  793  768  768.178819252  2.08568240201  0.0909910185877
1.98510236094  793  786  786.464431684  2.02399197179  0.0776057888726
1.98510236094  792  805  804.982566606  2.16346124183  0.0532874786064
1.98510236094  792  824  823.633408474  2.08784302291  0.0318774494373
1.98510236094  791  843  842.514177836  2.06734881381  0.0244329748708
1.98510236094  791  862  861.549263058  2.15214156525  0.00329316291803
1.98510236094  790  881  880.759763273  2.24000304643  -0.0308250620959
1.98510236094  790  900  900.17965193  2.32926533471  -0.012062179814
1.98510236094  789  920  919.750307746  2.3941429564  -0.0247519649443
1.98510236094  788  940  939.53090917  2.42286006624  -0.0245202401933
1.98510236094  787  960  959.530325758  2.44471714705  -0.00173749164923
1.98510236094  787  980  979.620126208  2.5485522604  -0.027381039526
1.98510236094  786  1000  1000.00916767  2.57228781592  0.00706851356619
2.17914236094  781  14  14.0719488061  1.6642268379  0.0308970028093
2.17914236094  782  26  26.1449001777  1.65943770853  0.0442154689621
2.17914236094  782  38  38.2453718477  1.60875947918  0.0774278603086
2.17914236094  783  50  50.4472107747  1.49438819727  0.0622267843393
2.17914236094  783  63  62.6801066619  1.51618692393  0.00422677741947
2.17914236094  784  75  75.1423866179  1.57834567165  0.0705865297356
2.17914236094  784  88  87.5540742013  1.48431775234  -0.021063354784
2.17914236094  785  100  100.22648264  1.52888278031  0.107375731729
2.17914236094  786  113  112.859695022  1.53936829957  -0.0110434564085
2.17914236094  786  126  125.60898073  1.43964594771  -0.019799499681
2.17914236094  787  139  138.536985157  1.40521616291  0.0133931758045
2.17914236094  787  152  151.506404665  1.52405039661  0.0188867124645
2.17914236094  788  165  164.586694079  1.54259855875  0.00261675771266
2.17914236094  788  178  177.738044121  1.65548477986  -0.00762592959836
2.17914236094  788  191  191.051511217  1.7129504159  0.0145873753978
2.17914236094  789  204  204.449199683  1.59805387277  0.0596850699188
2.17914236094  789  218  217.906912575  1.66813306488  0.0483585271537
2.17914236094  790  232  231.530907652  1.59900340503  0.0527058880338
2.17914236094  790  245  245.258936316  1.5747913556  0.104345320788
2.17914236094  791  259  259.09586072  1.61346232951  0.0800682168727
2.17914236094  791  273  272.985853222  1.6406929583  0.0341546116791
2.17914236094  791  287  287.033356491  1.64179671389  0.0317549665745
2.17914236094  792  301  301.20799901  1.65534551024  0.0267136376394
2.17914236094  792  315  315.471990807  1.59951110303  0.0237903082668
2.17914236094  792  330  329.831391621  1.68699163447  -0.00174264645997
2.17914236094  793  344  344.388025293  1.6980790299  0.0487637107311
2.17914236094  793  359  358.994170761  1.75535026408  0.0430249226909
2.17914236094  793  374  373.727750024  1.71735900352  0.0432296850377
2.17914236094  793  389  388.593180659  1.63117197176  0.0516055016797
2.17914236094  793  404  403.589183314  1.64752049453  0.0359093819543
2.17914236094  794  419  418.693185103  1.63800593505  0.0283819841815
2.17914236094  794  434  433.962179692  1.71102373864  0.0517937101609
2.17914236094  794  449  449.355714728  1.64136092761  0.0654273739398
2.17914236094  794  465  464.814156257  1.74789494476  -0.0258509936315
2.17914236094  794  480  480.484564438  1.69355528583  0.0138096843149
2.17914236094  794  496  496.278463336  1.76567888508  0.0441719268015
2.17914236094  794  512  512.18290115  1.82747526178  0.052262389473
2.17914236094  794  528  528.22545236  1.81633446539  0.0759942447936
2.17914236094  794  544  544.398379546  1.77957092577  0.0943121669697
2.17914236094  794  561  560.660224828  1.79009903789  0.0396499789219
2.17914236094  794  577  577.158029905  1.83663886202  0.0864328958368
2.17914236094  794  594  593.721325337  1.81448537096  0.0214316483235
2.17914236094  794  611  610.514013387  1.71837601134  0.0377058878298
2.17914236094  794  627  627.424341579  1.80457804521  0.0339183418133
2.17914236094  794  644  644.470331114  1.80654490113  0.0054828849059
2.17914236094  794  662  661.653854674  1.91942185611  -0.0247831969475
2.17914236094  794  679  679.020765755  2.03092767341  -0.007427464678
2.17914236094  793  697  696.558913044  1.98303025497  0.00145948167012
2.17914236094  793  714  714.224410356  2.03107433776  0.0343579489231
2.17914236094  793  732  732.060315263  2.09553419516  0.0547976219783
2.17914236094  792  750  750.041185072  2.11726004124  0.0635123380196
2.17914236094  792  768  768.19986369  2.09698302575  0.0792635912187
2.17914236094  792  786  786.48898829  2.00636115083  0.073249048431
2.17914236094  791  805  805.010009073  2.17467030105  0.0501248410576
2.17914236094  791  824  823.640920351  2.09647926871  0.0162358956248
2.17914236094  790  843  842.555529081  2.07183292943  0.0181012560377
2.17914236094  790  862  861.556915706  2.14431997682  -0.00807487484941
2.17914236094  789  881  880.799033344  2.28536524024  -0.0296771371452
2.17914236094  789  900  900.20056492  2.32891268197  -0.0140423685323
2.17914236094  788  920  919.786158159  2.40441156016  -0.0259427501182
2.17914236094  787  940  939.573511479  2.42896432359  -0.033321932754
2.17914236094  786  960  959.59601203  2.46544895244  -0.00730605847959
2.17914236094  786  980  979.662457777  2.55132443404  -0.0108780690837
2.17914236094  785  1000  1000.05583225  2.59879171143  0.00860042984047
