# Band 2C   Etalon 1B   Slice 5
# Distortion map version 06.04.00 - date 2018-10-10
# Trace (isoalpha): Take pixel trace along specified slice, specified alpha position trace is built by taking the pixel in every detector row with alpha value closest to the one specified 
# xpos[i] = np.argmin(alpha_img[i,:])+funcs.find_nearest(alpha_img[i,:][(slice_img[i,:]!=0)],alpha_pos)
#    alpha       x  y      center         FWHM          skewness
0.0  762  7  7.49180974145  1.67024045102  0.0294509853314
0.0  763  22  21.5325010322  1.65411609946  0.0146430270067
0.0  764  36  35.666211179  1.66327689481  -0.00713666127175
0.0  764  50  49.8984509658  1.6845004656  -0.00765836979914
0.0  765  64  64.3241793965  1.6956850443  0.0168679475035
0.0  766  79  78.8216355874  1.70331492454  0.000160518310688
0.0  766  93  93.4335822748  1.76514317061  -0.0024305684792
0.0  767  108  108.221198459  1.76426415919  -0.0149297788576
0.0  768  123  123.12974743  1.79414137772  -0.0245789190926
0.0  768  138  138.155684646  1.76810416215  -0.00354852024991
0.0  769  153  153.342234409  1.80162368017  -0.0112779799438
0.0  769  169  168.630614253  1.74204682472  0.0108413104564
0.0  770  184  184.087948767  1.77924838125  -0.0299828383426
0.0  770  200  199.675490344  1.73317015858  -0.0108387288676
0.0  771  215  215.448240098  1.73412470687  -0.013188785687
0.0  771  231  231.342806917  1.7310685935  0.00157927740975
0.0  772  247  247.391113779  1.70818268012  -0.00119443943517
0.0  772  264  263.54804054  1.70050929865  -0.00337831788294
0.0  773  280  279.911671114  1.7509448201  0.0178483337401
0.0  773  296  296.383184891  1.75178190059  0.0255429962253
0.0  773  313  312.993289767  1.83834975188  0.00673066826646
0.0  774  330  329.795648019  1.8238563365  0.0062792020599
0.0  774  347  346.732890721  1.79911912062  0.00691187783716
0.0  774  364  363.835159479  1.84714522342  -0.0147784928706
0.0  775  381  381.137964912  1.88720328037  -0.0187075820111
0.0  775  399  398.594009026  1.82774675114  0.00301524250982
0.0  775  416  416.199513539  1.88869556512  -0.00122419376421
0.0  775  434  433.981927358  1.88729244796  -0.0217421340796
0.0  776  452  451.942694229  1.89879958223  -0.0294796548134
0.0  776  470  470.100500612  1.88417392617  -0.0289283602189
0.0  776  488  488.435197993  1.82667376139  -0.00428896433012
0.0  776  507  506.916680753  1.86582092542  -0.0407082103337
0.0  776  526  525.636346794  1.8234634973  -0.0241298921716
0.0  776  545  544.54038669  1.70912492029  0.0764161300548
0.0  776  564  563.599425784  1.85773349922  -0.00642493644362
0.0  776  583  582.848489393  1.89170866166  -0.0097976020163
0.0  776  602  602.330140409  1.90241855248  0.0254636705158
0.0  776  622  621.978996824  1.96675189036  0.0105770812477
0.0  775  642  641.841680246  1.95219680244  0.00558209883645
0.0  775  662  661.90276289  2.0102043622  0.00489310431601
0.0  775  682  682.204921166  2.01009558198  0.0401667223469
0.0  775  703  702.638330979  2.03372257642  -0.00346099409053
0.0  774  723  723.378209318  2.04671542206  0.00692305737589
0.0  774  744  744.305659562  2.08547640763  0.0112218169837
0.0  774  765  765.439396974  2.09545529372  -0.00148597270707
0.0  773  787  786.820671535  2.08748964185  -0.0299024850236
0.0  773  808  808.461356434  2.03440689752  -0.00917942855461
0.0  772  830  830.325890571  2.04603206241  -0.00529303762725
0.0  771  852  852.461725006  2.03601442995  0.00485078240428
0.0  771  875  874.748352348  2.08348146738  -0.0132969921367
0.0  770  897  897.369221557  2.11035556127  0.0291617156848
0.0  769  920  920.226260174  2.11557393534  0.0211270651634
0.0  768  943  943.328834843  2.20475597399  0.0194305080578
0.0  767  967  966.684704906  2.24897315426  0.0301337818978
0.0  766  990  990.317457507  2.29570854728  0.00436937598549
0.0  765  1014  1014.25467192  2.28098125832  0.0173569093592
-1.84647493417  772  8  8.01267235498  1.70015799551  0.0173804789674
-1.84647493417  772  22  21.9918095908  1.69873848249  0.0118367810451
-1.84647493417  773  36  36.1585898972  1.688611139  0.0174872849609
-1.84647493417  774  50  50.4196992942  1.64478558112  0.0023036349581
-1.84647493417  775  65  64.7126539281  1.73358009132  -0.0194740129595
-1.84647493417  775  79  79.2433326613  1.75518727108  -0.0317696929956
-1.84647493417  776  94  93.8852101305  1.75325595458  -0.0133888460772
-1.84647493417  776  109  108.619159537  1.76558346866  0.00883891484422
-1.84647493417  777  124  123.536988764  1.773058923  0.00224022862144
-1.84647493417  778  139  138.569824699  1.75044366767  0.00951891640151
-1.84647493417  778  154  153.698602083  1.76601085292  -0.00579917889277
-1.84647493417  779  169  168.984384348  1.76384305407  -0.038905597184
-1.84647493417  779  184  184.43612644  1.78984133435  2.18129472383e-05
-1.84647493417  780  200  200.020010711  1.77449317695  -0.0349720772159
-1.84647493417  780  216  215.720190093  1.73444701271  -0.0383983571991
-1.84647493417  781  232  231.628024075  1.6589440521  -0.0399414611776
-1.84647493417  781  248  247.647981491  1.69609126429  -0.0208325072995
-1.84647493417  782  264  263.836025545  1.7180638346  -0.016174744623
-1.84647493417  782  280  280.162712794  1.76151166472  0.0067276713581
-1.84647493417  782  297  296.594652324  1.69245117767  0.0485623199044
-1.84647493417  783  313  313.245840022  1.83161912316  0.0191606395834
-1.84647493417  783  330  330.018687822  1.84196845455  0.00234663185601
-1.84647493417  784  347  346.938356039  1.84447209391  -0.00333435232861
-1.84647493417  784  364  364.03940305  1.84849896018  -0.0115293141983
-1.84647493417  784  381  381.300717607  1.88038510661  -0.0116745154826
-1.84647493417  784  399  398.711253304  1.84559751143  -0.0247914440051
-1.84647493417  785  416  416.349734999  1.84869583093  0.0089033623654
-1.84647493417  785  434  434.103751688  1.90050215332  -0.00472857378125
-1.84647493417  785  452  452.058694558  1.88814757494  -0.0135486410185
-1.84647493417  785  470  470.181985881  1.89877425301  -0.0114826140227
-1.84647493417  785  488  488.488548681  1.82166755202  -0.0133246078402
-1.84647493417  785  507  506.956055223  1.86984646124  -0.0508371064874
-1.84647493417  785  526  525.641223589  1.81959154541  -0.0294701198886
-1.84647493417  785  545  544.531723041  1.81545754923  -0.00068565397828
-1.84647493417  785  564  563.583633633  1.84880614701  -0.0139626859453
-1.84647493417  785  583  582.814806907  1.9046943273  -0.0171145316247
-1.84647493417  785  602  602.293504092  1.89091929841  0.0331936627898
-1.84647493417  785  622  621.908651748  1.97972237315  0.00645664101493
-1.84647493417  785  642  641.740615954  1.97465108079  0.013214551154
-1.84647493417  785  662  661.784390717  2.00964854419  0.0105101504666
-1.84647493417  784  682  682.07107574  2.03987649085  0.00528218068994
-1.84647493417  784  703  702.524475644  2.01805068999  0.000238099708427
-1.84647493417  784  723  723.23515352  2.08720180988  0.0251325085207
-1.84647493417  783  744  744.114083492  2.11425195003  -0.0167200322776
-1.84647493417  783  765  765.264406837  2.0962936499  -0.00103009582234
-1.84647493417  783  787  786.607382798  2.06344006516  -0.039277720435
-1.84647493417  782  808  808.241408315  2.08377962213  -0.00100491453362
-1.84647493417  781  830  830.119616004  1.92891256239  -0.0427597041907
-1.84647493417  781  852  852.125258652  2.13888499297  -0.00676478179056
-1.84647493417  780  874  874.454642581  2.06584048175  -0.0140902435305
-1.84647493417  779  897  896.992429046  2.16101761994  -0.0554109084296
-1.84647493417  779  920  919.821650833  2.17262370901  -0.0047077972718
-1.84647493417  778  943  942.912547481  2.26796525595  -0.00979353630994
-1.84647493417  777  966  966.296714671  2.23248191152  0.0112404827652
-1.84647493417  776  990  989.880913079  2.31030454867  -0.0162019416005
-1.84647493417  775  1014  1013.80109815  2.35203185706  -0.016593080777
-1.66860493417  771  8  7.95991540992  1.70277759497  0.0134995441831
-1.66860493417  772  22  21.9604264291  1.73443968299  -0.00778592868592
-1.66860493417  772  36  36.1028450541  1.69495348852  0.016326096721
-1.66860493417  773  50  50.3691219295  1.66603539401  -0.00139350081301
-1.66860493417  774  65  64.7320923598  1.67884706493  -0.00435847600529
-1.66860493417  774  79  79.2047667068  1.75709755314  -0.023871307444
-1.66860493417  775  94  93.8395056899  1.73999425827  -0.00678532819729
-1.66860493417  776  109  108.599545962  1.78017383007  0.0083572235284
-1.66860493417  776  123  123.491599538  1.80378223019  0.000282457307245
-1.66860493417  777  139  138.514511007  1.78655126536  -0.000127366077728
-1.66860493417  777  154  153.665946656  1.77184390999  0.0114264132578
-1.66860493417  778  169  168.941695816  1.74866179812  -0.0463059577593
-1.66860493417  778  184  184.394074025  1.78502462259  -0.00248490160572
-1.66860493417  779  200  199.977098993  1.77638921094  -0.0401271866205
-1.66860493417  779  216  215.686963092  1.713509422  -0.0388809350003
-1.66860493417  780  232  231.606779992  1.67736508478  -0.0270320205962
-1.66860493417  780  248  247.616530708  1.69790882397  -0.0233622307416
-1.66860493417  781  264  263.812189755  1.73467320293  -0.0123861791517
-1.66860493417  781  280  280.131498304  1.7676286836  0.0108334497458
-1.66860493417  782  297  296.592717897  1.74666625761  -0.00525937554714
-1.66860493417  782  313  313.225871177  1.84343826842  0.0176176664792
-1.66860493417  782  330  329.983703407  1.85841226267  0.000776140132403
-1.66860493417  783  347  346.90968799  1.86206455202  -0.0152426975017
-1.66860493417  783  364  364.014535559  1.86948710676  -0.0176176350307
-1.66860493417  783  381  381.28797289  1.87355394046  -0.00970649555219
-1.66860493417  783  399  398.689846278  1.836244821  -0.0225540018363
-1.66860493417  784  416  416.328441967  1.86935242765  -0.0103585594116
-1.66860493417  784  434  434.081860011  1.92448201215  -0.021524415566
-1.66860493417  784  452  452.045808898  1.90765149197  -0.026761198649
-1.66860493417  784  470  470.155765522  1.92040715402  -0.0310110749389
-1.66860493417  784  488  488.487897886  1.83329937843  -0.0145892284644
-1.66860493417  784  507  506.955542995  1.87935895209  -0.0485658080154
-1.66860493417  784  526  525.639884618  1.82700711212  -0.0431728616184
-1.66860493417  784  545  544.531818032  1.80922682181  -0.0132025511416
-1.66860493417  784  564  563.584375492  1.83154334118  -0.0143062999365
-1.66860493417  784  583  582.821071424  1.88805154176  -0.0232149093758
-1.66860493417  784  602  602.291436415  1.91768127245  0.0150336865193
-1.66860493417  784  622  621.900911707  1.97973042462  -0.011631234023
-1.66860493417  784  642  641.739695277  1.98794127266  -0.00209107173149
-1.66860493417  784  662  661.811868727  2.0159978261  0.00858004735967
-1.66860493417  784  682  682.071866352  2.03728779021  0.00920718615927
-1.66860493417  783  703  702.551399337  2.0083977991  0.0144927696322
-1.66860493417  783  723  723.222965358  2.07354450172  0.00716022231071
-1.66860493417  783  744  744.115336028  2.10690954617  -0.0128040016389
-1.66860493417  782  765  765.277477798  2.12799077752  -0.00335068691464
-1.66860493417  782  787  786.60853537  2.07947759705  -0.0426461909187
-1.66860493417  781  808  808.244059115  2.08735343921  -0.0239703769624
-1.66860493417  781  830  830.048711906  2.09292682179  -0.026790590154
-1.66860493417  780  852  852.181559418  2.11329258534  0.00330866526873
-1.66860493417  779  874  874.490709384  2.07753807379  -0.0151879224512
-1.66860493417  779  897  897.003292722  2.17391342145  -0.0361559957543
-1.66860493417  778  920  919.841217433  2.16662903897  -0.0115311552644
-1.66860493417  777  943  942.960245156  2.27625432364  -0.0071037852489
-1.66860493417  776  966  966.324754892  2.20500934914  0.0219237654395
-1.66860493417  775  990  989.924532351  2.32929415565  -0.00496429090613
-1.66860493417  774  1014  1013.82491826  2.32371425829  -0.0145536699426
-1.49073493417  770  8  7.91070237644  1.70045768237  0.0192657617224
-1.49073493417  771  22  21.9303850151  1.69589166782  -0.000250563206315
-1.49073493417  771  36  36.0467725346  1.69079988997  0.00752669983638
-1.49073493417  772  50  50.3336709819  1.67081797122  0.0115712645949
-1.49073493417  773  65  64.7049069413  1.69574149841  0.00137036413298
-1.49073493417  773  79  79.1618034112  1.7477225165  -0.0287466865198
-1.49073493417  774  94  93.7881068911  1.75061057322  -0.00262145728135
-1.49073493417  775  109  108.572896625  1.77058003128  0.00474063287742
-1.49073493417  775  123  123.452082168  1.80845646936  0.0141494087058
-1.49073493417  776  138  138.486321944  1.78169129496  0.00448116366465
-1.49073493417  776  154  153.62606652  1.78115424461  0.00761962347854
-1.49073493417  777  169  168.909688293  1.74990779651  -0.0362779578301
-1.49073493417  777  184  184.361885424  1.79444788982  -0.0246034622945
-1.49073493417  778  200  199.938485581  1.75951122962  -0.0377350332061
-1.49073493417  778  216  215.666379071  1.75177024645  -0.0304776598744
-1.49073493417  779  232  231.586393681  1.68230798072  -0.00903466301636
-1.49073493417  779  248  247.591181839  1.67718509265  -0.0209466685816
-1.49073493417  780  264  263.774899632  1.74073449441  -0.0291643605711
-1.49073493417  780  280  280.107679947  1.7642824769  0.013570982897
-1.49073493417  781  297  296.577530965  1.74971305927  0.0113245339277
-1.49073493417  781  313  313.187407247  1.83548455594  0.00698315614155
-1.49073493417  781  330  329.959334915  1.82653158973  0.00152730360137
-1.49073493417  782  347  346.896200405  1.85529004558  -0.0111229077713
-1.49073493417  782  364  363.996675354  1.88229667493  -0.0139486351852
-1.49073493417  782  381  381.261800208  1.86282535134  -0.00285285394263
-1.49073493417  783  399  398.690499926  1.84121082696  -0.0179406157602
-1.49073493417  783  416  416.316118671  1.87915696394  -0.00138560418362
-1.49073493417  783  434  434.068120399  1.91921674377  -0.0161553598768
-1.49073493417  783  452  452.033733737  1.88778866961  -0.0229505009177
-1.49073493417  783  470  470.144878137  1.90127855655  -0.0279356231652
-1.49073493417  783  488  488.481123368  1.83090366969  -0.0119078403302
-1.49073493417  783  507  506.952317281  1.87329230381  -0.0396328191583
-1.49073493417  784  526  525.639884618  1.82700711212  -0.0431728616184
-1.49073493417  784  545  544.531818032  1.80922682181  -0.0132025511416
-1.49073493417  784  564  563.584375492  1.83154334118  -0.0143062999365
-1.49073493417  783  583  582.8301475  1.86235900277  -0.0237776775944
-1.49073493417  783  602  602.311560864  1.94109034814  0.0324461539994
-1.49073493417  783  622  621.905279922  1.97992822196  -0.00246783022924
-1.49073493417  783  642  641.743582178  1.9733030112  -0.00119372583684
-1.49073493417  783  662  661.802527842  2.00023396474  -0.00049149273082
-1.49073493417  783  682  682.075014891  2.03299475471  0.00900005019816
-1.49073493417  782  703  702.55995932  2.00355385716  0.00551654032856
-1.49073493417  782  723  723.239045376  2.0776642047  0.00893650616446
-1.49073493417  782  744  744.134566188  2.11491806192  -0.0108809550371
-1.49073493417  781  765  765.293957997  2.12329392668  -0.0183104146801
-1.49073493417  781  787  786.640578958  2.08630102857  -0.0254217670939
-1.49073493417  780  808  808.271914023  2.06960563888  -0.011469734932
-1.49073493417  780  830  830.080221758  2.08422541944  -0.0276983125176
-1.49073493417  779  852  852.217167846  2.08752719086  0.00486805168724
-1.49073493417  778  875  874.518624828  2.04574190447  -0.0157735867351
-1.49073493417  778  897  897.044889102  2.14857456244  -0.00437123682559
-1.49073493417  777  920  919.886048714  2.17436040737  -0.00476136024109
-1.49073493417  776  943  942.990906093  2.24549635594  -0.00706773744736
-1.49073493417  775  966  966.36819488  2.2071918726  0.0110199669208
-1.49073493417  774  990  989.967674193  2.31360609056  -0.00598626749315
-1.49073493417  773  1014  1013.86496641  2.34423369853  -0.0135032416287
-1.31286493417  769  8  7.85949552932  1.69107349361  0.0218416754148
-1.31286493417  770  22  21.8687042368  1.69592272785  -0.0102043507284
-1.31286493417  770  36  35.9859935068  1.69597529182  -0.0106768396296
-1.31286493417  771  50  50.2784462113  1.67064940578  0.00973007320715
-1.31286493417  772  65  64.6590444067  1.66793143792  0.00418993510569
-1.31286493417  772  79  79.1063782014  1.75599339298  -0.0403625448828
-1.31286493417  773  94  93.7559149001  1.74882319589  0.00173839777111
-1.31286493417  774  109  108.524133363  1.77437868364  0.00839222317814
-1.31286493417  774  123  123.393083022  1.80538594522  -0.00966884471079
-1.31286493417  775  138  138.453055868  1.76950698614  0.007585691471
-1.31286493417  775  154  153.588090577  1.81689307448  -0.00791710010676
-1.31286493417  776  169  168.88122882  1.74718982756  -0.020359365275
-1.31286493417  777  184  184.369804272  1.7639354155  0.00107352520925
-1.31286493417  777  200  199.909460938  1.7545470667  -0.0369492887601
-1.31286493417  778  216  215.659976688  1.71744381825  -0.027874929535
-1.31286493417  778  232  231.547686162  1.69510627311  -0.0168073625261
-1.31286493417  779  248  247.566324613  1.6943470709  -0.0310618201616
-1.31286493417  779  264  263.7506886  1.71401812939  -0.018514296677
-1.31286493417  779  280  280.077333762  1.76716948929  0.0182682973485
-1.31286493417  780  297  296.557108457  1.74488975983  0.0212137711408
-1.31286493417  780  313  313.165349043  1.84739604413  0.0174804278799
-1.31286493417  780  330  329.928893992  1.83719833871  -0.00379652127832
-1.31286493417  781  347  346.87500861  1.85489843465  -0.0116303212203
-1.31286493417  781  364  363.984078894  1.87613351488  -0.00708761020105
-1.31286493417  781  381  381.242127963  1.8776464348  -0.0091273527258
-1.31286493417  782  399  398.68039855  1.838597788  -0.0182577134384
-1.31286493417  782  416  416.301482727  1.87324516075  -0.00240555283134
-1.31286493417  782  434  434.061554336  1.90057901219  -0.017863935795
-1.31286493417  782  452  452.021080345  1.89046366359  -0.0255264957114
-1.31286493417  782  470  470.143013917  1.88360818893  -0.0260784879255
-1.31286493417  782  488  488.464257812  1.82951285006  -0.0216412505622
-1.31286493417  783  507  506.952393849  1.87341621167  -0.0392225053337
-1.31286493417  783  526  525.640402062  1.84303139431  -0.0430911476926
-1.31286493417  783  545  544.530748673  1.78831646293  -0.00986960102246
-1.31286493417  783  564  563.602824627  1.8551730875  0.000281241250692
-1.31286493417  783  583  582.830156176  1.86237453525  -0.023713891651
-1.31286493417  782  602  602.312668211  1.92332427134  0.0327546370566
-1.31286493417  782  622  621.925071395  1.96500254967  0.00563265720974
-1.31286493417  782  642  641.768118183  1.9674501247  0.00984878266938
-1.31286493417  782  662  661.819560717  2.01633037252  0.000954271408389
-1.31286493417  782  682  682.083579621  2.03225283674  0.00927316221768
-1.31286493417  781  703  702.574655806  2.02926706522  0.00544919075624
-1.31286493417  781  723  723.256765278  2.09055533709  0.016420075493
-1.31286493417  781  744  744.160983063  2.11938994799  -0.00311719543029
-1.31286493417  780  765  765.328615556  2.10361795601  0.00086625525925
-1.31286493417  780  787  786.663475921  2.07351981914  -0.0328589257304
-1.31286493417  779  808  808.301606771  2.06751725341  -0.0154115804136
-1.31286493417  779  830  830.108277995  2.07174360062  -0.0265650403653
-1.31286493417  778  852  852.223829925  2.08074715727  -0.00450188110051
-1.31286493417  777  875  874.566038142  2.06738684496  0.0152916132074
-1.31286493417  777  897  897.085621828  2.13510940569  -0.0054079164201
-1.31286493417  776  920  919.938844423  2.18923566789  0.000515396093183
-1.31286493417  775  943  943.023007604  2.22403161191  -0.00245447645578
-1.31286493417  774  966  966.40704147  2.20975393256  0.021114511134
-1.31286493417  773  990  990.016553328  2.29618376633  -0.000187626253669
-1.31286493417  772  1014  1013.91273066  2.3247607551  -0.011838485317
-1.13499493417  768  8  7.80694892487  1.68106918983  0.0238538362523
-1.13499493417  769  22  21.8213987151  1.68384439805  -0.00205199528712
-1.13499493417  770  36  35.9618401296  1.74001885393  -0.00192323747236
-1.13499493417  770  50  50.2359701146  1.68422971883  0.0171593155762
-1.13499493417  771  65  64.6050908573  1.67476660015  0.00131245567962
-1.13499493417  772  79  79.1007482244  1.78547576417  -0.0194312214781
-1.13499493417  772  94  93.7184479025  1.75334773455  0.00485825828766
-1.13499493417  773  108  108.478037605  1.78332757318  -0.00049281895182
-1.13499493417  773  123  123.348825926  1.80974111134  -0.0138757881281
-1.13499493417  774  138  138.408722618  1.77890746879  0.00476360521148
-1.13499493417  775  154  153.592272661  1.78936168964  0.0413650167767
-1.13499493417  775  169  168.844969431  1.74067859775  -0.0206456686881
-1.13499493417  776  184  184.325829769  1.79230585769  -0.00180297498913
-1.13499493417  776  200  199.881797973  1.73822304956  -0.0238061310275
-1.13499493417  777  216  215.631034821  1.70084189297  -0.0318074492718
-1.13499493417  777  232  231.521226823  1.69492349693  -0.00234792253855
-1.13499493417  778  248  247.556916079  1.67472282408  -0.0240330097733
-1.13499493417  778  264  263.721098132  1.71209957895  -0.0163420293664
-1.13499493417  778  280  280.053942429  1.78636369564  0.0114257246492
-1.13499493417  779  297  296.536112824  1.75388568862  0.0124731201643
-1.13499493417  779  313  313.143355843  1.84895286331  0.0128779869453
-1.13499493417  780  330  329.937727124  1.83946688394  0.00459541226604
-1.13499493417  780  347  346.855084104  1.85017643793  -0.00525459059554
-1.13499493417  780  364  363.962996345  1.86445843814  -0.0125919734571
-1.13499493417  780  381  381.235512735  1.89241819046  -0.00182240940758
-1.13499493417  781  399  398.665888816  1.85510142677  -0.0163799513284
-1.13499493417  781  416  416.300956831  1.8709023209  0.00289488207714
-1.13499493417  781  434  434.061867993  1.89122184629  -0.0153847631012
-1.13499493417  781  452  452.008076611  1.89836506787  -0.0253033271437
-1.13499493417  781  470  470.141990922  1.89297128548  -0.0205335109941
-1.13499493417  782  488  488.470924013  1.8307555781  -0.0181560733294
-1.13499493417  782  507  506.940459513  1.86174490195  -0.0437303890181
-1.13499493417  782  526  525.6485935  1.83224629232  -0.0272846789946
-1.13499493417  782  545  544.516848968  1.79397994385  -0.0133034089699
-1.13499493417  782  564  563.587551666  1.84954095246  -0.0151550763828
-1.13499493417  782  583  582.842463692  1.89417981929  -0.0138780711274
-1.13499493417  782  602  602.312944504  1.92139787757  0.0343023697841
-1.13499493417  781  622  621.937049321  1.97726858634  0.0123602974142
-1.13499493417  781  642  641.774831946  1.97364516956  0.00160705542003
-1.13499493417  781  662  661.836974239  2.02257048528  0.00618103404215
-1.13499493417  781  682  682.122915171  2.01669457336  0.0316477933094
-1.13499493417  781  703  702.574602321  2.02636181825  0.0041809551416
-1.13499493417  780  723  723.274397676  2.07488783465  0.0110417524733
-1.13499493417  780  744  744.180562761  2.11645325827  -0.0229758853913
-1.13499493417  779  765  765.358050507  2.09411986031  0.00724600968145
-1.13499493417  779  787  786.689418705  2.06800453615  -0.0332786680843
-1.13499493417  778  808  808.332907551  2.07774795598  -0.0165124919952
-1.13499493417  778  830  830.167648871  2.09011756533  -0.0116707200832
-1.13499493417  777  852  852.269007455  2.09484573286  0.00191698892784
-1.13499493417  777  875  874.561379146  2.02754644951  -0.005031524879
-1.13499493417  776  897  897.149448567  2.15080983496  0.0120469632721
-1.13499493417  775  920  919.966143744  2.20384431258  -0.000940570485112
-1.13499493417  774  943  943.070663238  2.24934861849  0.00458478781548
-1.13499493417  773  966  966.438201305  2.2127687059  0.0064823085927
-1.13499493417  772  990  990.070147619  2.31196406633  0.000320097846319
-1.13499493417  771  1014  1013.9518506  2.33360300607  -0.0161765496355
-0.957124934171  767  8  7.74281300634  1.66296890064  0.016179884771
-0.957124934171  768  22  21.7667959828  1.67932159784  -0.00323632446742
-0.957124934171  769  36  35.9281308878  1.70356582084  -0.00191533724012
-0.957124934171  769  50  50.1775186116  1.7035760391  0.00696019516144
-0.957124934171  770  65  64.5557517083  1.66501052685  0.0041725412259
-0.957124934171  771  79  79.0647577996  1.73740974308  -0.0182243464043
-0.957124934171  771  94  93.6734291176  1.74972131909  0.0151095795028
-0.957124934171  772  108  108.451277385  1.76437436897  0.00388375523584
-0.957124934171  772  123  123.323854797  1.81649328876  -0.0149424404362
-0.957124934171  773  138  138.359588464  1.77429971441  -0.0046033663874
-0.957124934171  774  154  153.553013457  1.7687501917  0.0149715055578
-0.957124934171  774  169  168.806496078  1.72012609797  -0.0121481197112
-0.957124934171  775  184  184.298907354  1.79973095305  0.00340895810238
-0.957124934171  775  200  199.845902704  1.74134614716  -0.021724815436
-0.957124934171  776  216  215.603819165  1.69699050263  -0.0203105005541
-0.957124934171  776  232  231.502877812  1.68385504119  0.00231435180902
-0.957124934171  777  248  247.527623237  1.69929672754  -0.0144929944809
-0.957124934171  777  264  263.698410778  1.72101638531  -0.0134850166137
-0.957124934171  778  280  280.05521908  1.78448948349  0.0187746767268
-0.957124934171  778  297  296.512634453  1.75313342454  0.0214848822609
-0.957124934171  778  313  313.12290442  1.8369389875  0.00768902901394
-0.957124934171  779  330  329.92493646  1.82240421611  0.0109008911339
-0.957124934171  779  347  346.826427552  1.82245778971  -0.00970246351692
-0.957124934171  779  364  363.937664694  1.85882466439  -0.0190166850063
-0.957124934171  780  381  381.243162355  1.88906602947  0.00354436691351
-0.957124934171  780  399  398.652642037  1.84259601129  -0.0128874214563
-0.957124934171  780  416  416.290775269  1.88235224461  0.00520590778391
-0.957124934171  780  434  434.041551412  1.89525317931  -0.0214510407287
-0.957124934171  780  452  452.00053562  1.88976743621  -0.0202627296757
-0.957124934171  781  470  470.141982162  1.89305845919  -0.0204293676994
-0.957124934171  781  488  488.458758681  1.83910895661  -0.0183144206304
-0.957124934171  781  507  506.933459855  1.86019809382  -0.0462880178501
-0.957124934171  781  526  525.653493457  1.82503848323  -0.0228818614692
-0.957124934171  781  545  544.522234816  1.79762757831  -0.00486848458827
-0.957124934171  781  564  563.58935607  1.84233559705  -0.00881156909379
-0.957124934171  781  583  582.831779464  1.91304539628  -0.0195588122503
-0.957124934171  781  602  602.324969802  1.91836634821  0.0407351251958
-0.957124934171  781  622  621.937145223  1.97744627281  0.0128602742847
-0.957124934171  780  642  641.782227268  1.98429342448  -0.00151110594641
-0.957124934171  780  662  661.852618103  2.02563169417  0.00501299156697
-0.957124934171  780  682  682.11748021  2.02886786851  0.0144959205932
-0.957124934171  780  703  702.589156451  2.02426787917  0.0149649433352
-0.957124934171  779  723  723.292948831  2.06537778883  0.00974490237321
-0.957124934171  779  744  744.17634713  2.08736622462  -0.06248034725
-0.957124934171  779  765  765.350220043  2.10259579369  -0.000813174505362
-0.957124934171  778  787  786.711365064  2.06543710555  -0.0383638348308
-0.957124934171  778  808  808.340792145  2.08235580435  -0.0120737486856
-0.957124934171  777  830  830.213785767  2.06912974264  0.00187902800927
-0.957124934171  776  852  852.297087665  2.04767144635  -0.00367101421685
-0.957124934171  776  875  874.593999216  2.07633691239  -0.00343504883957
-0.957124934171  775  897  897.171814797  2.13276631431  0.00198787680796
-0.957124934171  774  920  920.033019194  2.19240525045  0.00975741967928
-0.957124934171  773  943  943.129031615  2.24968708886  0.0186704538083
-0.957124934171  772  966  966.465152587  2.19138929357  -0.00133108018784
-0.957124934171  771  990  990.116754529  2.30707742001  0.00312277713113
-0.957124934171  770  1014  1014.01772687  2.34767085544  -0.00174074286547
-0.779254934171  766  8  7.69485956212  1.65565632861  0.0182157392261
-0.779254934171  767  22  21.7215479008  1.66682309528  -0.00388544024527
-0.779254934171  768  36  35.8895643177  1.68662469231  0.00137395362761
-0.779254934171  768  50  50.1333701284  1.68926418078  0.00335311294598
-0.779254934171  769  65  64.5071976895  1.6799416628  -0.00156931844255
-0.779254934171  770  79  79.0138743534  1.72721155145  -0.0101873346436
-0.779254934171  770  94  93.6288579479  1.76787824473  0.0110570393248
-0.779254934171  771  108  108.409831163  1.75912773304  0.00128864889558
-0.779254934171  772  123  123.311871223  1.79392951217  -0.0102104080418
-0.779254934171  772  138  138.310504431  1.78142758279  -0.0108688581112
-0.779254934171  773  154  153.52103088  1.78755566618  0.0158919686071
-0.779254934171  773  169  168.766724375  1.72657169601  -0.0146500237032
-0.779254934171  774  184  184.243769455  1.78511205643  -0.013324985404
-0.779254934171  774  200  199.807357183  1.73866843078  -0.0235603168877
-0.779254934171  775  216  215.573986277  1.69795266431  -0.0163407135582
-0.779254934171  775  231  231.468550775  1.70863274578  -1.23944232408e-05
-0.779254934171  776  248  247.500956317  1.67632822401  -0.00783481975115
-0.779254934171  776  264  263.670690593  1.71199903602  -0.0126457041996
-0.779254934171  777  280  280.025636544  1.7804844263  0.0241694209727
-0.779254934171  777  296  296.488184744  1.74099734995  0.0237974569716
-0.779254934171  777  313  313.104935161  1.81649143736  0.0137584183166
-0.779254934171  778  330  329.900748097  1.83075257217  0.00761075781813
-0.779254934171  778  347  346.80119102  1.81315607677  -0.00863709773207
-0.779254934171  778  364  363.911734893  1.86082449493  -0.0124176909226
-0.779254934171  779  381  381.218230422  1.87733821313  -0.000315983366717
-0.779254934171  779  399  398.644982453  1.8396782104  -0.00443019806341
-0.779254934171  779  416  416.27263758  1.88255173716  0.00149492595465
-0.779254934171  779  434  434.026841315  1.89599604528  -0.0202410434381
-0.779254934171  780  452  452.000429177  1.8899718263  -0.0209346137756
-0.779254934171  780  470  470.137610271  1.88861808443  -0.0151095124197
-0.779254934171  780  488  488.4572088  1.84473721634  -0.0144376469613
-0.779254934171  780  507  506.930482115  1.86840722023  -0.0507552193981
-0.779254934171  780  526  525.637626947  1.82850020601  -0.032416116547
-0.779254934171  780  545  544.529840862  1.81397663621  -0.0120621078649
-0.779254934171  780  564  563.60053284  1.83167685862  -0.00732256553784
-0.779254934171  780  583  582.840524598  1.91455312148  -0.0129635893629
-0.779254934171  780  602  602.321813708  1.91418154262  0.0335051002788
-0.779254934171  780  622  621.950970606  1.96977038184  0.0117639640075
-0.779254934171  779  642  641.79400226  1.96636856301  -0.00085385444035
-0.779254934171  779  662  661.863108701  2.02161820911  0.00341726176103
-0.779254934171  779  682  682.133982764  2.02990856238  0.0168417413478
-0.779254934171  779  703  702.596288591  2.01970989162  0.00989109953021
-0.779254934171  778  723  723.313496563  2.06930901265  0.0156741643724
-0.779254934171  778  744  744.218320138  2.07868367928  -0.0114715108769
-0.779254934171  778  765  765.369899487  2.10664606442  0.00375830614946
-0.779254934171  777  787  786.728884904  2.0714777381  -0.0427253864797
-0.779254934171  777  808  808.364872413  2.07035085698  -0.00853192992488
-0.779254934171  776  830  830.238541897  2.05850733378  0.000283386639229
-0.779254934171  775  852  852.332725892  2.07098355575  0.00228493128421
-0.779254934171  775  875  874.614818667  2.09597196203  -0.00556105472104
-0.779254934171  774  897  897.204838054  2.11104358331  0.00668955411706
-0.779254934171  773  920  920.074650889  2.20495334749  0.0178183367629
-0.779254934171  772  943  943.171834212  2.22929867739  0.00988456841
-0.779254934171  771  967  966.523466356  2.24970903964  0.026594295827
-0.779254934171  770  990  990.15183652  2.31581179062  0.0102916702452
-0.779254934171  769  1014  1014.07066236  2.33428341799  0.0184575808071
-0.601384934171  765  8  7.643937637  1.62972399289  0.00690041610371
-0.601384934171  766  22  21.6806835959  1.6621239277  0.0162780053565
-0.601384934171  767  36  35.8258167629  1.66599203394  -0.00633750598181
-0.601384934171  767  50  50.1011905976  1.74600292015  0.00239845848322
-0.601384934171  768  64  64.4710435698  1.67249691082  0.0163119030133
-0.601384934171  769  79  78.961551885  1.71287891446  -0.0126970612614
-0.601384934171  769  94  93.5865512119  1.81114461776  -0.010548772803
-0.601384934171  770  108  108.361611015  1.76973021794  0.00594596070597
-0.601384934171  771  123  123.259710778  1.80173918651  -0.0203242119291
-0.601384934171  771  138  138.272608783  1.78106071795  -0.0122522528979
-0.601384934171  772  153  153.471357061  1.79690851721  0.00518343356269
-0.601384934171  772  169  168.738126418  1.70183410408  -0.00442572177385
-0.601384934171  773  184  184.204313779  1.79189620616  -0.0189110020888
-0.601384934171  773  200  199.76338029  1.71454850933  -0.0338206514819
-0.601384934171  774  216  215.541394573  1.73771607105  -0.0117454467004
-0.601384934171  774  231  231.448624303  1.71164700679  0.0101022494649
-0.601384934171  775  247  247.494136204  1.69246741806  0.0102666064685
-0.601384934171  775  264  263.644624326  1.71713944042  -0.0100220259471
-0.601384934171  776  280  279.988092759  1.78178479013  0.00697011914863
-0.601384934171  776  296  296.462972916  1.73826211344  0.0261173455813
-0.601384934171  777  313  313.087458535  1.85794983459  0.019685670433
-0.601384934171  777  330  329.87432862  1.84123467525  0.00848964754036
-0.601384934171  777  347  346.786941698  1.8262595896  -0.00426774752488
-0.601384934171  777  364  363.908428499  1.86583259813  -0.00890701012553
-0.601384934171  778  381  381.190254148  1.89603587784  -0.00555712344326
-0.601384934171  778  399  398.62300247  1.84018199514  -0.00974135033778
-0.601384934171  778  416  416.245900038  1.871966902  -0.00757069038335
-0.601384934171  778  434  434.019106136  1.89587793496  -0.0219771873081
-0.601384934171  779  452  451.987583749  1.8959609432  -0.0272147512569
-0.601384934171  779  470  470.117683688  1.87786533303  -0.0278042396126
-0.601384934171  779  488  488.453466194  1.84288518864  -0.0102364654412
-0.601384934171  779  507  506.935543694  1.85898221767  -0.0403398494783
-0.601384934171  779  526  525.633718963  1.83855870794  -0.0394322941827
-0.601384934171  779  545  544.528086593  1.80556290897  -0.0115900779278
-0.601384934171  779  564  563.606795171  1.83606048108  0.000495181430692
-0.601384934171  779  583  582.839294533  1.90048652101  -0.0141396034003
-0.601384934171  779  602  602.329276152  1.90387288889  0.0373745924975
-0.601384934171  779  622  621.960580791  1.96987559968  0.0171105346341
-0.601384934171  779  642  641.79402783  1.9666837696  -0.00111148949311
-0.601384934171  778  662  661.871909561  2.01238022839  0.00817511830186
-0.601384934171  778  682  682.162623222  2.03858440862  0.0359903821533
-0.601384934171  778  703  702.618244379  2.0338636654  0.0087491068238
-0.601384934171  777  723  723.33166037  2.07816302356  0.019465249895
-0.601384934171  777  744  744.244818218  2.09398539581  -0.00521019172128
-0.601384934171  777  765  765.377731949  2.10342442002  -0.00357964648071
-0.601384934171  776  787  786.753548848  2.09290887599  -0.0469335903884
-0.601384934171  776  808  808.386293323  2.05477849833  -0.01144860318
-0.601384934171  775  830  830.244770965  2.0520291265  -0.0134123852622
-0.601384934171  775  852  852.363297301  2.08797490268  0.0180472334645
-0.601384934171  774  875  874.654421336  2.11050721105  -0.0121407727973
-0.601384934171  773  897  897.24549673  2.083275457  0.0068554774688
-0.601384934171  772  920  920.101558848  2.19099450689  0.0190175929219
-0.601384934171  771  943  943.229491757  2.24668910858  0.0363422542125
-0.601384934171  771  967  966.522997904  2.26879843302  -0.0152968828819
-0.601384934171  770  990  990.155888211  2.30070705335  -0.0128856087699
-0.601384934171  769  1014  1014.09491665  2.36957924503  0.00801469985806
-0.423514934171  765  8  7.61087094041  1.68098072577  0.0178990539912
-0.423514934171  765  22  21.628364051  1.66610392153  0.00354633267724
-0.423514934171  766  36  35.782827968  1.66229532366  0.00237037804182
-0.423514934171  767  50  50.0823942738  1.68965225599  0.036297095949
-0.423514934171  767  64  64.4222286339  1.6753696774  0.00349528677618
-0.423514934171  768  79  78.91253907  1.72773657713  -0.0152254750893
-0.423514934171  769  94  93.5905251289  1.79400573363  0.0445053117379
-0.423514934171  769  108  108.307914931  1.76969152602  -0.00943925998305
-0.423514934171  770  123  123.215956479  1.80233534561  -0.0266395930706
-0.423514934171  770  138  138.232183573  1.78959176534  -0.0019959104125
-0.423514934171  771  153  153.433144654  1.80161160935  0.00929324883361
-0.423514934171  771  169  168.713207392  1.7560318705  -0.0119916964948
-0.423514934171  772  184  184.178107197  1.78153694285  -0.009713215214
-0.423514934171  773  200  199.781726038  1.73911497815  0.00699107129085
-0.423514934171  773  216  215.512976572  1.72801865301  -0.0141990952727
-0.423514934171  773  231  231.432813459  1.73828693791  0.0107973778634
-0.423514934171  774  247  247.462637889  1.68689727558  0.00385726207826
-0.423514934171  774  264  263.621767026  1.70665249556  0.00541512506511
-0.423514934171  775  280  279.952391953  1.78151594747  0.0046461278548
-0.423514934171  775  296  296.432670993  1.75153887047  0.0303926851273
-0.423514934171  776  313  313.071057434  1.82501282939  0.0138080364428
-0.423514934171  776  330  329.850516326  1.83557434733  0.0164243129023
-0.423514934171  776  347  346.766133876  1.81406727203  -0.0137072080581
-0.423514934171  777  364  363.902536552  1.85164367263  -0.0057333142606
-0.423514934171  777  381  381.183187915  1.88553034861  -0.0049009403461
-0.423514934171  777  399  398.609594011  1.81116520284  -0.00249879982161
-0.423514934171  777  416  416.232670982  1.87345792224  -0.0076843546687
-0.423514934171  778  434  434.019378067  1.89556004506  -0.0204663078314
-0.423514934171  778  452  451.972877179  1.90070618915  -0.0236009431306
-0.423514934171  778  470  470.112064451  1.88676560204  -0.0276850422959
-0.423514934171  778  488  488.449561252  1.81786163189  -0.00968837925657
-0.423514934171  778  507  506.931231961  1.88066131436  -0.0421631650213
-0.423514934171  778  526  525.636169695  1.84865694475  -0.0362226562263
-0.423514934171  778  545  544.52558812  1.79911328671  -0.0109429573416
-0.423514934171  778  564  563.59495021  1.828820252  -0.0111303571155
-0.423514934171  778  583  582.834133704  1.90174778998  -0.0160730154173
-0.423514934171  778  602  602.33286547  1.89172616192  0.0305219351773
-0.423514934171  778  622  621.963768464  1.95901602686  0.017812912606
-0.423514934171  778  642  641.80453095  1.98447468062  0.00496539612152
-0.423514934171  777  662  661.886403473  2.03294008876  0.00652290262216
-0.423514934171  777  682  682.163018078  2.03015447395  0.0342619478806
-0.423514934171  777  703  702.633208958  2.01078739936  0.00587200122081
-0.423514934171  777  723  723.331774965  2.07701838177  0.0205091466135
-0.423514934171  776  744  744.257539524  2.09436117361  -0.00355595318392
-0.423514934171  776  765  765.403361233  2.08302901745  -0.00282457131703
-0.423514934171  775  787  786.79294504  2.12181758403  -0.01063186113
-0.423514934171  775  808  808.421377638  2.03984589857  -0.00286304163674
-0.423514934171  774  830  830.272357431  2.06041828044  -0.0174827700946
-0.423514934171  774  852  852.366748909  2.03593306923  0.000835612110064
-0.423514934171  773  875  874.689245056  2.08630886887  -0.0202026147896
-0.423514934171  772  897  897.28831246  2.10391578073  0.0221182751264
-0.423514934171  771  920  920.161107583  2.17709067837  0.0251520014345
-0.423514934171  771  943  943.222124561  2.27108169761  3.75278930237e-05
-0.423514934171  770  967  966.541498037  2.21273627337  -0.00883540654686
-0.423514934171  769  990  990.21426732  2.29291673334  0.00785152255326
-0.423514934171  768  1014  1014.11342914  2.29829835661  0.00282864915872
-0.245644934171  764  8  7.59223636744  1.6443858701  0.0204031758463
-0.245644934171  764  22  21.5777584036  1.62392754194  0.0158849871828
-0.245644934171  765  36  35.7240629045  1.68002706459  -9.58899838494e-07
-0.245644934171  766  50  50.0022057564  1.69951107043  -3.45905549962e-05
-0.245644934171  766  64  64.3707123238  1.67775898425  0.0075498201883
-0.245644934171  767  79  78.8645806814  1.71163664417  -0.0118542528021
-0.245644934171  768  94  93.5409765858  1.76280434073  0.000620774542019
-0.245644934171  768  108  108.262697796  1.76237320225  -0.00899578383846
-0.245644934171  769  123  123.172251273  1.79298797605  -0.0252336861366
-0.245644934171  769  138  138.188305134  1.79176143691  -0.0218979379793
-0.245644934171  770  153  153.392588036  1.80345032646  0.00201282131852
-0.245644934171  771  169  168.702581742  1.71175934993  -0.00174744859855
-0.245644934171  771  184  184.128784402  1.78548153391  -0.024091638007
-0.245644934171  772  200  199.744066238  1.71160297502  -0.0124355829477
-0.245644934171  772  215  215.483519012  1.7254151648  -0.0110709408991
-0.245644934171  773  231  231.411593218  1.72538635895  0.0039901034468
-0.245644934171  773  247  247.429864973  1.70192463526  0.00335066774134
-0.245644934171  774  264  263.596048896  1.71763948902  -0.00117404911043
-0.245644934171  774  280  279.938366784  1.77535364545  0.017453604733
-0.245644934171  774  296  296.409715195  1.75140812382  0.0269886218328
-0.245644934171  775  313  313.032593581  1.80494782113  0.00465184725989
-0.245644934171  775  330  329.818435577  1.83833135041  0.00401385264515
-0.245644934171  775  347  346.743138449  1.82160336828  -0.00831438584419
-0.245644934171  776  364  363.880883906  1.85616082582  -0.00523396549072
-0.245644934171  776  381  381.169147249  1.87749262386  -0.00745596308772
-0.245644934171  776  399  398.60447649  1.8378679167  -0.0019805650467
-0.245644934171  776  416  416.212533836  1.89774884071  -0.0122666770631
-0.245644934171  777  434  434.002199679  1.90072419218  -0.02240468271
-0.245644934171  777  452  451.950626285  1.87988833975  -0.0286422469992
-0.245644934171  777  470  470.115880111  1.90302740653  -0.021432048033
-0.245644934171  777  488  488.442184307  1.83155509819  -0.00386948193912
-0.245644934171  777  507  506.923339623  1.88072915071  -0.0461262977653
-0.245644934171  777  526  525.635743349  1.83955625067  -0.0327242843848
-0.245644934171  777  545  544.537760282  1.79312009812  0.00402021642899
-0.245644934171  777  564  563.58924272  1.85279975415  -0.0174932333627
-0.245644934171  777  583  582.839093867  1.92471214846  -0.0197921774871
-0.245644934171  777  602  602.337002103  1.89085686187  0.0311432694897
-0.245644934171  777  622  621.968112541  1.97232699499  0.0129244795525
-0.245644934171  777  642  641.806207679  1.99635447139  -0.00224348503615
-0.245644934171  777  662  661.877420269  2.03135130131  -0.000788885351798
-0.245644934171  776  682  682.175841322  2.02693116908  0.0376430719738
-0.245644934171  776  703  702.625812067  2.02973323506  -0.00998656242435
-0.245644934171  776  723  723.354451096  2.07370668783  0.0240561931026
-0.245644934171  775  744  744.289622265  2.09185041786  0.00656794702712
-0.245644934171  775  765  765.423048976  2.09853354931  -0.00510834719999
-0.245644934171  774  787  786.804567797  2.14092031615  -0.00846045890732
-0.245644934171  774  808  808.438601982  2.03246033332  -0.0149929570056
-0.245644934171  773  830  830.309356754  2.03741744608  -0.00469565188742
-0.245644934171  773  852  852.38796947  2.02231858749  -0.00498783830136
-0.245644934171  772  875  874.719293874  2.06835212998  -0.0101966347331
-0.245644934171  771  897  897.32776394  2.09379234296  0.023257823224
-0.245644934171  770  920  920.17851946  2.18698044791  0.0217439998632
-0.245644934171  770  943  943.259287594  2.2165143214  0.0176249607935
-0.245644934171  769  967  966.602222236  2.22023575973  0.010364201954
-0.245644934171  768  990  990.248464392  2.28094837057  0.00359515942023
-0.245644934171  767  1014  1014.17225632  2.30794983973  0.0161519290181
-0.0677749341714  763  8  7.53502421268  1.66199437381  0.0168803718358
-0.0677749341714  763  22  21.5321639989  1.63056815929  0.00904738417304
-0.0677749341714  764  36  35.6661984274  1.66327060473  -0.00616313957508
-0.0677749341714  765  50  49.948575509  1.70898771652  -0.000114937054333
-0.0677749341714  765  64  64.316334094  1.71950816918  -0.0145230835975
-0.0677749341714  766  79  78.8216302312  1.70330520068  0.000118066008803
-0.0677749341714  767  93  93.4845627629  1.75437083088  -0.00360578420095
-0.0677749341714  767  108  108.221187623  1.76424865207  -0.0152929405435
-0.0677749341714  768  123  123.129209503  1.79552867999  -0.027039538081
-0.0677749341714  769  138  138.182608925  1.82729304446  0.00264300837481
-0.0677749341714  769  153  153.342176621  1.80207901774  -0.0116230423897
-0.0677749341714  770  169  168.668160111  1.73267193325  0.0025816518886
-0.0677749341714  770  184  184.087948767  1.77924838125  -0.0299828383426
-0.0677749341714  771  200  199.706077474  1.71829033682  -0.023514227399
-0.0677749341714  771  215  215.448240098  1.73412470687  -0.013188785687
-0.0677749341714  772  231  231.365004113  1.74200348633  -0.00173708582175
-0.0677749341714  772  247  247.391113779  1.70818268012  -0.00119443943517
-0.0677749341714  773  264  263.583668127  1.69844711533  -0.00148428752946
-0.0677749341714  773  280  279.911643691  1.75092854769  0.0176857502343
-0.0677749341714  773  296  296.383229242  1.75137502244  0.0253767404698
-0.0677749341714  774  313  313.018181437  1.80545779794  0.012057947675
-0.0677749341714  774  330  329.795648019  1.8238563365  0.0062792020599
-0.0677749341714  774  347  346.732826995  1.79874969684  0.00667275225365
-0.0677749341714  775  364  363.858665781  1.85753633061  -0.0107778531679
-0.0677749341714  775  381  381.137964912  1.88720328037  -0.0187075820111
-0.0677749341714  775  399  398.594009026  1.82774675114  0.00301524250982
-0.0677749341714  776  416  416.210489841  1.90469982087  -0.0132691246464
-0.0677749341714  776  434  433.990423296  1.89334260635  -0.0209738187284
-0.0677749341714  776  452  451.942679219  1.89887417606  -0.0296528340529
-0.0677749341714  776  470  470.100500612  1.88417392617  -0.0289283602189
-0.0677749341714  776  488  488.435197993  1.82667376139  -0.00428896433012
-0.0677749341714  776  507  506.916680753  1.86582092542  -0.0407082103337
-0.0677749341714  776  526  525.636346794  1.8234634973  -0.0241298921716
-0.0677749341714  776  545  544.54038669  1.70912492029  0.0764161300548
-0.0677749341714  776  564  563.599425784  1.85773349922  -0.00642493644362
-0.0677749341714  776  583  582.848489393  1.89170866166  -0.0097976020163
-0.0677749341714  776  602  602.330140409  1.90241855248  0.0254636705158
-0.0677749341714  776  622  621.978996824  1.96675189036  0.0105770812477
-0.0677749341714  776  642  641.822670684  1.96565187423  -0.00301436589264
-0.0677749341714  776  662  661.869725251  2.00504363979  -0.00558782418088
-0.0677749341714  775  682  682.204921166  2.01009558198  0.0401667223469
-0.0677749341714  775  703  702.638330979  2.03372257642  -0.00346099409053
-0.0677749341714  775  723  723.363267725  2.06589127569  0.0207823036968
-0.0677749341714  774  744  744.305635389  2.08562966417  0.0110873296742
-0.0677749341714  774  765  765.43943137  2.09411113828  -0.00187910359515
-0.0677749341714  773  787  786.828952603  2.09570156224  -0.0166541480267
-0.0677749341714  773  808  808.461354258  2.03454460218  -0.0091221417231
-0.0677749341714  772  830  830.325764047  2.04698391155  -0.00600342021743
-0.0677749341714  772  852  852.433511487  2.03044595158  0.000258470998859
-0.0677749341714  771  875  874.748401741  2.08370629232  -0.013033217913
-0.0677749341714  770  897  897.369208344  2.11050505027  0.0290782624313
-0.0677749341714  770  920  920.18683166  2.17007540927  0.0117930541727
-0.0677749341714  769  943  943.306748356  2.19648765924  0.02432058532
-0.0677749341714  768  967  966.639434256  2.20669843294  0.00148667937531
-0.0677749341714  767  990  990.294919528  2.25849077608  0.0113551513216
-0.0677749341714  766  1014  1014.2135372  2.3114691976  0.0109414972878
0.110095065829  762  7  7.49181562103  1.66945745097  0.0294634935068
0.110095065829  763  22  21.5039907729  1.6850371847  0.0172112887143
0.110095065829  763  36  35.6179410426  1.6666064132  -0.00486727474432
0.110095065829  764  50  49.9071512311  1.68788477986  0.00245140370369
0.110095065829  765  64  64.3165153015  1.76223126768  0.030851843345
0.110095065829  765  79  78.7619829207  1.70997326645  -0.00906115129739
0.110095065829  766  93  93.4336270633  1.76444053275  -0.00265407557092
0.110095065829  766  108  108.167648186  1.77261287059  -0.0128528493493
0.110095065829  767  123  123.076142006  1.7768798152  -0.027760585811
0.110095065829  768  138  138.155471776  1.76870579867  -0.00451057265479
0.110095065829  768  153  153.293606766  1.81606980111  -0.0134281527997
0.110095065829  769  169  168.630722099  1.74313986785  0.0115156323264
0.110095065829  769  184  184.04662536  1.76621533177  -0.030303180468
0.110095065829  770  200  199.675226371  1.73130218745  -0.0122214149422
0.110095065829  770  215  215.409375003  1.72862510582  -0.0140505749667
0.110095065829  771  231  231.342783483  1.73120992494  0.002009718839
0.110095065829  771  247  247.351749878  1.71068356091  -0.00833488731358
0.110095065829  772  264  263.548055058  1.70075265584  -0.00354979014435
0.110095065829  772  280  279.876251346  1.76502140062  0.0100013362015
0.110095065829  772  296  296.365976844  1.75941853762  0.027004418623
0.110095065829  773  313  312.993572169  1.83866045484  0.00827513721206
0.110095065829  773  330  329.781223177  1.81877226714  0.0108822166568
0.110095065829  774  347  346.732897648  1.79919601066  0.00677111682779
0.110095065829  774  364  363.83515397  1.84712822843  -0.0148047157312
0.110095065829  774  381  381.118705282  1.90107383626  -0.0150323939658
0.110095065829  774  399  398.566697703  1.8326652086  -0.00395252633331
0.110095065829  775  416  416.199485307  1.88879173473  -0.00136220560455
0.110095065829  775  434  433.981927358  1.88729244796  -0.0217421340796
0.110095065829  775  452  451.926450417  1.88519093565  -0.0288784785056
0.110095065829  775  470  470.096511709  1.87737934005  -0.0201513388104
0.110095065829  775  488  488.429448299  1.85134515059  0.00114361683717
0.110095065829  775  507  506.930505396  1.86848283473  0.00373920643895
0.110095065829  775  526  525.62490361  1.81881366247  -0.0203252366985
0.110095065829  775  545  544.533556147  1.39937151835  0.21199011054
0.110095065829  775  564  563.606791029  1.8400830306  0.000350109886942
0.110095065829  775  583  582.846071471  1.89804516024  -0.0135850588013
0.110095065829  775  602  602.353203238  1.88561782462  0.0406602703772
0.110095065829  775  622  621.99290032  1.98057669656  0.0212713409908
0.110095065829  775  642  641.841686012  1.95222907881  0.00557899433498
0.110095065829  775  662  661.90276289  2.0102043622  0.00489310431601
0.110095065829  774  682  682.213022589  2.04686766524  0.0377305978016
0.110095065829  774  703  702.652443109  2.02527763852  -0.00440879512713
0.110095065829  774  723  723.378270432  2.0460868064  0.00733097600721
0.110095065829  773  744  744.31227984  2.09492356036  0.00391557604451
0.110095065829  773  765  765.454143896  2.08354961094  -0.00858220563705
0.110095065829  773  787  786.820507526  2.08684094894  -0.0308014367409
0.110095065829  772  808  808.490576484  2.04467583004  -0.00925857409345
0.110095065829  771  830  830.362528094  2.01996796287  0.00555301698489
0.110095065829  771  852  852.461612437  2.03940100967  0.00324325661742
0.110095065829  770  875  874.782718488  2.09143788925  -0.00257779308299
0.110095065829  769  897  897.368052543  2.07454779494  0.00902224206976
0.110095065829  769  920  920.226228629  2.1160929866  0.0214556903495
0.110095065829  768  943  943.328662684  2.20656728946  0.0186714114047
0.110095065829  767  967  966.671919575  2.20775240522  -3.52118036573e-05
0.110095065829  766  990  990.327251024  2.25657570218  0.000293977254405
0.110095065829  765  1014  1014.25476334  2.28091703493  0.00788687885093
0.287965065829  761  7  7.4251168435  1.68744184918  0.0199056581906
0.287965065829  762  21  21.4836759177  1.71650575658  0.0523115484944
0.287965065829  762  36  35.5629208009  1.64577954979  -0.00023654381744
0.287965065829  763  50  49.842957403  1.68310222511  -0.00558421575547
0.287965065829  764  64  64.2721912327  1.69488439057  0.015673775254
0.287965065829  764  79  78.7139193564  1.70876029692  -0.00713575865444
0.287965065829  765  93  93.3862477064  1.76677016251  -0.0105909323716
0.287965065829  766  108  108.156520316  1.80346801585  -0.00539277188588
0.287965065829  766  123  123.018886667  1.79401078694  -0.0305919009561
0.287965065829  767  138  138.108121108  1.77705315949  -0.0100575271553
0.287965065829  767  153  153.247066863  1.7863362018  -0.0267312984789
0.287965065829  768  169  168.590389219  1.74454725891  0.00574813917572
0.287965065829  768  184  183.995487178  1.75549702155  -0.0328503321356
0.287965065829  769  200  199.656030845  1.73525104791  0.000726346385771
0.287965065829  769  215  215.380703456  1.76151586877  -0.000327353587237
0.287965065829  770  231  231.29548032  1.72794098534  -0.00910705491716
0.287965065829  770  247  247.320758963  1.72764258041  -0.0119704486821
0.287965065829  771  264  263.519432442  1.67857292996  -0.0044983338604
0.287965065829  771  280  279.832852253  1.76827622695  -0.000446260483546
0.287965065829  772  296  296.367939965  1.75075050455  0.0317919183135
0.287965065829  772  313  312.967538858  1.83287620209  0.00610731319921
0.287965065829  772  330  329.746918889  1.82135187958  0.0076550305621
0.287965065829  773  347  346.701771544  1.80994636728  -0.00590489143276
0.287965065829  773  364  363.812682375  1.84306590689  -0.017109112219
0.287965065829  773  381  381.106233181  1.89609846004  -0.00505521962132
0.287965065829  773  399  398.549049939  1.85227657244  -0.000822800273886
0.287965065829  774  416  416.184860826  1.89789718723  -0.00430297326264
0.287965065829  774  434  433.946192751  1.88505704588  -0.0281983584327
0.287965065829  774  452  451.920015121  1.88240065132  -0.0283442210425
0.287965065829  774  470  470.075713611  1.89010010016  -0.0257580215204
0.287965065829  774  488  488.408657434  1.84838499743  -0.00741289935037
0.287965065829  774  507  506.90178419  1.84213376537  -0.0394435788875
0.287965065829  774  526  525.61597181  1.83641139692  -0.0214678033018
0.287965065829  774  545  544.53045304  1.78480190775  0.00349339092031
0.287965065829  774  564  563.59277735  1.83427734566  -0.00700410932966
0.287965065829  774  583  582.845146482  1.91083664289  -0.0178450058722
0.287965065829  774  602  602.347278969  1.90590870619  0.0328974467662
0.287965065829  774  622  621.991303875  1.97527282515  0.0149788673676
0.287965065829  774  642  641.840039172  1.97628375959  0.00853335315283
0.287965065829  774  662  661.908225277  2.00780864903  0.00732228830955
0.287965065829  774  682  682.213077153  2.04639220469  0.039739175064
0.287965065829  773  703  702.671944147  2.04373957695  -0.00118400376859
0.287965065829  773  723  723.411970271  2.05137722962  0.0251719271211
0.287965065829  773  744  744.304910125  2.11211842832  -0.0122267754606
0.287965065829  772  765  765.494173914  2.09420105451  0.00018160121559
0.287965065829  772  787  786.84039096  2.10162556806  -0.0342140689498
0.287965065829  771  809  808.50328454  2.02868827412  -0.0132482516579
0.287965065829  771  830  830.354102786  2.02456947255  -0.000147818207117
0.287965065829  770  852  852.467093744  2.0503357587  -0.0125584804379
0.287965065829  769  875  874.805620635  2.09717947542  -0.00442206997279
0.287965065829  769  897  897.373433784  2.10649764353  -0.00511585571363
0.287965065829  768  920  920.255471448  2.14844451822  0.0188742709085
0.287965065829  767  943  943.359020644  2.17979969424  0.0106858868402
0.287965065829  766  967  966.700148477  2.21571814787  -0.0055313099834
0.287965065829  765  990  990.370549185  2.24608800043  0.00253389981204
0.287965065829  764  1014  1014.2786001  2.27997670858  -0.00075775032023
0.465835065829  760  7  7.36586363428  1.69928959595  0.0141975488495
0.465835065829  761  21  21.4231234988  1.66552837229  0.0167077309887
0.465835065829  761  36  35.5331908521  1.6352537483  0.011666748367
0.465835065829  762  50  49.7959806794  1.68513208963  -0.0129645586473
0.465835065829  763  64  64.2202858193  1.6994125603  0.0061988749545
0.465835065829  763  79  78.6759465382  1.71087586641  0.000627729752737
0.465835065829  764  93  93.3313108415  1.7713973489  -0.0160624846306
0.465835065829  765  108  108.122598059  1.74809941897  -0.00588313041514
0.465835065829  765  123  122.977058519  1.77083206309  -0.0212413395293
0.465835065829  766  138  138.054267755  1.77072594958  -0.0174235217029
0.465835065829  766  153  153.196241206  1.79632316887  -0.0311915043704
0.465835065829  767  169  168.550406061  1.74334209345  0.0120530417544
0.465835065829  767  184  183.953362277  1.75956959108  -0.0453878718699
0.465835065829  768  200  199.608166957  1.72987393464  -0.00263304126795
0.465835065829  768  215  215.337003665  1.76113331883  -0.0278475210848
0.465835065829  769  231  231.261568049  1.74665715341  -0.0125695505519
0.465835065829  769  247  247.294158508  1.72858704362  -0.00297230633767
0.465835065829  770  263  263.499088454  1.7011133083  0.00684917612383
0.465835065829  770  280  279.800692398  1.76366146514  -0.000918236556225
0.465835065829  771  296  296.330657014  1.75938246627  0.0227384104398
0.465835065829  771  313  312.930374784  1.82320098439  -0.000227501805954
0.465835065829  771  330  329.721522506  1.82502700939  0.0117891368749
0.465835065829  772  347  346.693839441  1.81245283951  0.0122722004949
0.465835065829  772  364  363.786055658  1.85973316262  -0.017411769824
0.465835065829  772  381  381.0796655  1.8854546905  -0.0157852994142
0.465835065829  773  399  398.556339578  1.84912236926  7.02650384229e-05
0.465835065829  773  416  416.164959182  1.88259099875  -0.0104528884963
0.465835065829  773  434  433.926264877  1.89019125452  -0.0296947787776
0.465835065829  773  452  451.918246631  1.8716300241  -0.0264563068915
0.465835065829  773  470  470.055491454  1.8809531866  -0.0338429730885
0.465835065829  773  488  488.409847614  1.83476952295  -0.00643221275492
0.465835065829  773  507  506.891755415  1.84165909498  -0.0449879787424
0.465835065829  774  526  525.602997391  1.82325780982  -0.0360179384898
0.465835065829  774  545  544.53045304  1.78480190775  0.00349339092031
0.465835065829  773  564  563.585076366  1.84324932133  -0.0130948882281
0.465835065829  773  583  582.838070271  1.91967304085  -0.0220250611046
0.465835065829  773  602  602.33017685  1.89325015329  0.0213687102013
0.465835065829  773  622  621.998449764  1.97399663186  0.01870268741
0.465835065829  773  642  641.838989994  1.98825373032  0.00273400715897
0.465835065829  773  662  661.921524462  2.01434340944  0.0104066635716
0.465835065829  773  682  682.216915002  2.03457922815  0.0337565424455
0.465835065829  772  703  702.675643099  2.04020304375  -0.00568640539071
0.465835065829  772  723  723.42543744  2.06092623132  0.0298150063484
0.465835065829  772  744  744.337462597  2.10633958101  0.00666425150532
0.465835065829  771  766  765.498682243  2.08021608108  -0.00642342530163
0.465835065829  771  787  786.855906212  2.1035200849  -0.0380904759169
0.465835065829  770  809  808.530906361  2.05056282728  -0.017798050015
0.465835065829  770  830  830.374925326  2.03139025275  -0.000332353526809
0.465835065829  769  852  852.495503272  2.06731040851  -0.00799563613782
0.465835065829  768  875  874.855573113  2.11404243785  0.000685390520551
0.465835065829  768  897  897.390165818  2.0823639885  -0.00392644664636
0.465835065829  767  920  920.2957967  2.17143280087  0.03115897992
0.465835065829  766  943  943.382978073  2.17291788348  0.00629286650318
0.465835065829  765  967  966.759062996  2.23326155239  0.00136614594003
0.465835065829  764  990  990.409227425  2.2580957857  0.00178663799442
0.465835065829  763  1014  1014.32296403  2.27556947831  0.00503072923794
0.643705065829  759  7  7.32452539549  1.68693851845  0.0313241697959
0.643705065829  760  21  21.3724241573  1.67347332977  0.0139070805686
0.643705065829  760  35  35.4680142217  1.67800164212  -0.0140754748285
0.643705065829  761  50  49.7469605918  1.66617214319  0.000851472097269
0.643705065829  762  64  64.170274501  1.68847619633  0.00629706612659
0.643705065829  762  79  78.6290396719  1.70794628722  0.00219971684635
0.643705065829  763  93  93.2870659127  1.77858848452  -0.023705495823
0.643705065829  764  108  108.073058335  1.75849758462  -0.00231011391534
0.643705065829  764  123  122.93057192  1.74865110957  -0.0200382736728
0.643705065829  765  138  138.001105741  1.77623003958  -0.0224837017974
0.643705065829  765  153  153.147033694  1.79878709626  -0.0583787275733
0.643705065829  766  169  168.514057332  1.7596605923  0.0034573958815
0.643705065829  767  184  183.965410103  1.76175182311  -0.0106203310628
0.643705065829  767  200  199.572975125  1.74713983359  -0.00197446031923
0.643705065829  768  215  215.33676057  1.75435729892  -0.0177405104777
0.643705065829  768  231  231.21727479  1.75186518176  -0.0198108703032
0.643705065829  768  247  247.271607251  1.74430584119  -0.0028052955116
0.643705065829  769  263  263.474218356  1.7107090354  0.00671523929703
0.643705065829  769  280  279.783609651  1.73930965036  0.0055580835742
0.643705065829  770  296  296.308721893  1.75745634671  0.0310400205204
0.643705065829  770  313  312.897890252  1.82066523387  -0.00169955230726
0.643705065829  770  330  329.696926118  1.82159488391  0.00715419923574
0.643705065829  771  347  346.661576443  1.83300365598  -0.000289558649842
0.643705065829  771  364  363.770495536  1.83733505312  -0.0125719146556
0.643705065829  771  381  381.05750428  1.88583641375  -0.0226895938677
0.643705065829  772  399  398.539078106  1.83441424673  0.00534785050027
0.643705065829  772  416  416.158248304  1.90315029135  -0.00801687604358
0.643705065829  772  434  433.927249066  1.90057501559  -0.0155322453286
0.643705065829  772  452  451.895768143  1.87324298691  -0.0315011688919
0.643705065829  772  470  470.039747517  1.89043204087  -0.0322228265418
0.643705065829  772  488  488.402568743  1.83926685373  0.000496316829573
0.643705065829  773  507  506.891755415  1.84165909498  -0.0449879787424
0.643705065829  773  526  525.604933672  1.82283814254  -0.0355228329047
0.643705065829  773  545  544.529156258  1.81578661299  0.00947374890091
0.643705065829  773  564  563.584971356  1.84178592188  -0.0126398664568
0.643705065829  773  583  582.838145765  1.9199133203  -0.0216711073947
0.643705065829  772  602  602.335264581  1.89229088931  0.0194059740589
0.643705065829  772  622  621.999655867  1.96678430861  0.0208614490281
0.643705065829  772  642  641.847235909  1.99378478984  0.00293128625817
0.643705065829  772  662  661.930389932  2.01219724341  0.0115773128152
0.643705065829  772  682  682.233998  2.01171521046  0.0359489643183
0.643705065829  771  703  702.684166651  2.02158616985  -0.00753043698145
0.643705065829  771  723  723.427748546  2.05155821946  0.0133124438618
0.643705065829  771  744  744.357028358  2.09526019327  0.0115698149129
0.643705065829  770  766  765.526782727  2.08667782023  0.00206218041234
0.643705065829  770  787  786.873266743  2.10883840033  -0.040142859942
0.643705065829  769  809  808.545446214  2.04136735189  -0.0191030837416
0.643705065829  769  830  830.390243482  2.01985682924  -0.0131281288731
0.643705065829  768  853  852.526055475  2.05057673428  -0.0049829937015
0.643705065829  767  875  874.868764745  2.09988520306  -0.000256990632618
0.643705065829  767  897  897.436151827  2.07877662792  0.0139023801133
0.643705065829  766  920  920.336085328  2.13257369478  0.0286325143839
0.643705065829  765  943  943.425194013  2.15995304735  0.0145785016653
0.643705065829  764  967  966.777573659  2.23201458956  -0.00451949266026
0.643705065829  763  990  990.453201231  2.25315213647  0.0127587001118
0.643705065829  762  1014  1014.36195509  2.2760021902  -0.0138051923068
0.821575065829  758  7  7.27191156958  1.69595679182  0.0286945752039
0.821575065829  759  21  21.3214943611  1.67295842348  0.0094791118613
0.821575065829  759  35  35.4511136116  1.68628502888  0.00673378914978
0.821575065829  760  50  49.6849603269  1.66726413183  -0.00282340549912
0.821575065829  761  64  64.1104769918  1.70898724908  0.00797880843506
0.821575065829  762  79  78.6141428455  1.73542133345  0.00556552078559
0.821575065829  762  93  93.2278050306  1.76233050266  -0.0210505431815
0.821575065829  763  108  108.018318583  1.77169005756  -0.00145726909756
0.821575065829  763  123  122.882991797  1.75781055599  -0.0136055941399
0.821575065829  764  138  137.954906751  1.78076096874  -0.022611467935
0.821575065829  765  153  153.140957959  1.8295983104  -0.0279761221466
0.821575065829  765  168  168.476159606  1.76831364581  0.00931160071466
0.821575065829  766  184  183.924221061  1.77204315115  -0.026101806153
0.821575065829  766  200  199.530213304  1.75341490424  -0.00649412233227
0.821575065829  767  215  215.300429458  1.77416548069  -0.0146054198981
0.821575065829  767  231  231.189475676  1.75404759774  -0.00703782083025
0.821575065829  768  247  247.264264704  1.73372050167  -0.000609165209401
0.821575065829  768  263  263.440770387  1.71083216334  0.000515399286555
0.821575065829  768  280  279.755714835  1.74893896122  0.0151249935992
0.821575065829  769  296  296.27390133  1.77835870235  0.0269888822041
0.821575065829  769  313  312.876083162  1.82843340407  0.0075375169233
0.821575065829  770  330  329.697409928  1.82523094087  0.0115850600307
0.821575065829  770  347  346.650682293  1.81590773335  0.00142440646127
0.821575065829  770  364  363.74771701  1.84932712533  -0.012605593536
0.821575065829  770  381  381.041010925  1.89177759114  -0.0151071783832
0.821575065829  771  399  398.5223284  1.82347013663  0.00919663179383
0.821575065829  771  416  416.133245794  1.90817455616  -0.01476673973
0.821575065829  771  434  433.909649002  1.89195658447  -0.0230423739261
0.821575065829  771  452  451.871516068  1.88538038805  -0.0298661341666
0.821575065829  771  470  470.035797477  1.88589890761  -0.0278889888493
0.821575065829  772  488  488.395118255  1.84005092415  -2.04884979045e-05
0.821575065829  772  507  506.885891959  1.85830718058  -0.0441357758778
0.821575065829  772  526  525.597746251  1.83819089129  -0.0368410885507
0.821575065829  772  545  544.51640565  1.80906848146  -0.00274639772596
0.821575065829  772  564  563.588077579  1.83356646161  -0.00578017853549
0.821575065829  772  583  582.845345319  1.92004596996  -0.0142434831147
0.821575065829  772  602  602.334963276  1.89463598014  0.0202420888305
0.821575065829  771  622  621.990593738  1.97623744356  0.0167271687803
0.821575065829  771  642  641.863853192  1.97712961847  0.0159521036406
0.821575065829  771  662  661.940199321  2.0243618232  0.0100127598125
0.821575065829  771  682  682.242622915  1.98095268455  0.0345470408537
0.821575065829  770  703  702.705443542  2.04455602955  -0.00130944244368
0.821575065829  770  723  723.444638045  2.0727392203  0.0230011409697
0.821575065829  770  744  744.37173967  2.08032589014  0.00878336958461
0.821575065829  769  766  765.531828959  2.09199001917  -0.0110554027279
0.821575065829  769  787  786.890552038  2.09117276893  -0.0442724287483
0.821575065829  768  809  808.567640719  2.02992080849  -0.0217052720425
0.821575065829  768  830  830.426870456  2.04646841397  -0.019291045117
0.821575065829  767  853  852.551908214  2.03291041349  -0.0122316351847
0.821575065829  766  875  874.883697364  2.14005844628  -0.00655538462491
0.821575065829  766  897  897.458569426  2.08396207044  0.00397130411302
0.821575065829  765  920  920.356500406  2.13059374674  0.0248886681005
0.821575065829  764  943  943.459842945  2.17324282384  0.00639079459751
0.821575065829  763  967  966.820520384  2.24784000231  -0.00917288467145
0.821575065829  762  990  990.489978066  2.23824138069  0.00545518349731
0.821575065829  761  1014  1014.41727828  2.27744998047  -0.000496782773543
0.999445065829  757  7  7.20898163914  1.71112708988  0.0235735301189
0.999445065829  758  21  21.2608740016  1.68857985063  0.0105709477002
0.999445065829  759  35  35.421179554  1.62853331008  0.0223738694343
0.999445065829  759  50  49.6382107538  1.68430723879  -0.000399668301352
0.999445065829  760  64  64.059733298  1.72308700132  0.0156696488444
0.999445065829  761  79  78.586822071  1.69302770071  0.0136098842325
0.999445065829  761  93  93.1700097787  1.76349823265  -0.0223663464227
0.999445065829  762  108  107.980598164  1.7659016379  0.0015836700245
0.999445065829  762  123  122.852216441  1.81819037516  -0.0178699476688
0.999445065829  763  138  137.913728871  1.75771427108  -0.01034701475
0.999445065829  764  153  153.109101447  1.79307674982  -0.0317114205171
0.999445065829  764  168  168.437613525  1.76186909641  0.0172445272357
0.999445065829  765  184  183.869823706  1.73775847814  -0.0359888881083
0.999445065829  765  199  199.493433111  1.73548368572  -0.00336619459878
0.999445065829  766  215  215.256320422  1.77197891745  -0.0249891454493
0.999445065829  766  231  231.144958956  1.77523357864  -0.0195337922218
0.999445065829  767  247  247.216086288  1.75066905562  -0.0186528049304
0.999445065829  767  263  263.41355468  1.72577935146  0.0159137320642
0.999445065829  768  280  279.741891937  1.7553737673  0.00371523800292
0.999445065829  768  296  296.248781003  1.78630100327  0.0205521506294
0.999445065829  768  313  312.855768978  1.82336098118  0.00790487771916
0.999445065829  769  330  329.666009005  1.82775164164  0.00396271473454
0.999445065829  769  347  346.628646586  1.80492106228  0.0183442385729
0.999445065829  769  364  363.742056103  1.82607442277  0.00565461396238
0.999445065829  770  381  381.040636489  1.89186651218  -0.0172943117231
0.999445065829  770  399  398.497171439  1.90326730041  -0.00680981200596
0.999445065829  770  416  416.117210875  1.89888349852  -0.0108681710157
0.999445065829  770  434  433.894128494  1.8768357607  -0.0240097747337
0.999445065829  770  452  451.862633783  1.87748338487  -0.0305296424981
0.999445065829  771  470  470.044567296  1.88508284958  -0.0193562633591
0.999445065829  771  488  488.392034797  1.84865630506  -0.0047887424873
0.999445065829  771  507  506.886726947  1.86340058163  -0.0417829472953
0.999445065829  771  526  525.610465697  1.84683177458  -0.0243902367866
0.999445065829  771  545  544.529644674  1.80666057441  0.00452953614984
0.999445065829  771  564  563.584162402  1.84542036012  -0.0142710774981
0.999445065829  771  583  582.851875752  1.9259312576  -0.0114366540276
0.999445065829  771  602  602.358402698  1.90064051219  0.0402518642617
0.999445065829  770  622  621.988921319  1.98871423868  0.0123116667102
0.999445065829  770  642  641.870571084  1.99292949269  0.0134316906918
0.999445065829  770  662  661.93952849  2.01168905699  0.00845775084601
0.999445065829  770  682  682.254719689  2.00796008127  0.0325106942008
0.999445065829  770  703  702.705779534  2.04085489731  -0.00763045640238
0.999445065829  769  723  723.459434034  2.07576660356  0.0233453040826
0.999445065829  769  744  744.386915808  2.06658524646  0.00745172580191
0.999445065829  768  766  765.5476954  2.08918927599  -0.0144946791458
0.999445065829  768  787  786.92757499  2.06843641216  -0.031203945716
0.999445065829  767  809  808.596479147  2.01813638171  -0.0141116056267
0.999445065829  767  830  830.474499859  2.01702564232  0.00720904484623
0.999445065829  766  853  852.5735597  2.01340064492  -0.0140597056704
0.999445065829  766  875  874.894111211  2.12492458141  -0.0054973917584
0.999445065829  765  897  897.486800624  2.07369627921  -0.00386039543635
0.999445065829  764  920  920.406954391  2.1186202733  0.0322652072282
0.999445065829  763  944  943.513476849  2.16069956108  0.022575196705
0.999445065829  762  967  966.854292576  2.25294241294  -0.0158727562549
0.999445065829  761  991  990.513636455  2.23961195979  -0.00336272264587
0.999445065829  760  1014  1014.47304195  2.27545598625  0.00631489193809
1.17731506583  756  7  7.14590858233  1.71721099976  0.0179646361892
1.17731506583  757  21  21.1950438995  1.67111513738  0.00649442424375
1.17731506583  758  35  35.3656098154  1.66919864643  0.013729561941
1.17731506583  758  50  49.5816287448  1.67650399539  -0.00629843422435
1.17731506583  759  64  64.001619732  1.71066132387  0.00563639021603
1.17731506583  760  79  78.5351800661  1.73281770332  0.00891470134296
1.17731506583  760  93  93.1227638968  1.75518827288  -0.0201977978937
1.17731506583  761  108  107.931423907  1.76695720866  0.00196882637788
1.17731506583  762  123  122.837921333  1.76284501944  0.0144958805519
1.17731506583  762  138  137.866617609  1.76971258304  -0.00554737339805
1.17731506583  763  153  153.058253695  1.79650948904  -0.0368357662865
1.17731506583  763  168  168.37145235  1.77888424997  -0.000902373104442
1.17731506583  764  184  183.830115286  1.74601324709  -0.0436807226228
1.17731506583  764  199  199.453563594  1.76175756187  -0.00265019345796
1.17731506583  765  215  215.228619629  1.764642544  -0.0148014501167
1.17731506583  765  231  231.109068169  1.77086638756  -0.0239272776125
1.17731506583  766  247  247.185992396  1.74522687317  -0.00691728034617
1.17731506583  766  263  263.384012666  1.72679538113  0.0171044215476
1.17731506583  767  280  279.723658702  1.74005684685  0.0108565731402
1.17731506583  767  296  296.218215171  1.79188744702  0.0309855832754
1.17731506583  767  313  312.82719409  1.81958902775  0.00725552730046
1.17731506583  768  330  329.642636856  1.81880927618  0.0110918019658
1.17731506583  768  347  346.597558595  1.81074965134  0.00253350795811
1.17731506583  768  364  363.707690574  1.84588530105  0.00200876850151
1.17731506583  769  381  381.009280579  1.88364297919  -0.0206716380937
1.17731506583  769  398  398.474191725  1.85166990927  0.000598105972185
1.17731506583  769  416  416.10031805  1.90025256213  -0.0143035496531
1.17731506583  769  434  433.872903502  1.86257722567  -0.0286951667707
1.17731506583  769  452  451.84738909  1.88019192052  -0.031116467569
1.17731506583  770  470  470.022496948  1.88692383624  -0.0307052314015
1.17731506583  770  488  488.388034201  1.83835134774  -0.00290511868812
1.17731506583  770  507  506.877213938  1.86561540434  -0.0341322681101
1.17731506583  770  526  525.600558995  1.82958740866  -0.0272322980701
1.17731506583  770  545  544.507331411  1.80341846136  -0.00477404802146
1.17731506583  770  564  563.5861907  1.84221839978  -0.0029774154256
1.17731506583  770  583  582.850583187  1.93022289401  -0.011434712013
1.17731506583  770  602  602.36003128  1.90286098223  0.0432852270516
1.17731506583  770  622  621.989074938  1.98852378081  0.013207860378
1.17731506583  769  642  641.86571966  1.97821684903  0.00635097114707
1.17731506583  769  662  661.953252028  2.01214208184  0.0165877492773
1.17731506583  769  682  682.26426227  1.98797638237  0.041188207092
1.17731506583  769  703  702.71554628  2.03125539429  -0.0057492675915
1.17731506583  768  723  723.487007211  2.05636557728  0.0349164614383
1.17731506583  768  744  744.399539908  2.05191827532  0.00725024669083
1.17731506583  768  766  765.547660911  2.0882338192  -0.0143188580681
1.17731506583  767  787  786.965026644  2.08184367994  -0.0217499095126
1.17731506583  767  809  808.601657918  2.04918002414  -0.0232600757022
1.17731506583  766  830  830.489017041  2.01584780877  -0.00640036530572
1.17731506583  765  853  852.59509935  2.02350572862  -0.0220391266274
1.17731506583  765  875  874.934091666  2.13568107691  -0.00546151691226
1.17731506583  764  898  897.530159844  2.07272364272  0.0175233390809
1.17731506583  763  920  920.453324125  2.12787017283  0.0284010395404
1.17731506583  762  944  943.546806125  2.21329486561  0.00979399447922
1.17731506583  761  967  966.903386353  2.25521867178  -0.00564612074881
1.17731506583  760  991  990.55366108  2.23209117766  -0.00802170947068
1.17731506583  759  1014  1014.49894772  2.25594719373  -0.0116486307814
1.35518506583  755  7  7.0717416783  1.70899350978  0.000195853972212
1.35518506583  756  21  21.1280470691  1.69470065797  -0.00266177029003
1.35518506583  757  35  35.3071215023  1.68035602845  0.00777425500559
1.35518506583  757  50  49.5288128542  1.73266363233  -0.0331675283003
1.35518506583  758  64  63.9481616986  1.71722855669  0.00767184690519
1.35518506583  759  78  78.4899955923  1.74361814015  0.0130856281669
1.35518506583  759  93  93.0582535054  1.74781106441  -0.0346765862271
1.35518506583  760  108  107.882373855  1.76825316051  0.00655962363168
1.35518506583  761  123  122.692291893  1.80611500101  -0.0793194274421
1.35518506583  761  138  137.832104057  1.77679011449  0.00165016136841
1.35518506583  762  153  153.002862024  1.77384421247  -0.0472146530925
1.35518506583  762  168  168.347080843  1.79115540948  0.000281737231908
1.35518506583  763  184  183.804718316  1.74112616513  -0.0308736852351
1.35518506583  763  199  199.412203673  1.77558695012  -0.00720570594429
1.35518506583  764  215  215.189733808  1.77527427545  -0.0157659537973
1.35518506583  764  231  231.06339183  1.77973312747  -0.0370554551737
1.35518506583  765  247  247.152036424  1.73902229642  -0.0104822443161
1.35518506583  765  263  263.348848738  1.73133920446  0.0120622609844
1.35518506583  766  280  279.694377739  1.756478217  0.00108423326476
1.35518506583  766  296  296.181414942  1.81346704451  0.0225867950329
1.35518506583  766  313  312.791169827  1.81014534499  0.00205285287314
1.35518506583  767  330  329.619184342  1.8219835873  0.0145576459452
1.35518506583  767  347  346.580586581  1.81858511173  0.0140337147777
1.35518506583  767  364  363.684317258  1.82455526339  0.00190550840046
1.35518506583  768  381  380.982503489  1.89891422884  -0.0241859511435
1.35518506583  768  398  398.464942807  1.84863167577  0.0106159045591
1.35518506583  768  416  416.080050293  1.91658448365  -0.0120513149498
1.35518506583  768  434  433.875596974  1.87539194171  -0.0159936991031
1.35518506583  769  452  451.847412796  1.88014182816  -0.0308227547659
1.35518506583  769  470  470.008131652  1.88777423341  -0.0309442797633
1.35518506583  769  488  488.366698557  1.84989997355  -0.00455044031976
1.35518506583  769  507  506.861873806  1.8636829619  -0.0398941568557
1.35518506583  769  526  525.598284806  1.81235988898  -0.027145570663
1.35518506583  769  545  544.514850909  1.82562577058  0.004140433733
1.35518506583  769  564  563.587064474  1.81536191595  -0.000309202344384
1.35518506583  769  583  582.855643695  1.93011434202  -0.00912904234616
1.35518506583  769  602  602.357705176  1.88506266955  0.0388985608093
1.35518506583  769  622  621.993769101  1.97498258004  0.0140210908909
1.35518506583  768  642  641.882324744  1.9920759473  0.00614269879894
1.35518506583  768  662  661.959993906  2.00723081646  0.0185060232773
1.35518506583  768  682  682.260003618  2.00796808283  0.0340914764721
1.35518506583  768  703  702.716107119  2.03645777753  -0.00858759473556
1.35518506583  767  723  723.482887506  2.05584585548  0.0196283508907
1.35518506583  767  744  744.420866582  2.07024059188  0.0163214856254
1.35518506583  767  766  765.559622344  2.07650778175  -0.0240390800825
1.35518506583  766  787  786.981527321  2.1110786723  -0.0235189460763
1.35518506583  766  809  808.611401956  2.02459241438  -0.0190486716911
1.35518506583  765  831  830.512355893  2.02347951763  -0.00349297904689
1.35518506583  764  853  852.625172016  2.03798485602  -0.0209389293655
1.35518506583  764  875  874.985478517  2.12647668693  0.00212885172256
1.35518506583  763  898  897.547577905  2.07021044416  -0.00673723403661
1.35518506583  762  920  920.472882735  2.12345754628  0.0192742172241
1.35518506583  761  944  943.587341711  2.18576757689  0.016057619806
1.35518506583  760  967  966.982306054  2.24856376867  0.0230846851193
1.35518506583  759  991  990.586331379  2.25594168439  -0.00151017591129
1.35518506583  758  1015  1014.53820607  2.29035874512  0.00799486553214
1.53305506583  754  7  7.02496177391  1.7670548708  -0.00885524959433
1.53305506583  755  21  21.0780968774  1.68727111065  0.00534171182136
1.53305506583  756  35  35.2559374771  1.65994663995  0.00763862721818
1.53305506583  757  50  49.5339743859  1.73059377336  0.0265359543095
1.53305506583  757  64  63.8795495653  1.70670180067  -0.00095949395383
1.53305506583  758  78  78.4290511388  1.72803890952  -0.000962887858438
1.53305506583  758  93  93.0324604364  1.79642920877  -0.0259466331519
1.53305506583  759  108  107.833559619  1.76427878733  0.0118616667751
1.53305506583  760  123  122.758132096  1.75941431396  0.00528278815177
1.53305506583  760  138  137.782058172  1.78689013816  0.00612427392593
1.53305506583  761  153  152.963318045  1.76554731605  -0.0311313531112
1.53305506583  761  168  168.298227077  1.79872466097  -0.00763182276869
1.53305506583  762  184  183.76454615  1.74915553105  -0.0277456179879
1.53305506583  762  199  199.374054356  1.79707873051  -0.029048440508
1.53305506583  763  215  215.141834489  1.77918320399  -0.0306156932089
1.53305506583  763  231  231.016355838  1.75917398274  -0.0518920781686
1.53305506583  764  247  247.107815749  1.75250805935  -0.0265046006817
1.53305506583  764  263  263.314333136  1.74051486532  0.0033982551893
1.53305506583  765  280  279.665785597  1.74736690845  0.00073073213666
1.53305506583  765  296  296.160037245  1.80944933833  0.0388099629771
1.53305506583  766  313  312.792478442  1.82029675856  0.0218880374764
1.53305506583  766  330  329.596003246  1.83731492733  0.0202400156762
1.53305506583  766  347  346.555348885  1.80756920902  0.0218896973096
1.53305506583  767  364  363.662145271  1.83763619191  -0.00318227781581
1.53305506583  767  381  380.960256504  1.88606028167  -0.0280836160694
1.53305506583  767  398  398.444450119  1.85180261575  0.00937192974223
1.53305506583  767  416  416.07006689  1.91174778774  -0.00704732704253
1.53305506583  767  434  433.856262576  1.86736674773  -0.0232268336751
1.53305506583  768  452  451.829672099  1.87391200015  -0.0334057288653
1.53305506583  768  470  470.008024673  1.88471407657  -0.0270883944112
1.53305506583  768  488  488.372782688  1.84452746559  0.00110379082891
1.53305506583  768  507  506.861835515  1.86254438468  -0.0441210244781
1.53305506583  768  526  525.580533095  1.83563905819  -0.0316603445545
1.53305506583  768  545  544.500366732  1.82782279672  -0.00332108718565
1.53305506583  768  564  563.59058488  1.82295270193  -0.00083509999198
1.53305506583  768  583  582.854473399  1.91943329252  -0.0143173625562
1.53305506583  768  602  602.359373426  1.89566582624  0.0361416731081
1.53305506583  768  622  622.012606066  1.98473077571  0.022209862895
1.53305506583  768  642  641.882688443  1.9931985028  0.00780270789454
1.53305506583  767  662  661.967389843  2.02845130215  0.0167832709311
1.53305506583  767  682  682.270088152  2.01436474039  0.0313564501804
1.53305506583  767  703  702.747766739  2.0270008111  0.00445562230102
1.53305506583  766  723  723.491609056  2.04647447712  0.0147592077027
1.53305506583  766  744  744.428619795  2.08037813534  0.00455904321218
1.53305506583  766  766  765.594013004  2.08090862177  -0.00625274284481
1.53305506583  765  787  786.98908681  2.09819550269  -0.0246630052939
1.53305506583  765  809  808.61310232  2.04451470858  -0.0261211523774
1.53305506583  764  831  830.536786305  2.01682220407  -0.0117883008443
1.53305506583  763  853  852.622866366  2.06500624081  -0.0281479564509
1.53305506583  763  875  875.028587185  2.09435544744  0.0163619036767
1.53305506583  762  898  897.598140427  2.09141639412  0.00983166707232
1.53305506583  761  921  920.50789163  2.14104154855  0.0130418774473
1.53305506583  760  944  943.611588196  2.18059510173  0.023541108744
1.53305506583  760  967  966.992418005  2.28084636437  0.00108547061128
1.53305506583  759  991  990.624543028  2.23125367412  6.70730223884e-05
1.53305506583  758  1015  1014.53283355  2.28263499506  -0.0227182495908
1.71092506583  754  7  6.96679126648  1.75729251171  -0.0132297661712
1.71092506583  754  21  21.0032905515  1.67490712901  -0.0021227241955
1.71092506583  755  35  35.180521726  1.67806054383  -0.00860471088454
1.71092506583  756  49  49.4750100096  1.67581286444  -0.00867784067118
1.71092506583  756  64  63.8238304827  1.7210602153  -0.00475993613253
1.71092506583  757  78  78.370906263  1.73881516246  -0.0083236122977
1.71092506583  758  93  93.0159035799  1.75769703406  -0.00606050546555
1.71092506583  758  108  107.778071709  1.79119619955  0.00622624570004
1.71092506583  759  123  122.714204997  1.74626190397  0.0089581472229
1.71092506583  759  138  137.737195819  1.76976613148  0.00226636587781
1.71092506583  760  153  152.92002359  1.76243188806  -0.0372473222967
1.71092506583  760  168  168.274434026  1.82372801387  -0.00509917534981
1.71092506583  761  184  183.731950278  1.75032302299  -0.0187932561995
1.71092506583  762  199  199.372477368  1.82460157673  0.00357547073517
1.71092506583  762  215  215.09973371  1.78597988869  -0.038541545866
1.71092506583  763  231  230.992192549  1.80335064346  -0.0517736163708
1.71092506583  763  247  247.075230823  1.75083766463  -0.028739638897
1.71092506583  763  263  263.290972711  1.75867078976  0.0055798463982
1.71092506583  764  280  279.63443867  1.73935277049  0.00752832636754
1.71092506583  764  296  296.115309709  1.81931216955  0.0251909729011
1.71092506583  765  313  312.767775835  1.80868212471  0.00882256647053
1.71092506583  765  330  329.56848427  1.82758785538  0.00811315646501
1.71092506583  765  347  346.52118093  1.83664942061  0.0132203911246
1.71092506583  766  364  363.65836676  1.82859860221  -0.00307801955568
1.71092506583  766  381  380.931219117  1.8844554038  -0.0304392418706
1.71092506583  766  398  398.417416101  1.86964496315  -0.00265204234987
1.71092506583  766  416  416.044036037  1.89650404926  -0.0254114399503
1.71092506583  767  434  433.856292571  1.86740711459  -0.0232152663208
1.71092506583  767  452  451.822998626  1.87364769412  -0.0315194817605
1.71092506583  767  470  469.988270057  1.87699023993  -0.033355337727
1.71092506583  767  488  488.353947006  1.86471922204  -0.00564479344229
1.71092506583  767  507  506.855578303  1.87870896351  -0.0425288526389
1.71092506583  767  526  525.587311469  1.82313875207  -0.0158863120587
1.71092506583  767  545  544.502724522  1.80570384712  -0.00208783880653
1.71092506583  767  564  563.579653752  1.84524654993  -0.00135361934978
1.71092506583  767  583  582.842792239  1.94702726549  -0.0247665037474
1.71092506583  767  602  602.363281631  1.90966993116  0.0385867736396
1.71092506583  767  622  622.016666868  1.99367689036  0.0166045250997
1.71092506583  767  642  641.894172078  2.00450922091  0.0142690189796
1.71092506583  766  662  661.969225498  2.03722299808  0.0126144594498
1.71092506583  766  682  682.286818542  2.02772244751  0.0314857235835
1.71092506583  766  703  702.757932924  2.03111203639  0.00327815492624
1.71092506583  766  723  723.491670277  2.04647796126  0.0146068820774
1.71092506583  765  744  744.428896199  2.06736085545  -0.000455990155851
1.71092506583  765  766  765.598971617  2.09908062267  -0.0193936543658
1.71092506583  764  787  787.006259726  2.09855473142  -0.0335577517084
1.71092506583  764  809  808.65340875  2.03933466356  -0.0227407519095
1.71092506583  763  831  830.549588481  2.03498428373  -0.0136207640286
1.71092506583  763  853  852.640841951  2.0471913149  -0.029140438114
1.71092506583  762  875  875.055826943  2.12449551816  0.0121652556149
1.71092506583  761  898  897.610358755  2.07511009589  -0.00355506353886
1.71092506583  760  921  920.531676721  2.13566599869  0.013349544527
1.71092506583  760  944  943.611551925  2.17667592704  -0.00134495803649
1.71092506583  759  967  967.005923474  2.26849804169  0.00294180928803
1.71092506583  758  991  990.64895277  2.23353680321  -0.00944165556016
1.71092506583  757  1015  1014.58528197  2.24835339735  -0.0131828822731
1.88879506583  753  7  6.94306199881  1.69152032417  -0.00981741269144
1.88879506583  753  21  20.9477200248  1.7061681489  -0.0131072810901
1.88879506583  754  35  35.1272821121  1.69543768998  -0.0102219679428
1.88879506583  755  49  49.4282902472  1.68750973262  -0.009281753649
1.88879506583  755  64  63.7739539721  1.70471381797  -0.00360996989061
1.88879506583  756  78  78.3204053179  1.73963107229  -0.00741177763882
1.88879506583  757  93  92.9597135569  1.75867392272  -0.0189356905605
1.88879506583  757  108  107.734267062  1.7743271661  0.0125315133944
1.88879506583  758  123  122.675619301  1.76359395725  0.0148140108678
1.88879506583  758  138  137.691449394  1.76676826732  0.000774168004025
1.88879506583  759  153  152.870778465  1.74789656611  -0.0433013516951
1.88879506583  760  168  168.249245126  1.7891993196  -0.00450678049814
1.88879506583  760  184  183.688265475  1.7480854883  -0.0145642062171
1.88879506583  761  199  199.326843418  1.78908402885  -0.018959110348
1.88879506583  761  215  215.067568348  1.77473078093  -0.0504201260911
1.88879506583  762  231  230.978084156  1.75994419696  -0.0452887046808
1.88879506583  762  247  247.044314985  1.75957997742  -0.0187588469481
1.88879506583  762  263  263.268111398  1.75798354204  0.0117797079193
1.88879506583  763  280  279.602561831  1.7482532738  0.00131605275654
1.88879506583  763  296  296.075534246  1.81820534174  0.00514305048761
1.88879506583  764  313  312.735936054  1.79842479332  0.0121623163268
1.88879506583  764  330  329.549307919  1.82514233974  0.0246916921643
1.88879506583  764  347  346.50821216  1.84516588446  0.0230190071692
1.88879506583  765  364  363.628896407  1.8426580041  -0.00669927408042
1.88879506583  765  381  380.900579545  1.87799584674  -0.0423616283787
1.88879506583  765  398  398.403892725  1.86942659094  0.000778002810615
1.88879506583  765  416  416.019138358  1.90893636108  -0.0200210227299
1.88879506583  766  434  433.840318607  1.87680753688  -0.0263115274364
1.88879506583  766  452  451.812368133  1.87139835042  -0.0263135208663
1.88879506583  766  470  469.987000456  1.8930573385  -0.0276976833962
1.88879506583  766  488  488.339033311  1.87053681418  -0.0140782956948
1.88879506583  766  507  506.841342805  1.86973375243  -0.0388872431806
1.88879506583  766  526  525.562049741  1.80799526432  -0.0332061615684
1.88879506583  766  544  544.502688517  1.81663572954  0.00145291741991
1.88879506583  766  564  563.575928719  1.85350746522  -0.00883372843982
1.88879506583  766  583  582.84410519  1.92611030468  -0.0126822425399
1.88879506583  766  602  602.349756008  1.91515699881  0.0301992092017
1.88879506583  766  622  622.022748125  1.9630155749  0.020011260545
1.88879506583  766  642  641.895899281  2.0124947838  0.00731077184673
1.88879506583  765  662  661.976747526  2.01902878749  0.00617668687105
1.88879506583  765  682  682.300733473  2.01022030464  0.0395495361351
1.88879506583  765  703  702.75180189  2.01580811313  -0.0117402094426
1.88879506583  765  724  723.500844302  2.05810052651  0.0127583983466
1.88879506583  764  744  744.446329465  2.06807141989  -0.0049643837641
1.88879506583  764  766  765.61645347  2.07792977078  -0.0196631447627
1.88879506583  763  787  787.034028605  2.08868811162  -0.0302548786803
1.88879506583  763  809  808.663510124  2.03638502486  -0.0319943128143
1.88879506583  762  831  830.570762884  1.99874877051  -0.0139821248028
1.88879506583  762  853  852.667405362  2.07910999485  -0.0293355331853
1.88879506583  761  875  875.075251488  2.121143827  0.0204847348503
1.88879506583  760  898  897.63711173  2.08061946327  -0.00651451708209
1.88879506583  759  921  920.554736065  2.1457223584  0.0219485927759
1.88879506583  759  944  943.626435184  2.14745075793  -0.00708217883057
1.88879506583  758  967  967.031006041  2.25198631413  0.0086985631433
1.88879506583  757  991  990.676637281  2.22734693861  -0.0103535432593
1.88879506583  756  1015  1014.62369773  2.27410165391  -0.00738573314319
2.06666506583  752  7  6.88709492494  1.70289741125  -0.0154728548867
2.06666506583  752  21  20.8893339423  1.68561853325  -0.0252936606044
2.06666506583  753  35  35.0729816439  1.70381070898  -0.0112873464701
2.06666506583  754  49  49.387222073  1.6966322263  -0.00469364772329
2.06666506583  754  64  63.7224570587  1.70363456795  -0.011537548537
2.06666506583  755  78  78.2799665427  1.7552952532  -0.0116046277362
2.06666506583  756  93  92.9252856407  1.74788462645  -0.00968460653424
2.06666506583  756  108  107.688842231  1.79160973476  0.0149499779467
2.06666506583  757  123  122.62097737  1.77697653758  0.00709979361755
2.06666506583  758  138  137.650111287  1.80772803913  -0.0020607838932
2.06666506583  758  153  152.830216235  1.75467317987  -0.0343903522963
2.06666506583  759  168  168.205679826  1.8037498334  -0.0106620603521
2.06666506583  759  184  183.651955739  1.75556131311  -0.00857537520644
2.06666506583  760  199  199.289863449  1.78289474208  -0.0258832865256
2.06666506583  760  215  215.016792247  1.78116711095  -0.054084042082
2.06666506583  761  231  230.947248964  1.75595651522  -0.0382146213195
2.06666506583  761  247  247.006391659  1.76080675533  -0.0276180998543
2.06666506583  762  263  263.257242557  1.74450617978  0.00831597530068
2.06666506583  762  280  279.573043692  1.74977614825  0.0148996779156
2.06666506583  762  296  296.038857884  1.79716640988  -0.00172237373745
2.06666506583  763  313  312.712835378  1.81813410326  0.00668172586209
2.06666506583  763  330  329.523816602  1.82917362344  0.0241757177959
2.06666506583  763  346  346.48002056  1.85682513732  0.00458189444217
2.06666506583  764  364  363.612420095  1.84993734522  -0.00214075945392
2.06666506583  764  381  380.883239582  1.89797071342  -0.0549222884336
2.06666506583  764  398  398.394954188  1.8775121304  0.00773939681598
2.06666506583  764  416  415.98687301  1.89698455101  -0.028924805115
2.06666506583  765  434  433.808713939  1.89504158286  -0.0310727258388
2.06666506583  765  452  451.786274135  1.87350772854  -0.0340665892767
2.06666506583  765  470  469.961369083  1.88607643573  -0.0415810263938
2.06666506583  765  488  488.327225385  1.86857271687  -0.010210499651
2.06666506583  765  507  506.829911082  1.86296053454  -0.0497981357798
2.06666506583  765  526  525.566869163  1.82567985184  -0.0228734359019
2.06666506583  765  544  544.492348565  1.80380472202  -0.010315477863
2.06666506583  765  564  563.582660423  1.83480423853  0.001370720314
2.06666506583  765  583  582.848830516  1.93128778144  -0.00853801162453
2.06666506583  765  602  602.350799597  1.9202168028  0.0348495259114
2.06666506583  765  622  622.014867199  1.96079883668  0.0168152244517
2.06666506583  765  642  641.887485157  1.99318859052  0.00629585664833
2.06666506583  765  662  661.976858428  2.01906796408  0.0076659514682
2.06666506583  764  682  682.307672725  2.00349277829  0.0268765976261
2.06666506583  764  703  702.772353598  2.03805659631  -0.00448338120342
2.06666506583  764  724  723.501653085  2.05616351784  0.00774628388957
2.06666506583  763  744  744.482355715  2.05510220907  0.000860044145921
2.06666506583  763  766  765.646702732  2.08878410358  -0.0163638325992
2.06666506583  762  787  787.058653332  2.13834262326  -0.0277662290348
2.06666506583  762  809  808.684744477  2.05032239489  -0.0391316288042
2.06666506583  761  831  830.598248682  2.03120978416  -0.0221246540774
2.06666506583  761  853  852.682234022  2.08476861421  -0.0318930408047
2.06666506583  760  875  875.095931432  2.11069892115  0.00899695609455
2.06666506583  759  898  897.675282908  2.07263127107  -0.0021806409494
2.06666506583  759  921  920.560458753  2.19146247593  -0.0120500105151
2.06666506583  758  944  943.658542737  2.15514438564  -0.00152345651072
2.06666506583  757  967  967.067305019  2.26020187776  0.000543835472744
2.06666506583  756  991  990.722055266  2.25478070852  -0.00666236109451
2.06666506583  755  1015  1014.65895231  2.2910916036  -0.0210186203378
