# Band 2A   Etalon 1A   Slice 3
# Distortion map version 06.04.00 - date 2018-10-16
# Trace (isoalpha): Take pixel trace along specified slice, specified alpha position trace is built by taking the pixel in every detector row with alpha value closest to the one specified 
# xpos[i] = np.argmin(alpha_img[i,:])+funcs.find_nearest(alpha_img[i,:][(slice_img[i,:]!=0)],alpha_pos)
#    alpha       x  y      center         FWHM          skewness
0.0  650  15  15.3422802648  1.50284679664  0.0680521842723
0.0  651  28  27.6294493227  1.55194027752  0.00232211526619
0.0  652  40  40.1044880313  1.60687018064  0.0763613843502
0.0  652  53  52.5709533623  1.4545336549  0.024396314352
0.0  653  65  65.228148604  1.52402658454  0.0961887663171
0.0  653  78  77.9041291768  1.57965177339  0.0428204396697
0.0  654  91  90.6757877938  1.43619398366  0.0063513804268
0.0  654  104  103.589933101  1.39258065003  0.00050261830706
0.0  655  117  116.582088308  1.37738107876  -0.01565687458
0.0  655  130  129.675864001  1.49733665777  -0.0324773164717
0.0  656  143  142.881923644  1.56888320856  -0.0225453678852
0.0  656  156  156.245327532  1.57014207653  0.0502507127258
0.0  657  170  169.594215661  1.56434971457  -0.0206930433154
0.0  657  183  183.146592079  1.63692159505  0.0166506762041
0.0  658  197  196.735765128  1.59739343847  -0.00293884848012
0.0  658  210  210.504182969  1.53325617646  0.0451449860508
0.0  659  224  224.369584138  1.59416828883  0.071717065892
0.0  659  238  238.33718582  1.58110452317  0.0981599708724
0.0  659  252  252.418841928  1.52099268329  0.101035431499
0.0  660  267  266.537227551  1.43088340994  0.0253337368432
0.0  660  281  280.822011767  1.6176447488  -0.0106349644991
0.0  660  295  295.285437421  1.60893202015  0.0612340776434
0.0  661  310  309.741911143  1.60573662657  -0.0251060056822
0.0  661  324  324.430263553  1.57102776248  0.0386691240439
0.0  661  339  339.19794585  1.70361332775  0.0243558191534
0.0  662  354  354.054325739  1.72816498059  0.0207857971154
0.0  662  369  369.058518695  1.74368600292  0.014693491504
0.0  662  384  384.231515523  1.71467815723  0.0517951767238
0.0  662  399  399.496552867  1.62853208774  0.0692834327154
0.0  662  415  414.854788098  1.68859332473  0.0359359364046
0.0  663  430  430.40577635  1.627838609  0.089421421673
0.0  663  446  446.039809788  1.75615626986  0.0360383035852
0.0  663  462  461.791676051  1.70492151013  -0.0226212088503
0.0  663  478  477.717346905  1.71075292898  -0.0201205348256
0.0  663  494  493.754551236  1.7318800504  -0.0377021490352
0.0  663  510  509.97285768  1.81736638229  -0.0131138486503
0.0  663  526  526.343048149  1.80031824134  0.0377213577457
0.0  663  543  542.790144136  1.81063526429  0.0116680036644
0.0  663  559  559.435458501  1.79154669143  0.0635721224912
0.0  663  576  576.232405241  1.83422332012  0.0998157379297
0.0  663  593  593.113513557  1.87238322738  0.0672296933445
0.0  663  610  610.186067408  1.83657620045  0.0804938505541
0.0  663  627  627.373558366  1.80520135637  0.0620378500185
0.0  663  645  644.687276004  1.82019630971  -0.0194262803494
0.0  663  662  662.237418607  1.91799053005  0.031150860201
0.0  662  680  679.943459696  1.96202610423  -0.0076343469519
0.0  662  698  697.753099006  1.95017861367  -0.00795076122982
0.0  662  716  715.744568023  1.9738079472  0.00296792455784
0.0  662  734  733.884374791  2.0354470002  0.0194313796614
0.0  661  752  752.29622361  1.9874289175  0.0644032512398
0.0  661  771  770.719558228  2.04852033435  0.0206838206211
0.0  661  789  789.406715268  1.97438052369  0.083600781031
0.0  660  808  808.312830769  2.03719091409  0.0990520466348
0.0  660  827  827.298770898  2.06797989924  0.0926358531978
0.0  659  847  846.527837001  1.98789223952  0.0498613566923
0.0  659  866  865.858521173  2.11306130799  0.0262441531922
0.0  658  885  885.495834372  2.07272504991  0.0281726114014
0.0  657  905  905.300881529  2.13406585339  0.0391092759251
0.0  657  925  925.191314176  2.25664252908  0.0153468897784
0.0  656  945  945.377054452  2.24822313588  0.0154889207079
0.0  655  966  965.720086735  2.32223094389  -0.0126917342904
0.0  654  986  986.272938073  2.45858183978  0.0224815240678
0.0  654  1007  1006.94691372  2.47321794044  -0.00487511033836
-1.34043504485  657  15  15.3853278234  1.48992856196  0.0624704242447
-1.34043504485  658  28  27.6643923287  1.55120405647  0.0223539267944
-1.34043504485  659  40  40.1292931829  1.57766985141  0.0901930124219
-1.34043504485  659  53  52.5775103943  1.45364904136  0.022325573891
-1.34043504485  660  65  65.2296471167  1.5253064093  0.0896110448816
-1.34043504485  660  78  77.8888321886  1.56470023291  0.0433640532863
-1.34043504485  661  91  90.6684479124  1.45539224032  0.00161231541435
-1.34043504485  661  104  103.574707668  1.38025961304  0.0232158124148
-1.34043504485  662  117  116.556694599  1.34136898587  0.00485389849829
-1.34043504485  662  130  129.62613661  1.45430909907  -0.00911971418558
-1.34043504485  663  143  142.817400783  1.54808124921  -0.021339334744
-1.34043504485  663  156  156.177582972  1.59579145783  0.0411032073104
-1.34043504485  664  170  169.537303525  1.53522198381  0.0025635874661
-1.34043504485  664  183  183.057393457  1.63678254429  0.00878818797078
-1.34043504485  665  197  196.657322155  1.5649167172  0.0108604380605
-1.34043504485  665  210  210.425253647  1.55998670122  0.0735648258183
-1.34043504485  666  224  224.259900818  1.60757662315  0.0825293285943
-1.34043504485  666  238  238.209551852  1.63265033288  0.0893625151048
-1.34043504485  666  252  252.287851395  1.58007462085  0.109160729854
-1.34043504485  667  266  266.437388321  1.46795463507  0.0942721198414
-1.34043504485  667  281  280.66928528  1.53504272149  -0.00475066482883
-1.34043504485  668  295  295.094118373  1.62440540311  0.0292728145066
-1.34043504485  668  310  309.574419808  1.55513530598  -0.00862479492785
-1.34043504485  668  324  324.236874649  1.6685477835  0.0253345173828
-1.34043504485  668  339  338.971799839  1.67943818533  -0.00263334166818
-1.34043504485  669  354  353.81634799  1.69521572665  -0.00934786599814
-1.34043504485  669  369  368.820261061  1.70486439089  -0.00601508150826
-1.34043504485  669  384  383.968937333  1.71809523052  0.0165554256641
-1.34043504485  669  399  399.259259107  1.71607390979  0.0603550974816
-1.34043504485  670  415  414.590123808  1.64161556138  0.0413820835997
-1.34043504485  670  430  430.120619134  1.71067095894  0.0608892182473
-1.34043504485  670  446  445.724881225  1.67167248773  -0.00621079655569
-1.34043504485  670  462  461.522750141  1.60283047338  0.0123189478621
-1.34043504485  670  477  477.447673374  1.66710561928  0.0326608212522
-1.34043504485  670  493  493.483695663  1.70838542266  0.00739966337628
-1.34043504485  670  510  509.647979779  1.73984649014  -0.0159561945305
-1.34043504485  670  526  525.984936012  1.83677676814  0.004677865527
-1.34043504485  670  542  542.467299825  1.77437374564  0.0477239840108
-1.34043504485  670  559  559.059691125  1.86651576664  0.0490215994937
-1.34043504485  670  576  575.791365537  1.81834962248  0.0368258559705
-1.34043504485  670  593  592.683438577  1.80034933599  0.0272202614158
-1.34043504485  670  610  609.734853014  1.78606354675  0.0223706438941
-1.34043504485  670  627  626.934587983  1.88963702023  0.0141751822382
-1.34043504485  670  644  644.308291919  1.8276846488  0.0525076013227
-1.34043504485  670  662  661.762170081  1.85175840153  -0.0142090096375
-1.34043504485  670  679  679.437077161  1.86938957316  0.0176147328565
-1.34043504485  669  697  697.333114081  1.94555691535  0.0343172733728
-1.34043504485  669  715  715.287421191  1.96211731768  0.0266794165207
-1.34043504485  669  733  733.439771257  1.98627206091  0.0621113262303
-1.34043504485  668  752  751.766271619  2.04298927167  0.0537287280369
-1.34043504485  668  770  770.264738883  2.0472676458  0.0916233726442
-1.34043504485  668  789  788.833470195  2.04545999388  0.0508740865432
-1.34043504485  667  808  807.732735747  2.0435763087  0.0572785070362
-1.34043504485  667  827  826.686364695  2.02476766907  0.0377544849448
-1.34043504485  666  846  845.948984567  2.11596381531  0.0497813411387
-1.34043504485  666  865  865.289704345  2.09558299478  0.0620771915563
-1.34043504485  665  885  884.857332845  2.1505496132  0.0033700771702
-1.34043504485  665  905  904.563622734  2.23614870864  -0.0427602474415
-1.34043504485  664  925  924.543463581  2.14681254927  0.00103888274519
-1.34043504485  663  945  944.674132063  2.28144099165  -0.0333505388358
-1.34043504485  662  965  965.04676411  2.34764287597  -0.00278336055359
-1.34043504485  662  986  985.499382775  2.39216849553  -0.00962356938947
-1.34043504485  661  1006  1006.2625468  2.41820884252  0.0197901118735
-1.16256504485  657  15  15.384382504  1.50761572899  0.0619287400169
-1.16256504485  657  28  27.6651504642  1.55947124466  0.00895751884532
-1.16256504485  658  40  40.1301826809  1.57266333837  0.0876614007811
-1.16256504485  658  53  52.5805615024  1.42940688967  0.0322897448848
-1.16256504485  659  65  65.24049166  1.51981437954  0.102571479207
-1.16256504485  659  78  77.8968133412  1.56714147068  0.0471594523812
-1.16256504485  660  91  90.6628928296  1.43064749222  0.000772489165068
-1.16256504485  661  104  103.571986196  1.34977774864  0.0138389505694
-1.16256504485  661  117  116.556954885  1.33262301779  -0.00556581649282
-1.16256504485  662  130  129.63457757  1.44274901854  -0.0203895871954
-1.16256504485  662  143  142.826714074  1.55368713522  -0.0245706909375
-1.16256504485  662  156  156.172754028  1.593779938  0.0356295960186
-1.16256504485  663  170  169.555970742  1.52942829946  0.0115429976172
-1.16256504485  663  183  183.076547097  1.63481178265  0.0143871681384
-1.16256504485  664  197  196.669540224  1.57984252932  0.0200242280251
-1.16256504485  664  210  210.433849662  1.56097800366  0.0659362553854
-1.16256504485  665  224  224.283227753  1.60751642641  0.08581386533
-1.16256504485  665  238  238.227114728  1.62474347594  0.0755967628629
-1.16256504485  666  252  252.30087501  1.52475330646  0.113866853416
-1.16256504485  666  266  266.458290246  1.45460082835  0.108653300891
-1.16256504485  666  281  280.690322225  1.53864725646  -0.0105814137096
-1.16256504485  667  295  295.115464971  1.64556627696  0.037557933243
-1.16256504485  667  310  309.600677748  1.55215287351  -0.0149061176325
-1.16256504485  667  324  324.273060688  1.64694060141  0.0351406647121
-1.16256504485  667  339  338.982156556  1.67052593714  -0.00690383585949
-1.16256504485  668  354  353.857344656  1.71118199825  0.00663405458972
-1.16256504485  668  369  368.847937481  1.70527557386  -0.00381971037185
-1.16256504485  668  384  384.007739449  1.74979696252  0.0246757466945
-1.16256504485  668  399  399.302377185  1.6979997569  0.0743343737959
-1.16256504485  669  415  414.622098891  1.60280625848  0.0362286086311
-1.16256504485  669  430  430.172277265  1.70508668194  0.0728177606371
-1.16256504485  669  446  445.78193414  1.69045410181  0.0127724455785
-1.16256504485  669  462  461.569464451  1.60682226679  0.0101743049377
-1.16256504485  669  477  477.489750866  1.63933273827  0.0179595110577
-1.16256504485  669  494  493.519966473  1.6770220241  -0.00136960903915
-1.16256504485  669  510  509.705058533  1.72866927735  -0.00869846239221
-1.16256504485  669  526  526.037307031  1.83998736945  0.013582301083
-1.16256504485  669  543  542.511567242  1.73967165595  0.0457881206758
-1.16256504485  669  559  559.121646316  1.85392179875  0.0571229342499
-1.16256504485  669  576  575.85584771  1.85334465554  0.0373228905511
-1.16256504485  669  593  592.733282386  1.81936879171  0.0114027877336
-1.16256504485  669  610  609.788288539  1.80884151256  0.0233294956584
-1.16256504485  669  627  627.012437757  1.89399926468  0.0312190318225
-1.16256504485  669  644  644.370661657  1.78207983073  0.0562497189542
-1.16256504485  669  662  661.829486839  1.91225030911  -0.00234972109531
-1.16256504485  669  679  679.498922306  1.85878750316  0.0177660937246
-1.16256504485  668  697  697.39638439  1.93290868213  0.0327178155775
-1.16256504485  668  715  715.368420149  1.95774937163  0.0309642409356
-1.16256504485  668  733  733.492302076  1.97733721068  0.0463265735789
-1.16256504485  668  752  751.750344609  2.01191838356  0.0180057742716
-1.16256504485  667  770  770.335944111  2.00925575643  0.0865146080069
-1.16256504485  667  789  788.919866608  2.08594855419  0.0528479001587
-1.16256504485  666  808  807.810753709  2.06934781001  0.0566847879751
-1.16256504485  666  827  826.762819249  2.07337318494  0.0313720559034
-1.16256504485  665  846  846.0409721  2.11579306916  0.0614214791475
-1.16256504485  665  865  865.382250555  2.0788416308  0.0693690483677
-1.16256504485  664  885  884.951767616  2.19777023128  0.0156172068464
-1.16256504485  664  905  904.627989426  2.12824258791  -0.0150759967632
-1.16256504485  663  925  924.614552738  2.17437862957  -0.00690422919304
-1.16256504485  662  945  944.763449915  2.31467349518  -0.0329617061125
-1.16256504485  661  965  965.171032759  2.34221793288  0.0278958091682
-1.16256504485  661  986  985.587580124  2.37980231951  -0.00782711265268
-1.16256504485  660  1006  1006.36421035  2.39778019619  0.0209690283664
-0.984695044853  656  15  15.3839927731  1.50698821887  0.0624854704607
-0.984695044853  656  28  27.6559774141  1.54274203409  0.00389357989958
-0.984695044853  657  40  40.1277770393  1.58210169185  0.0935563095715
-0.984695044853  657  53  52.5771378437  1.44760581458  0.0255103851704
-0.984695044853  658  65  65.2351800661  1.52522670393  0.0998077585629
-0.984695044853  658  78  77.8892053674  1.56519129417  0.0387784062848
-0.984695044853  659  91  90.6685043101  1.43304852771  0.00204723117155
-0.984695044853  660  104  103.569146256  1.36807246842  -0.00451489627843
-0.984695044853  660  117  116.570246473  1.33516021504  0.000468401192914
-0.984695044853  661  130  129.645638681  1.47798614955  -0.0228176896214
-0.984695044853  661  143  142.840758719  1.55248262972  -0.0274021355519
-0.984695044853  662  156  156.185454357  1.60779455219  0.0391897166521
-0.984695044853  662  170  169.559100973  1.53053409568  -0.00291934753658
-0.984695044853  662  183  183.077374684  1.63838450782  0.0189102058914
-0.984695044853  663  197  196.683844645  1.59214770585  0.0114245147151
-0.984695044853  663  210  210.445104395  1.5481818731  0.0581929420416
-0.984695044853  664  224  224.294350702  1.59492933389  0.0853642231302
-0.984695044853  664  238  238.26015673  1.62206402999  0.101797557004
-0.984695044853  665  252  252.317050779  1.55365498211  0.113920654746
-0.984695044853  665  266  266.471647029  1.44143379984  0.0951309173684
-0.984695044853  665  281  280.706116067  1.56037327516  -0.0143536212184
-0.984695044853  666  295  295.134018983  1.63845531769  0.0374057745577
-0.984695044853  666  310  309.616465092  1.52947459109  -0.0208116543247
-0.984695044853  666  324  324.309315384  1.63318323101  0.0411040281406
-0.984695044853  667  339  339.000885725  1.70333630769  -0.00368255283261
-0.984695044853  667  354  353.876764325  1.70267328489  -0.00569963732237
-0.984695044853  667  369  368.891290887  1.71305353935  0.0127912699036
-0.984695044853  667  384  384.058312963  1.758355061  0.0421469124198
-0.984695044853  668  399  399.293714847  1.70872746728  0.062830821264
-0.984695044853  668  415  414.645935419  1.61983307611  0.0185400775864
-0.984695044853  668  430  430.215645691  1.73080765758  0.0793426493702
-0.984695044853  668  446  445.812154619  1.70720636093  -0.00191769396638
-0.984695044853  668  462  461.587455472  1.571280972  -0.0103575100167
-0.984695044853  668  478  477.524012352  1.63042492301  0.00699308578283
-0.984695044853  668  494  493.559458602  1.67613293213  -0.0215273272793
-0.984695044853  668  510  509.741862514  1.76208206157  -0.0264945088442
-0.984695044853  668  526  526.090821044  1.84412938069  0.0197164341695
-0.984695044853  668  543  542.556646368  1.74952683842  0.047610365848
-0.984695044853  668  559  559.187237893  1.8554839423  0.0613104593189
-0.984695044853  668  576  575.923050356  1.86701596729  0.0437620207958
-0.984695044853  668  593  592.787589868  1.83904469033  0.013433833525
-0.984695044853  668  610  609.84751688  1.84183399506  0.0281625901794
-0.984695044853  668  627  627.078170497  1.8767306169  0.0436893535153
-0.984695044853  668  644  644.435314127  1.76095358165  0.0568184105145
-0.984695044853  668  662  661.894365699  1.92145939344  -0.00667676249485
-0.984695044853  668  680  679.566191186  1.84777753725  0.0036873845935
-0.984695044853  667  697  697.463818285  1.91167294537  0.0314778398599
-0.984695044853  667  715  715.432903977  1.95015463179  0.0342975240489
-0.984695044853  667  734  733.555298742  1.94358187173  0.0344805140278
-0.984695044853  667  752  751.836892575  2.03675966676  0.0298001847087
-0.984695044853  666  770  770.400188564  1.98933891005  0.0746566773287
-0.984695044853  666  789  789.005029072  2.06026198292  0.0612615323083
-0.984695044853  665  808  807.90508554  2.09463312474  0.0714336566606
-0.984695044853  665  827  826.842948117  2.07884378363  0.0433070341015
-0.984695044853  664  846  846.136344197  2.08648249314  0.0758729799207
-0.984695044853  664  865  865.45947459  2.04119670553  0.0645889041558
-0.984695044853  663  885  885.047046096  2.16581181488  0.018172039873
-0.984695044853  663  905  904.712860552  2.16107450166  -0.0196041364449
-0.984695044853  662  925  924.713894146  2.19425395095  -0.00933303220466
-0.984695044853  661  945  944.857273018  2.32559780501  -0.0293459614391
-0.984695044853  661  965  965.224497271  2.40542599231  0.016762294627
-0.984695044853  660  986  985.689699671  2.38953550913  -0.0054054984958
-0.984695044853  659  1006  1006.45176963  2.37478886845  0.020835231083
-0.806825044853  655  15  15.3816399174  1.4907867722  0.0736808058715
-0.806825044853  655  28  27.6510025749  1.54567899075  0.00522671844914
-0.806825044853  656  40  40.1244192645  1.58370763122  0.0891508674977
-0.806825044853  656  53  52.5786496019  1.42353362288  0.0312565114575
-0.806825044853  657  65  65.2401757219  1.50377212861  0.0963752408345
-0.806825044853  658  78  77.9024138872  1.57154356475  0.0431806484744
-0.806825044853  658  91  90.6704624368  1.45534255647  0.00919028291799
-0.806825044853  659  104  103.568084335  1.35104562005  -0.00306483587922
-0.806825044853  659  117  116.573706681  1.36223880786  0.000588089346017
-0.806825044853  660  130  129.645344254  1.46087037153  -0.0174240145314
-0.806825044853  660  143  142.848660611  1.55773698185  -0.0219538876176
-0.806825044853  661  156  156.195438085  1.59320776961  0.0354117709562
-0.806825044853  661  170  169.572431084  1.53397442732  0.00924525717388
-0.806825044853  662  183  183.084362326  1.65120037252  0.0172577924156
-0.806825044853  662  197  196.691436493  1.58126339237  0.00131219618779
-0.806825044853  662  210  210.452461872  1.5416819979  0.0619408516516
-0.806825044853  663  224  224.310238605  1.58895096194  0.0980276979414
-0.806825044853  663  238  238.283641398  1.61013781878  0.114953570683
-0.806825044853  664  252  252.328293305  1.56877010183  0.106903712518
-0.806825044853  664  266  266.492239059  1.45149395375  0.0838243204089
-0.806825044853  664  281  280.735224103  1.5632175772  -0.00833802565271
-0.806825044853  665  295  295.169308574  1.63787787542  0.0417999652943
-0.806825044853  665  310  309.64716477  1.52508341452  -0.0315052091952
-0.806825044853  665  324  324.335762592  1.6131967286  0.0440846067062
-0.806825044853  666  339  339.033501122  1.69869096304  -0.00429106927252
-0.806825044853  666  354  353.916765017  1.7258384462  0.00468437841578
-0.806825044853  666  369  368.922308343  1.71393021074  0.00509649803929
-0.806825044853  666  384  384.072328862  1.74315475043  0.0299741379681
-0.806825044853  667  399  399.340014348  1.69974922075  0.0781997947927
-0.806825044853  667  415  414.686090767  1.67405940964  0.0281784294769
-0.806825044853  667  430  430.250181703  1.69671127861  0.0823950405067
-0.806825044853  667  446  445.849733888  1.72730325415  -0.00125383431908
-0.806825044853  667  462  461.629705418  1.59651270045  -0.0144031947499
-0.806825044853  667  478  477.553833432  1.60186853451  -0.011397985136
-0.806825044853  667  494  493.594507292  1.67083969525  -0.0208630918095
-0.806825044853  667  510  509.786307893  1.75960693777  -0.011788521292
-0.806825044853  668  526  526.090821044  1.84412938069  0.0197164341695
-0.806825044853  668  543  542.556646368  1.74952683842  0.047610365848
-0.806825044853  668  559  559.187237893  1.8554839423  0.0613104593189
-0.806825044853  668  576  575.923038932  1.86699395574  0.0437057060411
-0.806825044853  667  593  592.850701993  1.88152984168  0.0253321489218
-0.806825044853  667  610  609.915381944  1.85458821275  0.0294596448688
-0.806825044853  667  627  627.135816555  1.86982656017  0.0512614313276
-0.806825044853  667  644  644.488130519  1.76088151769  0.0428625226762
-0.806825044853  667  662  661.961562904  1.93471898209  -0.00100226907404
-0.806825044853  667  680  679.616013515  1.84496560423  -0.00164082767483
-0.806825044853  667  697  697.45565132  1.98236580767  -0.0155578792523
-0.806825044853  666  715  715.481736791  1.92728343657  0.0207428647129
-0.806825044853  666  734  733.610130664  1.9656035648  0.0181830145498
-0.806825044853  666  752  751.911809896  2.03165340775  0.0381802983673
-0.806825044853  665  770  770.473116657  1.96438081028  0.0729745165792
-0.806825044853  665  789  789.092021594  2.06158747906  0.0742025056089
-0.806825044853  664  808  807.992309253  2.08678647951  0.0807916660139
-0.806825044853  664  827  826.930975381  2.11384947429  0.0518122845125
-0.806825044853  663  846  846.191504111  2.18917374614  0.0822594919499
-0.806825044853  663  866  865.528054685  2.02130506464  0.0471284253076
-0.806825044853  662  885  885.094671702  2.17249916928  -0.0956235728108
-0.806825044853  662  905  904.804082469  2.16824113042  -0.0164644507184
-0.806825044853  661  925  924.7952336  2.19809626445  -0.0174939075102
-0.806825044853  660  945  944.952818445  2.31393226325  -0.0245629702263
-0.806825044853  660  965  965.253278331  2.31222418029  0.00433368353038
-0.806825044853  659  986  985.777272031  2.39883211311  -0.0125156948997
-0.806825044853  658  1007  1006.53288807  2.38446004604  0.000368681709404
-0.628955044853  654  15  15.3760822149  1.50422372432  0.0673663042419
-0.628955044853  654  28  27.6544597771  1.56567595987  0.0208155841135
-0.628955044853  655  40  40.1141929035  1.586353214  0.0891591187095
-0.628955044853  655  53  52.5820544027  1.42490890319  0.0385466802502
-0.628955044853  656  65  65.2377729663  1.5137667071  0.104582978988
-0.628955044853  657  78  77.8909433798  1.58249325646  0.0353035717798
-0.628955044853  657  91  90.6789470878  1.44168713628  0.00536931928039
-0.628955044853  658  104  103.582467269  1.37580683655  -0.00186764718029
-0.628955044853  658  117  116.579311058  1.38001592638  0.000694213712781
-0.628955044853  659  130  129.654287568  1.47480451651  -0.0155255240958
-0.628955044853  659  143  142.855318319  1.5663252749  -0.020418402196
-0.628955044853  660  156  156.212330383  1.60565879282  0.0432884759914
-0.628955044853  660  170  169.572424661  1.52998835978  -0.0140847582426
-0.628955044853  661  183  183.099750213  1.6316962513  0.0102156539751
-0.628955044853  661  197  196.701900893  1.58752854568  0.00216849442414
-0.628955044853  661  210  210.466972418  1.5292179541  0.0710848706653
-0.628955044853  662  224  224.327880137  1.58580603277  0.0848748639268
-0.628955044853  662  238  238.290988643  1.60006092575  0.0921116941954
-0.628955044853  663  252  252.357273183  1.54873226472  0.116635443374
-0.628955044853  663  266  266.501939155  1.48428039277  0.0649548877689
-0.628955044853  663  281  280.750865834  1.56400341899  -0.0119107846696
-0.628955044853  664  295  295.188816179  1.63884618153  0.0356967605493
-0.628955044853  664  310  309.664756874  1.55703964654  -0.0288993524172
-0.628955044853  664  324  324.35962879  1.62958005502  0.038953987907
-0.628955044853  665  339  339.064906101  1.7083052128  -0.0056610765641
-0.628955044853  665  354  353.945795638  1.73368293507  -0.00751289372598
-0.628955044853  665  369  368.971032855  1.74319940827  0.0174872133398
-0.628955044853  665  384  384.124129112  1.73407264239  0.0481679308239
-0.628955044853  666  399  399.373016164  1.67310985507  0.0763338600988
-0.628955044853  666  415  414.723913338  1.67972372367  0.0197133620047
-0.628955044853  666  430  430.293652868  1.67456095778  0.0863559695052
-0.628955044853  666  446  445.910899766  1.72532048539  0.0225703986595
-0.628955044853  666  462  461.66582309  1.6344116603  -0.0342842388521
-0.628955044853  666  478  477.601679241  1.63654829478  -0.000802155561939
-0.628955044853  666  494  493.632110496  1.67083662908  -0.0204166460938
-0.628955044853  667  510  509.784152707  1.75090291403  -0.0235338138498
-0.628955044853  667  526  526.138444729  1.81773351817  0.0290441372593
-0.628955044853  667  543  542.59290667  1.76618140958  0.0229061520412
-0.628955044853  667  559  559.239218988  1.84744605267  0.0739169080339
-0.628955044853  667  576  575.983922243  1.8720250122  0.0578632213654
-0.628955044853  667  593  592.85001691  1.87964526129  0.0219903008499
-0.628955044853  666  610  609.992504374  1.87229205622  0.0428524054981
-0.628955044853  666  627  627.196344663  1.86005973365  0.0517206097601
-0.628955044853  666  645  644.531927254  1.75698306726  0.0196505745256
-0.628955044853  666  662  662.036116393  1.93049511315  0.00369807322911
-0.628955044853  666  680  679.676196568  1.85512065717  -0.0108655423584
-0.628955044853  666  698  697.525126071  1.91247623962  0.0191518725788
-0.628955044853  665  716  715.544371238  1.92031165039  0.0144280871374
-0.628955044853  665  734  733.67788077  1.99794592015  0.0143805988419
-0.628955044853  665  752  751.994571376  2.03261881551  0.0435681286066
-0.628955044853  664  771  770.53132464  1.98227925416  0.0482785127066
-0.628955044853  664  789  789.166718599  2.05169085248  0.0770549106636
-0.628955044853  664  808  808.01949365  2.15297204303  0.0759535370531
-0.628955044853  663  827  827.033644899  2.09495637955  0.0610723202859
-0.628955044853  663  846  846.212367533  2.09934714209  0.0427034388017
-0.628955044853  662  866  865.606281824  2.02057040526  0.032700903393
-0.628955044853  661  885  885.245234629  2.15142762017  0.0434883860562
-0.628955044853  661  905  904.90262537  2.21877910594  -0.00875110687512
-0.628955044853  660  925  924.895724484  2.2207222427  -0.0111210722483
-0.628955044853  659  945  945.065666863  2.31467435467  -0.00301728945932
-0.628955044853  659  965  965.355466047  2.30150608076  0.00942776720287
-0.628955044853  658  986  985.887034603  2.41797564329  -0.00585430505331
-0.628955044853  657  1007  1006.63792816  2.40034749429  -0.00156767692635
-0.451085044853  653  15  15.3630968829  1.49969244448  0.0617479403735
-0.451085044853  653  28  27.6437035416  1.54815321096  0.011372039611
-0.451085044853  654  40  40.1162936703  1.58570822785  0.0848114716873
-0.451085044853  655  53  52.5832178063  1.43387967267  0.0348472566968
-0.451085044853  655  65  65.2418302669  1.50633560596  0.0952043219583
-0.451085044853  656  78  77.8974850081  1.5671973873  0.0298381527086
-0.451085044853  656  91  90.6657592793  1.42603955371  -0.00869517161654
-0.451085044853  657  104  103.578126483  1.36290146046  -0.0104081571918
-0.451085044853  657  117  116.572207076  1.3775268266  -0.00299981151105
-0.451085044853  658  130  129.665395215  1.48806846062  -0.021498381058
-0.451085044853  658  143  142.861658581  1.56912004403  -0.020098547126
-0.451085044853  659  156  156.218563753  1.58811619576  0.0478771964367
-0.451085044853  659  170  169.592822775  1.5288737157  0.00282693852428
-0.451085044853  660  183  183.112847239  1.64432825239  0.0105283414903
-0.451085044853  660  197  196.723963892  1.5917241792  0.016078377403
-0.451085044853  661  210  210.469350991  1.51813017271  0.0505267863696
-0.451085044853  661  224  224.343642799  1.57498048344  0.0963604204448
-0.451085044853  661  238  238.307248567  1.58460575883  0.102705115744
-0.451085044853  662  252  252.36427842  1.54232872283  0.10877435523
-0.451085044853  662  267  266.520522288  1.42185830225  0.0539247427316
-0.451085044853  662  281  280.791606878  1.57995509792  0.0046434890257
-0.451085044853  663  295  295.219050594  1.63806596322  0.0433069568948
-0.451085044853  663  310  309.69177113  1.5647988821  -0.0274049408464
-0.451085044853  663  324  324.384049884  1.61079627359  0.0423999617443
-0.451085044853  664  339  339.099846875  1.70411920187  0.00301985586177
-0.451085044853  664  354  353.98152655  1.72155274724  0.00737687277802
-0.451085044853  664  369  368.998691527  1.73820622668  0.00719417037712
-0.451085044853  664  384  384.159227895  1.73050767153  0.0602746389721
-0.451085044853  665  399  399.406485378  1.66786690966  0.0671797235451
-0.451085044853  665  415  414.751472706  1.68863016046  0.0166975099798
-0.451085044853  665  430  430.330904967  1.67743508534  0.0949915599842
-0.451085044853  665  446  445.955922456  1.75225089951  0.0275464633522
-0.451085044853  665  462  461.70389293  1.65744752792  -0.0316315567605
-0.451085044853  665  478  477.639504725  1.65686384922  -0.0197248155132
-0.451085044853  666  494  493.631883883  1.6685320428  -0.0217486495395
-0.451085044853  666  510  509.826959054  1.77245874258  -0.0299650935803
-0.451085044853  666  526  526.196247041  1.83256678569  0.0262196757143
-0.451085044853  666  543  542.638621916  1.7710004909  0.0054974900816
-0.451085044853  666  559  559.289859605  1.82802517038  0.0677607783338
-0.451085044853  666  576  576.046855346  1.85753767715  0.0666258760097
-0.451085044853  666  593  592.917545859  1.87003103565  0.0320801756505
-0.451085044853  665  610  610.054516655  1.87307202658  0.054656050478
-0.451085044853  665  627  627.261482118  1.8416696563  0.058654217031
-0.451085044853  665  645  644.584017997  1.72667179608  0.00281916755131
-0.451085044853  665  662  662.107229208  1.90852884746  0.0161333769087
-0.451085044853  665  680  679.73961783  1.89881294565  -0.0153512779746
-0.451085044853  665  698  697.576401539  1.89667548363  0.00767011176624
-0.451085044853  664  716  715.612943002  1.94135680653  0.00540611293609
-0.451085044853  664  734  733.744619379  2.0113607391  0.0107731190222
-0.451085044853  664  752  752.069450583  2.03757840555  0.0489371293841
-0.451085044853  663  771  770.595677152  1.98430912982  0.0438309207197
-0.451085044853  663  789  789.260078862  2.04958661807  0.08862689422
-0.451085044853  663  808  808.062087391  2.08647679029  0.0719093625756
-0.451085044853  662  827  827.119532862  2.08557600781  0.0732802126045
-0.451085044853  662  846  846.295567371  2.05906134528  0.0831579045489
-0.451085044853  661  866  865.679153237  2.05472518692  0.0190819085986
-0.451085044853  660  885  885.342767125  2.12951510513  0.0608812520614
-0.451085044853  660  905  905.009819024  2.2165117302  0.00183522421861
-0.451085044853  659  925  924.990620428  2.26001834526  -0.000362943068884
-0.451085044853  658  945  945.176767822  2.31442830117  0.0212679522227
-0.451085044853  658  965  965.454862919  2.31136347339  0.00587376213295
-0.451085044853  657  986  985.978302865  2.39641753844  -0.0117944397693
-0.451085044853  656  1007  1006.72618687  2.40640178221  -0.00534387332867
-0.273215044853  652  15  15.3595047966  1.5094288924  0.0554045470497
-0.273215044853  652  28  27.6411656786  1.53761706134  0.0092114407618
-0.273215044853  653  40  40.1126533649  1.59011683104  0.0875470522954
-0.273215044853  654  53  52.5775159433  1.4571875737  0.0195454708424
-0.273215044853  654  65  65.2320782864  1.53011140615  0.097861829846
-0.273215044853  655  78  77.9050916963  1.55085445597  0.0409458108425
-0.273215044853  655  91  90.6769911467  1.44936749597  0.000736038001064
-0.273215044853  656  104  103.581322285  1.39468071307  -0.00916851258228
-0.273215044853  656  117  116.593063089  1.35835339813  0.00369140805294
-0.273215044853  657  130  129.671583059  1.48911267695  -0.0249512113169
-0.273215044853  657  143  142.872309489  1.57159593568  -0.0177298116876
-0.273215044853  658  156  156.228172591  1.58740642181  0.0458660986397
-0.273215044853  658  170  169.595920509  1.55280271219  -0.0183852135265
-0.273215044853  659  183  183.125324318  1.63318556581  0.0190547972748
-0.273215044853  659  197  196.735994671  1.59209619337  0.00728647510027
-0.273215044853  660  210  210.482345733  1.52957432541  0.0550511201031
-0.273215044853  660  224  224.361261183  1.59141673774  0.0888338741611
-0.273215044853  660  238  238.31959137  1.59064725119  0.0981850554953
-0.273215044853  661  252  252.383759229  1.534246521  0.10484329955
-0.273215044853  661  267  266.52311521  1.42544830633  0.0322040835287
-0.273215044853  662  281  280.78341836  1.57354834255  -0.00768814254714
-0.273215044853  662  295  295.242248613  1.61953897218  0.0405039549508
-0.273215044853  662  310  309.714919794  1.60038795563  -0.0263232676766
-0.273215044853  662  324  324.392018104  1.5739253073  0.0416918793108
-0.273215044853  663  339  339.135627378  1.69881224901  0.0131073139517
-0.273215044853  663  354  354.008853004  1.71998773184  -0.00109725360427
-0.273215044853  663  369  369.031098997  1.74221437111  0.0201829603251
-0.273215044853  664  384  384.147716891  1.74221521307  0.0251737210782
-0.273215044853  664  399  399.434791295  1.64898411638  0.069722780147
-0.273215044853  664  415  414.787085987  1.70923593242  0.00819040647937
-0.273215044853  664  430  430.36648454  1.64879378799  0.0872545497984
-0.273215044853  664  446  445.992062403  1.76851182632  0.0207128312422
-0.273215044853  664  462  461.745133898  1.68579746611  -0.0295235057314
-0.273215044853  665  478  477.639714603  1.649817008  -0.0310683144448
-0.273215044853  665  494  493.670514511  1.7133036941  -0.0366522731513
-0.273215044853  665  510  509.877316968  1.78376290241  -0.0218796857997
-0.273215044853  665  526  526.25180836  1.80924314681  0.0445884207218
-0.273215044853  665  543  542.683833326  1.77275300112  0.00624561783928
-0.273215044853  665  559  559.336830781  1.80158211243  0.0681094472203
-0.273215044853  665  576  576.116033095  1.85243532288  0.0764217579237
-0.273215044853  665  593  592.982447546  1.87485522248  0.0486881882722
-0.273215044853  665  610  610.054303204  1.87308164404  0.0534171313513
-0.273215044853  664  627  627.317759487  1.80926454649  0.0566167378743
-0.273215044853  664  645  644.62930165  1.76792235751  -0.00737626406905
-0.273215044853  664  662  662.16345496  1.90739766429  0.0189285858859
-0.273215044853  664  680  679.806650061  1.90778059712  -0.0154251644598
-0.273215044853  664  698  697.632676481  1.91798830958  -0.000834135189055
-0.273215044853  663  716  715.677894816  1.95504426244  0.00173689409945
-0.273215044853  663  734  733.815473031  2.02122127639  0.0249985187685
-0.273215044853  663  752  752.157564868  2.03864317495  0.062838142819
-0.273215044853  662  771  770.657743327  1.99409278119  0.0318014016035
-0.273215044853  662  789  789.346165109  2.00766425204  0.0890608347522
-0.273215044853  662  808  808.149995447  2.08405345966  0.0801928326845
-0.273215044853  661  827  827.216787213  2.07254498982  0.0883303586572
-0.273215044853  661  846  846.382444303  2.01227453246  0.0778289447946
-0.273215044853  660  866  865.767170131  2.08437936284  0.00800618148257
-0.273215044853  660  885  885.381907703  2.16414847079  0.0638627752938
-0.273215044853  659  905  905.102371604  2.20951394559  0.0101586672011
-0.273215044853  658  925  925.091240686  2.2720446041  0.00225896610324
-0.273215044853  657  945  945.230793698  2.41265599949  0.015604347598
-0.273215044853  657  966  965.545501172  2.29380467195  0.00306740523835
-0.273215044853  656  986  986.091992315  2.37103241526  -0.000407027553992
-0.273215044853  655  1007  1006.84568128  2.47611953389  -0.00178342247002
-0.0953450448528  651  15  15.347237665  1.53452069217  0.0497077883929
-0.0953450448528  652  28  27.6379544106  1.53332449891  0.0118143443746
-0.0953450448528  652  40  40.1054346817  1.60524702809  0.0803747719972
-0.0953450448528  653  53  52.5744716539  1.453848068  0.0344379782778
-0.0953450448528  653  65  65.2280116691  1.52447002463  0.0955387104545
-0.0953450448528  654  78  77.8972457271  1.5672292496  0.0356401058055
-0.0953450448528  654  91  90.6759401892  1.43710816968  0.00701606087517
-0.0953450448528  655  104  103.580800377  1.4197969959  -0.00422155086029
-0.0953450448528  655  117  116.582438605  1.38210657157  -0.0140858592045
-0.0953450448528  656  130  129.672525295  1.49700928237  -0.0309145091614
-0.0953450448528  656  143  142.882719592  1.57032233652  -0.0189462774023
-0.0953450448528  657  156  156.235674735  1.58864484901  0.0433869596477
-0.0953450448528  657  170  169.594169625  1.56373731278  -0.0210008698332
-0.0953450448528  658  183  183.135753313  1.64867734683  0.0187192469683
-0.0953450448528  658  197  196.735765128  1.59739343847  -0.00293884848012
-0.0953450448528  659  210  210.491313875  1.52617773188  0.0520243880678
-0.0953450448528  659  224  224.371898587  1.5732276771  0.0856948360878
-0.0953450448528  659  238  238.337065608  1.58241295037  0.0947946677033
-0.0953450448528  660  252  252.395725966  1.52244255573  0.0998281274135
-0.0953450448528  660  267  266.537227551  1.43088340994  0.0253337368432
-0.0953450448528  661  281  280.801864631  1.5972979793  -0.00601869973763
-0.0953450448528  661  295  295.269990371  1.62459242097  0.044250981715
-0.0953450448528  661  310  309.741911143  1.60573662657  -0.0251060056822
-0.0953450448528  662  324  324.406249668  1.59164876124  0.0372784871503
-0.0953450448528  662  339  339.17008033  1.71195297813  0.0271417550212
-0.0953450448528  662  354  354.054195072  1.7282973574  0.0201311134036
-0.0953450448528  662  369  369.058518695  1.74368600292  0.014693491504
-0.0953450448528  663  384  384.190655219  1.73867139097  0.0464139077741
-0.0953450448528  663  399  399.457393875  1.62987066713  0.0611238602135
-0.0953450448528  663  415  414.824138413  1.73469215687  0.0152081298829
-0.0953450448528  663  430  430.40577635  1.627838609  0.089421421673
-0.0953450448528  663  446  446.039809788  1.75615626986  0.0360383035852
-0.0953450448528  663  462  461.791490096  1.70427634269  -0.0235531677055
-0.0953450448528  664  478  477.675286078  1.67537684174  -0.0167293029611
-0.0953450448528  664  494  493.722965021  1.71667760017  -0.0356944735847
-0.0953450448528  664  510  509.933874141  1.78923660549  -0.0143896913945
-0.0953450448528  664  526  526.296229508  1.80886731749  0.0402690696899
-0.0953450448528  664  543  542.736115657  1.7961811868  0.00718009526834
-0.0953450448528  664  559  559.386603387  1.76808877721  0.0622567853101
-0.0953450448528  664  576  576.180178382  1.84900289272  0.094882397775
-0.0953450448528  664  593  593.04369899  1.87294583553  0.0523363742236
-0.0953450448528  664  610  610.135986244  1.86510590655  0.0725241615837
-0.0953450448528  663  627  627.381394742  1.79784592512  0.0665585190693
-0.0953450448528  663  645  644.687276004  1.82019630971  -0.0194262803494
-0.0953450448528  663  662  662.237418607  1.91799053005  0.031150860201
-0.0953450448528  663  680  679.876809026  1.92341903292  -0.00621938491828
-0.0953450448528  663  698  697.686482134  1.92752258713  -0.010167859568
-0.0953450448528  662  716  715.744138595  1.97218079875  0.00370128224677
-0.0953450448528  662  734  733.884374791  2.0354470002  0.0194313796614
-0.0953450448528  662  752  752.231267121  2.02482019217  0.0692491638865
-0.0953450448528  661  771  770.676247783  2.08974788469  0.0126510148544
-0.0953450448528  661  789  789.406700372  1.97452337465  0.0838004285795
-0.0953450448528  661  808  808.239928408  2.06759634964  0.0974879206686
-0.0953450448528  660  827  827.298722597  2.06873137162  0.0940129105976
-0.0953450448528  660  846  846.459380883  2.00304280125  0.0686616753525
-0.0953450448528  659  866  865.867466689  2.11444427515  0.0290550025764
-0.0953450448528  659  885  885.42030296  2.07405868657  0.0528899085381
-0.0953450448528  658  905  905.212383523  2.19287419587  0.0343523700611
-0.0953450448528  657  925  925.191383684  2.25656956802  0.0161352266238
-0.0953450448528  657  945  945.259877164  2.33365314938  -0.0381721901114
-0.0953450448528  656  966  965.623990682  2.30508810144  -0.0102782196122
-0.0953450448528  655  986  986.204301497  2.35847378929  0.0116675495222
-0.0953450448528  654  1007  1006.9471276  2.47469310568  -0.00123699724906
0.0825249551472  650  15  15.3421777288  1.50345854759  0.0680231786542
0.0825249551472  651  28  27.6290849682  1.55526725399  0.0127726193774
0.0825249551472  651  40  40.1022312922  1.60025066877  0.0873318307726
0.0825249551472  652  53  52.5710451806  1.45554402953  0.0236696277949
0.0825249551472  652  65  65.2226199936  1.50923947175  0.0854787594028
0.0825249551472  653  78  77.9041291768  1.57965177339  0.0428204396697
0.0825249551472  653  91  90.6716970641  1.46445671437  -0.00239185471367
0.0825249551472  654  104  103.584166819  1.39024628489  -0.000495659259549
0.0825249551472  654  117  116.580592176  1.36899352068  -0.00795947513106
0.0825249551472  655  130  129.676648096  1.50211304654  -0.0288421450984
0.0825249551472  655  143  142.867694433  1.57732887152  -0.0415325257009
0.0825249551472  656  156  156.245393753  1.56992002307  0.050788154766
0.0825249551472  656  170  169.601081035  1.56648953243  -0.00894039617877
0.0825249551472  657  183  183.146592079  1.63692159505  0.0166506762041
0.0825249551472  657  197  196.756170126  1.60653030487  0.00580079061809
0.0825249551472  658  210  210.504178062  1.53289569576  0.0452901711454
0.0825249551472  658  224  224.383164389  1.57888108772  0.071690598352
0.0825249551472  659  238  238.341804402  1.55579562268  0.101990339532
0.0825249551472  659  252  252.418841928  1.52099268329  0.101035431499
0.0825249551472  659  267  266.557657952  1.48020907472  0.0267776420719
0.0825249551472  660  281  280.822036157  1.61769140765  -0.0104593616083
0.0825249551472  660  295  295.285455704  1.60884138773  0.0614841671078
0.0825249551472  660  310  309.754980273  1.61098166685  -0.0395404274071
0.0825249551472  661  324  324.430207963  1.57207205194  0.0381454858462
0.0825249551472  661  339  339.19794585  1.70361332775  0.0243558191534
0.0825249551472  661  354  354.076472939  1.70828618594  0.00790836255234
0.0825249551472  661  369  369.099914554  1.75380523369  0.0272045879967
0.0825249551472  662  384  384.231515523  1.71467815723  0.0517951767238
0.0825249551472  662  399  399.496552867  1.62853208774  0.0692834327154
0.0825249551472  662  415  414.863441155  1.7278570983  0.0255461716712
0.0825249551472  662  430  430.443588005  1.60715522376  0.0890511100082
0.0825249551472  662  446  446.07589656  1.7514272209  0.0366711233285
0.0825249551472  663  462  461.78455795  1.70073520685  -0.0359276035795
0.0825249551472  663  478  477.717346905  1.71075292898  -0.0201205348256
0.0825249551472  663  494  493.754551236  1.7318800504  -0.0377021490352
0.0825249551472  663  510  509.97285768  1.81736638229  -0.0131138486503
0.0825249551472  663  526  526.343048149  1.80031824134  0.0377213577457
0.0825249551472  663  543  542.790144136  1.81063526429  0.0116680036644
0.0825249551472  663  559  559.435458501  1.79154669143  0.0635721224912
0.0825249551472  663  576  576.232405241  1.83422332012  0.0998157379297
0.0825249551472  663  593  593.113513557  1.87238322738  0.0672296933445
0.0825249551472  663  610  610.186067408  1.83657620045  0.0804938505541
0.0825249551472  663  627  627.373563595  1.80529983827  0.0614432677448
0.0825249551472  662  645  644.750786284  1.83237135158  -0.0120618034178
0.0825249551472  662  662  662.299802592  1.87373114208  0.0311231976862
0.0825249551472  662  680  679.943474657  1.96215300624  -0.0077380621617
0.0825249551472  662  698  697.753099006  1.95017861367  -0.00795076122982
0.0825249551472  662  716  715.73531866  1.96457577876  -0.00719446869415
0.0825249551472  661  734  733.965336973  2.05066292786  0.0283849621778
0.0825249551472  661  752  752.296225204  1.98741827162  0.0644142825349
0.0825249551472  661  771  770.718018291  2.03471340642  0.00389877010026
0.0825249551472  660  789  789.477619582  1.97801342854  0.0842925477894
0.0825249551472  660  808  808.312830769  2.03719091409  0.0990520466348
0.0825249551472  659  827  827.392700934  1.99601225193  0.10125139909
0.0825249551472  659  847  846.527837001  1.98789223952  0.0498613566923
0.0825249551472  658  866  865.958216921  2.13541173485  0.0392267229162
0.0825249551472  658  885  885.487564591  2.0711724584  0.0270173275807
0.0825249551472  657  905  905.300407613  2.13905119016  0.0348092495928
0.0825249551472  656  925  925.284483868  2.24848611942  0.0224324103494
0.0825249551472  656  945  945.377942981  2.24324912003  0.010162398713
0.0825249551472  655  966  965.720048855  2.32222928863  -0.0133776935641
0.0825249551472  654  986  986.295586983  2.34375199468  0.00880225492669
0.0825249551472  653  1007  1007.05210579  2.47392155291  0.00948580905631
0.260394955147  649  15  15.3221141168  1.59347957657  0.0163705069661
0.260394955147  650  28  27.6267730633  1.54024414198  0.0149396447359
0.260394955147  650  40  40.0943505457  1.59583470688  0.0770748077946
0.260394955147  651  53  52.5721962786  1.4684704283  0.030972612832
0.260394955147  651  65  65.2191923985  1.52139554608  0.0860003475203
0.260394955147  652  78  77.9200581174  1.59369152448  0.0993063873168
0.260394955147  652  91  90.6743696841  1.46351159078  0.00174517334734
0.260394955147  653  104  103.589503828  1.40138403354  0.00343329803103
0.260394955147  653  117  116.5886434  1.36623579731  -0.00270828295447
0.260394955147  654  130  129.682666306  1.49961151175  -0.0223622339125
0.260394955147  654  143  142.880597362  1.56998932773  -0.0157718727048
0.260394955147  655  156  156.251030044  1.57460376819  0.0488759314764
0.260394955147  655  170  169.618688034  1.56977634741  -0.00292716544089
0.260394955147  656  183  183.155826512  1.63932355969  0.0214733373297
0.260394955147  656  197  196.752898816  1.59789492213  -0.0111598455482
0.260394955147  657  211  210.509120794  1.55287089488  0.0301519847677
0.260394955147  657  224  224.398747164  1.54158248934  0.0848812323884
0.260394955147  658  238  238.351032635  1.5726654597  0.0933054493694
0.260394955147  658  252  252.42748786  1.48355586114  0.102260481519
0.260394955147  658  267  266.570320638  1.48945718023  0.0278670768406
0.260394955147  659  281  280.854724378  1.63113959123  0.00317771996343
0.260394955147  659  295  295.310499133  1.60214901803  0.046508403275
0.260394955147  659  310  309.785524276  1.63249868416  -0.0217768790889
0.260394955147  660  324  324.455302177  1.56625744024  0.0383063108263
0.260394955147  660  339  339.224541313  1.67607138383  0.0228495815251
0.260394955147  660  354  354.109377756  1.73377076283  0.0192222954079
0.260394955147  660  369  369.143379014  1.73293135534  0.0428887546179
0.260394955147  661  384  384.253099057  1.73276353271  0.053119808079
0.260394955147  661  400  399.513750569  1.6151283232  0.0514955655847
0.260394955147  661  415  414.890664909  1.72952357647  0.014894399011
0.260394955147  661  430  430.478227169  1.57310851562  0.0888575515409
0.260394955147  661  446  446.129316222  1.73255605015  0.0514193134272
0.260394955147  662  462  461.834208075  1.70794104497  -0.0207962119724
0.260394955147  662  478  477.756976398  1.72116122059  -0.0229781834708
0.260394955147  662  494  493.797649612  1.74975394759  -0.0367441950302
0.260394955147  662  510  510.03281549  1.82689362891  0.000897887063333
0.260394955147  662  526  526.385951174  1.78172489087  0.0414137839598
0.260394955147  662  543  542.833071933  1.83125690063  0.0109454768465
0.260394955147  662  559  559.471117448  1.77351495413  0.0505723161864
0.260394955147  662  576  576.279006516  1.81169276763  0.09631485402
0.260394955147  662  593  593.171139163  1.83979005338  0.0780751610909
0.260394955147  662  610  610.236728355  1.83707095266  0.0789108795771
0.260394955147  662  627  627.43041045  1.76965329563  0.058520993911
0.260394955147  661  645  644.805924976  1.86607009607  -0.015104960506
0.260394955147  661  662  662.364941367  1.83546109258  0.0328473529288
0.260394955147  661  680  680.017365564  1.97683630148  0.00269427182581
0.260394955147  661  698  697.824575177  1.97232738868  -0.00077581258553
0.260394955147  661  716  715.816077186  2.00254688273  0.00522771791952
0.260394955147  660  734  734.038432688  2.04816469208  0.0331315535827
0.260394955147  660  752  752.376902381  1.98953269226  0.0729164299504
0.260394955147  660  771  770.785613886  2.06791393241  0.0232691847159
0.260394955147  659  790  789.555404823  1.98787495176  0.0684275699895
0.260394955147  659  808  808.390191206  2.01358571188  0.101837746756
0.260394955147  658  827  827.456969141  1.96148565605  0.0916387809569
0.260394955147  658  847  846.598260702  2.03601439934  0.0375455953905
0.260394955147  657  866  866.045291195  2.11358116342  0.0450440997897
0.260394955147  657  886  885.559818433  2.05500939355  0.0144047440769
0.260394955147  656  905  905.372131209  2.11910132577  0.0243611520727
0.260394955147  655  925  925.379005387  2.21042309174  0.025079303716
0.260394955147  655  945  945.462563239  2.21992832164  0.00993223518939
0.260394955147  654  966  965.812369961  2.33998998021  -0.0157260602391
0.260394955147  653  986  986.370004213  2.32007202308  -0.00207742667781
0.260394955147  652  1007  1007.15045563  2.46996471935  0.0114064351242
0.438264955147  648  15  15.309374123  1.58725935652  0.0268918076806
0.438264955147  649  28  27.6194450122  1.54422013991  0.0101105603397
0.438264955147  649  40  40.0815146099  1.59844422869  0.0869496047723
0.438264955147  650  53  52.5654899943  1.44455233688  0.0324890047141
0.438264955147  650  65  65.2178246881  1.53863730641  0.0939720238043
0.438264955147  651  78  77.9116840883  1.59650126128  0.082058727412
0.438264955147  652  91  90.6708675621  1.4556906503  -0.00769177301051
0.438264955147  652  104  103.580480522  1.42254063263  -0.00724185745635
0.438264955147  653  117  116.596616508  1.39173208476  0.000261350998619
0.438264955147  653  130  129.68028643  1.51020403841  -0.0251265384072
0.438264955147  654  143  142.886048675  1.58334403058  -0.0255644997119
0.438264955147  654  156  156.25455409  1.58454063371  0.0438957315092
0.438264955147  655  170  169.616705655  1.5576705481  -0.0102872303301
0.438264955147  655  183  183.162137793  1.6476333773  0.0126208359532
0.438264955147  655  197  196.766292405  1.60954403503  -0.0113821965056
0.438264955147  656  211  210.532149699  1.56222162344  0.0424328568657
0.438264955147  656  224  224.412697829  1.56086620807  0.0919677987234
0.438264955147  657  238  238.365523824  1.56530742266  0.103390638539
0.438264955147  657  252  252.437685827  1.49401849252  0.0858306916253
0.438264955147  657  267  266.58710983  1.48836283672  0.0175871293891
0.438264955147  658  281  280.856619201  1.6354925804  -0.00950712468461
0.438264955147  658  295  295.330206434  1.59262284629  0.0531953222794
0.438264955147  658  310  309.79899977  1.64005808919  -0.0356237214194
0.438264955147  659  324  324.466215539  1.55611190226  0.0325965073822
0.438264955147  659  339  339.257115298  1.69163067943  0.0339336527295
0.438264955147  659  354  354.134873407  1.72486235177  0.0268919052124
0.438264955147  660  369  369.154164016  1.70525971734  0.0391165627327
0.438264955147  660  384  384.287909035  1.71895848056  0.0547119222441
0.438264955147  660  400  399.546325216  1.63446839081  0.0447696983776
0.438264955147  660  415  414.932710272  1.74865570869  0.0236947614974
0.438264955147  660  430  430.503765006  1.56703956167  0.0778013563257
0.438264955147  660  446  446.163510136  1.74276209324  0.0536760940478
0.438264955147  661  462  461.878497873  1.73364740984  -0.0108935196914
0.438264955147  661  478  477.807816196  1.74956743941  -0.0167431517835
0.438264955147  661  494  493.853156511  1.76412237777  -0.0298803684096
0.438264955147  661  510  510.083555871  1.81922387683  0.00914446626071
0.438264955147  661  526  526.433649454  1.7535860623  0.0419236516552
0.438264955147  661  543  542.876947924  1.85809054028  0.00445725596184
0.438264955147  661  560  559.517552862  1.76052772715  0.0439159294165
0.438264955147  661  576  576.316627233  1.7940180388  0.0876265355549
0.438264955147  661  593  593.225039034  1.84692443533  0.0794404470403
0.438264955147  661  610  610.30028291  1.81371490019  0.0912307599109
0.438264955147  661  627  627.476981365  1.73694595841  0.0439850593278
0.438264955147  660  645  644.841128502  1.910652343  -0.00695301459983
0.438264955147  660  662  662.407200659  1.82413635551  0.0240929948868
0.438264955147  660  680  680.086789797  1.94529213036  0.0163592212894
0.438264955147  660  698  697.88613831  1.98673303884  -0.00294229005161
0.438264955147  660  716  715.878436885  2.00912095523  0.00616015733691
0.438264955147  659  734  734.113562828  2.03633929412  0.0401556352046
0.438264955147  659  752  752.440553879  1.98761252771  0.0699587463773
0.438264955147  659  771  770.887267499  2.07318456395  0.0349037205498
0.438264955147  658  790  789.607066643  1.988515344  0.0540330858844
0.438264955147  658  808  808.441413058  1.98529605977  0.0850390239301
0.438264955147  657  828  827.512883986  1.98220995604  0.0689645045053
0.438264955147  657  847  846.663557014  2.05728605661  0.0187003301302
0.438264955147  656  866  866.142526157  2.10256184741  0.0592562768756
0.438264955147  656  886  885.6424371  2.09230881638  0.0143896379917
0.438264955147  655  905  905.447987647  2.10324663113  0.0213180285391
0.438264955147  654  925  925.460914698  2.16983486908  0.0149697455112
0.438264955147  654  946  945.538631695  2.1988925468  -0.00246008196227
0.438264955147  653  966  965.905476678  2.35345239344  -0.00814558584122
0.438264955147  652  986  986.459546189  2.3268429466  -0.0124931277505
0.438264955147  651  1007  1007.26601888  2.45697308072  0.0265724406299
0.616134955147  647  15  15.3134549983  1.55474641861  0.047026316571
0.616134955147  648  28  27.6118414782  1.53726553772  0.00946996001632
0.616134955147  648  40  40.0757578681  1.58909402254  0.0723524354444
0.616134955147  649  53  52.5574027052  1.41835008649  0.03348174035
0.616134955147  649  65  65.2212849559  1.53524993414  0.0895262141362
0.616134955147  650  78  77.8750198385  1.56623826107  0.0304726631342
0.616134955147  651  91  90.6772197898  1.44548763458  0.0114728622868
0.616134955147  651  104  103.587159408  1.41527749337  -0.000838180619426
0.616134955147  652  117  116.585637713  1.42017466624  -0.0185738916869
0.616134955147  652  130  129.688619962  1.52117191146  -0.0222756392878
0.616134955147  653  143  142.891331787  1.58678793204  -0.0115275799273
0.616134955147  653  156  156.258106419  1.56741211991  0.0483891809744
0.616134955147  654  170  169.615325628  1.55075001203  -0.0158683881477
0.616134955147  654  183  183.169366185  1.64238468676  0.0134795953613
0.616134955147  654  197  196.777947084  1.6358652199  0.00643165719737
0.616134955147  655  211  210.541414955  1.57789269372  0.0396437641668
0.616134955147  655  224  224.420545236  1.56117397158  0.0833716177115
0.616134955147  656  238  238.375873241  1.56639373094  0.100105430406
0.616134955147  656  252  252.454875902  1.50751986607  0.101103842689
0.616134955147  656  267  266.60137385  1.51270631766  0.0194826629566
0.616134955147  657  281  280.895638961  1.64508000302  0.00138227223109
0.616134955147  657  295  295.355873379  1.57531853465  0.060135162737
0.616134955147  657  310  309.831635017  1.63603168858  -0.0215884636025
0.616134955147  658  324  324.488799599  1.5831661833  0.0340101945698
0.616134955147  658  339  339.262576491  1.70659997232  0.0292540412945
0.616134955147  658  354  354.174835552  1.71274147934  0.0374433642905
0.616134955147  659  369  369.162502606  1.7347273324  0.034844177562
0.616134955147  659  384  384.31116545  1.70015040467  0.0548650717462
0.616134955147  659  400  399.570077938  1.63523665959  0.0440708483289
0.616134955147  659  415  414.967914746  1.750350523  0.0306199343267
0.616134955147  659  431  430.519660909  1.57943400281  0.0464572679079
0.616134955147  660  446  446.162341201  1.74593083714  0.0471761321556
0.616134955147  660  462  461.930931862  1.74387710289  0.00735630806676
0.616134955147  660  478  477.840247705  1.75325792446  -0.0189048745984
0.616134955147  660  494  493.899416619  1.78398344215  -0.0238910614628
0.616134955147  660  510  510.130650546  1.83823133083  0.0119458609978
0.616134955147  660  526  526.474518473  1.76042243745  0.0361763937984
0.616134955147  660  543  542.925976536  1.86804926685  0.00829784057762
0.616134955147  660  560  559.553327973  1.77210172508  0.0246357188611
0.616134955147  660  576  576.380909262  1.78140583925  0.108368408361
0.616134955147  660  593  593.280313208  1.83477051466  0.089896098353
0.616134955147  660  610  610.345217074  1.78553448003  0.090794408806
0.616134955147  660  628  627.511142654  1.75085159348  0.0320357017926
0.616134955147  660  645  644.86255615  1.87879636733  -0.0136613162501
0.616134955147  659  662  662.461130229  1.80208507783  0.0268353496936
0.616134955147  659  680  680.160619883  1.92687310576  0.033630450369
0.616134955147  659  698  697.947402799  1.98739238057  -0.00575185788048
0.616134955147  659  716  715.950249171  2.02208018663  0.0125708196556
0.616134955147  658  734  734.174690309  2.0332396325  0.0375858804058
0.616134955147  658  752  752.50248016  1.96634437119  0.0668180664796
0.616134955147  658  771  770.962488083  2.06722690368  0.0466857123766
0.616134955147  657  790  789.681353411  2.01488260064  0.0520752040836
0.616134955147  657  809  808.508988036  1.96731690389  0.0681417192321
0.616134955147  656  828  827.568354462  1.994913005  0.0537082780546
0.616134955147  656  847  846.733767779  2.07642417815  0.0199471486671
0.616134955147  655  866  866.230827203  2.07477972322  0.0709138810029
0.616134955147  655  886  885.713743388  2.09447504271  0.00502752701853
0.616134955147  654  906  905.517857932  2.06725397353  -0.000687494103784
0.616134955147  653  926  925.536059266  2.27589139956  0.0430083659468
0.616134955147  653  946  945.623492783  2.22762364953  -0.017371803272
0.616134955147  652  966  965.994244128  2.36490488745  -0.00213893046302
0.616134955147  651  987  986.551162275  2.32561396235  -0.0140787563071
0.616134955147  650  1007  1007.36636253  2.43665132402  0.028376887589
0.794004955147  646  15  15.3071326081  1.5586647672  0.0570767174249
0.794004955147  647  28  27.6004484894  1.52543196701  0.018315217623
0.794004955147  647  40  40.056222624  1.58987875779  0.0692826867532
0.794004955147  648  53  52.5575341009  1.45700306124  0.0435335822046
0.794004955147  648  65  65.207847924  1.53046859181  0.0927209935224
0.794004955147  649  78  77.8866869239  1.57464225502  0.0436178167964
0.794004955147  650  91  90.6729978958  1.46407151226  0.00587032943771
0.794004955147  650  104  103.578810802  1.42484140562  -0.00756679599087
0.794004955147  651  117  116.587866878  1.38488655043  -0.00443964264403
0.794004955147  651  130  129.6858072  1.51389375277  -0.0290460178526
0.794004955147  652  143  142.89655628  1.5830971139  -0.00969890294241
0.794004955147  652  156  156.263488202  1.56754929446  0.0453509173911
0.794004955147  653  170  169.620558558  1.56703214768  -0.0204015518638
0.794004955147  653  183  183.178340607  1.63600143724  0.0242402520841
0.794004955147  654  197  196.775692859  1.62120569325  -0.00119014411161
0.794004955147  654  211  210.544883437  1.59199459154  0.0417143650416
0.794004955147  654  224  224.433480489  1.57388350142  0.0840686140429
0.794004955147  655  238  238.386874177  1.55419240193  0.0869609139698
0.794004955147  655  252  252.466775797  1.46789706575  0.100985066118
0.794004955147  656  267  266.618321227  1.4841336611  0.0201570513256
0.794004955147  656  281  280.913527977  1.66230395711  0.00163965420751
0.794004955147  656  295  295.376561834  1.57496856332  0.0582755746426
0.794004955147  657  310  309.836909248  1.62633033168  -0.0290864605237
0.794004955147  657  325  324.512873659  1.52319244453  0.0153475936139
0.794004955147  657  339  339.295662997  1.69030882131  0.0274000232789
0.794004955147  657  354  354.20337804  1.70430659318  0.0390976799981
0.794004955147  658  369  369.182639412  1.73320022674  0.0288527880437
0.794004955147  658  384  384.343492624  1.70092009575  0.0571881121617
0.794004955147  658  400  399.588819152  1.62683075084  0.0328779007221
0.794004955147  658  415  415.013393694  1.75936731896  0.0442905011074
0.794004955147  658  431  430.550415878  1.57500983297  0.0429492496835
0.794004955147  659  446  446.190477698  1.74826890957  0.0507324344886
0.794004955147  659  462  461.955379381  1.73172170012  -0.000719931303767
0.794004955147  659  478  477.878441271  1.75617824578  -0.0197901475638
0.794004955147  659  494  493.938649208  1.79202942665  -0.0284492033415
0.794004955147  659  510  510.166129035  1.83403241714  0.00683635424529
0.794004955147  659  527  526.503045811  1.73240593524  0.0215423404973
0.794004955147  659  543  542.980078058  1.87189136286  0.0179873671939
0.794004955147  659  560  559.567316659  1.79380902872  0.00153353626183
0.794004955147  659  576  576.407915874  1.76020909882  0.086846071463
0.794004955147  659  593  593.329898661  1.80378493461  0.0879830576794
0.794004955147  659  610  610.391917904  1.78807379014  0.0828143383264
0.794004955147  659  628  627.5575939  1.74930731147  0.00755466542212
0.794004955147  659  645  644.927004639  1.89224307617  -0.00999166161804
0.794004955147  658  663  662.512428754  1.77043601276  0.0162866089859
0.794004955147  658  680  680.223101594  1.94674478685  0.0325130119833
0.794004955147  658  698  698.029536023  1.99485095227  0.00763958429475
0.794004955147  658  716  716.023446372  2.01284778952  0.0152027514635
0.794004955147  657  734  734.247211309  1.99149160516  0.0473538301391
0.794004955147  657  753  752.552670426  1.93841054539  0.0479834878955
0.794004955147  657  771  771.048093742  2.07980695097  0.0604839872076
0.794004955147  656  790  789.751620657  2.0411514673  0.0491080656174
0.794004955147  656  809  808.569516488  1.97289963631  0.0505823118498
0.794004955147  655  828  827.651785587  1.99935261648  0.0579665439905
0.794004955147  655  847  846.819574211  2.09984155359  0.0231622559798
0.794004955147  654  866  866.30307088  2.04825932721  0.0656393072446
0.794004955147  654  886  885.796556499  2.12444787742  0.00670046522235
0.794004955147  653  906  905.605259034  2.10092010248  -0.0100316324073
0.794004955147  652  926  925.578323946  2.22691869623  -0.00837031171627
0.794004955147  652  946  945.700801772  2.22249350707  -0.0254346040654
0.794004955147  651  966  966.108452278  2.36693280159  0.00998993519826
0.794004955147  650  987  986.650803103  2.31315602871  -0.00596529136372
0.794004955147  649  1007  1007.45703524  2.43006657116  0.0276568377872
0.971874955147  645  15  15.2944466477  1.52923119844  0.0702101967075
0.971874955147  646  28  27.5967904475  1.52813668526  0.0168833024508
0.971874955147  646  40  40.0535901149  1.60595169023  0.0729269210207
0.971874955147  647  53  52.5585216211  1.43856974881  0.0448509858132
0.971874955147  648  65  65.2068917347  1.53722396253  0.0824548642909
0.971874955147  648  78  77.8690587804  1.58067249464  0.027912966391
0.971874955147  649  91  90.6731120996  1.47183783563  0.000853928777164
0.971874955147  649  104  103.585719421  1.38327898539  0.00348366599798
0.971874955147  650  117  116.588482656  1.39953950078  -0.00712925563009
0.971874955147  650  130  129.691482915  1.53182132652  -0.0173964529107
0.971874955147  651  143  142.905772341  1.59956165295  -0.0011731037894
0.971874955147  651  156  156.273034863  1.566689229  0.0453364678282
0.971874955147  652  170  169.629456169  1.56481382683  -0.0106111965672
0.971874955147  652  183  183.19211346  1.64575374646  0.028474769574
0.971874955147  653  197  196.776876262  1.60849838866  -0.00102948218163
0.971874955147  653  211  210.564847682  1.58634840125  0.0464958121357
0.971874955147  653  224  224.444459874  1.58104309337  0.0814661470692
0.971874955147  654  238  238.402167354  1.52398108696  0.10517820634
0.971874955147  654  252  252.481155045  1.49781969963  0.0925558959508
0.971874955147  655  267  266.620789099  1.52237537547  0.0225523872186
0.971874955147  655  281  280.934590474  1.6491677856  0.0184178858354
0.971874955147  655  295  295.385915027  1.55671193927  0.0464672233461
0.971874955147  656  310  309.849068134  1.65975499635  -0.0320280332724
0.971874955147  656  325  324.528266937  1.55353143028  0.00778411374292
0.971874955147  656  339  339.319593452  1.68219795913  0.0328738630514
0.971874955147  656  354  354.221654835  1.71410410908  0.0364093186385
0.971874955147  657  369  369.229991701  1.72397253572  0.0461322408826
0.971874955147  657  384  384.376500737  1.66583778746  0.0588793622603
0.971874955147  657  400  399.624165769  1.64882243436  0.0333773724543
0.971874955147  657  415  415.040753203  1.75642965524  0.0375078542622
0.971874955147  657  431  430.576914935  1.52242778604  0.0529554786649
0.971874955147  658  446  446.23015487  1.71749519173  0.057437712227
0.971874955147  658  462  462.004404432  1.74167316811  0.00682890029574
0.971874955147  658  478  477.915159267  1.77148641269  -0.01615858331
0.971874955147  658  494  493.993698481  1.7904641976  -0.0113659016039
0.971874955147  658  510  510.21338648  1.8007336918  0.0109899019546
0.971874955147  658  527  526.544583277  1.72533616365  0.013522890918
0.971874955147  658  543  543.049345996  1.87438530649  0.0360229272409
0.971874955147  658  560  559.636184147  1.79953917432  0.0264847915453
0.971874955147  658  576  576.452820319  1.77495138505  0.0779218315512
0.971874955147  658  593  593.37660765  1.768400758  0.0887405867641
0.971874955147  658  610  610.4397402  1.73857928705  0.0841958228566
0.971874955147  658  628  627.608348375  1.7759037098  0.00369018041235
0.971874955147  658  645  644.962746631  1.90988805  -0.0783801994057
0.971874955147  657  663  662.565522635  1.7854270059  0.00640424985884
0.971874955147  657  680  680.281130086  1.92778558938  0.0301422993368
0.971874955147  657  698  698.087624804  1.98785007883  0.0148739704947
0.971874955147  657  716  716.102671443  2.01661248636  0.0278066275621
0.971874955147  656  734  734.284806671  2.06420546561  0.0514490754507
0.971874955147  656  753  752.618797498  1.98446596058  0.0338667204183
0.971874955147  656  771  771.120992822  2.08665255846  0.0669119514836
0.971874955147  655  790  789.827904301  2.0737439813  0.053516166307
0.971874955147  655  809  808.639787646  2.00404889825  0.0400453665116
0.971874955147  654  828  827.682124231  2.07731208245  0.0371257480971
0.971874955147  654  847  846.896254705  2.11670865315  0.0252301507976
0.971874955147  653  866  866.39694579  2.0263063114  0.0928567367804
0.971874955147  653  886  885.876701538  2.15887877439  0.00636842413311
0.971874955147  652  906  905.678347549  2.12242274408  -0.018304922702
0.971874955147  652  926  925.609815106  2.17998007289  -0.0179992608646
0.971874955147  651  946  945.795641727  2.25293367862  -0.0197867753
0.971874955147  650  966  966.212948846  2.3756605718  0.0170955079953
0.971874955147  649  987  986.740229113  2.36359181773  -0.0200168092227
0.971874955147  648  1008  1007.55365348  2.42217726023  0.0266671426468
1.14974495515  644  15  15.2837192884  1.56225747695  0.0608610962158
1.14974495515  645  28  27.5817935579  1.53008619472  0.00828107008342
1.14974495515  645  40  40.0478634082  1.64290036322  0.0651554325545
1.14974495515  646  53  52.5373142589  1.46757878358  0.0343743292459
1.14974495515  647  65  65.2051211565  1.52922652759  0.0973883364425
1.14974495515  647  78  77.874414537  1.5747472369  0.033986602577
1.14974495515  648  91  90.6668778352  1.45838317584  -0.00626551035316
1.14974495515  648  104  103.591294603  1.43334952963  0.0029667257665
1.14974495515  649  117  116.590618917  1.40581407117  -0.0143432661822
1.14974495515  649  130  129.691355691  1.52844393282  -0.0306397728753
1.14974495515  650  143  142.904315195  1.60066644239  -0.00681671918829
1.14974495515  650  156  156.280127888  1.57250463349  0.0445564925984
1.14974495515  651  170  169.633882354  1.55781486047  -0.0183887103496
1.14974495515  651  183  183.197271374  1.65047995153  0.0295062332954
1.14974495515  652  197  196.787592356  1.62797877008  -0.00235759998007
1.14974495515  652  211  210.571608432  1.5902712651  0.0402342401113
1.14974495515  652  224  224.452040819  1.58012459081  0.0837437312044
1.14974495515  653  238  238.415597958  1.53781462569  0.100667886465
1.14974495515  653  252  252.489539366  1.47492896048  0.0808001165864
1.14974495515  654  267  266.638386865  1.5154108511  0.0307145113963
1.14974495515  654  281  280.947884105  1.65420619428  0.00564144279585
1.14974495515  654  295  295.408140923  1.53551937999  0.0592493309339
1.14974495515  655  310  309.876482109  1.66399970732  -0.0253662598962
1.14974495515  655  325  324.545491135  1.52870047238  -0.00446075235878
1.14974495515  655  339  339.346189934  1.6921638218  0.0358601819464
1.14974495515  655  354  354.243745546  1.70615624667  0.0418798462872
1.14974495515  656  369  369.249163638  1.74073368698  0.0422243987116
1.14974495515  656  384  384.41379075  1.66840746234  0.0795127747891
1.14974495515  656  400  399.644220722  1.63852551359  0.029944970958
1.14974495515  656  415  415.078362493  1.74849706648  0.0580695673631
1.14974495515  657  431  430.583166825  1.58424702967  0.0382372931657
1.14974495515  657  446  446.270926537  1.6984918557  0.06451523637
1.14974495515  657  462  462.056787439  1.76149981021  0.019821593536
1.14974495515  657  478  477.974195384  1.77171812006  0.00255755313965
1.14974495515  657  494  494.041839833  1.80296048237  -0.00505977253297
1.14974495515  657  510  510.254968945  1.78397552604  0.0195925908034
1.14974495515  657  527  526.591561996  1.7398415194  0.0125052853999
1.14974495515  657  543  543.090647366  1.88563183084  0.0316884787511
1.14974495515  657  560  559.688299639  1.80020692536  0.0228726872578
1.14974495515  657  576  576.501291817  1.73116116007  0.0800700373143
1.14974495515  657  593  593.429082117  1.74194253567  0.0860614137562
1.14974495515  657  610  610.493240083  1.69881723765  0.0719446910832
1.14974495515  657  628  627.67158419  1.78043197545  0.00161618147987
1.14974495515  657  645  645.061804087  1.90891105762  0.0029834525743
1.14974495515  657  663  662.559182478  1.77937034888  -0.00653716189092
1.14974495515  656  680  680.345266128  1.90508123335  0.0296325813861
1.14974495515  656  698  698.156440707  1.9762278522  0.0191040608913
1.14974495515  656  716  716.172824446  2.00128119532  0.0361707283873
1.14974495515  656  734  734.305161365  1.9797739624  0.0439843352625
1.14974495515  655  753  752.68633793  2.00283352266  0.0394092357637
1.14974495515  655  771  771.197214492  2.04555877867  0.0745042995396
1.14974495515  654  790  789.911830424  2.09014399692  0.0634377788574
1.14974495515  654  809  808.705161501  2.03142258502  0.0385829668925
1.14974495515  654  828  827.719845916  2.02806633063  0.0358632513832
1.14974495515  653  847  846.990398869  2.14418518529  0.0345698520117
1.14974495515  653  866  866.429498026  2.08122451867  0.0685138447177
1.14974495515  652  886  885.97852423  2.19705878613  0.0188124544893
1.14974495515  651  906  905.772310676  2.15084044911  -0.00243039349675
1.14974495515  651  926  925.663164447  2.20884214717  -0.0278380479554
1.14974495515  650  946  945.886180789  2.258683127  -0.0231642170571
1.14974495515  649  966  966.28988289  2.34005037559  0.0085703154114
1.14974495515  648  987  986.820070859  2.40226900341  -0.023845224942
1.14974495515  647  1008  1007.6253395  2.54384609596  0.0446060816126
1.32761495515  643  15  15.2634167302  1.57846901002  0.052817128752
1.32761495515  644  28  27.5847622087  1.54796809214  0.0326521913469
1.32761495515  645  40  40.0296627376  1.63649661254  0.0670322659282
1.32761495515  645  53  52.5371041806  1.42957920119  0.0414847958106
1.32761495515  646  65  65.2007398536  1.53862234611  0.0971238852053
1.32761495515  646  78  77.854210465  1.59102141836  0.0265634358642
1.32761495515  647  91  90.6664757537  1.47849065117  0.00361648411514
1.32761495515  647  104  103.575947485  1.43503485606  -0.00753875646634
1.32761495515  648  117  116.588112105  1.38177471437  -0.0139965421084
1.32761495515  648  130  129.689777413  1.52348180331  -0.0151434470286
1.32761495515  649  143  142.905597955  1.58905819056  -0.0125324928624
1.32761495515  649  156  156.279717442  1.58132784663  0.0472415289165
1.32761495515  650  170  169.639879116  1.56148257482  -0.0244507616625
1.32761495515  650  183  183.205010712  1.66969654251  0.0287599500367
1.32761495515  651  197  196.795169307  1.6277063989  -0.000217975876287
1.32761495515  651  211  210.5764066  1.594829206  0.0367772906598
1.32761495515  651  224  224.472200386  1.55284112879  0.0873690664348
1.32761495515  652  238  238.42644041  1.55680116194  0.104055236775
1.32761495515  652  252  252.502612557  1.48004027164  0.0834901995547
1.32761495515  653  267  266.653072272  1.5416909038  0.0142493103626
1.32761495515  653  281  280.970683389  1.66977895508  0.0106377700706
1.32761495515  653  295  295.428569417  1.51810200842  0.0521857424534
1.32761495515  654  310  309.895680044  1.66342268308  -0.0156414539395
1.32761495515  654  325  324.56633476  1.55241151252  -0.00438718954657
1.32761495515  654  339  339.370779677  1.68254172345  0.0364837191707
1.32761495515  655  354  354.235110323  1.71564911953  0.0314998277165
1.32761495515  655  369  369.280804706  1.75985502327  0.0481547983978
1.32761495515  655  384  384.422122384  1.68320187502  0.0545174494896
1.32761495515  655  400  399.679122387  1.68432502317  0.0195731482539
1.32761495515  655  415  415.119800241  1.74593033258  0.0645578882715
1.32761495515  656  431  430.601644217  1.60989169722  0.0275055284505
1.32761495515  656  446  446.314704591  1.67031567457  0.0778109314337
1.32761495515  656  462  462.101638637  1.76054214731  0.0305004702554
1.32761495515  656  478  478.011452077  1.78400297726  0.00455698374011
1.32761495515  656  494  494.091993852  1.79665442899  0.00207122878787
1.32761495515  656  510  510.293967602  1.78167346019  0.0288863938724
1.32761495515  656  527  526.618008591  1.72670256363  -0.00218073509096
1.32761495515  656  543  543.138130515  1.8764599272  0.0436569859742
1.32761495515  656  560  559.735320449  1.79548208978  0.0221123785599
1.32761495515  656  577  576.538509145  1.74216409958  0.0689904662898
1.32761495515  656  593  593.475763978  1.7280119376  0.077407267833
1.32761495515  656  611  610.539339105  1.73499663469  0.0631565420651
1.32761495515  656  628  627.708991502  1.81258453301  -0.00420645560241
1.32761495515  656  645  645.122319479  1.91745870339  0.0249346872017
1.32761495515  656  663  662.612482697  1.8089510859  -0.0156879371431
1.32761495515  655  680  680.403255524  1.87598436314  0.0326767098693
1.32761495515  655  698  698.216399534  1.95767462475  0.019897097468
1.32761495515  655  716  716.231302036  2.00935096607  0.0428950206629
1.32761495515  655  734  734.370499379  1.96159917916  0.0435026081839
1.32761495515  654  753  752.735529872  2.01175546853  0.0263529358523
1.32761495515  654  771  771.276251698  2.02636437037  0.0810846163835
1.32761495515  653  790  789.935277433  2.20954900069  0.0543827443501
1.32761495515  653  809  808.783093451  2.05746646616  0.0387977895567
1.32761495515  653  828  827.810921343  2.0831345528  0.049160304823
1.32761495515  652  847  847.071542436  2.12925684671  0.0516760269938
1.32761495515  652  866  866.463406949  2.04055086195  0.0530518464035
1.32761495515  651  886  886.072328944  2.17424989553  0.0328885106077
1.32761495515  650  906  905.870086493  2.19169706727  0.00101284611245
1.32761495515  650  926  925.776751497  2.26261976124  -0.0214279322389
1.32761495515  649  946  945.983024269  2.26663323028  -0.00928767960476
1.32761495515  648  966  966.372287881  2.32482625673  -0.0107491840449
1.32761495515  647  987  986.933179532  2.39018209689  -0.00460871516377
1.32761495515  647  1008  1007.6425266  2.51434861624  -0.0193721817501
1.50548495515  642  15  15.2546597905  1.56656544843  0.0597303883804
1.50548495515  643  28  27.562398563  1.55001325976  0.0125418341136
1.50548495515  644  40  40.0311241053  1.63547158103  0.0701858202307
1.50548495515  644  53  52.5332356886  1.41067839423  0.0565595343739
1.50548495515  645  65  65.1846921103  1.54915611602  0.0751144529681
1.50548495515  645  78  77.8567317423  1.58256103071  0.0242606629808
1.50548495515  646  91  90.654972388  1.44607473972  -0.0105078210529
1.50548495515  646  104  103.581759099  1.41532813454  -0.00729045797379
1.50548495515  647  117  116.585959154  1.41295570126  -0.0116657393545
1.50548495515  647  130  129.689126984  1.5193177097  -0.0284501920926
1.50548495515  648  143  142.904354315  1.60334927533  -0.0123030699712
1.50548495515  648  156  156.280653875  1.59344287611  0.0439781870814
1.50548495515  649  170  169.637927668  1.5522753682  -0.0286495750642
1.50548495515  649  183  183.207412966  1.65050028482  0.0203628880983
1.50548495515  650  197  196.796496969  1.62301328618  -0.00702165747662
1.50548495515  650  211  210.573950149  1.59323523192  0.0308603636805
1.50548495515  651  224  224.455686789  1.53959641149  0.0874655895489
1.50548495515  651  238  238.43605116  1.54619362601  0.0990318472638
1.50548495515  651  253  252.508439856  1.53479180313  0.0566660877527
1.50548495515  652  267  266.664305079  1.52364360787  0.0209324586221
1.50548495515  652  281  280.97986954  1.64886759291  0.0179102901155
1.50548495515  652  295  295.44245478  1.5116728717  0.0548506880602
1.50548495515  653  310  309.91220625  1.67978525576  -0.00332053674582
1.50548495515  653  325  324.578465885  1.55513741265  -0.00770278739441
1.50548495515  653  339  339.392130808  1.66865430016  0.0403145234571
1.50548495515  654  354  354.269612853  1.72229567162  0.0394008357015
1.50548495515  654  369  369.302922502  1.72842828402  0.0500320220496
1.50548495515  654  384  384.453803273  1.67595349232  0.0599410370603
1.50548495515  654  400  399.704083882  1.70448049103  0.0173709357344
1.50548495515  654  415  415.15891746  1.74700429703  0.0704570974186
1.50548495515  655  431  430.635610318  1.6360850081  0.0300514071265
1.50548495515  655  446  446.352181128  1.65210984962  0.0726472745434
1.50548495515  655  462  462.150003089  1.76080017573  0.0502224321147
1.50548495515  655  478  478.062745916  1.78418329749  0.0118397137548
1.50548495515  655  494  494.142281405  1.80192758185  0.0209566208222
1.50548495515  655  510  510.343965328  1.79044226531  0.0326785516497
1.50548495515  655  527  526.666084164  1.76176559306  0.00254328656943
1.50548495515  655  543  543.18497136  1.87529597147  0.0507827046418
1.50548495515  655  560  559.783287175  1.82316613961  0.0246917610699
1.50548495515  655  577  576.57036818  1.76928688099  0.0470747337643
1.50548495515  655  594  593.526904382  1.74815012372  0.0795183788707
1.50548495515  655  611  610.574985154  1.73062956846  0.0465100133577
1.50548495515  655  628  627.779453127  1.83793080605  0.00543155132747
1.50548495515  655  645  645.195245282  1.90100401237  0.0417758886972
1.50548495515  655  663  662.662254024  1.81332916241  -0.0117217885645
1.50548495515  654  680  680.465860166  1.85271511918  0.0357610733176
1.50548495515  654  698  698.285818613  1.954432674  0.0275019384866
1.50548495515  654  716  716.303942593  1.99440564015  0.0470717546261
1.50548495515  654  734  734.439817244  1.96441573665  0.0427610377196
1.50548495515  653  753  752.817084518  2.03441592462  0.034516622906
1.50548495515  653  771  771.33568084  2.00269729318  0.0799321959386
1.50548495515  653  790  789.98550089  2.10807807693  0.0438393268579
1.50548495515  652  809  808.866383987  2.07906716864  0.0525610716982
1.50548495515  652  828  827.893082739  2.09952500729  0.0603497246033
1.50548495515  651  847  847.17577748  2.11775759243  0.0642106306288
1.50548495515  651  867  866.537947337  1.97314981798  0.0605010471348
1.50548495515  650  886  886.161980989  2.14463340759  0.0479034504744
1.50548495515  649  906  905.966634774  2.22132177466  0.0142270239854
1.50548495515  649  926  925.875310318  2.26777718983  -0.00797116502971
1.50548495515  648  946  946.092414964  2.29163093141  0.00111911041469
1.50548495515  647  966  966.450667624  2.30359008769  -0.0426924287936
1.50548495515  646  987  987.05539621  2.42388833489  0.00492804167084
1.50548495515  646  1008  1007.71534783  2.46299863027  -0.0216263067309
1.68335495515  641  15  15.2481714492  1.57317958249  0.058430223704
1.68335495515  642  28  27.5606217965  1.54604530487  0.0311355912906
1.68335495515  643  40  40.0088613113  1.63185941457  0.0575454746966
1.68335495515  643  53  52.5282285359  1.47175645934  0.0522980007529
1.68335495515  644  65  65.1773770502  1.56088009583  0.0742891099506
1.68335495515  644  78  77.8522961233  1.59595999719  0.0341465402913
1.68335495515  645  91  90.650158897  1.45384054698  -0.00231357651184
1.68335495515  645  104  103.578954305  1.42434122147  -0.0018448986686
1.68335495515  646  117  116.595425842  1.43212688622  -0.00386738253545
1.68335495515  646  130  129.697763037  1.5466761296  -0.0157978225347
1.68335495515  647  143  142.909504686  1.61941524197  -0.0176522216068
1.68335495515  647  156  156.281841903  1.59089361521  0.0554550208913
1.68335495515  648  170  169.650855843  1.58147698318  -0.0166170112051
1.68335495515  648  183  183.209872538  1.66142080373  0.0238828478163
1.68335495515  649  197  196.813309261  1.63811170176  -0.00673211545753
1.68335495515  649  211  210.596290681  1.58940284345  0.037465609712
1.68335495515  650  224  224.468556536  1.55820820293  0.0824400686908
1.68335495515  650  238  238.449497227  1.55393307894  0.0933307465062
1.68335495515  650  253  252.518834123  1.51662762318  0.0602146472732
1.68335495515  651  267  266.680879552  1.5385868207  0.000196451652835
1.68335495515  651  281  281.007958744  1.66767729664  0.0162919253167
1.68335495515  651  295  295.462365175  1.52835165925  0.0498626868626
1.68335495515  652  310  309.936410665  1.67870103808  -0.00690262376196
1.68335495515  652  325  324.597893286  1.58611524197  -0.00557409169266
1.68335495515  652  339  339.422351714  1.65821539779  0.0349605385992
1.68335495515  653  354  354.299911724  1.69439824804  0.044872284617
1.68335495515  653  369  369.333160988  1.71522945455  0.0566696580323
1.68335495515  653  384  384.478347772  1.6390126402  0.0425348059003
1.68335495515  653  400  399.736805112  1.69854435591  0.024243566883
1.68335495515  654  415  415.176110238  1.69872996659  0.0663810390573
1.68335495515  654  431  430.679870629  1.6616239367  0.0387889090464
1.68335495515  654  446  446.394286945  1.64859447518  0.0838089684813
1.68335495515  654  462  462.185882443  1.74056618371  0.0460160451619
1.68335495515  654  478  478.10325609  1.76946253032  0.0254518042252
1.68335495515  654  494  494.188894372  1.79431282981  0.0249740751668
1.68335495515  654  510  510.388398506  1.75199860704  0.0305579571322
1.68335495515  654  527  526.709413793  1.7921508801  0.00270307542237
1.68335495515  654  543  543.232847001  1.85663867797  0.0578972228134
1.68335495515  654  560  559.847082724  1.85219928552  0.0367938317516
1.68335495515  654  577  576.620456323  1.80454931248  0.0480650013338
1.68335495515  654  594  593.569317926  1.75902985418  0.0713990828367
1.68335495515  654  611  610.621471851  1.74998251661  0.030131879226
1.68335495515  654  628  627.840250811  1.8431728712  0.0171665511682
1.68335495515  654  645  645.251508109  1.88384737553  0.0465916267125
1.68335495515  654  663  662.720289101  1.84149463982  -0.0236507908569
1.68335495515  653  681  680.506315963  1.85694947289  0.0173434015628
1.68335495515  653  698  698.363910917  1.90463586359  0.0368050525216
1.68335495515  653  716  716.372327658  1.9802017392  0.0416272952584
1.68335495515  653  734  734.503549134  1.94564041902  0.0410342480189
1.68335495515  652  753  752.894293373  2.07078562039  0.0389760825467
1.68335495515  652  771  771.401009832  1.99966244948  0.0697222847896
1.68335495515  652  790  790.071208899  2.09959837981  0.0822774719166
1.68335495515  651  809  808.966635343  2.09895403233  0.0681605004915
1.68335495515  651  828  827.985383364  2.12074455174  0.0771968258113
1.68335495515  650  847  847.253900279  2.09149905373  0.0773518067244
1.68335495515  650  867  866.601274555  2.02062188538  0.0295681922491
1.68335495515  649  886  886.259576526  2.13073091216  0.0549284526767
1.68335495515  648  906  906.070017379  2.22668869131  0.0271118112178
1.68335495515  648  926  925.977240909  2.28616471566  0.00205318915392
1.68335495515  647  946  946.191057474  2.27281425248  0.0105482411306
1.68335495515  646  967  966.544545345  2.27991548655  -0.0149418150956
1.68335495515  645  987  987.104514335  2.52671355154  0.0146075548702
1.68335495515  645  1008  1007.818827  2.45396169585  -0.00285567264954
1.86122495515  640  15  15.2396012429  1.59798571967  0.045494375406
1.86122495515  641  28  27.5414234173  1.53852893663  0.0159823258483
1.86122495515  642  40  39.9960519127  1.62260685372  0.0600003696716
1.86122495515  642  53  52.5188290005  1.42465247951  0.0497836970733
1.86122495515  643  65  65.1721669615  1.56891055347  0.0824156383789
1.86122495515  643  78  77.8417612494  1.5861018734  0.0187001283056
1.86122495515  644  91  90.6504811171  1.44457099365  -0.000230686132818
1.86122495515  644  104  103.581003253  1.41900870009  0.00268492261817
1.86122495515  645  117  116.58752671  1.40902530899  -0.00599095692226
1.86122495515  645  130  129.700036113  1.54981919747  -0.0188562579506
1.86122495515  646  143  142.914492352  1.58163638163  -0.00248748714462
1.86122495515  646  156  156.28481539  1.58164521373  0.0642567884196
1.86122495515  647  170  169.654565011  1.61326765132  -0.00944915936778
1.86122495515  647  183  183.22083859  1.66503474485  0.0278239491505
1.86122495515  648  197  196.816535868  1.63768824819  -0.00762973742276
1.86122495515  648  211  210.591592364  1.59823433598  0.0208038601065
1.86122495515  649  224  224.480280733  1.55993132825  0.0789514846466
1.86122495515  649  238  238.466275469  1.54476592179  0.0931581341429
1.86122495515  649  253  252.534002509  1.5184593732  0.0460883739729
1.86122495515  650  267  266.699620771  1.57775437922  0.0145869922199
1.86122495515  650  281  281.030234268  1.67904101987  0.0284246681373
1.86122495515  650  295  295.473158812  1.5337781406  0.0545157143624
1.86122495515  651  310  309.965188923  1.68642860651  -0.00170579626251
1.86122495515  651  325  324.619977978  1.58151024582  -0.0154169945824
1.86122495515  651  339  339.429028945  1.65491473732  0.0241437406791
1.86122495515  652  354  354.326608957  1.68589521065  0.0447540904766
1.86122495515  652  369  369.355604174  1.70935498478  0.0498649967868
1.86122495515  652  384  384.499797718  1.66587582217  0.0473249249334
1.86122495515  652  400  399.756950025  1.71947476669  0.0157189201134
1.86122495515  653  415  415.202165744  1.7395211736  0.0816996081995
1.86122495515  653  431  430.702390599  1.67246860423  0.0143464362679
1.86122495515  653  446  446.422909168  1.60419104222  0.0841712148133
1.86122495515  653  462  462.228953706  1.72653712437  0.0559468259911
1.86122495515  653  478  478.135976858  1.766564037  0.0176030692711
1.86122495515  653  494  494.223684325  1.80969348892  0.0268148609399
1.86122495515  653  510  510.419145196  1.73400918191  0.00923255115333
1.86122495515  653  527  526.737494366  1.8130327447  -0.008110235038
1.86122495515  653  543  543.281017877  1.84734963988  0.0537982917232
1.86122495515  653  560  559.902067245  1.86838268465  0.0441335265983
1.86122495515  653  577  576.663979572  1.80641019398  0.0327810061486
1.86122495515  653  594  593.604816524  1.77534708921  0.0528261130085
1.86122495515  653  611  610.667870891  1.79239905037  0.0116918616039
1.86122495515  653  628  627.904900474  1.87678135523  0.0279239480639
1.86122495515  653  645  645.318913511  1.83903625211  0.0539218297498
1.86122495515  653  663  662.787011623  1.87757104487  -0.016956324401
1.86122495515  653  681  680.506303865  1.91529820684  -0.0180914396691
1.86122495515  652  698  698.406623153  1.91146443585  0.0259235356422
1.86122495515  652  716  716.423459795  1.97501330596  0.0454605694495
1.86122495515  652  735  734.568783584  1.94012930012  0.0327678598249
1.86122495515  651  753  752.982538171  2.05048897813  0.0564966298746
1.86122495515  651  771  771.462278385  1.98728823518  0.0706129604204
1.86122495515  651  790  790.1472108  2.09107510105  0.0929994551756
1.86122495515  650  809  809.04109288  2.09249385463  0.0757036767703
1.86122495515  650  828  828.087422412  2.10229667063  0.104299492444
1.86122495515  649  847  847.328208431  2.04868117044  0.0790776429981
1.86122495515  649  867  866.6864794  2.02440331025  0.0321923219553
1.86122495515  648  886  886.327793745  2.07078276197  0.0505491315051
1.86122495515  647  906  906.167815855  2.20331447467  0.073199832304
1.86122495515  647  926  926.058267486  2.26066189376  0.00483364642199
1.86122495515  646  946  946.274104366  2.23786012376  0.0223445159728
1.86122495515  645  967  966.637645507  2.29607943555  -0.0156766503135
1.86122495515  645  987  987.216312989  2.4796719096  0.0219056725274
1.86122495515  644  1008  1007.92339076  2.442586943  0.00558817911126
2.03909495515  640  15  15.2291916954  1.6039747735  0.0362602039182
2.03909495515  640  28  27.5402793953  1.53818253017  0.0225882874303
2.03909495515  641  40  39.9947404844  1.62836784184  0.0475883446559
2.03909495515  641  53  52.5182441746  1.45712639942  0.0576779749966
2.03909495515  642  65  65.1699670138  1.56825202834  0.0792402752275
2.03909495515  642  78  77.842462119  1.59431518401  0.0247681424299
2.03909495515  643  91  90.6531000384  1.4693409084  0.00210492198463
2.03909495515  644  104  103.582404756  1.43549346239  -0.00880647636137
2.03909495515  644  117  116.589394784  1.40416918282  -0.0129963270966
2.03909495515  645  130  129.686926966  1.53996083525  -0.0191327103436
2.03909495515  645  143  142.910098305  1.60403565102  -0.0191510791844
2.03909495515  645  156  156.28055998  1.60084427271  0.0427106574284
2.03909495515  646  170  169.654846373  1.6011987223  -0.0167157240007
2.03909495515  646  183  183.224188527  1.67069151493  0.0232156635875
2.03909495515  647  197  196.830293924  1.64098796746  -0.000751808219909
2.03909495515  647  211  210.608440349  1.61344168812  0.0282821469154
2.03909495515  648  224  224.47738917  1.56383422145  0.0689051173764
2.03909495515  648  238  238.473870209  1.5619232789  0.08928108617
2.03909495515  648  253  252.53554471  1.52208386445  0.0532221050168
2.03909495515  649  267  266.71377317  1.57455811659  0.00882109658283
2.03909495515  649  281  281.056758854  1.66183134444  0.0352991881008
2.03909495515  650  295  295.479873211  1.53564317258  0.0551612684608
2.03909495515  650  310  309.986637963  1.68810390903  -0.00123501591184
2.03909495515  650  325  324.632766155  1.57505859528  -0.0214541947938
2.03909495515  650  339  339.442973799  1.64915638219  0.0305439036313
2.03909495515  651  354  354.347133276  1.69444060432  0.0483399163025
2.03909495515  651  369  369.381053584  1.71215193126  0.0535288311114
2.03909495515  651  385  384.526874088  1.66192133523  0.0427326164347
2.03909495515  651  400  399.793319355  1.72935403231  0.0188610518086
2.03909495515  652  415  415.21885063  1.74088063472  0.0673150260875
2.03909495515  652  431  430.733413945  1.67135945792  0.0246988798429
2.03909495515  652  446  446.442299443  1.60682299492  0.0654496623183
2.03909495515  652  462  462.271594103  1.73022901885  0.0737818135925
2.03909495515  652  478  478.190217235  1.78005087226  0.0314767087107
2.03909495515  652  494  494.275004339  1.79794228381  0.0357344341905
2.03909495515  652  510  510.455943992  1.7449439604  0.0252716113288
2.03909495515  652  527  526.786399247  1.81228430774  -0.000592093808319
2.03909495515  652  543  543.330200337  1.83747713773  0.0635653695699
2.03909495515  652  560  559.939109792  1.85323602362  0.0454977815513
2.03909495515  652  577  576.711561258  1.80323040275  0.0357233889426
2.03909495515  652  594  593.647661054  1.7675466809  0.0405785692533
2.03909495515  652  611  610.708299449  1.8250240852  0.016192303537
2.03909495515  652  628  627.96799309  1.89259562041  0.0326355826563
2.03909495515  652  645  645.367078736  1.83200519989  0.0476827346358
2.03909495515  652  663  662.846177519  1.89657121185  -0.013583680161
2.03909495515  652  681  680.562795103  1.83861827699  0.00164789772496
2.03909495515  651  698  698.470270234  1.8962858008  0.0188681019039
2.03909495515  651  716  716.481156186  1.96459218029  0.0320773645876
2.03909495515  651  735  734.620623333  1.94319211518  0.0213768418834
2.03909495515  650  753  753.034909959  2.05505631079  0.0487391141225
2.03909495515  650  772  771.520993498  1.9755676831  0.0522146744808
2.03909495515  650  790  790.220668747  2.05162168376  0.100540561161
2.03909495515  649  809  809.112672336  2.08490275231  0.0783958890677
2.03909495515  649  828  828.16589718  2.08551977016  0.105581146611
2.03909495515  648  847  847.402248567  2.0217467715  0.0788235879256
2.03909495515  648  867  866.735221175  2.06904434766  0.0220948272354
2.03909495515  647  886  886.421968577  2.02414066997  0.0616106430379
2.03909495515  647  906  906.239498029  2.27929116314  0.0511020373989
2.03909495515  646  926  926.146870101  2.24937421016  0.00781107220876
2.03909495515  645  946  946.378250514  2.22540080105  0.028584589336
2.03909495515  644  967  966.701676851  2.3035869491  -0.0354490562669
2.03909495515  644  987  987.228445484  2.45146560318  -0.035899936704
2.03909495515  643  1008  1008.00728322  2.4695796923  -1.78828392337e-05
