# Band 4A   Etalon 2B   Slice 10
# Distortion map version 06.04.00 - date 2018-10-11
# Trace (isoalpha): Take pixel trace along specified slice, specified alpha position trace is built by taking the pixel in every detector row with alpha value closest to the one specified 
# xpos[i] = np.argmin(alpha_img[i,:])+funcs.find_nearest(alpha_img[i,:][(slice_img[i,:]!=0)],alpha_pos)
#    alpha       x  y      center         FWHM          skewness
0.0  193  20  20.2661559514  3.75943040751  -0.0199069943709
0.0  193  64  63.5402711281  3.56062351261  0.0104836434535
0.0  194  106  105.89192658  3.54516303668  -0.00637704959619
0.0  194  147  147.30180585  3.52990627089  -0.0162072670077
0.0  194  188  187.800760559  3.4841294895  -0.0142102875511
0.0  195  228  227.534004453  3.50140237409  -0.0117390949766
0.0  195  266  266.408290171  3.53138992874  -0.010775224077
0.0  195  305  304.571820787  3.58955440358  -0.019699213652
0.0  195  342  341.972417952  3.53119060835  -0.0191681591845
0.0  195  379  378.6373296  3.39546525142  -0.012869906253
0.0  196  415  414.585054328  3.40623460735  -0.00596034162828
0.0  196  450  449.80674861  3.28808019366  -0.00158243033067
0.0  196  484  484.36642916  3.28865441784  -0.00163017106954
0.0  196  518  518.31899177  3.29771820971  -0.00905926415859
0.0  196  552  551.631665897  3.327013516  -0.000983107569089
0.0  196  584  584.323784661  3.2187650259  -0.0119698244868
0.0  196  616  616.439482845  3.32057148785  0.00103540229098
0.0  195  648  647.954259313  3.2323273838  0.00391613153237
0.0  195  679  678.926129379  3.26277221535  0.000390210421718
0.0  195  709  709.237761035  3.30968563425  -0.0166103800166
0.0  195  739  739.203906342  3.25664466079  0.00171766071378
0.0  195  769  768.514155713  3.26234139021  -0.00882998744769
0.0  195  797  797.343101576  3.31838453629  -0.00319262676124
0.0  194  826  825.736413023  3.24677272088  0.00330041014275
0.0  194  854  853.590588372  3.30879931137  0.0101144078337
0.0  194  881  881.002244667  3.38091832691  -0.0148222408553
0.0  194  908  907.905987407  3.31092648813  -8.2425781705e-05
0.0  193  934  934.406058908  3.31514272899  -0.00506164921289
0.0  193  960  960.0526893  3.3927082873  -0.120190239764
0.0  193  986  986.111844465  3.36790242605  0.0161332040013
0.0  193  1011  1011.31738889  3.46014253014  0.0127777625719
-2.6177523875  183  20  19.7807087495  3.83184010951  -0.0128831522384
-2.6177523875  183  63  63.0529255206  3.77374458982  -0.017531037233
-2.6177523875  184  106  105.47599009  3.69397760923  -0.00634423566778
-2.6177523875  184  147  146.949577989  3.53254872027  -0.00652635249614
-2.6177523875  185  188  187.489131694  3.47059714088  -0.0112294125512
-2.6177523875  185  227  227.170206206  3.50688885085  -0.0329293053047
-2.6177523875  185  266  266.133372801  3.39411627623  -0.00579114416396
-2.6177523875  185  304  304.256569848  3.4853883074  -0.0183223149636
-2.6177523875  186  342  341.731372714  3.41503772247  -0.0177651593622
-2.6177523875  186  378  378.459379322  3.41464569597  -0.00448415361123
-2.6177523875  186  414  414.428795886  3.42743219566  0.00488271872989
-2.6177523875  186  450  449.692247773  3.35828428264  0.00556612574464
-2.6177523875  186  484  484.241903399  3.34883510571  -0.00583418351083
-2.6177523875  186  518  518.229116955  3.28396065052  9.21980617417e-05
-2.6177523875  186  552  551.568079637  3.36823478155  -0.00686339500894
-2.6177523875  186  584  584.311613872  3.40233039117  -0.0130153950322
-2.6177523875  186  616  616.389445816  3.28248703312  -0.0147882956201
-2.6177523875  186  648  647.990156447  3.34602980006  0.00552356312548
-2.6177523875  186  679  678.974303516  3.33272997867  0.0150886767976
-2.6177523875  185  709  709.409738396  3.25978135306  0.00804823150865
-2.6177523875  185  739  739.317338496  3.20524486289  0.00652678066128
-2.6177523875  185  769  768.629537744  3.27608645015  -0.0158553422134
-2.6177523875  185  798  797.515806859  3.28848906682  0.00427178725967
-2.6177523875  185  826  825.855345126  3.27668546978  0.00596600217835
-2.6177523875  184  854  853.764078997  3.17045484027  0.0191419410066
-2.6177523875  184  881  881.18272266  3.44760333676  -0.0106595976384
-2.6177523875  184  908  908.177927619  3.33496439833  0.00733808941081
-2.6177523875  184  935  934.630187907  3.36871019268  -0.0110846698852
-2.6177523875  183  961  960.749788218  3.39410563985  0.00855298031543
-2.6177523875  183  986  986.389009556  3.403821832  0.00611773691769
-2.6177523875  183  1012  1011.64535893  3.42460328648  0.00858105592103
-2.3521233875  184  20  19.7863324414  3.89896664258  -0.0144341178402
-2.3521233875  184  63  63.1238126472  3.66063963981  -0.00621049090458
-2.3521233875  185  106  105.518003288  3.67932245957  -0.00450089474474
-2.3521233875  185  147  146.968872339  3.5147531306  -0.00994377027232
-2.3521233875  186  188  187.485072525  3.48679676981  -0.0232680462599
-2.3521233875  186  227  227.21290981  3.44193566836  -0.03373641688
-2.3521233875  186  266  266.133997021  3.44381568841  -0.00313449403125
-2.3521233875  186  304  304.305541542  3.49165310757  -0.0154565217384
-2.3521233875  187  342  341.759367454  3.47382733709  -0.0156237821555
-2.3521233875  187  378  378.470614325  3.45028585037  -0.00684950132895
-2.3521233875  187  414  414.434693464  3.37683596248  -0.00589290620837
-2.3521233875  187  450  449.687129493  3.27529989676  0.00131363347612
-2.3521233875  187  484  484.223009454  3.36940338735  -0.0133448015904
-2.3521233875  187  518  518.257884466  3.28380985839  0.00568807480933
-2.3521233875  187  552  551.555123666  3.41212979018  -0.00469175664419
-2.3521233875  187  584  584.309094952  3.34269485531  -0.000249279256278
-2.3521233875  187  616  616.362193679  3.24077331756  -0.0187765864243
-2.3521233875  187  648  647.952566171  3.38759641593  -0.000460079461474
-2.3521233875  187  679  678.995741873  3.29971588338  0.0144924219679
-2.3521233875  186  709  709.362162187  3.29887487231  -0.00677165218203
-2.3521233875  186  739  739.287125309  3.24781087397  0.00232282935566
-2.3521233875  186  769  768.636961553  3.2567810464  -0.0136597352275
-2.3521233875  186  798  797.489082148  3.25831621718  4.04165750584e-05
-2.3521233875  186  826  825.828260883  3.2670384323  0.00344771147639
-2.3521233875  185  854  853.747634142  3.23798005431  -0.00654475550636
-2.3521233875  185  881  881.17380375  3.44293771402  -0.00443586104039
-2.3521233875  185  908  908.146232347  3.3888928248  0.00639769253108
-2.3521233875  185  935  934.624549339  3.38280606862  -0.00514864818633
-2.3521233875  184  961  960.711342272  3.42306566227  0.00803963765228
-2.3521233875  184  986  986.360939512  3.3959488137  0.011006619784
-2.3521233875  184  1012  1011.5995509  3.44957604819  0.00618367717029
-2.0864943875  185  20  19.8491939122  3.86775950509  -0.0160349224653
-2.0864943875  185  63  63.2076220749  3.67012847041  0.00443448889716
-2.0864943875  186  106  105.573345367  3.68688366279  -0.00208724233583
-2.0864943875  186  147  146.998883816  3.61130506864  -0.000889143998783
-2.0864943875  187  188  187.554023994  3.53729766481  -0.0146401774724
-2.0864943875  187  227  227.28676325  3.47228783212  -0.00723193642343
-2.0864943875  187  266  266.155054034  3.47069375261  -0.00943485988423
-2.0864943875  187  304  304.361299519  3.47307764072  -0.0108480356643
-2.0864943875  188  342  341.800790144  3.51191270883  -0.0118036193981
-2.0864943875  188  378  378.473483632  3.49312024158  -0.00970589879402
-2.0864943875  188  414  414.4477144  3.41468324733  -0.00479403137651
-2.0864943875  188  450  449.70074096  3.34136511206  0.00445907379724
-2.0864943875  188  484  484.248084725  3.38876027904  -0.0009701833306
-2.0864943875  188  518  518.237009039  3.26941529954  -0.0067231736881
-2.0864943875  188  552  551.598084887  3.47311689321  -0.00037575690421
-2.0864943875  188  584  584.293801625  3.36530380811  -0.0115283135895
-2.0864943875  188  616  616.395081756  3.2694171942  -0.020771131842
-2.0864943875  188  648  647.968723312  3.38069168407  0.000622796836246
-2.0864943875  188  679  678.960269909  3.31299521875  0.00262509708305
-2.0864943875  187  709  709.372944741  3.31490327055  6.46434336158e-05
-2.0864943875  187  739  739.242354366  3.26754808797  -0.00332524713443
-2.0864943875  187  769  768.592071709  3.25719632617  -0.0219863274953
-2.0864943875  187  797  797.469410226  3.26881326755  -0.0114539190595
-2.0864943875  187  826  825.82604374  3.2654359719  0.00362025093782
-2.0864943875  186  854  853.745974212  3.24357365516  -0.00150310970081
-2.0864943875  186  881  881.179185987  3.41336755685  0.00661063331773
-2.0864943875  186  908  908.120239313  3.38116675484  0.00389558504586
-2.0864943875  186  935  934.615554346  3.3815054899  0.00106236839618
-2.0864943875  185  961  960.703446502  3.43419139948  0.0161758518664
-2.0864943875  185  986  986.31110257  3.3995306254  0.00559259868684
-2.0864943875  185  1012  1011.54094202  3.43281835649  0.00247304829163
-1.8208653875  186  20  19.9439533243  3.84433725562  -0.00620354396486
-1.8208653875  186  63  63.2645247969  3.75091898687  0.01168881787
-1.8208653875  187  106  105.639073941  3.73250417845  -0.0134575170267
-1.8208653875  187  147  147.066197494  3.65579501678  0.00618962005569
-1.8208653875  188  188  187.608483627  3.57279273458  -0.0113722557402
-1.8208653875  188  227  227.300822767  3.53089620762  -0.0102066381703
-1.8208653875  188  266  266.173868466  3.4526178576  -0.0183800412558
-1.8208653875  188  304  304.396793507  3.49884070821  -0.00990466631095
-1.8208653875  189  342  341.853244875  3.51580420742  -0.00132982777785
-1.8208653875  189  379  378.5136794  3.45206795307  -0.00510838162298
-1.8208653875  189  414  414.443733307  3.46385900125  -0.00866662018839
-1.8208653875  189  450  449.69439545  3.38373144248  -0.00338722228879
-1.8208653875  189  484  484.313302629  3.42015925296  0.00906157605522
-1.8208653875  189  518  518.261555699  3.30323148145  -0.00830960160571
-1.8208653875  189  552  551.62171372  3.41121142897  0.00430553364777
-1.8208653875  189  584  584.284260584  3.28711817107  -0.0242880680449
-1.8208653875  189  616  616.436819147  3.25763101696  -0.0101175987194
-1.8208653875  189  648  647.965018759  3.35224275433  0.00148954046517
-1.8208653875  189  679  678.942006945  3.29202637772  0.0010323827674
-1.8208653875  188  709  709.396812805  3.26177422705  0.0139184878532
-1.8208653875  188  739  739.2154389  3.27012500397  -0.00900403425206
-1.8208653875  188  769  768.559190163  3.23484518492  -0.0279187386091
-1.8208653875  188  797  797.442380747  3.29389334694  -0.0162713451662
-1.8208653875  188  826  825.826149773  3.280501579  0.00725876612099
-1.8208653875  187  854  853.711164485  3.24276695307  -0.00619409137424
-1.8208653875  187  881  881.166425724  3.34271777487  0.00308100472435
-1.8208653875  187  908  908.101670675  3.35971728871  0.00555421127357
-1.8208653875  187  935  934.589166351  3.39245939591  0.0049787286732
-1.8208653875  186  961  960.681409493  3.40825566607  0.00770905356812
-1.8208653875  186  986  986.268117347  3.35296513328  0.00893014993888
-1.8208653875  186  1012  1011.51090392  3.45685917733  0.00466725314856
-1.5552363875  187  20  19.96078352  3.84138919184  -0.015972570266
-1.5552363875  187  63  63.3063642247  3.78649454768  0.00332474811116
-1.5552363875  188  106  105.71121539  3.62001797662  0.00717455113142
-1.5552363875  188  147  147.099495896  3.65653039216  0.00346936613782
-1.5552363875  189  188  187.685394295  3.49754731257  0.00634548775768
-1.5552363875  189  227  227.289270476  3.519169925  -0.0210366024766
-1.5552363875  189  266  266.179746744  3.47656458659  -0.0192460777289
-1.5552363875  189  304  304.431594083  3.50310451788  -0.0111955925324
-1.5552363875  190  342  341.876609673  3.45475628209  -0.00769980048335
-1.5552363875  190  379  378.540137186  3.41718309774  -0.015176916858
-1.5552363875  190  414  414.43060441  3.46503540212  -0.0178417417732
-1.5552363875  190  450  449.694273846  3.37422979817  -0.00690557457048
-1.5552363875  190  484  484.327573118  3.42736259688  0.0105505252026
-1.5552363875  190  518  518.269293924  3.33609328948  -0.00511403034067
-1.5552363875  190  552  551.621401319  3.35423353498  0.00198257282959
-1.5552363875  190  584  584.312862805  3.3084469463  -0.0141541096004
-1.5552363875  190  616  616.439714605  3.263775712  -0.0155139643798
-1.5552363875  190  648  647.877201999  3.25795929533  -0.0175880911852
-1.5552363875  190  679  678.938449842  3.3303808769  0.00756844722643
-1.5552363875  189  709  709.379762319  3.24533512063  0.0114331487292
-1.5552363875  189  739  739.216107103  3.31127698417  -0.00359955047344
-1.5552363875  189  769  768.543110247  3.23894868679  -0.017173760136
-1.5552363875  189  797  797.423169598  3.34161609958  -0.0106424753387
-1.5552363875  189  826  825.796536589  3.29719623924  0.00666851117336
-1.5552363875  188  854  853.666413479  3.279216113  -0.00954828760515
-1.5552363875  188  881  881.117986792  3.33106791234  -0.000577394037343
-1.5552363875  188  908  908.076250634  3.30979135321  0.00453957676947
-1.5552363875  188  935  934.53868088  3.35116442493  -0.00242757671413
-1.5552363875  187  961  960.649697404  3.42335661948  0.0121785861666
-1.5552363875  187  986  986.252189807  3.34270273317  0.0075714852316
-1.5552363875  187  1012  1011.50877857  3.40922154569  0.0133101633654
-1.2896073875  188  20  19.9918228998  3.83857219663  -0.0142331570674
-1.2896073875  188  63  63.3125520518  3.72824317291  -0.00367979207479
-1.2896073875  189  106  105.762732999  3.63102020735  0.0208172665713
-1.2896073875  189  147  147.091263506  3.56070406304  -0.0119802693613
-1.2896073875  190  188  187.704540363  3.44840792048  -0.000496053699666
-1.2896073875  190  227  227.305623213  3.54014322615  -0.0195200497074
-1.2896073875  190  266  266.210531485  3.5382378934  -0.0182534568927
-1.2896073875  190  304  304.467540705  3.53286521408  -0.0112823539609
-1.2896073875  191  342  341.883387209  3.49073444709  -0.0101194974268
-1.2896073875  191  379  378.546158728  3.45862014173  -0.0155397453313
-1.2896073875  191  414  414.476849695  3.45035891859  -0.00791352935068
-1.2896073875  191  450  449.689209204  3.2996164977  -0.00778379086716
-1.2896073875  191  484  484.343741599  3.34832405042  0.000535809395737
-1.2896073875  191  518  518.27315004  3.35323753311  -0.00656721953551
-1.2896073875  191  552  551.59520418  3.32773330863  -0.00635714908405
-1.2896073875  191  584  584.326315523  3.27519181963  -0.00411918134315
-1.2896073875  191  616  616.408996148  3.2852784572  -0.0158750090463
-1.2896073875  191  648  647.889891078  3.29217260842  -0.0108927622713
-1.2896073875  191  679  678.930587818  3.30372981206  0.00932447922126
-1.2896073875  190  709  709.332142095  3.25992260923  -0.00590250531794
-1.2896073875  190  739  739.254820864  3.29834990215  0.000547973068575
-1.2896073875  190  769  768.561926337  3.19856296844  -0.0156689257526
-1.2896073875  190  797  797.401494871  3.32604663866  -0.00503792446007
-1.2896073875  190  826  825.779017036  3.26041125906  0.00370450516182
-1.2896073875  189  854  853.663836425  3.32819518388  0.00114200795625
-1.2896073875  189  881  881.118063391  3.37059668358  0.011277104816
-1.2896073875  189  908  908.058908452  3.32702134233  0.00837606429076
-1.2896073875  189  934  934.509924805  3.34012599473  -0.00484706634852
-1.2896073875  188  961  960.614830164  3.38356117416  0.0159920346679
-1.2896073875  188  986  986.23405867  3.31507793999  0.0110984697282
-1.2896073875  188  1012  1011.46149656  3.42318312276  0.0085566658546
-1.0239783875  189  20  20.0659564392  3.85183291752  -0.0145008016906
-1.0239783875  189  63  63.3905866744  3.66512880968  0.00238161652813
-1.0239783875  190  106  105.758897617  3.5680583223  0.00448498427489
-1.0239783875  190  147  147.123997116  3.54694084685  -0.00827691129978
-1.0239783875  191  188  187.731435817  3.47483240449  0.00416100622236
-1.0239783875  191  227  227.343133374  3.52389075156  -0.0219102076391
-1.0239783875  191  266  266.259501644  3.53944185229  -0.0170019574593
-1.0239783875  191  304  304.491999107  3.51081161819  -0.0118325054457
-1.0239783875  192  342  341.897744387  3.45589433743  -0.00602990081072
-1.0239783875  192  379  378.550751151  3.47457651695  -0.0184926595485
-1.0239783875  192  415  414.529285731  3.43417562507  -0.00297599000312
-1.0239783875  192  450  449.700517349  3.43530139433  -0.0049495690603
-1.0239783875  192  484  484.318332447  3.30583661898  -0.00208345705905
-1.0239783875  192  518  518.317815997  3.35296832027  0.00234835882368
-1.0239783875  192  552  551.627917018  3.31606286038  0.00345946700619
-1.0239783875  192  584  584.322637684  3.3622736984  -0.000503609470164
-1.0239783875  192  616  616.405503739  3.22801833103  -0.0147494755606
-1.0239783875  192  648  647.908728867  3.24842240426  -0.0113594312075
-1.0239783875  192  679  678.900545023  3.28099046959  -0.00935673724373
-1.0239783875  191  709  709.301853267  3.20205134373  -0.00646532105322
-1.0239783875  191  739  739.218573581  3.31803613474  -0.00757689828325
-1.0239783875  191  769  768.556972826  3.24810884255  -0.0050259488542
-1.0239783875  191  797  797.422473135  3.36553028394  0.00748084599668
-1.0239783875  191  826  825.774388419  3.29336459394  0.00353191924811
-1.0239783875  190  854  853.659270349  3.28400885837  0.0122996106499
-1.0239783875  190  881  881.087629001  3.3915644149  0.00824694413865
-1.0239783875  190  908  908.002092066  3.37035665571  0.0049898021358
-1.0239783875  190  934  934.478934833  3.32831493052  -0.0106838978871
-1.0239783875  189  961  960.583658982  3.33741103618  0.00341227253835
-1.0239783875  189  986  986.220544389  3.3666679448  0.0135541200364
-1.0239783875  189  1011  1011.41668305  3.45712027601  0.00522131666521
-0.7583493875  190  20  20.1699179135  3.78303976123  -0.0117484563632
-0.7583493875  190  63  63.436914306  3.66200592474  0.000402044384789
-0.7583493875  191  106  105.747658417  3.52771891905  -0.019766814397
-0.7583493875  191  147  147.201958845  3.55639549884  0.00181372081304
-0.7583493875  192  188  187.748187538  3.45935783219  -0.0118378389098
-0.7583493875  192  227  227.385736516  3.57651973061  -0.0181163617872
-0.7583493875  192  266  266.317814496  3.4905064521  -0.00878573080646
-0.7583493875  192  304  304.493576322  3.49711854122  -0.00938503611848
-0.7583493875  193  342  341.906189776  3.4819863416  -0.00461476050562
-0.7583493875  193  379  378.627648553  3.45775964792  -0.00289977045624
-0.7583493875  193  415  414.580012555  3.38692007094  0.00311857666692
-0.7583493875  193  450  449.719511089  3.44773643635  -0.00976372594416
-0.7583493875  193  484  484.319119163  3.26158479245  -0.009288486177
-0.7583493875  193  518  518.334097036  3.36291499699  0.00177504535812
-0.7583493875  193  552  551.661236471  3.27447212583  0.00323788701819
-0.7583493875  193  584  584.349329233  3.40614262398  -0.000781515548875
-0.7583493875  193  616  616.394635461  3.24668665252  -0.013992943993
-0.7583493875  193  648  647.960426202  3.22941618434  0.00225599362722
-0.7583493875  193  679  678.911147825  3.26259936842  -0.00535409787956
-0.7583493875  192  709  709.317927906  3.23831332473  7.15879679292e-05
-0.7583493875  192  739  739.179039041  3.30510040852  -0.0115552688139
-0.7583493875  192  769  768.542622963  3.29715124483  -0.00872917152835
-0.7583493875  192  797  797.412560036  3.36622401442  0.00318194917968
-0.7583493875  192  826  825.738021474  3.3024922694  0.00137092836532
-0.7583493875  191  854  853.636788985  3.25356497184  0.00467416396724
-0.7583493875  191  881  881.039462544  3.34668221065  -0.000833253138739
-0.7583493875  191  908  907.986503265  3.37473678664  0.00286487485936
-0.7583493875  191  934  934.462441846  3.30545332693  -0.00549852870636
-0.7583493875  190  961  960.560503863  3.33250668258  0.00549439748374
-0.7583493875  190  986  986.198559412  3.40174192718  0.0151147421917
-0.7583493875  190  1011  1011.4057508  3.41242616379  0.0025807483537
-0.4927203875  191  20  20.2293266979  3.79878755909  -0.0078321920194
-0.4927203875  191  63  63.4846261166  3.64162580433  0.00110752789272
-0.4927203875  192  106  105.815358643  3.55562884295  -0.00120279269086
-0.4927203875  192  147  147.229346179  3.52260541433  -0.00691394731684
-0.4927203875  193  188  187.749725163  3.46180320184  -0.017178510982
-0.4927203875  193  227  227.428527016  3.50605507365  -0.0145030296374
-0.4927203875  193  266  266.335727029  3.4696655862  -0.0129298344413
-0.4927203875  193  305  304.551871678  3.55017229806  -0.00423272407318
-0.4927203875  193  342  341.898690482  3.45506177618  -0.0234586593731
-0.4927203875  194  379  378.595091217  3.36869435936  -0.019473018019
-0.4927203875  194  415  414.558883704  3.44664612918  -0.010935893711
-0.4927203875  194  450  449.715011332  3.39695306362  -0.0224231745695
-0.4927203875  194  484  484.339123061  3.2806897763  -0.00283309153423
-0.4927203875  194  518  518.323420431  3.36960469113  -0.00211726422317
-0.4927203875  194  552  551.674005386  3.26170105799  2.87059563117e-05
-0.4927203875  194  584  584.35581314  3.3629935491  -0.000997075309472
-0.4927203875  194  616  616.377412728  3.24856753879  -0.0176025808698
-0.4927203875  194  648  647.950591481  3.22600914343  0.00247508992125
-0.4927203875  193  679  678.904100611  3.24087708382  -0.00912202712804
-0.4927203875  193  709  709.304814324  3.23585750025  -0.00449161018209
-0.4927203875  193  739  739.177672696  3.29602102312  -0.0133447774805
-0.4927203875  193  769  768.537512427  3.2971567997  -0.00688719915269
-0.4927203875  193  797  797.386914514  3.31677472233  -0.00453850037901
-0.4927203875  193  826  825.728203402  3.26964332309  0.00255154688008
-0.4927203875  192  854  853.633478636  3.24970640547  0.00388192445472
-0.4927203875  192  881  881.017568294  3.35371950349  -0.0100748836907
-0.4927203875  192  908  907.966405854  3.36350269014  -0.00144148197179
-0.4927203875  192  934  934.43886434  3.27917875301  -0.00585222834256
-0.4927203875  191  961  960.588275618  3.31977754033  0.0191456004053
-0.4927203875  191  986  986.155811951  3.38844425233  0.0135192446319
-0.4927203875  191  1011  1011.38317095  3.4377382145  0.00491474497802
-0.2270913875  192  20  20.2520477689  3.8083421954  -0.00897475344365
-0.2270913875  192  64  63.490861947  3.61764381598  -0.00319186041107
-0.2270913875  193  106  105.845785113  3.55189955849  -0.0108964791145
-0.2270913875  193  147  147.278708351  3.48833370305  -0.0139005072142
-0.2270913875  194  188  187.785904498  3.48889633157  -0.0170272125264
-0.2270913875  194  228  227.482259109  3.4636372677  -0.0124214325749
-0.2270913875  194  266  266.366485542  3.50027829169  -0.0110772117778
-0.2270913875  194  305  304.581777871  3.53140856955  -0.0143832804501
-0.2270913875  194  342  341.927055318  3.44677417946  -0.0244515853048
-0.2270913875  195  379  378.637023946  3.39326516149  -0.0140450524076
-0.2270913875  195  415  414.589393485  3.44480713238  0.0017396456261
-0.2270913875  195  450  449.779796729  3.30992567522  -0.0109670017101
-0.2270913875  195  484  484.393357933  3.29562819921  0.00860122926361
-0.2270913875  195  518  518.34247591  3.33736951104  0.00169786490883
-0.2270913875  195  552  551.644387544  3.30533639749  -0.00361739055057
-0.2270913875  195  584  584.338708549  3.26106645541  -0.00967539591064
-0.2270913875  195  616  616.419710024  3.29139632105  -0.00143242373025
-0.2270913875  195  648  647.954259313  3.2323273838  0.00391613153237
-0.2270913875  194  679  678.884608903  3.24645591876  -0.0101540018231
-0.2270913875  194  709  709.254258007  3.27810118528  -0.0185658556149
-0.2270913875  194  739  739.195093914  3.29514568187  -0.00914081932926
-0.2270913875  194  768  768.502919553  3.25770300617  -0.0222626984334
-0.2270913875  194  797  797.359823461  3.31300503134  -0.0080123475934
-0.2270913875  194  826  825.736400266  3.24845098826  0.0025899618056
-0.2270913875  193  854  853.611641091  3.29600681584  0.0100283835023
-0.2270913875  193  881  881.014231646  3.37625986799  -0.00961327300628
-0.2270913875  193  908  907.948180425  3.34036051122  -0.00472946794034
-0.2270913875  193  934  934.407311836  3.30974674719  -0.00771218199522
-0.2270913875  192  960  960.40825688  3.33437101993  -0.0371372768633
-0.2270913875  192  986  986.129293961  3.40964981884  0.0140975524032
-0.2270913875  192  1011  1011.35640752  3.45875066251  0.0150540806517
0.0385376125003  193  20  20.266316393  3.75859529737  -0.0195399269474
0.0385376125003  193  64  63.5399295601  3.55895797974  0.00946051690117
0.0385376125003  194  106  105.892220726  3.54414021669  -0.00544796233025
0.0385376125003  194  147  147.30180585  3.52990627089  -0.0162072670077
0.0385376125003  195  188  187.819249716  3.51093631409  -0.000309559166469
0.0385376125003  195  228  227.534004453  3.50140237409  -0.0117390949766
0.0385376125003  195  266  266.408290171  3.53138992874  -0.010775224077
0.0385376125003  195  305  304.571820787  3.58955440358  -0.019699213652
0.0385376125003  195  342  341.97263358  3.53598570412  -0.0177437989186
0.0385376125003  196  379  378.624328667  3.40518642675  -0.0182021853278
0.0385376125003  196  415  414.585054328  3.40623460735  -0.00596034162828
0.0385376125003  196  450  449.80674861  3.28808019366  -0.00158243033067
0.0385376125003  196  484  484.36642916  3.28865441784  -0.00163017106954
0.0385376125003  196  518  518.31899177  3.29771820971  -0.00905926415859
0.0385376125003  196  552  551.631665897  3.327013516  -0.000983107569089
0.0385376125003  196  584  584.323784661  3.2187650259  -0.0119698244868
0.0385376125003  196  616  616.439482845  3.32057148785  0.00103540229098
0.0385376125003  196  648  647.931815563  3.20105946417  -0.00547462509194
0.0385376125003  195  679  678.926255962  3.26168042026  0.00104459540674
0.0385376125003  195  709  709.237761035  3.30968563425  -0.0166103800166
0.0385376125003  195  739  739.203906342  3.25664466079  0.00171766071378
0.0385376125003  195  769  768.514155713  3.26234139021  -0.00882998744769
0.0385376125003  195  797  797.343101576  3.31838453629  -0.00319262676124
0.0385376125003  195  826  825.697158561  3.27761099338  -0.0019443871389
0.0385376125003  194  854  853.590588372  3.30879931137  0.0101144078337
0.0385376125003  194  881  881.002244667  3.38091832691  -0.0148222408553
0.0385376125003  194  908  907.905987407  3.31092648813  -8.2425781705e-05
0.0385376125003  194  934  934.385285855  3.35547152918  -0.00572852469873
0.0385376125003  193  960  960.0526893  3.3927082873  -0.120190239764
0.0385376125003  193  986  986.111844465  3.36790242605  0.0161332040013
0.0385376125003  193  1011  1011.31738861  3.46019293424  0.0127979814256
0.3041666125  194  20  20.3887928121  3.75800296819  -0.00519030133395
0.3041666125  194  64  63.6090019401  3.58029923063  0.00856341660724
0.3041666125  195  106  105.937270378  3.54277515558  -0.0223245570036
0.3041666125  195  147  147.35838969  3.57999804722  -0.0102210391491
0.3041666125  196  188  187.868030694  3.49545363849  -0.00836028707847
0.3041666125  196  228  227.584585151  3.53819650077  -0.0126328329831
0.3041666125  196  266  266.469846639  3.51324476923  -0.012244547022
0.3041666125  196  305  304.597173306  3.5520571923  -0.0228897001524
0.3041666125  196  342  341.997267965  3.53189520589  -0.0119158836543
0.3041666125  197  379  378.630446383  3.36882091804  -0.0216550005056
0.3041666125  197  415  414.635624743  3.3035960877  -0.0103805326106
0.3041666125  197  450  449.811001567  3.34066131249  0.00151156408777
0.3041666125  197  484  484.375802055  3.32338469955  -0.0138458690589
0.3041666125  197  518  518.321074971  3.25675324348  -0.0111479424836
0.3041666125  197  552  551.624974646  3.35343159857  -0.0080348333681
0.3041666125  197  584  584.303628482  3.2284156443  -0.0173889674798
0.3041666125  197  616  616.430050413  3.29935540981  -0.00276028407216
0.3041666125  197  648  647.918121916  3.24597015201  -0.00368981537772
0.3041666125  196  679  678.928531461  3.25246609169  0.00204520313202
0.3041666125  196  709  709.283001539  3.30008182143  -0.00720677035283
0.3041666125  196  739  739.155925338  3.29678738822  -0.0143614860175
0.3041666125  196  768  768.510729294  3.27846246528  -0.0137584294413
0.3041666125  196  797  797.338348559  3.29335101147  -0.00534505696604
0.3041666125  196  826  825.69773029  3.30720218909  0.00492377484632
0.3041666125  195  854  853.583877145  3.31906464526  0.0121212217
0.3041666125  195  881  880.982491737  3.3914733013  -0.00482513908819
0.3041666125  195  908  907.887980864  3.35358146449  -0.00123053463625
0.3041666125  195  934  934.363754681  3.34435771333  -0.0013148541136
0.3041666125  194  960  960.114031212  3.42826984738  -0.107225909835
0.3041666125  194  986  986.06933619  3.35830232488  0.0108203342213
0.3041666125  194  1011  1011.27371537  3.47857917825  0.0110157375287
0.5697956125  195  20  20.4486955805  3.80241866919  -0.010700760035
0.5697956125  195  64  63.6745730443  3.61829655852  0.00562773969468
0.5697956125  196  106  106.000055424  3.53160426077  -0.00495518896302
0.5697956125  196  147  147.362812672  3.60286251104  -0.0154049543821
0.5697956125  197  188  187.858160438  3.504579579  -0.0177713183047
0.5697956125  197  228  227.58172079  3.53541677939  -0.0156065835953
0.5697956125  197  266  266.473178424  3.54216824912  -0.0167459975609
0.5697956125  197  305  304.62593597  3.54711784537  -0.0176824848761
0.5697956125  197  342  341.997707712  3.55920458715  -0.0159881627455
0.5697956125  198  379  378.669421948  3.33253887629  -0.0178273491278
0.5697956125  198  415  414.634439149  3.36209277954  -0.0118336491777
0.5697956125  198  450  449.816618571  3.32725565257  -0.00358193545482
0.5697956125  198  484  484.396350516  3.30067138008  -0.00877642558237
0.5697956125  198  518  518.331664995  3.27925876129  -0.000564054764325
0.5697956125  198  552  551.640401151  3.31895338237  -0.00847343483201
0.5697956125  198  584  584.300004509  3.23146017909  -0.0184441493183
0.5697956125  198  616  616.445542734  3.22722779293  0.000644638829814
0.5697956125  198  648  647.924701145  3.25289439575  0.00262106902905
0.5697956125  197  679  678.897399417  3.29206100736  -0.00132399661287
0.5697956125  197  709  709.280203648  3.30480566201  -0.0106745052009
0.5697956125  197  739  739.154195858  3.27731420643  -0.00512572536043
0.5697956125  197  768  768.485162018  3.31539453127  -0.0112882138539
0.5697956125  197  797  797.323838384  3.29329837291  -0.00476033677765
0.5697956125  197  826  825.672372592  3.26845938327  0.00657999999547
0.5697956125  196  854  853.551738662  3.30347788705  0.00138774679186
0.5697956125  196  881  880.960616953  3.34233925044  0.00119211902897
0.5697956125  196  908  907.889732861  3.36923914286  0.00586046618009
0.5697956125  196  934  934.344985472  3.28649340999  -0.00139536494889
0.5697956125  195  960  960.395631885  3.37649090857  -0.0208240751551
0.5697956125  195  986  986.052206514  3.34115339842  0.0128654665419
0.5697956125  195  1011  1011.22358138  3.46938341129  0.0104691006245
0.8354246125  196  20  20.4938591774  3.85018358861  -0.00774989228303
0.8354246125  196  64  63.7073231203  3.66172406392  -0.0041870343186
0.8354246125  197  106  106.078693852  3.49755507415  0.00859842930176
0.8354246125  197  147  147.357512434  3.58132471164  -0.0228393634685
0.8354246125  198  188  187.872193578  3.44809499846  -0.0233453107147
0.8354246125  198  228  227.61393275  3.5126887587  -0.0178414683751
0.8354246125  198  266  266.511989482  3.53350501253  -0.0159171606689
0.8354246125  198  305  304.672852111  3.53353030311  -0.0102379560182
0.8354246125  198  342  342.027314665  3.53939309411  -0.0121991073041
0.8354246125  199  379  378.705158491  3.37058370947  -0.0112508311148
0.8354246125  199  415  414.654530874  3.41802730685  -0.00401910268371
0.8354246125  199  450  449.832788425  3.3561675737  -0.00594117932437
0.8354246125  199  484  484.415064705  3.38673680575  -0.00390968095578
0.8354246125  199  518  518.32885717  3.30276849658  -0.00398100313252
0.8354246125  199  552  551.66706228  3.30509406958  0.00246063425452
0.8354246125  199  584  584.325940892  3.27071883755  -0.00866934778419
0.8354246125  199  616  616.439966615  3.2035109429  -0.00149116413344
0.8354246125  199  648  647.901161961  3.22903495825  -0.00529611019837
0.8354246125  198  679  678.87023928  3.3218978296  -0.00658902943973
0.8354246125  198  709  709.262695485  3.33706496253  -0.0154717882396
0.8354246125  198  739  739.13105568  3.23649093066  -0.0113358909867
0.8354246125  198  768  768.472847192  3.28244106685  -0.0110632330338
0.8354246125  198  797  797.309506877  3.26347837845  -0.00554191294201
0.8354246125  198  826  825.668048833  3.25439147186  0.00964986152529
0.8354246125  197  854  853.528492778  3.29043928169  0.00181447185835
0.8354246125  197  881  880.934446991  3.33707794682  -0.00725520582674
0.8354246125  197  908  907.845061867  3.31079917419  -0.00727931470372
0.8354246125  197  934  934.354144735  3.30635322264  0.000183260827717
0.8354246125  196  960  960.414276895  3.31700010007  0.0130626114356
0.8354246125  196  986  986.019474459  3.38785700057  0.00686105618727
0.8354246125  196  1011  1011.20002818  3.43561211337  0.015353713669
1.1010536125  197  21  20.5305531483  3.77727007013  -0.00526400642145
1.1010536125  197  64  63.7343401699  3.60636890506  -0.00939635759437
1.1010536125  198  106  106.077990597  3.52718585885  0.00198462558309
1.1010536125  198  147  147.37380519  3.66161280431  -0.0256503706438
1.1010536125  199  188  187.903290285  3.46220520211  -0.0293530759254
1.1010536125  199  228  227.679450225  3.5269009609  -0.0119438977719
1.1010536125  199  267  266.534680122  3.51917326867  -0.0197464305884
1.1010536125  199  305  304.674359912  3.52352963452  -0.0277548435647
1.1010536125  199  342  342.094068411  3.48276751672  0.00286836047742
1.1010536125  200  379  378.723316088  3.37656661621  -0.0128588114621
1.1010536125  200  415  414.666038169  3.45829937674  -0.00159114085077
1.1010536125  200  450  449.867404  3.32273260334  0.000178637272382
1.1010536125  200  484  484.449357119  3.35000461577  0.00236647947607
1.1010536125  200  518  518.350379655  3.30110449618  -0.00411663360621
1.1010536125  200  552  551.662264114  3.27093144224  -0.000966430881554
1.1010536125  200  584  584.347583271  3.23831500189  -0.0112536538377
1.1010536125  200  616  616.434310831  3.26432087275  -0.00767943832396
1.1010536125  200  648  647.914254866  3.25052105813  -0.0163064068322
1.1010536125  199  679  678.860008477  3.30080747634  -0.00755900206439
1.1010536125  199  709  709.248410736  3.36685346783  -0.0148392169217
1.1010536125  199  739  739.102832662  3.22236479861  -0.0168731892355
1.1010536125  199  768  768.463506328  3.2587388763  -0.00600274794247
1.1010536125  199  797  797.304742984  3.23950078693  -0.00749072048387
1.1010536125  199  826  825.649835333  3.25246365962  0.0108575646464
1.1010536125  198  854  853.529042396  3.27864650996  0.0108056278629
1.1010536125  198  881  880.912117559  3.34023329983  -0.00148583609098
1.1010536125  198  908  907.82197132  3.31554865955  -0.00864641375075
1.1010536125  198  934  934.302338244  3.30667746945  -0.00200170422432
1.1010536125  197  960  960.389399206  3.38690653439  0.00930569796073
1.1010536125  197  986  985.990717917  3.42873057492  0.0105931847967
1.1010536125  197  1011  1011.1805636  3.42595551602  0.0108065788768
1.3666826125  198  21  20.5868100894  3.62922125669  -0.00774023313912
1.3666826125  198  64  63.7791353155  3.6252600084  0.00164851374551
1.3666826125  199  106  106.063306333  3.52031906226  -0.0219269105378
1.3666826125  199  147  147.413292362  3.62220388588  -0.0265277271372
1.3666826125  199  188  187.91073766  3.48537147896  -0.0178576719809
1.3666826125  200  228  227.694482659  3.51426591119  -0.019048370332
1.3666826125  200  267  266.585718233  3.51060674019  -0.012725296089
1.3666826125  200  305  304.702949005  3.559490013  -0.0197996244283
1.3666826125  200  342  342.125312068  3.42549824068  -0.000779193223658
1.3666826125  201  379  378.763681466  3.40657422728  -0.00401485920744
1.3666826125  201  415  414.682919397  3.4251101814  -0.00908626161175
1.3666826125  201  450  449.893238174  3.38392233776  0.00653931444856
1.3666826125  201  484  484.43251989  3.32533567878  -0.00506045109242
1.3666826125  201  518  518.371037146  3.31231593586  -0.000471042625405
1.3666826125  201  552  551.675201277  3.27661806036  -0.00528124274985
1.3666826125  201  584  584.360053762  3.21364821084  -0.00820487605883
1.3666826125  201  616  616.406795996  3.29723746692  -0.0176326815024
1.3666826125  201  648  647.922673301  3.2941075073  -0.0148405430795
1.3666826125  200  679  678.867034531  3.24411729177  -0.00522173947072
1.3666826125  200  709  709.24368987  3.26614873818  -0.0100707718192
1.3666826125  200  739  739.08002446  3.26576867223  -0.0184748284604
1.3666826125  200  768  768.447745305  3.28570117213  -0.00458016052337
1.3666826125  200  797  797.301290108  3.27473613587  -0.00340553245342
1.3666826125  200  826  825.62537012  3.29324867139  0.00855229730729
1.3666826125  199  854  853.506884696  3.34689141691  0.0105520523092
1.3666826125  199  881  880.907876333  3.37154489858  0.00632882261453
1.3666826125  199  908  907.811053483  3.30352433533  -0.00493449091704
1.3666826125  199  934  934.242620051  3.27181994617  -0.00731731099125
1.3666826125  198  960  960.359679957  3.33857286851  0.0159604163499
1.3666826125  198  986  985.971850824  3.41115243759  0.0208978477297
1.3666826125  198  1011  1011.15150616  3.44822038681  0.00691593900933
1.6323116125  199  21  20.6411936102  3.70088047945  -0.00534028197804
1.6323116125  199  64  63.8316730296  3.60090938141  0.00195206730393
1.6323116125  200  106  106.095928461  3.49614335278  -0.0154431077471
1.6323116125  200  148  147.44662698  3.63576141986  -0.0250176569634
1.6323116125  200  188  187.977184722  3.52036815854  -0.0202221177573
1.6323116125  201  228  227.72625837  3.4953679261  -0.0152309312249
1.6323116125  201  267  266.641876906  3.46059796964  -0.00759105080119
1.6323116125  201  305  304.768479558  3.51465371696  -0.00455784199692
1.6323116125  201  342  342.16177238  3.48243392018  0.00305863932599
1.6323116125  202  379  378.765834987  3.43387155551  -0.00653037180037
1.6323116125  202  415  414.666584019  3.4056098328  -0.0230434416703
1.6323116125  202  450  449.889360203  3.34756872487  -0.000972629061895
1.6323116125  202  484  484.429763124  3.33306363847  -0.00947951873435
1.6323116125  202  518  518.372701969  3.34287495252  -0.00835686610288
1.6323116125  202  552  551.687005884  3.22634300446  -5.63992742308e-05
1.6323116125  202  584  584.344525204  3.30413250848  -0.0202099559443
1.6323116125  202  616  616.408468541  3.27455086437  -0.0127037073083
1.6323116125  202  648  647.871636978  3.32804359673  -0.0248494061639
1.6323116125  201  679  678.855888916  3.23683582823  -0.00849163401746
1.6323116125  201  709  709.239287881  3.31208188488  -0.00447772298561
1.6323116125  201  739  739.107856024  3.24734052464  -0.0154276839525
1.6323116125  201  768  768.4693189  3.29551310553  0.00148899418704
1.6323116125  201  797  797.287241386  3.28222924796  0.00191543858599
1.6323116125  201  826  825.607150815  3.31511979842  0.00446985190018
1.6323116125  200  854  853.493230994  3.33097425807  0.0103893583503
1.6323116125  200  881  880.850790192  3.37134371671  -0.00137994214739
1.6323116125  200  908  907.797879103  3.28095837002  0.00239643716726
1.6323116125  200  934  934.237394981  3.28380780565  -0.00207974607332
1.6323116125  199  960  960.299469892  3.31911011162  0.0108685393748
1.6323116125  199  986  985.923692394  3.33204962653  0.0157248926757
1.6323116125  199  1011  1011.10556486  3.39740352832  0.00858660510821
1.8979406125  200  21  20.7220215624  3.7188366416  -0.00147226090893
1.8979406125  200  64  63.8957660978  3.6623563162  -0.00626152145898
1.8979406125  201  106  106.170126409  3.46995068605  -0.00318873211686
1.8979406125  201  148  147.52217836  3.61104470897  -0.0216561896227
1.8979406125  201  188  187.982315731  3.49438951908  -0.0312871050982
1.8979406125  202  228  227.7410253  3.52853495111  -0.0135776584365
1.8979406125  202  267  266.70767839  3.49491591013  0.00439793391495
1.8979406125  202  305  304.810706955  3.53529275426  -0.0101782172304
1.8979406125  202  342  342.143974423  3.5116437982  -0.00751160542398
1.8979406125  203  379  378.775913665  3.45993598961  -0.00512201791305
1.8979406125  203  415  414.686476315  3.42400934303  -0.0160859239247
1.8979406125  203  450  449.95333586  3.33510456122  0.00931200982932
1.8979406125  203  484  484.441302443  3.33307202753  -0.00964481547694
1.8979406125  203  518  518.393776267  3.28876691289  -0.000867067458533
1.8979406125  203  552  551.675540051  3.27297182609  -0.00277156461307
1.8979406125  203  584  584.375710035  3.35302920369  -0.00854404629188
1.8979406125  203  616  616.378234692  3.3016673626  -0.0178798962176
1.8979406125  203  648  647.859262074  3.32601197879  -0.0166513219544
1.8979406125  202  679  678.859280723  3.26824505747  -0.0126942870423
1.8979406125  202  709  709.236585341  3.35779103785  -0.00642742314841
1.8979406125  202  739  739.101328857  3.28771326251  -0.0170430727513
1.8979406125  202  768  768.442048412  3.30254497231  -0.00560615161267
1.8979406125  202  797  797.28322511  3.26052566817  -0.000799378173437
1.8979406125  202  826  825.611574023  3.3167057191  0.0171925656197
1.8979406125  201  854  853.465447149  3.26589339276  0.00862400188495
1.8979406125  201  881  880.82790959  3.37390436026  -0.005156190974
1.8979406125  201  908  907.762410961  3.25798994471  0.00348300418887
1.8979406125  201  934  934.256499279  3.31465287085  0.015068765701
1.8979406125  200  960  960.254475843  3.40005653461  0.00572470085025
1.8979406125  200  986  985.884823159  3.31221375068  0.0127385854931
1.8979406125  200  1011  1011.0486931  3.41315516783  0.00457832625299
2.1635696125  201  21  20.7704720169  3.69561724944  -0.00366560807853
2.1635696125  201  64  63.9672016134  3.62844660259  0.00462542263533
2.1635696125  202  106  106.192504971  3.51159651263  -0.00958253197701
2.1635696125  202  148  147.590419224  3.55514465419  -0.0144839464189
2.1635696125  202  188  188.051014962  3.43269712023  -0.0190158126239
2.1635696125  203  228  227.759127125  3.56731314083  -0.0118808165401
2.1635696125  203  267  266.726070552  3.54508246897  0.000162028837032
2.1635696125  203  305  304.83999215  3.50969424309  -0.00451834489663
2.1635696125  203  342  342.187157603  3.47710793766  0.00425557136101
2.1635696125  204  379  378.824650017  3.42949933768  -0.00553455174318
2.1635696125  204  415  414.695449883  3.3776422521  -0.0159786408458
2.1635696125  204  450  449.945881402  3.33527969446  0.00548111765949
2.1635696125  204  484  484.457333158  3.30727705941  -0.0125019542414
2.1635696125  204  518  518.391499063  3.27417936327  -0.00582658052504
2.1635696125  204  552  551.663712303  3.30168115285  -0.00897826131871
2.1635696125  204  584  584.32748783  3.29868226825  -0.0188111848686
2.1635696125  204  616  616.408447562  3.29138311568  -0.0120513101312
2.1635696125  204  648  647.874898039  3.29903997105  -0.0185199482771
2.1635696125  203  679  678.815574401  3.28162483063  -0.0183001785464
2.1635696125  203  709  709.211994691  3.36190417482  -0.0168284208823
2.1635696125  203  739  739.122376409  3.32269999862  -0.0118445987512
2.1635696125  203  768  768.465475244  3.27152278106  0.00584103509772
2.1635696125  203  797  797.268502579  3.29163001776  -0.00116722424839
2.1635696125  203  826  825.575679942  3.29117477345  0.0112220227839
2.1635696125  202  853  853.438846797  3.27065539955  0.00914691086873
2.1635696125  202  881  880.817792109  3.31956356919  0.000773422818572
2.1635696125  202  908  907.72025429  3.30872252268  -0.00380022432858
2.1635696125  202  934  934.213666319  3.28683099142  0.00964362154005
2.1635696125  201  960  960.23350276  3.37474051812  0.00956449243488
2.1635696125  201  986  985.820933951  3.34107410562  0.00280429279874
2.1635696125  201  1011  1011.03156491  3.44649814262  0.00903215951945
2.4291986125  202  21  20.830373673  3.69545172001  0.00382449809688
2.4291986125  202  64  63.9657681028  3.57285857786  -0.00248373448285
2.4291986125  203  106  106.170495554  3.54416847299  -0.03138643156
2.4291986125  203  148  147.575139213  3.56660623642  -0.0207855556
2.4291986125  203  188  188.092730342  3.44924858879  -0.0153025306706
2.4291986125  204  228  227.818457519  3.60117593445  -0.0109756108664
2.4291986125  204  267  266.756014838  3.52394068705  0.0105232534096
2.4291986125  204  305  304.875387417  3.53758700212  -0.00619724568162
2.4291986125  204  342  342.227065327  3.48209202614  0.0060838014929
2.4291986125  205  379  378.868773943  3.45075786848  -0.00974927962702
2.4291986125  205  415  414.727981041  3.36603820552  -0.001594285402
2.4291986125  205  450  449.926070595  3.31757573759  -0.0070470298754
2.4291986125  205  484  484.460627004  3.3079327054  -0.00877660880865
2.4291986125  205  518  518.349070804  3.3112048693  -0.0169567263048
2.4291986125  205  552  551.656382985  3.30843253596  -0.00402259161513
2.4291986125  205  584  584.323559227  3.23457325943  -0.0144997456579
2.4291986125  205  616  616.416717454  3.26288242776  -0.0140578138115
2.4291986125  205  648  647.911045981  3.18879733984  -0.014464423976
2.4291986125  204  679  678.811338737  3.2947596225  -0.0119094070726
2.4291986125  204  709  709.215723797  3.36236139491  -0.0124078412239
2.4291986125  204  739  739.089219398  3.35607178945  -0.0075889265966
2.4291986125  204  768  768.441356912  3.3111352928  0.000553486250076
2.4291986125  204  797  797.25584806  3.29955481671  -0.00104865618709
2.4291986125  204  826  825.555783983  3.29494029518  0.0132494595935
2.4291986125  203  853  853.413636269  3.30766692073  0.00955999581674
2.4291986125  203  881  880.757874447  3.32160156125  -0.00422618761971
2.4291986125  203  908  907.714520915  3.33393876577  0.00137097013372
2.4291986125  203  934  934.145622102  3.27154980418  -0.00494781083184
2.4291986125  202  960  960.187924835  3.34552212135  0.0034060841959
2.4291986125  202  986  985.775958229  3.37856358188  0.0161640260266
2.4291986125  202  1011  1011.01234728  3.47744784703  0.0100708351085
2.6948276125  203  21  20.8803341938  3.72981166006  0.0047352924446
2.6948276125  203  64  64.0018496677  3.57458173737  -0.00924454761493
2.6948276125  204  106  106.189036889  3.59193741829  -0.0295307766435
2.6948276125  204  148  147.551576042  3.61016380847  -0.0300499450567
2.6948276125  204  188  188.138416305  3.47802226545  -0.0234969226849
2.6948276125  205  228  227.855910683  3.62903034833  -0.0191255648297
2.6948276125  205  267  266.751465941  3.55514867669  -0.0104100469478
2.6948276125  205  305  304.861902619  3.46043833431  -0.0177805637943
2.6948276125  205  342  342.241192813  3.51755874192  -0.00478739816495
2.6948276125  206  379  378.858192029  3.42935200136  -0.0132182117994
2.6948276125  206  415  414.713104201  3.38074068824  -0.0288298298068
2.6948276125  206  450  449.944828166  3.33850357524  -0.0076114993297
2.6948276125  206  484  484.481476346  3.2856506466  -0.00177423672461
2.6948276125  206  518  518.38133812  3.34381972372  -0.0013671956794
2.6948276125  206  552  551.648149855  3.32652587887  -0.0158358084648
2.6948276125  206  584  584.300833645  3.27484828143  -0.0186515099885
2.6948276125  206  616  616.396744437  3.21555869902  -0.0230729456018
2.6948276125  206  648  647.8662465  3.25939133818  -0.026848226776
2.6948276125  205  679  678.846342594  3.30293028404  0.00758546795895
2.6948276125  205  709  709.23517587  3.35441145079  0.00512664600307
2.6948276125  205  739  739.071617815  3.3654212453  -0.00567706456575
2.6948276125  205  768  768.38767552  3.34148141339  -0.00734680838435
2.6948276125  205  797  797.240326159  3.28522831596  0.00479644451901
2.6948276125  205  826  825.557121223  3.27544068568  0.0192540131216
2.6948276125  204  853  853.399199947  3.32241493144  0.0189731296674
2.6948276125  204  881  880.770704409  3.32285044359  0.00316960300231
2.6948276125  204  908  907.681346401  3.33679665011  0.00561018049269
2.6948276125  204  934  934.120877997  3.2961474638  -0.00373965192082
2.6948276125  203  960  960.144155579  3.34604857398  0.00570658067764
2.6948276125  203  986  985.735064464  3.34116132396  0.00824238835278
2.6948276125  203  1011  1010.96172995  3.47314861944  0.00866034168034
2.9604566125  204  21  20.9420715361  3.6826422863  -0.000928501754705
2.9604566125  204  64  64.0460999639  3.60728929779  -0.00748838955741
2.9604566125  205  106  106.276926431  3.57660765981  -0.02302655038
2.9604566125  205  148  147.575749336  3.60730163856  -0.0375042210232
2.9604566125  205  188  188.186607047  3.57106221252  -0.0156078260748
2.9604566125  206  228  227.883525649  3.59919661772  -0.0273184284843
2.9604566125  206  267  266.776913718  3.54172022888  -0.00239648668509
2.9604566125  206  305  304.922410783  3.463213662  -0.0122414440695
2.9604566125  206  342  342.286013682  3.49975997617  0.00309931258234
2.9604566125  207  379  378.87223181  3.41832260373  -0.00989710309414
2.9604566125  207  415  414.737740029  3.44751312592  -0.0123691906243
2.9604566125  207  450  449.932158511  3.36031288285  -0.0133222130678
2.9604566125  207  484  484.497309385  3.28943933034  -0.00806683471808
2.9604566125  207  518  518.397070566  3.36079733801  -0.00178759493854
2.9604566125  207  552  551.700358288  3.32878837339  -0.000555074254779
2.9604566125  207  584  584.345544593  3.29889894811  -0.00687319709747
2.9604566125  207  616  616.408831705  3.25325571099  -0.0135727476018
2.9604566125  207  648  647.861822978  3.29155381603  -0.0194931784651
2.9604566125  206  679  678.852368331  3.32338018311  0.00325981888222
2.9604566125  206  709  709.19120146  3.31598888162  -0.000458826974593
2.9604566125  206  739  739.0546798  3.36298827717  -0.00452113496836
2.9604566125  206  768  768.402284066  3.35190769606  0.00292329965342
2.9604566125  206  797  797.185763398  3.27761338638  -0.00936404824476
2.9604566125  205  826  825.564469575  3.27935297544  0.0295021154492
2.9604566125  205  853  853.389592523  3.30185869044  0.0273729989512
2.9604566125  205  881  880.754585962  3.39509244993  0.00304130745527
2.9604566125  205  908  907.654996176  3.32005001689  0.00633540864668
2.9604566125  204  934  934.094843273  3.27884088942  0.0068813341128
2.9604566125  204  960  960.136194756  3.3471167991  0.011041182166
2.9604566125  204  986  985.711439521  3.32045058034  0.0112674648785
2.9604566125  204  1011  1010.92180696  3.477021235  0.0100021009229
3.2260856125  205  21  20.9516835254  3.6187461419  -0.014601003493
3.2260856125  205  64  64.1289626517  3.63121028782  0.00450741460914
3.2260856125  206  106  106.326993696  3.65762612684  -0.0275528730675
3.2260856125  206  148  147.638798819  3.62124949414  -0.031577012504
3.2260856125  206  188  188.219064139  3.59861452512  -0.0154452897191
3.2260856125  207  228  227.954079389  3.64256004643  -0.00486077167006
3.2260856125  207  267  266.841950932  3.62140391098  0.0102204079398
3.2260856125  207  305  304.930925482  3.46758566019  -0.0123318724349
3.2260856125  207  342  342.317905178  3.43739572229  0.00550166412834
3.2260856125  208  379  378.889274689  3.40865071215  -0.00953235648875
3.2260856125  208  415  414.747690288  3.40349399043  -0.00152742247689
3.2260856125  208  450  449.921309251  3.41131186959  -0.0117852331507
3.2260856125  208  484  484.499618395  3.3490543309  -0.00720887232135
3.2260856125  208  518  518.407721281  3.36870418466  -0.0106341838492
3.2260856125  208  552  551.687545529  3.32686505976  -0.00283921412933
3.2260856125  208  584  584.355184183  3.34141886082  -0.0094782087876
3.2260856125  208  616  616.392817805  3.31043697446  -0.00980249882825
3.2260856125  208  648  647.87983892  3.33845756977  -0.00907491070639
3.2260856125  207  679  678.787611269  3.30789039115  -0.00898939396553
3.2260856125  207  709  709.189945303  3.34206638194  -0.00488226412728
3.2260856125  207  739  739.048383657  3.34253688434  -0.00471283246094
3.2260856125  207  768  768.410162493  3.32093035648  0.0155360330846
3.2260856125  207  797  797.188958286  3.25379387197  0.000476905532785
3.2260856125  206  826  825.534771158  3.3191032602  0.022955763737
3.2260856125  206  853  853.374062557  3.31056795898  0.0205165051718
3.2260856125  206  881  880.709035107  3.33278202619  0.00143580470287
3.2260856125  206  908  907.621313374  3.30903556164  0.00521737109689
3.2260856125  205  934  934.069511694  3.25413933158  0.00727073571747
3.2260856125  205  960  960.109483703  3.37616982719  0.00994683111768
3.2260856125  205  986  985.678491728  3.29174380446  0.00573221070975
3.2260856125  205  1011  1010.88554498  3.48232202686  0.0112093526091
3.4917146125  206  21  20.9573181962  3.56423424853  -0.0250254000242
3.4917146125  206  64  64.1375445333  3.61575011924  -0.00848073207489
3.4917146125  207  106  106.351677147  3.63037814241  -0.0288298267177
3.4917146125  207  148  147.660756137  3.60964905099  -0.0370613867049
3.4917146125  207  188  188.257629881  3.55815796077  -0.0152599528107
3.4917146125  208  228  228.03717858  3.55126794433  0.000909464231809
3.4917146125  208  267  266.866987439  3.55144304341  -0.00447904432085
3.4917146125  208  305  304.950368949  3.50609068241  -0.00569854084183
3.4917146125  208  342  342.300953174  3.39199958315  -0.000901745048906
3.4917146125  209  379  378.926742412  3.39524249717  -0.00713449498284
3.4917146125  209  415  414.772319859  3.36006286568  -0.00327210204316
3.4917146125  209  450  449.952373832  3.40163292626  -0.00237423068933
3.4917146125  209  484  484.497397316  3.38074146961  -0.0150567388771
3.4917146125  209  518  518.41164315  3.31623130542  -0.00278050166466
3.4917146125  209  552  551.632111073  3.33821413616  -0.0244645366682
3.4917146125  209  584  584.362292803  3.39403273828  -0.0102366706343
3.4917146125  209  616  616.394515466  3.35589259836  -0.00886103728899
3.4917146125  208  648  647.85141554  3.34927130008  -0.014905551934
3.4917146125  208  679  678.754344244  3.29175895434  -0.0132148485676
3.4917146125  208  709  709.201846207  3.3381345329  -0.00315636007287
3.4917146125  208  739  739.03290295  3.3226994371  -0.0142558956126
3.4917146125  208  768  768.373488583  3.27251200135  0.00083258534671
3.4917146125  208  797  797.181385374  3.26266230133  0.00402978530083
3.4917146125  207  826  825.518166147  3.26561057585  0.0176594621298
3.4917146125  207  853  853.326789363  3.2990566181  0.0156877218271
3.4917146125  207  881  880.685058087  3.26784356144  0.00453855728623
3.4917146125  207  908  907.597110108  3.37303512039  0.00539768001004
3.4917146125  206  934  934.043226973  3.26519300731  0.00697353093184
3.4917146125  206  960  960.067567144  3.37855760046  0.00427967352045
3.4917146125  206  986  985.647928484  3.35520240752  0.012465529998
3.4917146125  206  1011  1010.83830766  3.44376565191  6.94908695358e-05
3.7573436125  207  21  21.0305695613  3.59673962469  -0.0125736934713
3.7573436125  207  64  64.162284559  3.62670863205  -0.00711156820346
3.7573436125  208  106  106.409273961  3.65222649607  -0.0242851587495
3.7573436125  208  148  147.698757699  3.60565765769  -0.0401850381967
3.7573436125  208  188  188.292494861  3.62307241658  -0.0207309466529
3.7573436125  209  228  228.002925348  3.5863669176  -0.0111685508332
3.7573436125  209  267  266.893395023  3.49320117576  -0.00401377380863
3.7573436125  209  305  304.986804868  3.45422258327  -0.011774880041
3.7573436125  209  342  342.314040104  3.37145800558  -0.00178339638722
3.7573436125  210  379  378.917110033  3.39220522779  -0.0168260032737
3.7573436125  210  415  414.818526187  3.43785547978  0.000447689163699
3.7573436125  210  450  450.022986365  3.40547542582  0.00527613477721
3.7573436125  210  485  484.51595243  3.32513505793  -0.00941074983134
3.7573436125  210  518  518.425536683  3.30901446047  -0.00154402118409
3.7573436125  210  552  551.678371173  3.35993515619  -0.0115907440018
3.7573436125  210  584  584.36798542  3.34245027078  -0.00849377980148
3.7573436125  210  616  616.380853036  3.34126599805  -0.0159202188162
3.7573436125  209  648  647.879361452  3.28784991999  -0.0103752933386
3.7573436125  209  679  678.787275043  3.34862681345  -0.00271809580848
3.7573436125  209  709  709.218258484  3.34586969433  -0.00599347357973
3.7573436125  209  739  739.015198375  3.31152984272  -0.010047920402
3.7573436125  209  768  768.330924351  3.28725538292  -0.00940469695266
3.7573436125  209  797  797.155010167  3.27975157802  0.000221006330465
3.7573436125  208  825  825.475377068  3.27179542947  0.00323672408584
3.7573436125  208  853  853.348039416  3.30991951836  0.0208464531808
3.7573436125  208  881  880.65687985  3.26262902153  -0.00186865611871
3.7573436125  208  908  907.593827325  3.36620812293  0.00821181702548
3.7573436125  207  934  934.039103097  3.32162302794  0.00289717026453
3.7573436125  207  960  960.032701133  3.38012744962  0.0032622415309
3.7573436125  207  986  985.647991014  3.35590367898  0.0174428556971
3.7573436125  207  1011  1010.81837262  3.41580878505  0.00815689546536
