# Band 2C   Etalon 1A   Slice 16
# Distortion map version 06.04.00 - date 2018-10-10
# Trace (isoalpha): Take pixel trace along specified slice, specified alpha position trace is built by taking the pixel in every detector row with alpha value closest to the one specified 
# xpos[i] = np.argmin(alpha_img[i,:])+funcs.find_nearest(alpha_img[i,:][(slice_img[i,:]!=0)],alpha_pos)
#    alpha       x  y      center         FWHM          skewness        wavelength
0.0  899  10  9.8851949021  5.21355679049  0.0109357635004  9.7929197838
0.0  899  25  25.5030597544  5.65361661229  0.00121147834427  9.82307176939
0.0  900  41  41.2581444839  5.67876794079  -0.00886445419727  9.85345212306
0.0  901  57  57.1819168833  5.90765325185  -0.0121681671217  9.88392651603
0.0  902  73  73.2606864874  6.13031521965  -0.0165839439436  9.9146848532
0.0  902  89  89.313819146  6.25726416684  -0.0360369946504  9.94546447186
0.0  903  106  105.60446733  6.43983189426  -0.0281985250589  9.97662176083
0.0  904  122  122.08466975  6.69145892722  0.00502722162938  10.0077831653
0.0  905  139  138.531515406  7.23427090532  -0.00219461813682  10.0392307735
0.0  905  155  155.163103139  7.52984334563  0.0181854168967  10.0707842637
0.0  906  172  171.966260069  8.40211369488  0.0175909904055  10.102519212
0.0  906  189  188.835144365  9.62280423222  0.0130761951203  10.1345415438
0.0  907  206  206.074375004  11.6279947824  0.017679926638  10.166532512
0.0  908  224  223.45030732  13.0331651151  -0.00451370327101  10.1989405749
0.0  908  241  241.118545695  17.0289181558  0.0198145410922  10.2313454729
0.0  909  259  259.397311821  19.5515495653  0.0322996823659  10.2640498053
0.0  909  277  277.850077082  21.9569158649  0.0405891187914  10.2968747211
0.0  910  296  296.327244122  20.9439564567  0.0136522838809  10.3299805801
0.0  910  314  314.891453089  20.5411311362  0.0398929358821  10.363045187
0.0  910  332  333.524140948  19.6105534851  0.0626016761015  10.3963582743
0.0  911  351  351.689018485  18.1053527595  0.0364285566402  10.4300757237
0.0  911  370  369.945471005  17.3829954972  0.0106526719312  10.4635441519
0.0  911  388  388.512422601  17.3139143551  0.0366375746445  10.4977011237
0.0  912  407  407.123128546  16.8886796791  0.0266950360371  10.5315930132
0.0  912  425  425.943509638  18.2186429469  0.0551718005118  10.5655588178
0.0  912  445  444.504906876  17.4739715152  0.0109659151906  10.6001125964
0.0  912  464  463.579407553  17.8286252177  0.0101646060759  10.634602649
0.0  912  483  482.857808703  19.2754125565  0.0224892429267  10.6694720941
0.0  913  503  502.45127131  19.3328982361  0.00720253723529  10.7038116596
0.0  913  522  522.402224569  22.0844132645  0.0369378458732  10.7391859394
0.0  913  542  542.807298713  23.2775660445  0.0505624206015  10.7746298084
0.0  913  563  563.32374249  24.8620730805  0.0267673780464  10.8095561549
0.0  913  583  584.867383396  1.0056529038  0.0758429269777  10.8455927128
0.0  912  608  605.210599854  34.2360567973  -0.0640474475926  10.8814795666
0.0  912  629  628.356696943  37.7149713621  0.0218421582152  10.9167579858
0.0  912  652  652.06668251  32.9119930515  0.0379320257158  10.9540712814
0.0  912  675  674.875462116  26.3503693432  0.0256524707996  10.9905026404
0.0  911  697  697.516718508  22.3997087248  0.0432716153759  11.0277185253
0.0  911  720  720.237552843  19.7370888939  0.0248563517964  11.0650890446
0.0  911  743  743.301140739  16.9497689327  0.0248351534709  11.1021456555
0.0  910  766  766.593541977  16.1279380997  0.0306922593197  11.1405713667
0.0  910  790  790.08142093  14.4627776896  0.0209847784519  11.179080514
0.0  909  814  813.895128755  13.8359087397  0.00971925170216  11.2170984055
0.0  908  838  838.052205312  12.8593711406  0.00880410988488  11.2563450768
0.0  908  863  862.575754808  12.6183041274  0.00710807258201  11.2959306511
0.0  907  888  887.530055696  12.4520760226  0.0066519468176  11.3354096251
0.0  906  913  912.616019642  12.2132543719  0.0196003284773  11.3752097413
0.0  905  938  938.415287134  12.4940703815  0.0128656178018  11.4157550869
0.0  904  964  964.441152752  12.9010268178  0.0259372764253  11.4564326163
0.0  903  991  990.715925698  12.8199848483  0.0193537994265  11.4973711317
0.0  901  1017  1018.28379195  0.15709244963  0.144403776928  11.5385807724
-1.73067004498  907  11  11.3197160643  5.1762857278  0.00897061587069  9.7929197838
-1.73067004498  908  27  26.971126855  5.37988530848  -0.0106662635272  9.82307176939
-1.73067004498  909  43  42.6306521668  5.77102402118  -0.0274948467148  9.85345212306
-1.73067004498  909  58  58.536987273  5.8295808751  0.0011901646542  9.88392651603
-1.73067004498  910  75  74.5264352045  5.98597945453  -0.040213801199  9.9146848532
-1.73067004498  911  91  90.7044940928  6.10740657812  -0.0347383433803  9.94546447186
-1.73067004498  912  107  106.999697227  6.54402310612  -0.00023597396982  9.97662176083
-1.73067004498  912  123  123.353814793  6.57367421114  0.0142815420625  10.0077831653
-1.73067004498  913  140  139.900380929  7.05580965102  0.00212933726163  10.0392307735
-1.73067004498  914  157  156.478946187  7.937121282  0.00567428950948  10.0707842637
-1.73067004498  914  173  173.212272156  8.39387205507  0.0271230088283  10.102519212
-1.73067004498  915  190  190.302671838  9.65408263525  0.0268789430015  10.1345415438
-1.73067004498  915  207  207.249115391  11.8825352736  0.0175505946406  10.166532512
-1.73067004498  916  225  224.781028715  14.2865166539  -0.00177518811332  10.1989405749
-1.73067004498  917  243  242.148138328  17.9949574202  -0.0195611701451  10.2313454729
-1.73067004498  917  261  260.563863283  19.4568383025  -0.0181569348013  10.2640498053
-1.73067004498  918  279  279.061570377  21.6182989842  0.0186952652455  10.2968747211
-1.73067004498  918  297  297.480092753  20.4252300885  0.0153361596401  10.3299805801
-1.73067004498  918  315  315.556792095  19.124525037  0.0326887579138  10.363045187
-1.73067004498  919  334  334.155509998  18.4240692077  -0.000786902048027  10.3963582743
-1.73067004498  919  352  352.628580907  18.1241247635  0.0277946160426  10.4300757237
-1.73067004498  920  371  370.795543872  17.9209267397  0.00920019997088  10.4635441519
-1.73067004498  920  389  389.604583788  17.1256353219  0.0361778508355  10.4977011237
-1.73067004498  920  408  408.200982202  17.1320620976  0.0238042702417  10.5315930132
-1.73067004498  920  427  426.798476112  17.1721232846  0.0173167142643  10.5655588178
-1.73067004498  921  446  445.649730989  19.4819199691  0.0351282207864  10.6001125964
-1.73067004498  921  465  464.71393707  18.6712649629  0.0238506969879  10.634602649
-1.73067004498  921  484  484.040095939  19.4699767408  0.0248877379341  10.6694720941
-1.73067004498  921  503  503.780423058  21.5795079792  0.0519990147823  10.7038116596
-1.73067004498  921  523  523.539928539  23.2667577401  0.0431322246048  10.7391859394
-1.73067004498  921  543  543.81110809  26.5128968735  0.0456024832335  10.7746298084
-1.73067004498  921  565  564.031644726  26.722578512  -0.00867894703077  10.8095561549
-1.73067004498  921  585  585.329200056  31.4444490496  0.0320777838643  10.8455927128
-1.73067004498  921  607  607.486885095  37.9382281344  0.0273201697035  10.8814795666
-1.73067004498  921  631  630.050605437  35.5869018251  0.0208002211089  10.9167579858
-1.73067004498  920  653  652.914178743  29.2247562156  0.00637228369165  10.9540712814
-1.73067004498  920  676  675.633525933  0.313933881768  0.0218280849252  10.9905026404
-1.73067004498  920  698  698.500211323  21.7669813402  0.0452064189764  11.0277185253
-1.73067004498  919  721  721.324923841  18.9507075247  0.023312370029  11.0650890446
-1.73067004498  919  744  744.066099006  17.6132752303  0.0268343221541  11.1021456555
-1.73067004498  918  769  767.385741698  16.0295084248  -0.0179336605712  11.1405713667
-1.73067004498  918  791  790.855475087  14.7005767748  0.0196406222382  11.179080514
-1.73067004498  917  815  814.708281827  13.226884645  0.00228019217701  11.2170984055
-1.73067004498  917  839  838.77255858  13.5522635462  0.00135115232697  11.2563450768
-1.73067004498  916  864  863.33141561  12.73607445  0.0092736342742  11.2959306511
-1.73067004498  915  888  888.241041001  12.7280102233  0.0187700887409  11.3354096251
-1.73067004498  914  914  913.344236421  11.9655150252  0.0108582279921  11.3752097413
-1.73067004498  913  939  939.125488341  12.2462570285  0.00645941843926  11.4157550869
-1.73067004498  912  965  965.040306963  12.5690901607  0.0194579741129  11.4564326163
-1.73067004498  911  992  991.32975578  12.7220725109  0.0147053683098  11.4973711317
-1.73067004498  910  1018  1018.96706198  0.1629808959  0.178665473216  11.5385807724
-1.53663004498  906  11  11.1652502418  5.20603079556  0.0124672119823  9.7929197838
-1.53663004498  907  27  26.7919455759  5.44343497417  -0.0121531672347  9.82307176939
-1.53663004498  908  43  42.5595931429  5.5569738278  -0.0288039956208  9.85345212306
-1.53663004498  908  58  58.4125510997  5.96524697567  -0.0100038558472  9.88392651603
-1.53663004498  909  74  74.4142353053  6.07600680456  -0.0061011701232  9.9146848532
-1.53663004498  910  90  90.6051108037  6.1810417491  0.000514865571288  9.94546447186
-1.53663004498  911  107  106.88453469  6.46083452329  -0.00371185078331  9.97662176083
-1.53663004498  911  123  123.183988042  6.70101447688  -0.00698436456509  10.0077831653
-1.53663004498  912  140  139.729075251  7.05096341294  0.00355279539524  10.0392307735
-1.53663004498  913  156  156.441472312  7.62996983057  0.035399066893  10.0707842637
-1.53663004498  913  173  173.055871478  8.42156821904  0.0162245005012  10.102519212
-1.53663004498  914  190  190.064482279  9.53960029732  0.0219969014684  10.1345415438
-1.53663004498  915  207  207.145031584  11.9231381602  0.020020845195  10.166532512
-1.53663004498  915  225  224.524848868  13.2740035946  -0.0012419214556  10.1989405749
-1.53663004498  916  242  242.481504903  16.8305478731  0.0287820915015  10.2313454729
-1.53663004498  916  260  260.541231501  19.1470139732  0.0310535107928  10.2640498053
-1.53663004498  917  279  278.985244534  21.3050964124  0.0102596448936  10.2968747211
-1.53663004498  917  297  297.359020783  21.1437251611  0.0162399381612  10.3299805801
-1.53663004498  918  315  316.05333977  19.9107104995  0.0389208292534  10.363045187
-1.53663004498  918  333  334.315891754  19.0949138612  0.0601748563375  10.3963582743
-1.53663004498  918  352  352.576273394  0.222904189015  0.0313452780524  10.4300757237
-1.53663004498  919  371  370.963332316  17.2788155125  0.0126427122149  10.4635441519
-1.53663004498  919  389  389.561087834  17.0218624719  0.0365371732503  10.4977011237
-1.53663004498  919  408  408.001959924  17.1575184628  0.0187385933787  10.5315930132
-1.53663004498  919  427  426.622134321  17.0497190445  0.00707384769381  10.5655588178
-1.53663004498  920  446  445.541300941  17.6103148882  0.00693986531776  10.6001125964
-1.53663004498  920  465  464.671157196  17.8994091123  0.023233174708  10.634602649
-1.53663004498  920  484  484.013187808  18.9242119034  0.0242520736524  10.6694720941
-1.53663004498  920  503  503.50578661  20.8411652335  0.0456106269934  10.7038116596
-1.53663004498  920  523  523.318125308  22.5110643762  0.0326995537891  10.7391859394
-1.53663004498  920  543  543.61956911  0.31983261309  0.0358207202522  10.7746298084
-1.53663004498  920  565  563.835655891  25.9710294811  -0.0164968015096  10.8095561549
-1.53663004498  920  585  585.095087839  0.367318142182  0.0173954766955  10.8455927128
-1.53663004498  920  607  606.993803639  34.6309682654  0.0137307010151  10.8814795666
-1.53663004498  920  630  629.744654197  36.8013491739  0.0298035440769  10.9167579858
-1.53663004498  919  652  653.179819949  0.900328318526  0.065007853659  10.9540712814
-1.53663004498  919  676  675.616199039  25.7866184856  0.018168969285  10.9905026404
-1.53663004498  919  698  698.387716769  22.08340129  0.0362628230247  11.0277185253
-1.53663004498  919  721  721.087301136  19.6776539846  0.022510959334  11.0650890446
-1.53663004498  918  744  743.929282868  16.8859586908  0.0151014344061  11.1021456555
-1.53663004498  918  767  767.320993823  16.1645383142  0.0245233790327  11.1405713667
-1.53663004498  917  791  790.759817325  14.2232584533  0.00599655258459  11.179080514
-1.53663004498  916  814  814.7480274  13.7084704392  0.0257975124936  11.2170984055
-1.53663004498  916  839  838.817998801  13.0332043594  0.0137116898561  11.2563450768
-1.53663004498  915  863  863.408916772  12.7869395649  0.0176773813669  11.2959306511
-1.53663004498  914  888  888.210335427  12.85921831  0.0136260691361  11.3354096251
-1.53663004498  913  914  913.238719287  12.3060365773  0.012766610189  11.3752097413
-1.53663004498  912  939  939.009982887  12.5073955337  0.00500902799622  11.4157550869
-1.53663004498  911  965  965.030192273  12.771539607  0.02200807  11.4564326163
-1.53663004498  910  991  991.441661047  12.8242859063  0.0263115561735  11.4973711317
-1.53663004498  909  1018  1019.00575314  10.3681359848  0.174016918054  11.5385807724
-1.34259004498  905  11  10.9692901525  5.21308895421  0.00506464847176  9.7929197838
-1.34259004498  906  27  26.5924109844  5.32323425566  -0.0248830074607  9.82307176939
-1.34259004498  907  42  42.4657960192  5.76321486849  0.0163836691061  9.85345212306
-1.34259004498  907  58  58.2753924403  6.01562638053  -0.0114999639576  9.88392651603
-1.34259004498  908  74  74.2302243583  6.03792429095  -0.0147355145143  9.9146848532
-1.34259004498  909  90  90.435165108  6.22701538837  -0.00453948665035  9.94546447186
-1.34259004498  910  107  106.714240858  6.37874415461  -0.0168160586266  9.97662176083
-1.34259004498  910  123  123.050466505  6.74052506516  -0.0019085739716  10.0077831653
-1.34259004498  911  140  139.55318971  6.99748409366  -0.00460617292497  10.0392307735
-1.34259004498  912  156  156.246497702  7.55058938689  0.0205573457078  10.0707842637
-1.34259004498  912  173  172.889246594  8.40594711696  0.0129294564962  10.102519212
-1.34259004498  913  190  189.872738601  9.56977567081  0.0132331831914  10.1345415438
-1.34259004498  914  207  207.104201115  11.9251799715  0.0190561482155  10.166532512
-1.34259004498  914  225  224.383518776  13.145212989  -0.00763059496191  10.1989405749
-1.34259004498  915  242  242.272052061  17.1188256038  0.0203160513708  10.2313454729
-1.34259004498  915  260  260.26627541  19.3931523894  0.0206661131751  10.2640498053
-1.34259004498  916  279  278.67236786  20.9539433688  -0.00982533311034  10.2968747211
-1.34259004498  916  297  297.188981584  20.8998619632  0.00662803138507  10.3299805801
-1.34259004498  917  315  315.81477894  20.4912347865  0.0367148055563  10.363045187
-1.34259004498  917  334  333.96452276  19.049970428  0.00149250963588  10.3963582743
-1.34259004498  917  352  352.427945318  18.3863477808  0.0212107028609  10.4300757237
-1.34259004498  918  371  370.790999182  17.3111740598  0.00648878143676  10.4635441519
-1.34259004498  918  389  389.481950753  17.3472475412  0.0301180609305  10.4977011237
-1.34259004498  918  408  407.855253275  17.3234313182  0.0143174163654  10.5315930132
-1.34259004498  918  427  426.535772337  17.050025851  0.00796496546145  10.5655588178
-1.34259004498  919  445  445.688910823  18.5513809864  0.0489650117484  10.6001125964
-1.34259004498  919  465  464.503782217  17.820265569  0.0114691477154  10.634602649
-1.34259004498  919  484  483.792909156  18.6723976634  0.0220826980285  10.6694720941
-1.34259004498  919  503  503.378040467  20.8662887788  0.0416048075134  10.7038116596
-1.34259004498  919  523  523.175479532  22.0434224876  0.0274507657882  10.7391859394
-1.34259004498  919  543  543.445600788  25.4033560267  0.0310122710414  10.7746298084
-1.34259004498  919  565  563.784668823  26.0767431427  -0.0160579600196  10.8095561549
-1.34259004498  919  585  584.929958303  28.2040315384  0.0146593348146  10.8455927128
-1.34259004498  919  606  607.156007627  37.3397759037  0.0442663673532  10.8814795666
-1.34259004498  919  631  629.101680338  33.7930468263  -0.0195707985023  10.9167579858
-1.34259004498  919  652  653.260504854  0.895632884672  0.0663966359267  10.9540712814
-1.34259004498  918  676  675.396781252  26.1989356315  0.0162563887383  10.9905026404
-1.34259004498  918  698  698.186528696  22.1261169673  0.0300738710753  11.0277185253
-1.34259004498  918  721  720.961811982  19.352634046  0.0205679403523  11.0650890446
-1.34259004498  917  744  743.8334991  16.9222826522  0.0144129717536  11.1021456555
-1.34259004498  917  767  767.325634631  16.0209431517  0.0242058431157  11.1405713667
-1.34259004498  916  791  790.646594234  14.2604575076  0.00444681674312  11.179080514
-1.34259004498  916  814  814.572179961  13.8156436267  0.0271519409284  11.2170984055
-1.34259004498  915  839  838.714211329  12.9538147825  0.00819630998655  11.2563450768
-1.34259004498  914  863  863.339182282  12.8269809258  0.0161691405391  11.2959306511
-1.34259004498  913  888  888.121478631  12.6043675254  0.0138539770621  11.3354096251
-1.34259004498  912  913  913.262246251  12.5737406008  0.0273590544113  11.3752097413
-1.34259004498  911  939  938.914382046  12.5485241152  0.0065599866879  11.4157550869
-1.34259004498  910  965  964.968025721  12.622442713  0.0164782904666  11.4564326163
-1.34259004498  909  991  991.346622283  12.9675076081  0.0285020875316  11.4973711317
-1.34259004498  908  1018  1018.95770222  10.2557912923  0.17534070789  11.5385807724
-1.14855004498  904  11  10.7770077424  5.03477602249  -0.00121088674767  9.7929197838
-1.14855004498  905  26  26.4813823754  5.47364245196  0.0142388337951  9.82307176939
-1.14855004498  906  42  42.2485287613  5.7399207926  -0.000944723860749  9.85345212306
-1.14855004498  907  58  58.1063261062  6.06404022353  -0.013484796369  9.88392651603
-1.14855004498  907  74  74.0628773242  6.1014140621  -0.0252711519794  9.9146848532
-1.14855004498  908  90  90.2726744355  6.15872248395  -0.0102241537789  9.94546447186
-1.14855004498  909  106  106.580972537  6.38632457024  0.0140808363668  9.97662176083
-1.14855004498  909  123  122.937030033  6.72396049039  -0.00124896968586  10.0077831653
-1.14855004498  910  139  139.444923623  7.00149288454  0.0247229184074  10.0392307735
-1.14855004498  911  156  156.11008238  7.54530639318  0.0229522556737  10.0707842637
-1.14855004498  911  173  172.793972477  8.54305525429  0.00643347659186  10.102519212
-1.14855004498  912  190  189.732608343  9.58639495911  0.00916761773045  10.1345415438
-1.14855004498  913  207  206.921834909  12.01185627  0.0158373874411  10.166532512
-1.14855004498  913  225  224.239935765  13.1940394272  -0.0134156109655  10.1989405749
-1.14855004498  914  242  242.09195869  16.9499066236  0.0108988040455  10.2313454729
-1.14855004498  914  260  260.025442387  19.4827789585  0.0122990737956  10.2640498053
-1.14855004498  915  278  278.775974066  20.8710694669  0.0417152246045  10.2968747211
-1.14855004498  915  297  296.994927076  20.9025051438  -0.00146113171375  10.3299805801
-1.14855004498  916  315  315.598029277  19.7757494412  0.0193403485219  10.363045187
-1.14855004498  916  334  333.745449702  18.7707422138  -0.00432149330607  10.3963582743
-1.14855004498  916  352  352.207231211  17.9108433693  0.013579238413  10.4300757237
-1.14855004498  917  370  370.900635752  17.7026030828  0.0484998965431  10.4635441519
-1.14855004498  917  389  389.280985929  17.1499278823  0.0269111483645  10.4977011237
-1.14855004498  917  407  407.907410197  18.2379508848  0.0540583786834  10.5315930132
-1.14855004498  918  427  426.427966601  17.0374813692  -0.00164455556412  10.5655588178
-1.14855004498  918  445  445.402560795  18.7071384147  0.0396587944055  10.6001125964
-1.14855004498  918  465  464.240361055  18.0455184195  0.00270797327106  10.634602649
-1.14855004498  918  484  483.6054054  18.4913020736  0.0150179476336  10.6694720941
-1.14855004498  918  503  503.199631386  20.8946226908  0.0328367674324  10.7038116596
-1.14855004498  918  523  522.904873815  22.2252268264  0.0199382944632  10.7391859394
-1.14855004498  918  543  543.275935918  24.8107395869  0.0260538047071  10.7746298084
-1.14855004498  918  565  563.644882754  0.31640234573  -0.0207685921472  10.8095561549
-1.14855004498  918  585  584.911518096  0.342574026119  0.019152592139  10.8455927128
-1.14855004498  918  606  607.179285863  36.3395208003  0.0456254400521  10.8814795666
-1.14855004498  918  630  629.405244871  37.2045098939  0.0122703095323  10.9167579858
-1.14855004498  918  652  653.071299486  39.3394637775  0.0660503650692  10.9540712814
-1.14855004498  917  676  675.198587069  26.3259303813  0.0120395588493  10.9905026404
-1.14855004498  917  698  698.094418191  22.3106227205  0.0304025251927  11.0277185253
-1.14855004498  917  721  720.839603871  19.4185184133  0.0163375277733  11.0650890446
-1.14855004498  916  744  743.717559425  16.8287066136  0.00872389792762  11.1021456555
-1.14855004498  916  767  767.113963416  15.9692952465  0.0229649339219  11.1405713667
-1.14855004498  915  791  790.548655511  14.1619039009  0.00373801088768  11.179080514
-1.14855004498  915  814  814.503192039  13.6783501331  0.0223542824415  11.2170984055
-1.14855004498  914  839  838.603435501  13.0229017014  0.00857639019976  11.2563450768
-1.14855004498  913  863  863.19977483  12.8672695531  0.0153811867499  11.2959306511
-1.14855004498  912  888  888.022718177  12.5375254229  0.00820949114063  11.3354096251
-1.14855004498  911  913  913.097936366  12.74911434  0.0294173964365  11.3752097413
-1.14855004498  910  939  938.819689015  12.4484680131  0.00300651890538  11.4157550869
-1.14855004498  909  965  964.832360594  12.8534547241  0.0172716961913  11.4564326163
-1.14855004498  908  991  991.253057145  12.7149967989  0.0214174659902  11.4973711317
-1.14855004498  907  1018  1018.96143339  10.3976993914  0.173925159228  11.5385807724
-0.954510044981  903  11  10.6147823227  5.04452222102  -0.00611071345883  9.7929197838
-0.954510044981  904  26  26.2935609128  5.48483694738  0.00680936541951  9.82307176939
-0.954510044981  905  42  42.091022138  5.78237610841  -0.00928588791331  9.85345212306
-0.954510044981  906  58  57.992733553  5.98613760285  -0.0177491131519  9.88392651603
-0.954510044981  906  74  73.9372587063  6.14845853055  -0.0307838879455  9.9146848532
-0.954510044981  907  90  90.0905864001  6.18275795952  -0.0150772401504  9.94546447186
-0.954510044981  908  106  106.415920006  6.36314730241  0.00854131933502  9.97662176083
-0.954510044981  909  123  122.757248581  6.72778951345  -0.00476701535546  10.0077831653
-0.954510044981  909  139  139.249481748  7.02686057746  0.0177229393076  10.0392307735
-0.954510044981  910  156  155.925606304  7.50559182249  0.0147249888737  10.0707842637
-0.954510044981  911  173  172.645574161  8.44470561722  0.00514085216275  10.102519212
-0.954510044981  911  190  189.506477392  9.60984661469  -0.000653548323354  10.1345415438
-0.954510044981  912  207  206.805737268  11.1754832455  0.0134622191499  10.166532512
-0.954510044981  912  224  224.201240818  14.0874178195  0.0236691298088  10.1989405749
-0.954510044981  913  242  242.000136523  15.7959168744  0.0141273602623  10.2313454729
-0.954510044981  913  259  260.113439285  19.38236822  0.057207826922  10.2640498053
-0.954510044981  914  278  278.578882298  21.0291329351  0.0319916443445  10.2968747211
-0.954510044981  914  297  296.772971667  20.732856042  -0.00324955942  10.3299805801
-0.954510044981  915  315  315.489870959  19.8657956955  0.0169774764167  10.363045187
-0.954510044981  915  333  333.925614266  20.5124831295  0.0489289369267  10.3963582743
-0.954510044981  916  353  352.026944287  0.209152378484  -0.0323591524867  10.4300757237
-0.954510044981  916  370  370.673428737  17.2407452806  0.0372996594798  10.4635441519
-0.954510044981  916  389  389.040764095  17.0975105214  0.0152355292068  10.4977011237
-0.954510044981  916  407  407.736710413  18.183808255  0.0494599809822  10.5315930132
-0.954510044981  917  427  426.265094407  17.2413698357  -0.00381871412827  10.5655588178
-0.954510044981  917  445  445.216655739  18.5785494911  0.0337517893811  10.6001125964
-0.954510044981  917  465  464.148698954  17.8260219465  0.00338828556909  10.634602649
-0.954510044981  917  484  483.501577907  18.8092386845  0.0164298851353  10.6694720941
-0.954510044981  917  503  503.101674485  0.252791160089  0.0259344198492  10.7038116596
-0.954510044981  917  523  522.847021101  21.9827110022  0.0217362151337  10.7391859394
-0.954510044981  917  543  543.041418449  0.282494310187  0.0247484200187  10.7746298084
-0.954510044981  917  563  563.844641492  26.9953208317  0.042641037913  10.8095561549
-0.954510044981  917  586  584.497156018  28.4991579027  -0.0288957015258  10.8455927128
-0.954510044981  917  606  606.8424217  0.481832403959  0.038624228731  10.8814795666
-0.954510044981  917  630  629.328233606  37.611046057  0.0123785420262  10.9167579858
-0.954510044981  917  653  652.431571668  32.1948021215  0.0202123834274  10.9540712814
-0.954510044981  916  676  675.066000279  25.7532053674  0.00479337223535  10.9905026404
-0.954510044981  916  698  698.006960479  21.8115363879  0.0276930465041  11.0277185253
-0.954510044981  916  720  720.958774969  20.3543034611  0.0460754969264  11.0650890446
-0.954510044981  915  744  743.626455432  16.718338649  0.00615497892751  11.1021456555
-0.954510044981  915  767  767.014544697  15.9299364927  0.0168641086309  11.1405713667
-0.954510044981  914  791  790.481268599  14.0779800612  0.0067742761937  11.179080514
-0.954510044981  914  814  814.45162287  13.5970640731  0.0246295793183  11.2170984055
-0.954510044981  913  839  838.54066637  12.9770613286  0.00511068657612  11.2563450768
-0.954510044981  912  863  863.15132395  12.8849170835  0.0157129226766  11.2959306511
-0.954510044981  911  888  887.928534845  12.5781551407  0.0102050792526  11.3354096251
-0.954510044981  910  913  913.087218281  12.5960218522  0.0257415024994  11.3752097413
-0.954510044981  909  939  938.706210941  12.4420843672  0.00434733660448  11.4157550869
-0.954510044981  908  965  964.782797481  12.7011608158  0.0145961099069  11.4564326163
-0.954510044981  907  991  991.126564914  13.009072015  0.0257645348813  11.4973711317
-0.954510044981  906  1018  1018.75400914  0.155058868413  0.164415201768  11.5385807724
-0.760470044981  902  10  10.4889486434  5.18587015027  0.0258026810831  9.7929197838
-0.760470044981  903  26  26.1146805944  5.53004027103  -0.000804121814542  9.82307176939
-0.760470044981  904  42  41.9043735029  5.71802748114  -0.0206202662075  9.85345212306
-0.760470044981  905  58  57.8148287779  5.98333449971  -0.0230532148331  9.88392651603
-0.760470044981  905  74  73.7942267899  6.24846721101  -0.0354795915309  9.9146848532
-0.760470044981  906  90  89.9365075492  6.21951006871  -0.0164027431175  9.94546447186
-0.760470044981  907  106  106.246517487  6.3866965327  -0.000410703481631  9.97662176083
-0.760470044981  908  123  122.619103221  6.69418773406  -0.0127706352834  10.0077831653
-0.760470044981  908  139  139.074269744  7.0835130626  0.00804710483332  10.0392307735
-0.760470044981  909  156  155.763838173  7.50411000256  0.00854356306339  10.0707842637
-0.760470044981  910  173  172.537924768  8.46494103747  0.00303532082241  10.102519212
-0.760470044981  910  189  189.441459429  10.0209403251  0.0284096892095  10.1345415438
-0.760470044981  911  207  206.583499288  11.2197324644  0.000801708421035  10.166532512
-0.760470044981  911  224  223.957569148  14.15267076  0.00878345227935  10.1989405749
-0.760470044981  912  242  241.779729901  15.944595609  0.00250638485377  10.2313454729
-0.760470044981  912  259  259.876829106  19.5977818446  0.0510654191517  10.2640498053
-0.760470044981  913  278  278.428845358  0.259929379241  0.0245532078397  10.2968747211
-0.760470044981  913  296  296.829770839  21.2364100768  0.0360047124264  10.3299805801
-0.760470044981  914  315  315.255841375  19.8874969984  0.00788978438205  10.363045187
-0.760470044981  914  333  333.710628887  0.231298243855  0.0281204465168  10.3963582743
-0.760470044981  915  352  352.010643044  18.1409487108  0.0108279382737  10.4300757237
-0.760470044981  915  371  370.32041177  17.2167667405  -0.0117376524352  10.4635441519
-0.760470044981  915  389  388.936030057  16.9727720007  0.0129982830942  10.4977011237
-0.760470044981  915  407  407.705286598  18.4856833429  0.0419795845915  10.5315930132
-0.760470044981  916  427  426.188241955  17.2484509104  -0.00496649465738  10.5655588178
-0.760470044981  916  445  445.148137444  0.228362798656  0.0279715108791  10.6001125964
-0.760470044981  916  465  464.039100982  17.6558339942  -0.00682516140981  10.634602649
-0.760470044981  916  483  483.595267575  19.849161967  0.0507068751209  10.6694720941
-0.760470044981  916  503  502.819486727  20.8858198331  0.0177892720441  10.7038116596
-0.760470044981  916  523  522.742392627  21.8087895996  0.0153525822845  10.7391859394
-0.760470044981  916  543  542.950888316  23.3238242897  0.0195744145153  10.7746298084
-0.760470044981  916  564  563.619299449  25.1438029196  0.00780024752826  10.8095561549
-0.760470044981  916  585  584.557260132  30.3116797202  0.00409458978987  10.8455927128
-0.760470044981  916  608  606.140723614  32.5051371109  -0.032931727833  10.8814795666
-0.760470044981  916  629  629.285900287  38.0620976228  0.0403452671249  10.9167579858
-0.760470044981  916  652  652.443791849  33.3639360668  0.0506925597168  10.9540712814
-0.760470044981  915  675  675.227838752  27.5119607482  0.0422900613935  10.9905026404
-0.760470044981  915  698  697.825762829  21.671897486  0.022255572567  11.0277185253
-0.760470044981  915  721  720.53488264  18.9998602283  0.00680474812885  11.0650890446
-0.760470044981  914  743  743.755355856  17.3414072204  0.0341512093093  11.1021456555
-0.760470044981  914  767  766.919347039  15.8035948961  0.0163559393387  11.1405713667
-0.760470044981  913  791  790.388672367  14.0151983823  0.0057543602679  11.179080514
-0.760470044981  913  814  814.29590566  13.754574713  0.0175942756134  11.2170984055
-0.760470044981  912  839  838.42057779  12.9744238058  0.000825700346346  11.2563450768
-0.760470044981  911  863  863.062377928  12.8844126595  0.0171807006887  11.2959306511
-0.760470044981  910  888  887.808458795  12.4706932077  0.00755767670759  11.3354096251
-0.760470044981  910  913  912.970635604  12.5514205088  0.0279925205574  11.3752097413
-0.760470044981  909  939  938.70772496  12.4712205861  0.00276352509931  11.4157550869
-0.760470044981  908  965  964.550179608  12.6751771467  0.0128963933599  11.4564326163
-0.760470044981  906  991  991.028082006  12.9340964028  0.0210612891896  11.4973711317
-0.760470044981  905  1017  1018.66985133  0.161223030958  0.15956825228  11.5385807724
-0.566430044981  901  10  10.2862935712  5.29241424551  0.00903764451386  9.7929197838
-0.566430044981  902  26  25.9397619825  5.52297679834  -0.0104725010041  9.82307176939
-0.566430044981  903  42  41.7136520327  5.73073929408  -0.028442846131  9.85345212306
-0.566430044981  904  58  57.6581482001  5.89008913215  -0.0391630053962  9.88392651603
-0.566430044981  905  74  73.6055947874  6.13171529958  -0.0334244646899  9.9146848532
-0.566430044981  905  90  89.7550495391  6.23986922532  -0.0295458315344  9.94546447186
-0.566430044981  906  106  106.083782426  6.38363698793  -0.00617609746258  9.97662176083
-0.566430044981  907  123  122.515644166  6.65621637945  -0.00808186883399  10.0077831653
-0.566430044981  907  139  138.909715  7.20025200759  -0.00644003775615  10.0392307735
-0.566430044981  908  156  155.584534917  7.53224415832  0.00190524837496  10.0707842637
-0.566430044981  909  172  172.454306032  8.47496774922  0.0440077050814  10.102519212
-0.566430044981  909  189  189.30221569  9.52123700495  0.0308611451254  10.1345415438
-0.566430044981  910  206  206.553157176  11.8089398324  0.0348846466037  10.166532512
-0.566430044981  910  224  223.794926871  13.1990522839  0.00833487293  10.1989405749
-0.566430044981  911  241  241.707985572  16.7846787136  0.0419371355856  10.2313454729
-0.566430044981  911  259  259.883428747  19.6775245261  0.0439596085075  10.2640498053
-0.566430044981  912  278  278.240458863  21.431807486  0.012024586514  10.2968747211
-0.566430044981  912  296  296.603100936  21.5925922246  0.0240496837805  10.3299805801
-0.566430044981  913  315  315.07980582  19.9379915259  0.00451709561842  10.363045187
-0.566430044981  913  333  333.549365435  19.4982884267  0.0245961605626  10.3963582743
-0.566430044981  914  352  351.908506517  18.2232539394  0.00935224366316  10.4300757237
-0.566430044981  914  370  370.328400712  17.4695261056  0.0257104593472  10.4635441519
-0.566430044981  914  388  388.973830388  17.1360535966  0.0505889565552  10.4977011237
-0.566430044981  914  407  407.522713325  17.1106886037  0.0405220772301  10.5315930132
-0.566430044981  915  426  426.18810542  0.208837268961  0.030400567821  10.5655588178
-0.566430044981  915  445  445.031374944  17.6064374765  0.0258471851143  10.6001125964
-0.566430044981  915  464  464.065658787  17.4240076375  0.0347213966651  10.634602649
-0.566430044981  915  483  483.366266566  19.7640072932  0.0410109904567  10.6694720941
-0.566430044981  915  503  502.680996331  20.7450492956  0.0102326001504  10.7038116596
-0.566430044981  915  523  522.488289645  21.8236536493  0.0115973553823  10.7391859394
-0.566430044981  915  543  542.806710731  22.8343599294  0.0187105052895  10.7746298084
-0.566430044981  915  563  563.819399361  26.7773015908  0.0408599408047  10.8095561549
-0.566430044981  915  585  584.527936469  29.4411465431  6.42492670322e-05  10.8455927128
-0.566430044981  915  608  606.023375047  32.7664028557  -0.0310088517215  10.8814795666
-0.566430044981  915  629  628.857373044  39.5944739905  0.0276434443115  10.9167579858
-0.566430044981  915  653  651.94470096  33.1308216963  0.00921913237144  10.9540712814
-0.566430044981  915  675  675.233847041  26.9299133331  0.0360376221449  10.9905026404
-0.566430044981  914  698  697.572383421  21.8038160045  0.0104147500767  11.0277185253
-0.566430044981  914  720  720.645453182  19.3275062683  0.0366852330242  11.0650890446
-0.566430044981  913  743  743.589681729  0.204881845767  0.0326461454382  11.1021456555
-0.566430044981  913  766  766.93590277  15.6808343994  0.0381151502776  11.1405713667
-0.566430044981  912  790  790.38582255  14.3070649754  0.0181958237769  11.179080514
-0.566430044981  912  814  814.236719507  13.8944376357  0.0197392875882  11.2170984055
-0.566430044981  911  838  838.375833796  13.0738660692  0.0156714202997  11.2563450768
-0.566430044981  910  863  862.888119438  12.7540157824  0.0097096262306  11.2959306511
-0.566430044981  910  888  887.653885486  12.4952997445  0.00664150141272  11.3354096251
-0.566430044981  909  913  912.908921002  12.5774801641  0.0244323668834  11.3752097413
-0.566430044981  908  939  938.61452101  11.9207821529  0.00704629467938  11.4157550869
-0.566430044981  907  964  964.627956865  12.813326856  0.0265880790041  11.4564326163
-0.566430044981  905  991  990.880862928  13.0531354698  0.0193246645865  11.4973711317
-0.566430044981  904  1017  1018.55013292  0.155242139565  0.153456199283  11.5385807724
-0.372390044981  900  10  10.1366888657  5.2481505263  0.00323714626206  9.7929197838
-0.372390044981  901  26  25.7613807502  5.37214738165  -0.0229167869291  9.82307176939
-0.372390044981  902  41  41.5863808403  5.73484956905  0.00942266305371  9.85345212306
-0.372390044981  903  57  57.5283152989  5.88151643845  -0.00110453318367  9.88392651603
-0.372390044981  904  73  73.5334143427  6.14651965396  -0.00572370238457  9.9146848532
-0.372390044981  904  90  89.5784004808  6.21773704858  -0.0333994047179  9.94546447186
-0.372390044981  905  106  105.90525547  6.39269664484  -0.0118525871245  9.97662176083
-0.372390044981  906  122  122.396360126  6.62585933843  0.0161600069948  10.0077831653
-0.372390044981  906  139  138.770078696  7.16770490845  -0.00820129913838  10.0392307735
-0.372390044981  907  155  155.506730818  7.52415859387  0.0350295272625  10.0707842637
-0.372390044981  908  172  172.283668826  8.33153721574  0.0305744517487  10.102519212
-0.372390044981  908  189  189.135189106  9.47298112324  0.0238969145409  10.1345415438
-0.372390044981  909  206  206.362521724  11.6712837011  0.0280436240412  10.166532512
-0.372390044981  909  224  223.694837248  13.2249927894  0.00451233803323  10.1989405749
-0.372390044981  910  241  241.513703703  16.585871451  0.0361876034139  10.2313454729
-0.372390044981  910  259  259.583076154  19.447236886  0.0353729602152  10.2640498053
-0.372390044981  911  277  278.249692551  21.2358114066  0.0591619069764  10.2968747211
-0.372390044981  911  295  297.251643509  0.778502375835  0.104191757224  10.3299805801
-0.372390044981  912  315  314.931157266  20.2686922854  -0.00308388210577  10.363045187
-0.372390044981  912  333  333.384394632  19.3712248461  0.0153452443553  10.3963582743
-0.372390044981  913  351  351.933969105  18.1820970358  0.0552878580322  10.4300757237
-0.372390044981  913  370  370.118129259  17.3830169163  0.0171919300266  10.4635441519
-0.372390044981  913  388  388.714322458  17.1105380004  0.0410346972252  10.4977011237
-0.372390044981  914  407  407.478245775  16.8797332815  0.0352020467412  10.5315930132
-0.372390044981  914  426  426.022745894  17.315040466  0.0232453097695  10.5655588178
-0.372390044981  914  445  444.83895128  17.38571608  0.0218011128394  10.6001125964
-0.372390044981  914  464  463.942537432  17.7775102664  0.0260636500386  10.634602649
-0.372390044981  914  483  483.208586269  19.4319301803  0.0328312434177  10.6694720941
-0.372390044981  914  503  502.569426802  19.436884649  0.00781530937015  10.7038116596
-0.372390044981  914  522  522.58573644  21.9184931402  0.0411219253138  10.7391859394
-0.372390044981  914  543  542.597618203  22.8231004726  0.00927377845866  10.7746298084
-0.372390044981  914  563  563.531631756  25.1289857907  0.034041410839  10.8095561549
-0.372390044981  914  583  584.850952303  35.4176239255  0.0747955972326  10.8455927128
-0.372390044981  914  607  605.918060869  34.0587290718  -0.0142218009675  10.8814795666
-0.372390044981  914  629  628.90459897  39.4246584829  0.0286327269709  10.9167579858
-0.372390044981  914  653  651.984264383  33.3983122991  0.00987207372874  10.9540712814
-0.372390044981  914  675  675.089957183  26.5064072452  0.0358184634555  10.9905026404
-0.372390044981  913  697  697.788048247  22.070908851  0.0434433559262  11.0277185253
-0.372390044981  913  720  720.446312465  19.3469542829  0.0329144213445  11.0650890446
-0.372390044981  912  743  743.509440728  16.9122012986  0.0272127960244  11.1021456555
-0.372390044981  912  766  766.826077134  0.195614211298  0.035124119041  11.1405713667
-0.372390044981  911  790  790.188609998  14.589334242  0.0191102544966  11.179080514
-0.372390044981  911  814  814.108135182  13.8886764883  0.0149444025217  11.2170984055
-0.372390044981  910  838  838.229792055  13.0576524576  0.0144561662843  11.2563450768
-0.372390044981  909  863  862.751551358  12.8504936812  0.00891385457287  11.2959306511
-0.372390044981  909  888  887.691166904  12.5269729603  0.00578945826515  11.3354096251
-0.372390044981  908  913  912.822901496  12.3897875871  0.0276158810584  11.3752097413
-0.372390044981  907  939  938.516508818  12.3442235556  0.000505062793358  11.4157550869
-0.372390044981  906  965  964.483244287  12.7781147116  0.0118972163206  11.4564326163
-0.372390044981  904  991  990.882028262  12.9037287565  0.0181900173893  11.4973711317
-0.372390044981  903  1017  1018.45299309  0.157765575098  0.150108430769  11.5385807724
-0.178350044981  899  10  9.9958086399  5.35244406608  -0.00769780007094  9.7929197838
-0.178350044981  900  26  25.5736875013  5.39948447342  -0.0352135987091  9.82307176939
-0.178350044981  901  41  41.4346016905  5.73878590464  0.00129227296087  9.85345212306
-0.178350044981  902  57  57.3659463565  5.93794466487  -0.00720263966059  9.88392651603
-0.178350044981  903  73  73.3781550376  6.19881265451  -0.008652446536  9.9146848532
-0.178350044981  903  89  89.4653414001  6.2699411323  -0.00323133637126  9.94546447186
-0.178350044981  904  106  105.781545303  6.39103033933  -0.0183359026674  9.97662176083
-0.178350044981  905  122  122.244057381  6.64351502389  0.0120187291924  10.0077831653
-0.178350044981  905  139  138.636820983  7.18710547819  -0.0129677069091  10.0392307735
-0.178350044981  906  155  155.297566675  7.55883675148  0.0253063850096  10.0707842637
-0.178350044981  907  172  172.148696197  8.338987488  0.0273382753047  10.102519212
-0.178350044981  907  189  188.954211231  9.64047502146  0.00759634288066  10.1345415438
-0.178350044981  908  206  206.223913648  11.0376063391  0.0301592040202  10.166532512
-0.178350044981  908  223  223.603719209  0.168025283328  0.0413929086658  10.1989405749
-0.178350044981  909  241  241.301542484  16.8783410477  0.023538236804  10.2313454729
-0.178350044981  910  259  259.610740047  19.1939846378  0.0336457445445  10.2640498053
-0.178350044981  910  277  277.968355831  21.8076904191  0.0461633205986  10.2968747211
-0.178350044981  910  295  296.770471892  0.314629997574  0.0816751256848  10.3299805801
-0.178350044981  911  314  315.010271319  20.297619714  0.0443147255355  10.363045187
-0.178350044981  911  333  333.262806041  19.3094673793  0.00776324805907  10.3963582743
-0.178350044981  912  351  351.729338994  18.0977705028  0.0418143301978  10.4300757237
-0.178350044981  912  370  370.070607805  17.5768459902  0.0167944553689  10.4635441519
-0.178350044981  912  388  388.591248935  17.1806487615  0.0393254583542  10.4977011237
-0.178350044981  913  407  407.336212578  16.8852039917  0.0343121774784  10.5315930132
-0.178350044981  913  426  425.858675581  16.977241613  0.017528606928  10.5655588178
-0.178350044981  913  445  444.693016151  17.3006067985  0.0173854973737  10.6001125964
-0.178350044981  913  464  463.806933816  17.8346481927  0.0195412461708  10.634602649
-0.178350044981  913  483  483.074597793  0.234605437079  0.0283612542632  10.6694720941
-0.178350044981  913  503  502.45127131  19.3328982361  0.00720253723529  10.7038116596
-0.178350044981  913  522  522.506481127  22.3418718327  0.0359617386746  10.7391859394
-0.178350044981  914  543  542.597618203  22.8231004726  0.00927377845866  10.7746298084
-0.178350044981  913  563  563.281818683  25.2970265013  0.0293515124717  10.8095561549
-0.178350044981  913  583  584.867383396  1.0056529038  0.0758429269777  10.8455927128
-0.178350044981  913  607  605.702755917  33.7987270694  -0.0222680764375  10.8814795666
-0.178350044981  913  629  628.37982279  39.1207819122  0.0196614964357  10.9167579858
-0.178350044981  913  653  651.925069799  29.5267422441  0.00127732874295  10.9540712814
-0.178350044981  913  674  675.316745224  0.417595157487  0.0671971802883  10.9905026404
-0.178350044981  912  697  697.700579454  22.0825081016  0.0444073759925  11.0277185253
-0.178350044981  912  720  720.368522943  0.239704441117  0.0292777837241  11.0650890446
-0.178350044981  912  743  743.310775372  17.0528932637  0.0287126437732  11.1021456555
-0.178350044981  911  766  766.748200464  0.194622590879  0.0335573740123  11.1405713667
-0.178350044981  910  790  790.136793707  14.477886527  0.016656966456  11.179080514
-0.178350044981  910  814  813.957953937  13.9332884025  0.0125362722852  11.2170984055
-0.178350044981  909  838  838.181281424  13.0475093865  0.0152393215846  11.2563450768
-0.178350044981  908  863  862.695395981  12.7106996051  0.00401094542932  11.2959306511
-0.178350044981  908  888  887.594913748  12.3815092275  0.0111830803134  11.3354096251
-0.178350044981  907  913  912.691343209  12.480285786  0.0188112526031  11.3752097413
-0.178350044981  906  939  938.451178586  12.1900466412  0.00365721445663  11.4157550869
-0.178350044981  905  964  964.494834386  12.9841479349  0.0233696555121  11.4564326163
-0.178350044981  904  991  990.775509645  12.88492217  0.0204911142344  11.4973711317
-0.178350044981  902  1017  1018.38510966  0.156456527491  0.145940318245  11.5385807724
0.0156899550193  898  10  9.82870235925  5.11134158659  -0.00435494887673  9.7929197838
0.0156899550193  899  25  25.4687916334  5.56177641162  0.00448995477224  9.82307176939
0.0156899550193  900  41  41.2579212992  5.67762223748  -0.00864044631845  9.85345212306
0.0156899550193  901  57  57.1817033671  5.90860400747  -0.0118757412191  9.88392651603
0.0156899550193  902  73  73.2409156185  6.19294432469  -0.0127356312523  9.9146848532
0.0156899550193  902  89  89.2938169399  6.265704934  -0.0407953583639  9.94546447186
0.0156899550193  903  106  105.603495717  6.43469545714  -0.0273510498299  9.97662176083
0.0156899550193  904  122  122.084436853  6.69243011261  0.00524911661716  10.0077831653
0.0156899550193  904  138  138.543748901  7.13041951731  0.020699167557  10.0392307735
0.0156899550193  905  155  155.163103139  7.52984334563  0.0181854168967  10.0707842637
0.0156899550193  906  172  171.966623038  8.40076790197  0.0174333213117  10.102519212
0.0156899550193  906  189  188.807582869  9.6497267882  0.00664707885914  10.1345415438
0.0156899550193  907  206  206.074375004  11.6279947824  0.017679926638  10.166532512
0.0156899550193  908  224  223.392644868  13.0702501405  -0.00502964371225  10.1989405749
0.0156899550193  908  241  241.118545695  17.0289181558  0.0198145410922  10.2313454729
0.0156899550193  909  259  259.387903989  0.241952635283  0.0293490988122  10.2640498053
0.0156899550193  909  277  277.850077082  21.9569158649  0.0405891187914  10.2968747211
0.0156899550193  910  296  296.258640895  20.9356218113  0.0117597324221  10.3299805801
0.0156899550193  910  314  314.891453089  20.5411311362  0.0398929358821  10.363045187
0.0156899550193  910  332  333.410381339  19.720050353  0.0566471058155  10.3963582743
0.0156899550193  911  351  351.689018485  18.1053527595  0.0364285566402  10.4300757237
0.0156899550193  911  370  369.945471005  17.3829954972  0.0106526719312  10.4635441519
0.0156899550193  911  388  388.384109976  0.21128444398  0.0327352277153  10.4977011237
0.0156899550193  912  407  407.123128546  16.8886796791  0.0266950360371  10.5315930132
0.0156899550193  912  425  425.943509638  18.2186429469  0.0551718005118  10.5655588178
0.0156899550193  912  445  444.504906876  17.4739715152  0.0109659151906  10.6001125964
0.0156899550193  912  464  463.579407553  17.8286252177  0.0101646060759  10.634602649
0.0156899550193  912  483  482.838818898  18.1443707155  0.0209771170123  10.6694720941
0.0156899550193  912  502  502.451815172  20.5722147032  0.0437041337891  10.7038116596
0.0156899550193  913  522  522.402224569  22.0844132645  0.0369378458732  10.7391859394
0.0156899550193  913  542  542.807298713  23.2775660445  0.0505624206015  10.7746298084
0.0156899550193  913  563  563.315177257  26.6221246405  0.0254348748927  10.8095561549
0.0156899550193  912  585  583.953495283  28.9524366528  -0.0217693225083  10.8455927128
0.0156899550193  912  608  605.210599854  34.2360567973  -0.0640474475926  10.8814795666
0.0156899550193  912  629  628.356696943  37.7149713621  0.0218421582152  10.9167579858
0.0156899550193  912  652  652.06668251  32.9119930515  0.0379320257158  10.9540712814
0.0156899550193  912  675  674.875462116  26.3503693432  0.0256524707996  10.9905026404
0.0156899550193  911  697  697.532310439  22.3540046408  0.0436854958269  11.0277185253
0.0156899550193  911  720  720.237552843  19.7370888939  0.0248563517964  11.0650890446
0.0156899550193  911  743  743.286125193  16.9141763043  0.0251511706567  11.1021456555
0.0156899550193  910  766  766.593541977  16.1279380997  0.0306922593197  11.1405713667
0.0156899550193  910  790  790.043198255  14.4262114574  0.0181315946691  11.179080514
0.0156899550193  909  814  813.895128755  13.8359087397  0.00971925170216  11.2170984055
0.0156899550193  908  838  838.029050833  12.9294843905  0.00988135713075  11.2563450768
0.0156899550193  908  863  862.562214448  12.6724999776  0.00511552304329  11.2959306511
0.0156899550193  907  888  887.522240287  12.4282256292  0.0072009293489  11.3354096251
0.0156899550193  906  913  912.608903815  12.1926359841  0.0207641605719  11.3752097413
0.0156899550193  905  938  938.416483875  12.4981997585  0.0126821437969  11.4157550869
0.0156899550193  904  964  964.419474348  12.8388069298  0.0275687569696  11.4564326163
0.0156899550193  903  991  990.693506332  12.8018121546  0.0180643710646  11.4973711317
0.0156899550193  901  1017  1018.28402147  0.157116656378  0.144442076847  11.5385807724
0.209729955019  898  10  9.69245466138  5.11908477489  -0.00709814184581  9.7929197838
0.209729955019  898  25  25.3158800628  5.58512424016  0.00130464902708  9.82307176939
0.209729955019  899  41  41.0857989255  5.69546746548  -0.0138262123801  9.85345212306
0.209729955019  900  57  57.0268388657  5.90559109403  -0.0190859582457  9.88392651603
0.209729955019  901  73  73.1030306173  6.15036824704  -0.0140504191401  9.9146848532
0.209729955019  901  89  89.2407744929  6.41537664853  -0.00530774714273  9.94546447186
0.209729955019  902  105  105.500656859  6.42260749179  0.00460214551137  9.97662176083
0.209729955019  903  122  121.942840353  6.69232285271  0.00267526543696  10.0077831653
0.209729955019  904  138  138.453000347  7.10359594248  0.0205565197845  10.0392307735
0.209729955019  904  155  154.990958194  7.55634250657  0.0116402863476  10.0707842637
0.209729955019  905  172  171.822905332  8.36119953442  0.0135971183683  10.102519212
0.209729955019  905  189  188.689719493  9.62849494558  0.00562247107343  10.1345415438
0.209729955019  906  206  205.913575386  11.1283912021  0.0173368577156  10.166532512
0.209729955019  907  223  223.394650312  14.1348752289  0.0335010466008  10.1989405749
0.209729955019  907  241  240.913674573  16.8170689011  0.00988908933268  10.2313454729
0.209729955019  908  259  259.177763945  19.3689074159  0.0122270072684  10.2640498053
0.209729955019  908  277  277.652886609  21.3113208875  0.031094063944  10.2968747211
0.209729955019  909  295  296.454399924  21.7284946963  0.0665511121014  10.3299805801
0.209729955019  909  314  314.705703126  20.5763872602  0.0356701151916  10.363045187
0.209729955019  909  332  333.321444713  19.8142722568  0.0490672911274  10.3963582743
0.209729955019  910  351  351.492843245  0.226192469169  0.030401983921  10.4300757237
0.209729955019  910  370  369.805182546  17.3347336127  0.0059917590392  10.4635441519
0.209729955019  910  388  388.296115186  17.3711700063  0.0261538847405  10.4977011237
0.209729955019  911  407  406.959580269  16.8837739958  0.0184319231495  10.5315930132
0.209729955019  911  426  425.585634876  17.0138207411  0.00886698566717  10.5655588178
0.209729955019  911  445  444.399895637  17.3250891498  0.00550451247557  10.6001125964
0.209729955019  911  464  463.428232423  17.85584389  0.010182303601  10.634602649
0.209729955019  911  483  482.667357687  18.3893770478  0.0173882986455  10.6694720941
0.209729955019  912  502  502.477503918  20.551593102  0.0359872741519  10.7038116596
0.209729955019  912  523  522.044588387  21.8672314751  -0.00655238461945  10.7391859394
0.209729955019  912  543  542.326584483  23.0053779604  0.0017019951647  10.7746298084
0.209729955019  912  563  563.205879748  26.7896428621  0.0220706008233  10.8095561549
0.209729955019  912  585  583.895960583  27.6303350143  -0.00988473005236  10.8455927128
0.209729955019  911  606  605.724226414  34.4496580203  0.0133029931644  10.8814795666
0.209729955019  911  629  628.453622765  36.957112581  0.0215599348961  10.9167579858
0.209729955019  911  652  651.92097233  32.3184664114  0.0390090125437  10.9540712814
0.209729955019  911  674  675.16855876  27.6143595589  0.062491232264  10.9905026404
0.209729955019  910  697  697.349096513  22.2151184577  0.0346392726583  11.0277185253
0.209729955019  910  720  720.136053929  19.6471390431  0.0208026731904  11.0650890446
0.209729955019  910  743  743.148894769  16.7491229545  0.0206983270714  11.1021456555
0.209729955019  909  766  766.426557617  16.0626945816  0.0270905493632  11.1405713667
0.209729955019  909  790  789.957077231  14.6397705474  0.0140291712229  11.179080514
0.209729955019  908  814  813.792037445  13.8036971986  0.0081557150535  11.2170984055
0.209729955019  907  838  837.976052431  13.0499552048  0.0137884683291  11.2563450768
0.209729955019  907  863  862.477016099  12.6167678951  0.000736707520946  11.2959306511
0.209729955019  906  887  887.546543562  12.7365962559  0.0254748262334  11.3354096251
0.209729955019  905  913  912.540741354  12.1773699368  0.0163519032256  11.3752097413
0.209729955019  904  938  938.314582286  12.5362856688  0.0115256523203  11.4157550869
0.209729955019  903  964  964.323045274  12.6501877627  0.0235526130762  11.4564326163
0.209729955019  902  991  990.588201007  12.7469189636  0.0166887826697  11.4973711317
0.209729955019  900  1017  1018.22274678  11.1611059572  0.138231337232  11.5385807724
0.403769955019  897  10  9.51892454189  5.16562240584  -0.00791933226941  9.7929197838
0.403769955019  897  25  25.1772143029  5.6585597638  -0.00721717075983  9.82307176939
0.403769955019  898  41  40.9373485717  5.70741757609  -0.0193120908393  9.85345212306
0.403769955019  899  57  56.841485106  5.87264752158  -0.0293575694564  9.88392651603
0.403769955019  900  73  72.9370809008  6.09542364666  -0.0259753867085  9.9146848532
0.403769955019  900  89  89.0440546394  6.30892229772  -0.0135624870683  9.94546447186
0.403769955019  901  105  105.303623188  6.42634447651  -0.000488378144458  9.97662176083
0.403769955019  902  122  121.763289842  6.67531152438  -0.00924779472667  10.0077831653
0.403769955019  903  138  138.302484055  7.12812116632  0.0191792203496  10.0392307735
0.403769955019  903  155  154.847494903  7.55456401821  0.00348363076807  10.0707842637
0.403769955019  904  172  171.654884808  8.38139001382  0.00274904047482  10.102519212
0.403769955019  904  189  188.507148516  9.48128116008  0.001222540696  10.1345415438
0.403769955019  905  206  205.749043476  11.2180598413  0.0127011865417  10.166532512
0.403769955019  906  223  223.270973703  14.0162529071  0.0233307955469  10.1989405749
0.403769955019  906  241  240.765348493  16.7135058018  0.000938189199667  10.2313454729
0.403769955019  907  259  259.090678236  19.928252895  0.0138906887937  10.2640498053
0.403769955019  907  277  277.427464753  0.26022294734  0.0262277695811  10.2968747211
0.403769955019  908  295  296.269591076  21.6910563122  0.0499186998575  10.3299805801
0.403769955019  908  314  314.548382834  20.7782829276  0.0219106378363  10.363045187
0.403769955019  908  332  332.910154301  19.9081687417  0.0384363949501  10.3963582743
0.403769955019  909  351  351.291333915  18.4492324072  0.0219309080677  10.4300757237
0.403769955019  909  369  369.914518988  17.5863741029  0.0500695344567  10.4635441519
0.403769955019  909  388  388.26006388  17.4421725548  0.0239860008761  10.4977011237
0.403769955019  910  407  406.827009056  17.083750167  0.0132350348904  10.5315930132
0.403769955019  910  426  425.457405005  17.1123970181  0.00729283536046  10.5655588178
0.403769955019  910  445  444.255912803  17.2574322979  0.00357737205167  10.6001125964
0.403769955019  910  463  463.464680123  19.147509621  0.042206493981  10.634602649
0.403769955019  910  483  482.639375662  18.389622485  0.0156556644184  10.6694720941
0.403769955019  911  502  502.364322308  20.4902780244  0.0330540289206  10.7038116596
0.403769955019  911  522  522.224184684  21.75113094  0.0268506562325  10.7391859394
0.403769955019  911  543  542.190122065  21.7668792185  0.00138516949617  10.7746298084
0.403769955019  911  562  563.347826405  27.0118338223  0.0561924450465  10.8095561549
0.403769955019  911  585  583.762562113  0.337072208495  -0.0200671007401  10.8455927128
0.403769955019  910  606  605.640387161  33.6823274158  0.00842337141411  10.8814795666
0.403769955019  910  628  628.768374863  41.5390059431  0.0533409002744  10.9167579858
0.403769955019  910  652  651.730932191  0.410553309866  0.0284783064091  10.9540712814
0.403769955019  910  675  674.623023092  0.315231178693  0.0211025171398  10.9905026404
0.403769955019  910  697  697.340000781  22.4101670348  0.0386261046586  11.0277185253
0.403769955019  909  720  719.987597798  19.3654530846  0.0222595523339  11.0650890446
0.403769955019  909  743  743.053493387  16.9087089037  0.0171105133616  11.1021456555
0.403769955019  908  766  766.345998211  16.1474316586  0.0248744466269  11.1405713667
0.403769955019  908  790  789.90470557  14.7426953871  0.0188249238025  11.179080514
0.403769955019  907  814  813.699783006  13.7941910169  0.00708834683888  11.2170984055
0.403769955019  906  838  837.929621102  12.9025342432  0.00673744794117  11.2563450768
0.403769955019  906  863  862.381923741  12.5827250015  0.00474859870247  11.2959306511
0.403769955019  905  887  887.461970415  12.8438703778  0.0217060260534  11.3354096251
0.403769955019  904  913  912.447306853  12.0961813289  0.0170632501882  11.3752097413
0.403769955019  903  938  938.228799328  12.4120089976  0.0106169982536  11.4157550869
0.403769955019  902  964  964.227775617  12.8030559348  0.0202436070737  11.4564326163
0.403769955019  901  991  990.512139895  12.8870437614  0.0149191157475  11.4973711317
0.403769955019  900  1017  1018.0402982  0.155570389886  0.133246160965  11.5385807724
0.597809955019  896  9  9.48387620488  5.32657685133  0.0431558795638  9.7929197838
0.597809955019  896  25  25.0272641504  5.56081616975  -0.00429016558353  9.82307176939
0.597809955019  897  41  40.7842094743  5.75086668532  -0.0280969622346  9.85345212306
0.597809955019  898  57  56.6769632651  5.89100258691  -0.0361361230345  9.88392651603
0.597809955019  899  73  72.7926224767  6.04648575813  -0.0276182994432  9.9146848532
0.597809955019  900  89  88.9253739139  6.2740121639  -0.0213706556434  9.94546447186
0.597809955019  900  105  105.160635188  6.45949607412  -0.00704296688469  9.97662176083
0.597809955019  901  122  121.600952332  6.73786799273  -0.0165990656171  10.0077831653
0.597809955019  902  138  138.168465587  7.02229009704  0.0149823604781  10.0392307735
0.597809955019  902  155  154.67038739  7.5363775183  -0.00270155224345  10.0707842637
0.597809955019  903  172  171.48229638  8.41782026138  -0.000900546906059  10.102519212
0.597809955019  904  189  188.451967964  9.46227988334  0.000711912404254  10.1345415438
0.597809955019  904  206  205.556956092  11.1957193549  0.00247452465584  10.166532512
0.597809955019  905  223  223.066696986  14.1709539808  0.0217325823176  10.1989405749
0.597809955019  905  241  240.527473935  16.747609669  -0.00885452480737  10.2313454729
0.597809955019  906  259  258.79252349  19.7602681391  -0.00250764299774  10.2640498053
0.597809955019  906  277  277.344514316  21.5970363605  0.0213293326624  10.2968747211
0.597809955019  907  295  296.138982134  21.8033577875  0.0487477663993  10.3299805801
0.597809955019  907  314  314.355798234  20.5170355914  0.0152495594742  10.363045187
0.597809955019  908  333  332.74220187  19.3993496751  -0.0104675783369  10.3963582743
0.597809955019  908  351  351.183991896  18.331224961  0.0140752184929  10.4300757237
0.597809955019  908  369  369.734905443  17.3794910009  0.0440933384483  10.4635441519
0.597809955019  909  388  388.057462654  17.5229169055  0.0228130390844  10.4977011237
0.597809955019  909  407  406.652385526  17.0970836312  0.0071272932949  10.5315930132
0.597809955019  909  425  425.58564535  18.2003544895  0.0513368831328  10.5655588178
0.597809955019  909  445  444.159898039  17.3251397539  -0.00283424182168  10.6001125964
0.597809955019  909  463  463.391697245  18.7382499787  0.0385347942538  10.634602649
0.597809955019  910  483  482.620060319  18.1880031666  0.0105793357459  10.6694720941
0.597809955019  910  502  502.207205334  0.245605376873  0.028393642589  10.7038116596
0.597809955019  910  522  522.043625484  0.269523825093  0.0257089630417  10.7391859394
0.597809955019  910  543  542.002565316  22.9621403895  -0.0116681230503  10.7746298084
0.597809955019  910  563  562.822413158  26.6548236542  0.0120481769451  10.8095561549
0.597809955019  910  585  583.767197644  27.6773913322  -0.0175663729854  10.8455927128
0.597809955019  910  606  605.287555323  33.1740108385  0.00186907063789  10.8814795666
0.597809955019  909  629  628.381831249  36.428020817  0.0200403076259  10.9167579858
0.597809955019  909  652  651.554157031  33.7533718868  0.0256696840725  10.9540712814
0.597809955019  909  675  674.531296492  26.243427422  0.0174518975419  10.9905026404
0.597809955019  909  697  697.553283746  22.7877055384  0.0381799805572  11.0277185253
0.597809955019  908  719  720.276447175  20.8909097186  0.0558477742257  11.0650890446
0.597809955019  908  743  742.937480974  16.945106243  0.017554495514  11.1021456555
0.597809955019  907  766  766.254190441  16.0389612495  0.0233335241108  11.1405713667
0.597809955019  907  790  789.805923186  14.6184886919  0.0109689079082  11.179080514
0.597809955019  906  814  813.605900264  13.5032778766  0.00493732378463  11.2170984055
0.597809955019  905  837  837.882472074  13.0891608365  0.0274951464783  11.2563450768
0.597809955019  905  862  862.425786891  12.8045687285  0.0183408829565  11.2959306511
0.597809955019  904  887  887.41354307  12.9005705331  0.0222295878739  11.3354096251
0.597809955019  903  913  912.373541976  12.120095676  0.0171683738261  11.3752097413
0.597809955019  902  938  938.177521615  12.3897644386  0.0112158453445  11.4157550869
0.597809955019  901  964  964.101589184  12.9042302427  0.0180228065449  11.4564326163
0.597809955019  900  990  990.558911747  12.9347851123  0.0341663125051  11.4973711317
0.597809955019  899  1017  1018.02491581  0.154309278592  0.132609292101  11.5385807724
0.791849955019  895  9  9.33041141874  5.37514794666  0.0386265590428  9.7929197838
0.791849955019  895  25  24.9170464137  5.61323371351  -0.00559099077583  9.82307176939
0.791849955019  896  41  40.5856753854  5.60760327933  -0.0427057131026  9.85345212306
0.791849955019  897  56  56.5646175262  5.89464813511  -0.0019801118545  9.88392651603
0.791849955019  898  73  72.6088019972  6.0766686412  -0.0372285284728  9.9146848532
0.791849955019  899  89  88.8044861447  6.38284055178  -0.0167808253663  9.94546447186
0.791849955019  899  105  104.98810841  6.46257473516  -0.0208031548953  9.97662176083
0.791849955019  900  121  121.496384422  6.69343671564  0.012027283534  10.0077831653
0.791849955019  901  138  138.027450781  7.03177608952  0.0145664671575  10.0392307735
0.791849955019  901  155  154.538638539  7.62261416687  -0.00745535821475  10.0707842637
0.791849955019  902  171  171.430987122  8.34824908584  0.0334831149121  10.102519212
0.791849955019  903  188  188.352162575  9.56708897941  0.0378763127254  10.1345415438
0.791849955019  903  205  205.507164268  11.7529619669  0.0374860799311  10.166532512
0.791849955019  904  223  222.901928893  14.0329946314  0.00883895661574  10.1989405749
0.791849955019  904  241  240.418366905  15.6226087688  -0.00602972565972  10.2313454729
0.791849955019  905  258  258.881111536  19.7457865168  0.0455758032203  10.2640498053
0.791849955019  905  277  276.983062187  21.6605954535  0.00492329070359  10.2968747211
0.791849955019  906  295  295.910253665  21.7279973806  0.0366062171914  10.3299805801
0.791849955019  906  314  314.150978421  20.7900644121  0.0090045881185  10.363045187
0.791849955019  907  333  332.550924932  19.6751160311  -0.0136806657924  10.3963582743
0.791849955019  907  351  351.043719631  18.465908871  0.00952369211422  10.4300757237
0.791849955019  907  369  369.593681067  17.3591291291  0.0348777542941  10.4635441519
0.791849955019  908  388  388.022504794  17.0892237341  0.0168638362403  10.4977011237
0.791849955019  908  407  406.539759286  16.9064113982  0.000914600581784  10.5315930132
0.791849955019  908  425  425.442813161  17.2428568438  0.0456978049033  10.5655588178
0.791849955019  908  444  444.195000954  18.1265916387  0.0324732596794  10.6001125964
0.791849955019  908  464  463.075214846  17.4322423143  -0.00267032419029  10.634602649
0.791849955019  909  483  482.498879479  18.0378926612  0.00872335700575  10.6694720941
0.791849955019  909  502  502.048535143  20.2397490462  0.0254995850898  10.7038116596
0.791849955019  909  522  521.900500134  22.1592220973  0.0190378917673  10.7391859394
0.791849955019  909  542  542.195327083  23.0613736186  0.0225521024132  10.7746298084
0.791849955019  909  563  562.744092409  26.7961471968  0.0140894346382  10.8095561549
0.791849955019  909  585  583.689282347  27.6335780109  -0.0170156553317  10.8455927128
0.791849955019  909  606  605.481563006  33.9212030749  0.000208802786298  10.8814795666
0.791849955019  908  628  628.258021269  39.7842980747  0.0373554401846  10.9167579858
0.791849955019  908  652  651.348841321  30.7221516818  0.0251098063913  10.9540712814
0.791849955019  908  673  674.956245663  0.772083925475  0.0763506204499  10.9905026404
0.791849955019  908  697  697.364925973  22.2672549306  0.0388596625475  11.0277185253
0.791849955019  907  720  719.901546188  19.2665477658  0.0182841346072  11.0650890446
0.791849955019  907  743  742.874999201  16.8687847636  0.0153058562163  11.1021456555
0.791849955019  906  766  766.12577437  15.8496040719  0.0178849565113  11.1405713667
0.791849955019  906  790  789.766673525  14.5425015945  0.00975162907145  11.179080514
0.791849955019  905  814  813.480530293  13.4064620921  0.00427476331186  11.2170984055
0.791849955019  905  837  837.839908558  13.1039593133  0.0253358120709  11.2563450768
0.791849955019  904  862  862.400366091  12.7224245828  0.0226521960443  11.2959306511
0.791849955019  903  887  887.273674656  12.5955778341  0.0159482671674  11.3354096251
0.791849955019  902  912  912.311130369  12.5718277617  0.0306745492974  11.3752097413
0.791849955019  901  938  938.046061892  12.3800448281  0.00730588176836  11.4157550869
0.791849955019  900  964  964.033938992  12.9640171574  0.0189281742468  11.4564326163
0.791849955019  899  991  990.396657527  12.850552818  0.0125124991148  11.4973711317
0.791849955019  898  1017  1017.91595548  0.155034503201  0.127388589837  11.5385807724
0.985889955019  894  9  9.14465734246  5.31277632162  0.0226818015145  9.7929197838
0.985889955019  895  25  24.7315314052  5.39815856846  -0.0165350040513  9.82307176939
0.985889955019  895  40  40.4849178406  5.87834880948  -0.00740090402035  9.85345212306
0.985889955019  896  56  56.4182766781  5.96446893243  -0.00787274325954  9.88392651603
0.985889955019  897  72  72.4947472988  6.04878601613  -0.00174068383125  9.9146848532
0.985889955019  898  89  88.6622135918  6.31165262527  -0.0255590590285  9.94546447186
0.985889955019  898  105  104.838866896  6.51399620516  -0.0229832456508  9.97662176083
0.985889955019  899  121  121.32481564  6.66228062861  0.00565097365197  10.0077831653
0.985889955019  900  138  137.882017773  6.94445288491  0.00324416987472  10.0392307735
0.985889955019  900  154  154.468534185  7.62688396813  0.0270736760247  10.0707842637
0.985889955019  901  171  171.272362243  8.3324915061  0.0317354367073  10.102519212
0.985889955019  902  188  188.241763284  9.42784291126  0.0339362393557  10.1345415438
0.985889955019  902  205  205.303337439  11.7398420589  0.0268489983915  10.166532512
0.985889955019  903  223  222.722942386  14.0060288962  0.00206584923889  10.1989405749
0.985889955019  903  241  240.292363716  15.6723431923  -0.0164885724395  10.2313454729
0.985889955019  904  258  258.70527158  19.6218896747  0.0367842799406  10.2640498053
0.985889955019  904  277  276.890981603  21.7336205671  1.44753576486e-05  10.2968747211
0.985889955019  905  295  295.73759662  21.6449628058  0.0269090249103  10.3299805801
0.985889955019  905  313  314.285444814  20.9222236896  0.0526110267538  10.363045187
0.985889955019  906  332  332.737070331  19.8285154403  0.0233950876819  10.3963582743
0.985889955019  906  351  350.955221019  18.384238433  0.00812577660022  10.4300757237
0.985889955019  906  369  369.403866193  17.739080781  0.0288699017565  10.4635441519
0.985889955019  907  388  387.912444056  17.3284475475  0.0142010874358  10.4977011237
0.985889955019  907  407  406.355278632  17.0218572557  -0.00446770435417  10.5315930132
0.985889955019  907  425  425.25239119  17.0066844249  0.0361905683352  10.5655588178
0.985889955019  907  444  443.985168813  18.5109122022  0.0271991601879  10.6001125964
0.985889955019  908  464  463.150602867  17.4582433793  0.000306316215547  10.634602649
0.985889955019  908  483  482.346638746  18.1064697559  0.000122522934559  10.6694720941
0.985889955019  908  501  502.181331709  20.5721289994  0.0637897931545  10.7038116596
0.985889955019  908  521  522.049133933  21.7896507775  0.0542407380012  10.7391859394
0.985889955019  908  542  542.071654926  23.2058933878  0.0205812466828  10.7746298084
0.985889955019  908  563  562.573874298  24.8575616465  0.0102097712046  10.8095561549
0.985889955019  908  583  584.132093732  28.5244594466  0.0453415243249  10.8455927128
0.985889955019  908  606  605.228208936  33.1915649799  -0.00482999468651  10.8814795666
0.985889955019  907  629  627.775990157  38.2078486087  0.0113355227833  10.9167579858
0.985889955019  907  651  651.374436753  0.472069127044  0.0464306963065  10.9540712814
0.985889955019  907  673  674.83787328  34.2496479026  0.0758577124996  10.9905026404
0.985889955019  907  697  697.204222895  22.0544219243  0.0291771276991  11.0277185253
0.985889955019  906  719  720.079333137  20.672914196  0.0502837656149  11.0650890446
0.985889955019  906  743  742.752107119  17.0717465492  0.0134726189859  11.1021456555
0.985889955019  905  766  766.037754364  16.0929878614  0.021294789748  11.1405713667
0.985889955019  905  790  789.685836792  14.1623899857  0.00463235241391  11.179080514
0.985889955019  904  813  813.60065248  13.8532151302  0.0239355396608  11.2170984055
0.985889955019  904  837  837.684473562  13.0262477859  0.0264392735852  11.2563450768
0.985889955019  903  862  862.304092848  12.6837552302  0.0177302167337  11.2959306511
0.985889955019  902  887  887.12144635  12.5109051364  0.0133669453594  11.3354096251
0.985889955019  901  912  912.23063962  12.5852747788  0.02894215547  11.3752097413
0.985889955019  900  938  937.991110057  12.4110151856  0.0051828283972  11.4157550869
0.985889955019  899  964  963.948411234  12.8533299196  0.0182095884167  11.4564326163
0.985889955019  898  990  990.397645066  12.8414503234  0.0277233332178  11.4973711317
0.985889955019  897  1017  1017.84204881  11.5464621695  0.121904388264  11.5385807724
1.17992995502  893  9  8.98817051922  5.36234251826  0.0181427212955  9.7929197838
1.17992995502  894  25  24.5801537233  5.46467206358  -0.0270980770516  9.82307176939
1.17992995502  894  40  40.3494150379  5.8951393936  -0.00789612222223  9.85345212306
1.17992995502  895  56  56.289904293  5.97378133199  -0.0102258389421  9.88392651603
1.17992995502  896  72  72.3356917907  6.09617373359  -0.0127459591936  9.9146848532
1.17992995502  897  89  88.5294687842  6.25361222195  -0.0237888049015  9.94546447186
1.17992995502  897  105  104.718503522  6.62844243814  -0.0298270448191  9.97662176083
1.17992995502  898  121  121.182795922  6.70255294417  0.00114570647451  10.0077831653
1.17992995502  899  138  137.717951675  6.9963095091  -0.0025834416644  10.0392307735
1.17992995502  899  154  154.331066968  7.74241765404  0.0160924781548  10.0707842637
1.17992995502  900  171  171.075375229  8.37516365592  0.021812472443  10.102519212
1.17992995502  901  188  188.100775034  9.53169818637  0.0325695157179  10.1345415438
1.17992995502  901  205  205.171612462  11.7791832096  0.0170469347309  10.166532512
1.17992995502  902  223  222.519900457  14.0945989803  -0.00561496797957  10.1989405749
1.17992995502  902  241  240.10531345  15.9331431388  -0.023697386672  10.2313454729
1.17992995502  903  258  258.468798289  20.0150184418  0.0259615087373  10.2640498053
1.17992995502  903  276  276.982761086  22.5753790999  0.0380615719854  10.2968747211
1.17992995502  904  295  295.646113273  21.8201535689  0.0265845507128  10.3299805801
1.17992995502  904  313  314.058939011  21.0275265993  0.047638441371  10.363045187
1.17992995502  905  332  332.53208473  19.8797894835  0.0202688948992  10.3963582743
1.17992995502  905  351  350.797864172  18.3369915021  0.00177465694632  10.4300757237
1.17992995502  905  369  369.163962971  17.7583591769  0.0141029267625  10.4635441519
1.17992995502  906  388  387.771736195  17.3789541016  0.0060202605986  10.4977011237
1.17992995502  906  406  406.422396314  16.9028238218  0.0404943614696  10.5315930132
1.17992995502  906  425  425.180878806  0.208515250416  0.031898249108  10.5655588178
1.17992995502  906  444  443.9194565  17.4099123138  0.0295553158306  10.6001125964
1.17992995502  907  463  463.158291176  0.226015594825  0.0312832234695  10.634602649
1.17992995502  907  483  482.220926641  17.8067741624  -0.00044764115205  10.6694720941
1.17992995502  907  501  502.009820225  20.3928691816  0.0598645880902  10.7038116596
1.17992995502  907  522  521.626429036  21.309939644  0.0146082000104  10.7391859394
1.17992995502  907  542  541.880269254  22.9068860735  0.0178789323243  10.7746298084
1.17992995502  907  562  562.741700018  26.229987483  0.0373102619301  10.8095561549
1.17992995502  907  584  583.503761709  28.3495138247  -8.32808039401e-05  10.8455927128
1.17992995502  907  606  605.146817787  33.4987067048  -0.00668413013499  10.8814795666
1.17992995502  906  629  627.815616969  36.3835727148  -0.0004265510038  10.9167579858
1.17992995502  906  651  651.45353142  0.465529467906  0.0461632098782  10.9540712814
1.17992995502  906  673  674.783745062  0.791921458293  0.0801525050997  10.9905026404
1.17992995502  906  697  696.940667626  0.272059925798  0.0250334101196  11.0277185253
1.17992995502  905  719  719.921875214  20.7769856409  0.0467237668411  11.0650890446
1.17992995502  905  743  742.632029624  16.9691642807  0.0088570651592  11.1021456555
1.17992995502  904  766  765.996219963  16.0666496469  0.0178394448587  11.1405713667
1.17992995502  904  790  789.615764098  14.1174014247  0.00587563623462  11.179080514
1.17992995502  903  813  813.447591172  13.6852969792  0.0214866862147  11.2170984055
1.17992995502  903  837  837.642500584  12.916060012  0.0247697418064  11.2563450768
1.17992995502  902  862  862.193148811  12.7663439187  0.0139996470504  11.2959306511
1.17992995502  901  887  887.073224367  12.4181078536  0.011812050569  11.3354096251
1.17992995502  900  912  912.180092391  12.6003186684  0.0282036840977  11.3752097413
1.17992995502  899  938  937.924017826  12.543611779  0.00657174360968  11.4157550869
1.17992995502  898  964  963.849062698  12.8334843196  0.0148637095443  11.4564326163
1.17992995502  897  990  990.274379614  12.9505861448  0.0247968916392  11.4973711317
1.17992995502  896  1017  1017.81861895  11.6590660744  0.120075367493  11.5385807724
1.37396995502  892  9  8.80627614573  5.08326948972  -0.000413127095945  9.7929197838
1.37396995502  893  24  24.5060790729  5.72368240433  0.0287151116101  9.82307176939
1.37396995502  893  40  40.1910600967  5.93962323893  -0.021330093685  9.85345212306
1.37396995502  894  56  56.1225276749  5.97482949788  -0.0156575110302  9.88392651603
1.37396995502  895  72  72.1835133861  6.14703033511  -0.0189180849674  9.9146848532
1.37396995502  896  88  88.4177768573  6.23594254951  -0.00692484179812  9.94546447186
1.37396995502  896  105  104.595871237  6.57562765775  -0.0277631412737  9.97662176083
1.37396995502  897  121  121.0247835  6.7275804173  -0.0046797976766  10.0077831653
1.37396995502  898  138  137.597960606  7.01832889632  -0.00603529883635  10.0392307735
1.37396995502  898  154  154.225992909  7.59230393915  0.0180569534722  10.0707842637
1.37396995502  899  171  170.951611532  8.29910378831  0.0160190015695  10.102519212
1.37396995502  900  188  187.99309176  9.38374718013  0.0205999032091  10.1345415438
1.37396995502  900  205  205.029915553  11.7596878288  0.0154665996077  10.166532512
1.37396995502  901  223  222.441967323  13.2226130956  -0.00388506918786  10.1989405749
1.37396995502  901  240  240.111725266  17.1841421219  0.0123776725752  10.2313454729
1.37396995502  902  258  258.25676667  19.7889229427  0.0176827719105  10.2640498053
1.37396995502  902  276  276.779807738  21.9362243038  0.0407447566168  10.2968747211
1.37396995502  903  295  295.412946047  22.3956041288  0.0179018110408  10.3299805801
1.37396995502  903  313  313.982383424  23.7035823771  0.0429521289502  10.363045187
1.37396995502  904  333  332.091698855  19.8063343393  -0.0339195078849  10.3963582743
1.37396995502  904  351  350.660156582  18.4412200023  -0.00214166760302  10.4300757237
1.37396995502  904  369  369.05651397  17.8042177882  0.0129197693372  10.4635441519
1.37396995502  905  387  387.876832676  17.6085571477  0.0418963288414  10.4977011237
1.37396995502  905  406  406.325551375  0.206167376757  0.0342910979272  10.5315930132
1.37396995502  905  425  424.982346741  17.0973565345  0.0218059874216  10.5655588178
1.37396995502  905  443  444.076874692  18.2988116772  0.0698952230592  10.6001125964
1.37396995502  906  463  462.907030437  18.508678149  0.0239953123015  10.634602649
1.37396995502  906  483  482.222866737  17.7943294264  0.000286970221088  10.6694720941
1.37396995502  906  501  501.872112997  20.3652480053  0.0531891234459  10.7038116596
1.37396995502  906  522  521.577890678  21.1297133346  0.0114140514309  10.7391859394
1.37396995502  906  542  541.655883674  23.0994028791  0.0118569438487  10.7746298084
1.37396995502  906  562  562.593933293  26.2424594366  0.0338156533588  10.8095561549
1.37396995502  906  584  583.497251123  27.2631677641  0.00919654870194  10.8455927128
1.37396995502  906  605  605.532539729  35.1536309254  0.028326631385  10.8814795666
1.37396995502  906  629  627.636849341  35.5715013385  -0.0021179755362  10.9167579858
1.37396995502  905  651  651.227609245  33.9271117632  0.0363113328534  10.9540712814
1.37396995502  905  674  674.236312644  27.7044630001  0.0387666199121  10.9905026404
1.37396995502  905  697  696.866558274  22.8489406109  0.0215687660769  11.0277185253
1.37396995502  904  719  719.740096838  20.7424831833  0.0430458020397  11.0650890446
1.37396995502  904  743  742.55926646  16.9768110577  0.007590853566  11.1021456555
1.37396995502  903  766  765.883833423  15.4561743615  0.015192923765  11.1405713667
1.37396995502  903  789  789.630846199  14.510392481  0.0296787431428  11.179080514
1.37396995502  902  813  813.361516687  13.6102293692  0.0200422497251  11.2170984055
1.37396995502  902  837  837.610306167  12.9695806601  0.0252964961139  11.2563450768
1.37396995502  901  862  862.124253881  12.7017600697  0.0105925773497  11.2959306511
1.37396995502  900  887  886.962326191  12.3954197741  0.0102620286012  11.3354096251
1.37396995502  899  912  912.129835392  12.4281586913  0.0302947916466  11.3752097413
1.37396995502  898  938  937.828992769  12.4455903426  0.00212143272384  11.4157550869
1.37396995502  897  964  963.828869416  12.8894233929  0.0162978255938  11.4564326163
1.37396995502  896  990  990.279643424  13.0017931939  0.025275349768  11.4973711317
1.37396995502  895  1017  1017.67757646  0.154960703519  0.118374863597  11.5385807724
1.56800995502  891  9  8.66653582296  5.07827865881  -0.00891496642258  9.7929197838
1.56800995502  892  24  24.3741283517  5.59223698267  0.0160797547413  9.82307176939
1.56800995502  892  40  40.041850534  5.83521575934  -0.0201638475507  9.85345212306
1.56800995502  893  56  55.9612364094  6.03470721454  -0.0282736012586  9.88392651603
1.56800995502  894  72  72.0158872984  6.1389750765  -0.0214082607929  9.9146848532
1.56800995502  895  88  88.2773467338  6.22688617152  -0.00637409312741  9.94546447186
1.56800995502  895  104  104.520254616  6.55658185183  -0.00216313530914  9.97662176083
1.56800995502  896  121  120.910520474  6.67392278914  -0.00702556503374  10.0077831653
1.56800995502  897  137  137.483789893  7.0162551655  0.0210349028002  10.0392307735
1.56800995502  897  154  154.101732633  7.58248661386  0.0154528121943  10.0707842637
1.56800995502  898  171  170.806768192  8.26159880155  0.0101231032956  10.102519212
1.56800995502  899  188  187.829546763  9.3819035437  0.0166262656778  10.1345415438
1.56800995502  899  205  204.860661808  11.6575818961  0.00278245567524  10.166532512
1.56800995502  900  223  222.285991789  13.0697504391  -0.0096172371145  10.1989405749
1.56800995502  900  240  239.847034057  16.6374796532  0.00766955949174  10.2313454729
1.56800995502  901  258  258.114829998  19.4805326817  0.013235079988  10.2640498053
1.56800995502  901  276  276.669520722  21.6210783136  0.0279455127194  10.2968747211
1.56800995502  902  294  295.519199019  22.4745066425  0.0690012431639  10.3299805801
1.56800995502  902  313  313.683484906  0.264383084754  0.0242641628449  10.363045187
1.56800995502  903  331  332.916725165  23.4789707082  0.0897396865026  10.3963582743
1.56800995502  903  351  350.512319229  18.7285430459  -0.00985339682918  10.4300757237
1.56800995502  903  369  369.028569698  17.990470875  0.0104421967303  10.4635441519
1.56800995502  904  387  387.78379621  17.7177218126  0.0401505579758  10.4977011237
1.56800995502  904  406  406.222453021  0.207054420685  0.0308397355348  10.5315930132
1.56800995502  904  424  425.148678356  17.1056175685  0.0649323007626  10.5655588178
1.56800995502  904  443  443.966378822  18.5524436531  0.0643123454249  10.6001125964
1.56800995502  905  463  462.903076038  17.5647643732  0.0233317027517  10.634602649
1.56800995502  905  482  482.222353627  17.8464930403  0.0377992860897  10.6694720941
1.56800995502  905  501  501.722125954  20.245614481  0.0507878664825  10.7038116596
1.56800995502  905  522  521.436762249  21.2568348636  0.00489300471801  10.7391859394
1.56800995502  905  542  541.577042658  22.680103477  0.00744223067442  10.7746298084
1.56800995502  905  562  562.458805078  26.1796017512  0.0319279063528  10.8095561549
1.56800995502  905  584  583.366334778  28.6938355446  0.000509684114334  10.8455927128
1.56800995502  905  607  604.522889789  33.0697742125  -0.0504888957881  10.8814795666
1.56800995502  905  629  627.559816237  34.6935375914  -0.0117509248372  10.9167579858
1.56800995502  904  650  651.442115767  0.927478171424  0.0637233003344  10.9540712814
1.56800995502  904  674  674.17298212  27.8465824376  0.0398703079604  10.9905026404
1.56800995502  904  697  696.70776159  22.5627428792  0.0193014403696  11.0277185253
1.56800995502  903  719  719.635224799  19.4326775504  0.038473385662  11.0650890446
1.56800995502  903  742  742.634085662  17.6951902586  0.039021269861  11.1021456555
1.56800995502  903  766  765.892480662  15.3104617811  0.00989401525741  11.1405713667
1.56800995502  902  789  789.519588096  14.6685861831  0.0267584726606  11.179080514
1.56800995502  901  813  813.256043062  13.6497423154  0.0180738574245  11.2170984055
1.56800995502  901  837  837.537952733  13.1588722753  0.0217011868709  11.2563450768
1.56800995502  900  862  862.053793581  12.7008070116  0.010977887853  11.2959306511
1.56800995502  899  887  886.884530345  12.3966641839  0.00903539923575  11.3354096251
1.56800995502  898  912  912.024096523  12.3225114634  0.0243805844899  11.3752097413
1.56800995502  897  938  937.737660888  12.4003365249  0.00295972026348  11.4157550869
1.56800995502  896  964  963.754193221  12.6836581326  0.010847677855  11.4564326163
1.56800995502  895  990  990.199283371  12.9788582518  0.0259806862744  11.4973711317
1.56800995502  894  1017  1017.57093362  0.153889101001  0.115575619631  11.5385807724
1.76204995502  890  9  8.5027087597  5.05951401025  -0.0187669266645  9.7929197838
1.76204995502  891  24  24.218086005  5.61202324713  0.0150994294641  9.82307176939
1.76204995502  891  40  39.9179765731  5.86523418332  -0.0229418930678  9.85345212306
1.76204995502  892  56  55.7792178618  5.9894603854  -0.0332811353066  9.88392651603
1.76204995502  893  72  71.8729356131  6.15571381428  -0.0310063217855  9.9146848532
1.76204995502  894  88  88.1444715248  6.23799623449  -0.00947658255091  9.94546447186
1.76204995502  894  104  104.34654375  6.44228390257  -0.00595571003387  9.97662176083
1.76204995502  895  121  120.757672564  6.71871300617  -0.0162302935297  10.0077831653
1.76204995502  896  137  137.317021064  7.03195067079  0.0160355994431  10.0392307735
1.76204995502  897  154  153.865967495  7.59973244669  0.00661380817959  10.0707842637
1.76204995502  897  171  170.682265021  8.21264158066  0.000736052291199  10.102519212
1.76204995502  898  188  187.679922729  9.40177888916  0.00727531091164  10.1345415438
1.76204995502  898  205  204.707328295  11.0103832545  0.00349416534962  10.166532512
1.76204995502  899  222  222.229735082  13.9141857059  0.0236266493946  10.1989405749
1.76204995502  899  240  239.822253613  16.5107718424  0.00253774855689  10.2313454729
1.76204995502  900  258  257.826695563  19.4600687943  0.00274088719582  10.2640498053
1.76204995502  900  276  276.314715505  22.076307335  0.0189923960148  10.2968747211
1.76204995502  901  294  295.391768372  22.3676333957  0.0579338931699  10.3299805801
1.76204995502  901  313  313.557557103  21.7989447706  0.0226536871356  10.363045187
1.76204995502  902  331  332.606193394  22.7119392313  0.072259261152  10.3963582743
1.76204995502  902  351  350.310843563  18.9081472012  -0.0176124233448  10.4300757237
1.76204995502  903  369  368.864804125  17.9258009097  0.00624219586054  10.4635441519
1.76204995502  903  387  387.585414735  17.57955716  0.0352761813999  10.4977011237
1.76204995502  903  406  406.079754823  17.426930024  0.0285974787858  10.5315930132
1.76204995502  903  425  424.844247713  16.9478528705  0.0152764712399  10.5655588178
1.76204995502  903  443  443.862887181  18.4999054458  0.0567746779591  10.6001125964
1.76204995502  904  463  462.793186113  17.7673640222  0.015054011268  10.634602649
1.76204995502  904  482  482.058096753  0.21840177956  0.0294289650317  10.6694720941
1.76204995502  904  501  501.674918211  20.0269657766  0.0469827230352  10.7038116596
1.76204995502  904  522  521.248236467  21.0604090057  -0.00151392905262  10.7391859394
1.76204995502  904  542  541.654084405  22.1515770916  0.00881051941197  10.7746298084
1.76204995502  904  562  562.394209324  25.648174671  0.0283974346432  10.8095561549
1.76204995502  904  585  582.946534868  27.2177213583  -0.0379448333573  10.8455927128
1.76204995502  904  605  604.885215304  34.2424003043  0.010769591047  10.8814795666
1.76204995502  904  629  627.713330235  33.7574962989  -0.0113941381285  10.9167579858
1.76204995502  903  650  651.356875091  0.90992598393  0.0644295206452  10.9540712814
1.76204995502  903  674  673.841477484  0.354445356911  0.0325555027072  10.9905026404
1.76204995502  903  697  696.565527469  22.5425898816  0.0182816083317  11.0277185253
1.76204995502  902  719  719.610752707  18.7853531971  0.0315986052361  11.0650890446
1.76204995502  902  742  742.523858004  17.8344014944  0.0364726216183  11.1021456555
1.76204995502  902  766  765.776864272  15.2388849563  0.0118096304629  11.1405713667
1.76204995502  901  789  789.40326585  14.7578083197  0.023904833824  11.179080514
1.76204995502  900  813  813.227009758  13.4451941354  0.0125067995848  11.2170984055
1.76204995502  900  837  837.424365957  13.2057075536  0.0212820341093  11.2563450768
1.76204995502  899  862  861.953982829  12.7341538242  0.0135195247327  11.2959306511
1.76204995502  898  887  886.814797967  12.5638768572  0.00904229950493  11.3354096251
1.76204995502  897  912  911.92815815  12.3745127351  0.023419990818  11.3752097413
1.76204995502  896  938  937.641407653  12.4339581081  -0.00287843183688  11.4157550869
1.76204995502  895  964  963.610986348  12.6331885591  0.0132723382565  11.4564326163
1.76204995502  894  990  990.014279625  12.8582087548  0.0199675118324  11.4973711317
1.76204995502  893  1017  1017.55080445  0.155552478067  0.111891792397  11.5385807724
1.95608995502  889  8  8.35337242172  5.12744468027  -0.0143313098679  9.7929197838
1.95608995502  890  24  24.0492050784  5.53716944552  -0.00304477007593  9.82307176939
1.95608995502  891  40  39.7567972341  5.86184070551  -0.0273713540934  9.85345212306
1.95608995502  891  56  55.6175177408  5.99773612672  -0.044857862589  9.88392651603
1.95608995502  892  72  71.702080202  6.14273073518  -0.0372446082933  9.9146848532
1.95608995502  893  88  87.9691566351  6.24200041576  -0.0196248788893  9.94546447186
1.95608995502  894  104  104.254594954  6.49206654034  -0.00484578812799  9.97662176083
1.95608995502  894  121  120.601931555  6.7117447228  -0.0172625971399  10.0077831653
1.95608995502  895  137  137.210327075  7.03825381402  0.012517816803  10.0392307735
1.95608995502  896  154  153.852808795  7.54490641073  0.0088923954796  10.0707842637
1.95608995502  896  171  170.514590928  8.23764064504  -0.002421699685  10.102519212
1.95608995502  897  188  187.48220928  9.32789111944  -0.000573567202651  10.1345415438
1.95608995502  897  205  204.612063067  11.1113983608  0.000827940346147  10.166532512
1.95608995502  898  222  222.019967805  13.8264783104  0.0131930637877  10.1989405749
1.95608995502  899  240  239.612206845  16.7278177595  -0.000344753195441  10.2313454729
1.95608995502  899  258  257.685432385  19.6517216447  -0.00601860904813  10.2640498053
1.95608995502  900  276  276.348340678  22.1519663566  0.0176195855727  10.2968747211
1.95608995502  900  294  295.034591124  22.4764290083  0.0482036855542  10.3299805801
1.95608995502  900  313  313.367174798  21.2480847983  0.0170552833082  10.363045187
1.95608995502  901  331  332.177553646  21.0167076108  0.0542114414507  10.3963582743
1.95608995502  901  350  350.436306281  19.3275215128  0.0239475632915  10.4300757237
1.95608995502  902  369  368.835145519  18.193136662  0.00410870623558  10.4635441519
1.95608995502  902  387  387.396118859  17.9346040666  0.0273897420707  10.4977011237
1.95608995502  902  406  406.128408703  0.210929828177  0.0302060102045  10.5315930132
1.95608995502  902  425  424.546334609  16.9962669304  0.00422570900246  10.5655588178
1.95608995502  903  443  443.771654137  18.6780404435  0.0569623424497  10.6001125964
1.95608995502  903  463  462.633723679  17.6940678427  0.0104144096453  10.634602649
1.95608995502  903  481  482.275867079  0.259949680926  0.074041724492  10.6694720941
1.95608995502  903  501  501.642431932  20.2384135781  0.0429155121932  10.7038116596
1.95608995502  903  521  521.401463685  21.3492341873  0.0373765201322  10.7391859394
1.95608995502  903  542  541.501041963  21.9264723112  0.00406239576638  10.7746298084
1.95608995502  903  562  562.415882122  25.5149206313  0.0306550396167  10.8095561549
1.95608995502  903  585  582.876960091  27.0805034753  -0.0381510011214  10.8455927128
1.95608995502  903  606  604.542824418  32.7814148594  -0.0138403214168  10.8814795666
1.95608995502  903  629  627.241203611  35.0796806559  -0.0243349102153  10.9167579858
1.95608995502  902  651  650.932613113  32.4674839005  0.0295127263537  10.9540712814
1.95608995502  902  673  674.164794401  29.9404288352  0.0676395045915  10.9905026404
1.95608995502  902  696  696.601634109  0.286720424081  0.0402127098862  11.0277185253
1.95608995502  902  719  719.418950589  0.236672255611  0.0299761807869  11.0650890446
1.95608995502  901  742  742.391937764  0.219879699439  0.0305152850837  11.1021456555
1.95608995502  901  766  765.694632098  15.3449054076  0.00935561312348  11.1405713667
1.95608995502  900  789  789.252942202  14.7121845078  0.0196947406562  11.179080514
1.95608995502  899  813  813.161427541  13.7220954114  0.019389608862  11.2170984055
1.95608995502  899  837  837.328501474  13.1646586471  0.015944013044  11.2563450768
1.95608995502  898  862  861.841355428  12.6709773107  0.00825837616644  11.2959306511
1.95608995502  897  886  886.852541747  13.012123366  0.0265468825161  11.3354096251
1.95608995502  896  912  911.85101544  12.338685759  0.0203059485861  11.3752097413
1.95608995502  895  938  937.530507341  12.6062678893  -0.000338723439058  11.4157550869
1.95608995502  894  964  963.569359198  12.6836823849  0.0105523787192  11.4564326163
1.95608995502  893  990  990.003769682  13.0245726621  0.02130027317  11.4973711317
1.95608995502  892  1017  1017.54744837  0.15489184155  0.112326583731  11.5385807724
2.15012995502  888  8  8.22523421871  5.1551372797  -0.00807110082979  9.7929197838
2.15012995502  889  24  23.8812109206  5.49738680421  -0.0122268899862  9.82307176939
2.15012995502  890  40  39.7017076577  5.55135594452  -0.0431491272746  9.85345212306
2.15012995502  890  55  55.515373134  6.09932197656  -0.00764393217821  9.88392651603
2.15012995502  891  71  71.6062957696  6.12123004057  0.00600038666426  9.9146848532
2.15012995502  892  88  87.7937928219  6.2381964846  -0.0290916619494  9.94546447186
2.15012995502  893  104  104.162987582  6.48438972815  -0.00477896362419  9.97662176083
2.15012995502  893  121  120.407341269  6.75260920019  -0.0235122516568  10.0077831653
2.15012995502  894  137  137.053978433  7.10145061209  0.0126325583494  10.0392307735
2.15012995502  895  154  153.725789571  7.5405843366  0.00606874030035  10.0707842637
2.15012995502  895  171  170.358273096  8.37344332927  -0.00619238945364  10.102519212
2.15012995502  896  187  187.484823193  9.85975087066  0.0393724418328  10.1345415438
2.15012995502  896  205  204.490479997  11.434328151  -0.00168581013774  10.166532512
2.15012995502  897  222  221.913310043  13.8139134221  0.0119100238455  10.1989405749
2.15012995502  898  240  239.825823228  15.3939138388  0.0137950048889  10.2313454729
2.15012995502  898  257  257.814316923  19.308043775  0.0489100492837  10.2640498053
2.15012995502  899  276  276.273651604  21.6212398022  0.0138799207989  10.2968747211
2.15012995502  899  294  294.934938085  22.392263361  0.0488713174668  10.3299805801
2.15012995502  899  313  313.551251757  21.7040745777  0.017287189457  10.363045187
2.15012995502  900  331  331.92538529  20.6641359788  0.0394010137209  10.3963582743
2.15012995502  900  350  350.302147276  19.0395972197  0.0209683342937  10.4300757237
2.15012995502  901  369  368.673457478  17.9722332011  -0.00264817577279  10.4635441519
2.15012995502  901  387  387.260272038  17.9320662184  0.0245355931675  10.4977011237
2.15012995502  901  405  406.253206278  18.7428106227  0.0700701927513  10.5315930132
2.15012995502  901  425  424.336651706  16.9936645694  0.00317277322806  10.5655588178
2.15012995502  902  443  443.621691525  18.1151485598  0.0400116129305  10.6001125964
2.15012995502  902  463  462.473014569  17.6090663325  0.00573671787252  10.634602649
2.15012995502  902  482  481.821747919  0.223126666663  0.0290542240831  10.6694720941
2.15012995502  902  501  501.482714687  20.1858324938  0.0381962802515  10.7038116596
2.15012995502  902  521  521.248084357  21.169309963  0.0317966916502  10.7391859394
2.15012995502  902  542  541.324618327  22.6014973309  -0.00313124614971  10.7746298084
2.15012995502  902  562  562.249956607  24.1469502191  0.0390617081313  10.8095561549
2.15012995502  902  583  583.284485536  29.4621464616  0.0281144432159  10.8455927128
2.15012995502  902  605  604.94487873  32.3520060578  0.0201028784309  10.8814795666
2.15012995502  902  628  627.3563842  37.5809133148  0.00555618384713  10.9167579858
2.15012995502  901  652  650.313055984  30.2632820989  -0.0109098130692  10.9540712814
2.15012995502  901  673  674.075697803  28.7708491833  0.0650706579695  10.9905026404
2.15012995502  901  696  696.624408098  0.283573892099  0.0402684020307  11.0277185253
2.15012995502  901  719  719.348505338  19.2309320049  0.0305592159884  11.0650890446
2.15012995502  900  742  742.270906414  17.107639431  0.0224574143789  11.1021456555
2.15012995502  900  765  765.65947871  15.6055967738  0.0396767701581  11.1405713667
2.15012995502  899  789  789.107224982  14.6485015035  0.0140237802028  11.179080514
2.15012995502  898  813  812.94587454  13.7807054966  0.0125065244336  11.2170984055
2.15012995502  898  837  837.295369101  12.9419606707  0.0167415764546  11.2563450768
2.15012995502  897  862  861.79774058  12.6496777743  0.00612595653534  11.2959306511
2.15012995502  896  887  886.741516067  12.5549069149  0.00891844716322  11.3354096251
2.15012995502  895  912  911.791002304  12.5475630554  0.0299912546716  11.3752097413
2.15012995502  894  937  937.636074053  12.7285442958  0.0156549246931  11.4157550869
2.15012995502  893  964  963.586250727  13.2327929688  0.0202794281168  11.4564326163
2.15012995502  892  990  990.053607832  13.2450730992  0.0212625820606  11.4973711317
2.15012995502  891  1017  1017.488176  11.5319637703  0.110000243835  11.5385807724
